barcode,aa_substitutions,prob_escape,prob_escape_uncensored,antibody_count,no-antibody_count
TCACTAAGCTGGAGGA,S199P E404Y,0.8318,0.8318,82817,8482
TCCAAGCCATAATGAA,L142F D401Y,0.9038,0.9038,73588,6936
CACCCAACTACAAGGA,T274N H398K,0.5215,0.5215,61151,9989
TACGAGCGACCAGGGA,A328G H354A S400K,0.5104,0.5104,50712,8464
ATAATCGTTTACGAAC,S169W S255K H398Q,1.0000,2.3590,48764,1761
TCAAAAAATACATCGA,A132L M214R D401E,0.2641,0.2641,46694,15062
GACCCAACGACAAGTT,G174Q V298A D401R,0.7722,0.7722,41459,4574
AGAGAGTAAATAAGCT,T101M D251T T376K D401S,0.4659,0.4659,38472,7035
CGTTAGACGAGGCACA,K272V N395F D401A,1.0000,1.4016,37677,2290
TACAAATGATGGACAA,Q247D,0.3416,0.3416,35041,8740
GATGCGGACAGTTCAC,M96W E404L,0.5746,0.5746,33287,4935
TGTTTTTAACACCCCC,D401G,0.2975,0.2975,33098,9477
TGATTAACGATGACAC,R193V D401S,0.2833,0.2833,31651,9519
CAGGGAGACTTCCATT,S267I D402I,1.0000,2.1261,30597,1226
TCAGGCAGGTGCGTTA,L120M D402F P483W,0.7801,0.7801,30309,3310
TCAGCCAAGTTCTCTC,E404V,0.8021,0.8021,29801,3165
CATTTGAAATGAGGCA,D401F,0.4428,0.4428,28003,5387
CAGGTCACAACTATAC,E404F,1.0000,1.0902,27566,2154
ACTGACTTAGTACCTT,G45Q M351W,0.0671,0.0671,27455,34878
ATCTTTTAGAGAGCAG,,0.7358,0.7358,26525,3071
CACGGGATAAAGGGGT,,1.0000,2.7279,26065,814
TACATGGACATATACA,N148A S269G P483L,0.0896,0.0896,25356,24109
AGATGTCATAACCGAT,M153R K161Q T215L M420K,0.1099,0.1099,24605,19066
GACAGTCCCAACACAT,Y253P D402E,0.6294,0.6294,24394,3302
GAATCGATGAATAAAG,E100S D401T,0.8971,0.8971,24124,2291
TAGCATTTATTCAGGG,E404L,1.0000,1.6439,23908,1239
AACCATGCTGGACTCG,T139V G260V,1.0000,1.5314,23747,1321
GGACTTTACACGACAA,D156N G181L E404M,1.0000,1.7537,22994,1117
ACCCAAGAATGTGTTA,S169R Q247K D401I,1.0000,2.3010,22688,840
GTCTCGTCTCAATACG,D402K G429A K481R,0.4157,0.4157,22234,4557
AAAAACTCGAGGTTAC,Y129L N302T,1.0000,3.1485,22212,601
AAATAACGTTTCCCAA,M134W M214L,0.5184,0.5184,21925,3603
CCACGTTGATTTAACA,T139K G478W,1.0000,1.0874,20781,1628
GGTGTCCTAGCTCCTG,Q218F,0.4387,0.4387,20743,4028
GTCAATCCGAACTGCA,L61C D401S K461V,0.2214,0.2214,20474,7878
AGTGTAAGAACCAATA,Q331I E404D,0.8124,0.8124,20064,2104
CAGAGTCACACCCCGA,A202S H448S,1.0000,4.0177,19289,409
ATCTACGAATCATGAA,V28M N338M,0.2916,0.2916,18527,5412
TTGTCTTCATGCCCTC,I15D,1.0000,6.6208,17875,230
TACATCCCTCAGCAAC,N158D,0.0659,0.0659,17857,23100
TCGATAATACACTCTA,G160R A330H L349R,1.0000,4.9032,17842,310
TCCCTTTGACAGTATC,G34P,1.0000,47.4408,17820,32
GGACAAAAGACTATAC,F157I S199Y,0.0217,0.0217,17793,69886
GAGGAGCGAAACCCGC,G174V R248L D401S,1.0000,2.2262,17691,677
AAGTTCGGAAGTCACA,G45W Y241F G277S,1.0000,14.0151,17603,107
CAATTCAAGATGCAGA,N167E,0.0885,0.0885,17460,16809
TAATCTCTATGTTACG,,0.1893,0.1893,17138,7712
AGTCCCAAAACCCACT,N99S P236L,0.1266,0.1266,17088,11503
TACACATTCACTAAGA,V65H T182I Y200W F399I,1.0000,48.5050,17081,30
ATAAACCACGATCCGG,E404L,1.0000,1.6252,16807,881
CTAAGGGATCCCTAAC,,1.0000,3.1977,16741,446
ATGTGCCTCGATAATT,L68R L133T N158L I162M Y172* F233V,1.0000,4.4832,16577,315
CCGTTATAAGACTTAC,T139M R207M,0.4092,0.4092,16561,3448
TCAGAAAACACCCTTG,I112N F140L T274N,0.3187,0.3187,16519,4415
GACACCAATAAAAGAA,Q149V,0.4728,0.4728,16506,2974
TACTATCTGTACATAA,G198I D401N,0.6299,0.6299,16369,2214
AATAACGACAGAGCTG,L61F R193E A202G,1.0000,1.4797,16292,938
CGATTATTATCTTAAT,G45R W489A,1.0000,5.9744,16270,232
AATGATGACCCAAGTA,,0.1910,0.1910,16218,7234
CAGACCCGTTAGTGAA,W196V D229Q,0.1328,0.1328,16204,10394
TGTTATATTATATGCC,Y129I,1.0000,2.3914,16197,577
CAATGAATAAACTTAT,T274N T412*,1.0000,51.0673,16185,27
GAATCCCTGACATACT,M192W,1.0000,25.9254,16129,53
TTAAGTTGCCATACAA,K116G,0.1022,0.1022,16125,13439
ACAAATTTGTAGACCA,L61N K116L,0.1907,0.1907,15962,7129
CGTAAAGACCTTTTCC,N185L T454C,1.0000,7.9939,15952,170
TAACATTCATGTACAA,N167Q E404T,0.9750,0.9750,15634,1366
CGTCATCCATGCAAGT,S60E,0.4882,0.4882,15626,2727
AAGAAAGAAACACGAG,G2S M312W,1.0000,8.9176,15597,149
CCGAACATACTTCCCA,R193V K339G N395T K481Y,1.0000,1.5641,15514,845
TCTCATAGTTACTAAG,L433H V485Q,1.0000,1.9836,15484,665
CTATCGAGAACTTCGA,D175G D251P,0.1376,0.1376,15474,9582
TGATAACCGCATGAGC,A30S M82L,0.5680,0.5680,15456,2318
ACGGAAAATTTACTCA,D211G K339*,1.0000,39.5906,15336,33
GCCAACAAAAATACAT,Q149K,0.2182,0.2182,15325,5983
AGAAGTCAGAAGCCTG,E289I L428D,1.0000,31.0765,15321,42
TAATAGAGTGGCAGAA,K272G,0.3309,0.3309,15268,3931
CTAAGCGGGAAAGTGT,S121I R207L Q247S A328P,1.0000,47.9594,15200,27
GGTATCAACGCGGTGG,E404S,0.2824,0.2824,15180,4580
GCCTCCACTCTACAGT,H448N,1.0000,2.7578,15150,468
GCCGACATAGTTAATA,,0.6078,0.6078,15125,2120
CGGGAGACGTACCAAC,S169W S255K H398Q,0.7883,0.7883,15093,1631
TGCCGTGTTCCTACAC,A202D E404M,0.3521,0.3521,15056,3643
GCAACTACTAGAGCAT,A343S K417R,0.8954,0.8954,15041,1431
TAGAGTTCCTAGGAGG,E104S S154K S267C T274A K490E,1.0000,10.7434,15007,119
AACAGCTTCAGACCAT,Y200L Q232V H467R G478C,1.0000,8.5140,14991,150
TTCTAAACTCTAGAAG,S121N,0.6430,0.6430,14868,1970
TTGTACATAGAAAAAC,S154D E404W,0.8677,0.8677,14799,1453
AAATCCTGTAACAGAT,I15V M134R G277C W489*,1.0000,9.3883,14657,133
AGTCTCATACTAATCG,I445D,1.0000,1.7108,14640,729
ATAATCTAAAATTAAA,,0.2206,0.2206,14630,5649
GCAAGAATTAAACATA,S143R L449T,0.5117,0.5117,14609,2432
TGCAAATAATGACCCT,L128D P466S R491L,1.0000,7.8635,14584,158
GCTGACGAAAATCCGT,G45A G484L,0.0829,0.0829,14577,14974
CAGCATTTACTTAACA,Q149K,0.2139,0.2139,14494,5773
TGATTAAAAGCAACAC,G198S,0.2533,0.2533,14484,4871
AGATAAATATGAAATT,S121G C301I R379A E404R,1.0000,4.1417,14342,295
ATTAGAATACACTGGC,,0.3217,0.3217,14279,3781
TGCATTGACTGATGTT,T139I G198R,0.0659,0.0659,14262,18429
AACAGGATATCAAAAT,D401L,1.0000,22.8778,14233,53
GAAGGACTAACAGAAA,,0.1030,0.1030,14225,11768
GATAATACAAAGATTC,G271V,0.3613,0.3613,14176,3343
GGCCACGTAACCCAAA,N390Y,1.0000,1.4038,14072,854
AATAATGTCGCTTTGG,Q3L H354V L442V,1.0000,21.3343,14024,56
GGCACAATTAAATGTA,A132N,1.0000,5.5618,13906,213
ATCCTGAACTGCTCGT,V22E L447F,1.0000,9.6315,13793,122
AAAGGTTGAATGGTTT,W227T E396V,0.2122,0.2122,13651,5481
CCTGTTGTTACACCTA,Y129L,0.1838,0.1838,13626,6317
ATAGTACATGGAGGTG,N89W M194K L415P,1.0000,1.4888,13282,760
GTCTCTCTTAGCGTCT,V5L,0.4059,0.4059,13159,2762
AAAGACCTATAATTTC,N338L,0.7501,0.7501,13049,1482
GAATTAGATACTTGTC,N395P,0.0477,0.0477,12962,23146
ATGCTCGCGATAACTC,S169L G198N I252D,1.0000,1.2664,12933,870
TAATTGAGCACGTCGG,S85P,1.0000,3.5316,12478,301
TCGTTAAGTATTCTGG,S171N I254Y,0.7853,0.7853,12416,1347
CGAATACATTTTGTAC,G271C D402F,1.0000,7.7630,12393,136
GATTTCAAATAAATAC,L244F,0.5541,0.5541,12359,1900
ACTAAGATACGTGAAC,T101R R314I S476I,1.0000,1.2223,12167,848
AGTATAGCGTGTCTAA,D401I,1.0000,1.5089,12009,678
TGCACATCTGAAACCG,H13W P464L,1.0000,12.4670,12000,82
GTGGCCGTTATTAAAC,G2R S85Y E287P,1.0000,2.8491,11906,356
GTGGTGTGTCCCACCA,E404L,0.5379,0.5379,11788,1867
GTTGTAACAACGTTAA,V5N G54D G277M,1.0000,3.6757,11736,272
ATAAACCACAATTATG,K291*,1.0000,9.0560,11587,109
TGGGAAACTAGAAAAC,G64V T110*,1.0000,3.0584,11488,320
AAAGTAAATTCGTTGA,P12Q T77N L259G N409W F436A,1.0000,10.8528,11338,89
GCTAGGCCATTTAACA,N89F L245V N470L,1.0000,6.3859,11319,151
ACATTCGACCAGGGTC,K126L L290P I334Q,1.0000,14.3650,11129,66
GATGCAACCGGGTCAT,N109Q M332L T412L,1.0000,1.3819,11014,679
GACCGCAACTTACACA,T139I I443L,0.4416,0.4416,10985,2119
ACATACCTTATGCGTC,,0.2431,0.2431,10948,3836
CGAGCGGCCACACAAA,R55H,0.2963,0.2963,10782,3100
TACTTCTAGCAAGAAA,S135R,1.0000,1.0350,10521,866
TAGTGTTATAAAATAT,M214K Y219S,1.0000,2.5034,10373,353
ATCGACAACAATGGAG,,1.0000,9.2568,10214,94
CATAACTCGGTAGCCC,K125Y,0.0177,0.0177,10146,48804
ATACTCGTAGATAGAC,I15A K33S N119E,1.0000,1.5901,10135,543
AACGCACCAGCTAGCA,L50K L372T G460S,1.0000,11.7820,10096,73
TCTATTTCAGAACTAT,L29P P362H,0.9928,0.9928,10069,864
TACCCTAGTCTGACAC,V47F Y253F,0.3788,0.3788,10045,2259
CTGGCAACTAAGTTAC,S135R,1.0000,6.6079,10006,129
TCTCATCTTACACGAG,L32D Y172E A177T Y363G G424H Y480H,1.0000,4.6808,10000,182
GTGAAAGCGCTCAAGG,H131R H398L,0.3383,0.3383,9964,2509
ATTGGAGTACTTGAGA,D402R,0.5943,0.5943,9955,1427
AACTGACTAAGGAACT,T6L S135D N373R,1.0000,2.7385,9933,309
AATGGACGAACTGTTT,,0.7198,0.7198,9920,1174
ATGATTAGACGGATTG,I162W,1.0000,1.1137,9909,758
ACATGATAATACCCAA,,0.0971,0.0971,9906,8690
AAGTAAAGAACGCAGA,Y253R,1.0000,1.2622,9897,668
CGTAAGGCGCCAAATG,L128F R282C,0.6662,0.6662,9877,1263
AAGACTGATGAATTTT,S138Y,0.1888,0.1888,9789,4416
ACTAGGGCATACTTCT,,0.3773,0.3773,9789,2210
GCGGGGACATATAATA,D251Q,0.0764,0.0764,9774,10898
CTGATCACACAATGTC,H13A N74L E404S Q406M,1.0000,48.9648,9771,17
TACACCATATTTGCCC,T101H,0.1007,0.1007,9763,8262
CATCATCAGATAACTT,Q232V I345S M351* V435G K451F,1.0000,75.5180,9751,11
TCTAGGAACCAGCACA,I15T K33L N146V G174T,1.0000,3.4559,9736,240
ATCAACGCTGGATAAA,N109H G277P R282Y S389R,1.0000,8.1299,9734,102
CGTCAATCCTTCCGAT,,0.0728,0.0728,9723,11382
CCTCGCAGAATATCTG,,0.1060,0.1060,9723,7813
CACAATGATCCCGTCT,L120F,0.2458,0.2458,9710,3366
TGAATGGCTGCGTTGG,,0.0753,0.0753,9681,10947
AAGTAGGCACGATTTA,A176D C477Y,1.0000,39.0337,9622,21
CGGAATTACACAACGG,G186L E404F,1.0000,1.3599,9594,601
TCTATCGGAGGACGAT,T77A Y217L A328L D408L S476V,1.0000,1.4833,9594,551
TACCAGAATGAAAGGA,S27N T40L W370R S392L H455I,1.0000,54.3633,9572,15
TAGACTCATTAGTCAC,I144V W227G T261P T274R,0.7362,0.7362,9566,1107
ACCCCACACCACAGAA,L133Q T182V G206V V450P,1.0000,5.6983,9565,143
AATGTAGGACAGCACT,S85L K161R N178D G198Y R207L,0.0928,0.0928,9561,8773
TTTCACTCATTGACCA,D268S,0.1430,0.1430,9556,5693
CAACCGCAATCGGAAC,,0.3066,0.3066,9511,2643
AAGTCTAACAGGCAAT,L469V,0.1838,0.1838,9508,4407
CTTGACTTCAGCATAA,,0.5978,0.5978,9508,1355
TAAGTTGTAGCTCCAC,T139H F147R,1.0000,1.4108,9506,574
TACGACATTACTCTCT,D401L,1.0000,1.6355,9503,495
AAGTATTTACCTACCA,,0.1286,0.1286,9481,6280
TGAATCTGCCCACATA,L142R K304R,0.0137,0.0137,9474,59046
AATTAAACAATTCTCA,I24F Q149K L280I,0.5432,0.5432,9462,1484
CGCTCATACCCTTTCC,I4S P236S Q406E,1.0000,16.3793,9421,49
CAATCATTCGTATGCA,L68F M82I I95G S367L,1.0000,6.0255,9407,133
TTGCTACTCGCACGAC,A173D H230S G260D W489*,1.0000,6.2110,9405,129
AACTTCCGAAAACAGC,S111W L244F,1.0000,42.1516,9401,19
AAATCACTCAGGGTCA,,1.0000,3.7773,9400,212
ATTAGCTCAGACTAGC,N89V N390L,1.0000,44.4839,9399,18
AGTGATCGCGCTCTCA,T426L,0.2355,0.2355,9390,3397
TAATACAGTAGTATGG,W264S,0.6223,0.6223,9387,1285
CACTCTGATTAATTCT,N119G I252V G271D R422L,1.0000,1.3119,9378,609
TATCTATACGGTTCAA,N37L,1.0000,4.8389,9372,165
AGTAATTCACGACCAT,R55H V187L P427L,1.0000,49.8794,9368,16
CATTATCGTATTGGAT,G2K G294R T296A,1.0000,5.9948,9359,133
CAGTGACTGTAGATAG,M80K,0.2475,0.2475,9351,3219
AGCTGAATGAAAATCT,F157I,0.1682,0.1682,9346,4735
CAGTATCGGCAGGGCA,S60M P427V,1.0000,61.2262,9343,13
CATGTTGACATGCAAA,D306L Y369L T375L L430I,1.0000,37.8897,9340,21
TTCAAGCGGAACGTAG,G2L Q331D,1.0000,49.7143,9337,16
AGGAATACGTTCTGTT,T190D,1.0000,7.2944,9333,109
ACTTTGAATGTTGTGC,,0.6157,0.6157,9323,1290
ACAAGCCTGTAACAAG,,1.0000,44.1006,9318,18
TTTAGGGCGTACAATG,K63G T438M,1.0000,2.5765,9315,308
ATGCCTGAACACACAT,E100L,0.3745,0.3745,9311,2118
ACATCGTACATTTGCC,T265P,1.0000,6.8373,9310,116
TATGGGATAGTGAGGA,,0.1354,0.1354,9307,5855
TACTAAGACTACCATT,G2S V65M E404Y,1.0000,1.2327,9304,643
CAGAAATTACGGCTAC,V14G M410W I445*,1.0000,2.5734,9304,308
AATTACACTTATTGCC,F147I G198S D347G W386Q H467T,1.0000,8.8031,9300,90
TCAGCTGAATATCCAT,L128I,0.4835,0.4835,9290,1637
ATCCTGAAACCATTAC,F157A N395T,1.0000,1.1004,9287,719
ACAATCGCAACCATAG,,0.0478,0.0478,9286,16538
TATACCAAAAGCCGCT,,0.5862,0.5862,9282,1349
ATCAAGCCAGTCCCAA,,0.5561,0.5561,9276,1421
TCTTACCCACATATGT,I221R I334K,0.2290,0.2290,9275,3450
ATCGGGAACACATAAT,T139L V485L,0.0874,0.0874,9269,9033
AAGCCAACGCTTACGA,L120K,0.6845,0.6845,9256,1152
CACGGCTAATTAGAGG,I201N,0.0814,0.0814,9237,9663
CGACATTTCACGCCTA,D175* I403K,1.0000,56.1531,9228,14
CATACAGAATCAGCAG,L259F,1.0000,5.4564,9223,144
ATGATAGAAACGACTG,S85T E404I,1.0000,1.6064,9221,489
AAACGCTTAAGCCAAT,L107S C118V H179Q F316L N395T,1.0000,32.7311,9221,24
CCGTTAGCCAGTTCCA,,0.3752,0.3752,9217,2093
TATTGACTGAGTCTAT,L128S R356S,0.6462,0.6462,9216,1215
TTATCCTAGTATAGAG,,0.3225,0.3225,9213,2434
CAATAATCCCACAATG,G473T,1.0000,2.7931,9213,281
TTTAGACTCCTGACTC,E76Q I144Q,0.2229,0.2229,9208,3520
TGTGTGACTAATCAAA,V14E I21M T249G S400R,1.0000,37.3421,9205,21
CCACGGTCAGATTGAT,S91L,1.0000,37.3137,9198,21
CCATAGAACCCCTTAA,N99T P486T,0.1837,0.1837,9184,4259
AAGCCCTTTGTAACTC,N346T,1.0000,41.1607,9180,19
ATCTTGATAGGTAAAA,L46E T274G H448I G484M,1.0000,2.2663,9178,345
CTAGAGAGCTAGTCAA,N409E,1.0000,35.5363,9177,22
TACTCAGTCTTAGGAT,L128V,0.1165,0.1165,9172,6708
CTAGACTCGATAGCAC,Y200R K300W N470M,1.0000,27.9031,9171,28
ATATGCAACAAAGATC,S199G Y253L,0.1111,0.1111,9169,7028
ACTCATTACCAAACTC,C231W M332I,1.0000,39.0558,9169,20
TGGTAGGATCTTAGTT,Q247V,0.0310,0.0310,9167,25209
ATCAATGATTGAGTAA,G378W,0.8704,0.8704,9165,897
CATCTTAACAACACCA,V22M S27I T87F G243T S476R,1.0000,6.6167,9165,118
CTAAGCACTAATTGCA,A202S,0.1891,0.1891,9162,4128
ACCACCGTTGCGTAAG,Y150S,1.0000,2.5754,9160,303
ACTACAGTGGGACCTA,A123N D317R,1.0000,5.0012,9158,156
TTACTGTACATTCCCA,S246H,1.0000,1.2558,9154,621
GAGCTAAGCACTTTCT,I136E P236N A299S N346D,1.0000,16.5851,9150,47
ACCCTACTAAGATAGG,K352W E404F I452V,1.0000,5.9001,9142,132
CTTCTCTTGACCCACT,K490A,0.6520,0.6520,9138,1194
CAGCCCGATCGCCTAT,G102V I137V Q232P K339F,1.0000,20.4840,9137,38
CATGTGTCGAATGCAC,K125T,0.0551,0.0551,9129,14106
TTACAGACAGAATGCA,L280K,1.0000,43.2061,9129,18
CCTGAGTTGACCGCTT,T101Q,0.6111,0.6111,9125,1272
CACGTCCGGAACTGAT,K33Y K63R G271Y K481D,1.0000,6.5850,9121,118
AATAGAGGAATATAAC,H230Y G260D Y371S,1.0000,55.5020,9121,14
CAGTCAGGTACTTCGA,,1.0000,1.7331,9114,448
CCCTATACCCACGCGA,H13Y Q149S D306G,0.0952,0.0952,9112,8158
CGTTAGTCTAACAACG,S135M D268T R282H D408A,0.2685,0.2685,9109,2890
TGAGGAGTAACCTTGT,,0.1127,0.1127,9108,6883
CACATAGTACTCTGAC,C155*,1.0000,10.6255,9105,73
ATGAAGTTGAAGATAG,A123S P483I,0.2138,0.2138,9103,3627
ATTGAACTCCGGGAAT,F157* N319A,1.0000,35.2071,9092,22
CATTTTCTAGTATCAA,Q3I M134W T296H,1.0000,64.4754,9082,12
GAATTCCAAAATTATT,V5A D311V E413K,1.0000,64.3973,9071,12
ATTATTATTGTCTAAT,G198D Y219S K488L,1.0000,1.6197,9069,477
AATTTGGTCTACATTT,C57M N409T,1.0000,3.5114,9068,220
CAGATAACTTTTCCTA,L128P,1.0000,22.7134,9065,34
AGTACAGTTTCATTTC,V485N,1.0000,1.2484,9056,618
AACCAATGTACATTTG,M82L S199I,1.0000,4.4329,9054,174
CATCGTTAAGTTATAT,K125N S269A N373H,0.0276,0.0276,9053,27899
TACTTGTGCAACATAC,,1.0000,1.0229,9053,754
AACAATTTAGCCTTAA,S169P G260*,1.0000,30.8460,9052,25
GAACAATTTTTAGTGA,N158A F233S,0.4590,0.4590,9051,1680
CCTCAACCGAAAGTCT,A177N K272Q,0.0617,0.0617,9044,12495
CTACTCTTCTCCTTTT,,0.6187,0.6187,9042,1245
ACATAGTTCAGAACCA,G64S F309S L387R S444H,1.0000,55.0152,9041,14
ATTAATCGCTATGGGA,,0.1453,0.1453,9032,5296
ATTGAATACGGCCTGC,L29V L203Q D401Y,0.8934,0.8934,9019,860
ACATTCTTAGCGTCAC,K116D D306N T438D,1.0000,8.5352,9017,90
ATGGTTCTTGTTGCTG,F7S T87I I162R L336A D401L,1.0000,40.4254,9016,19
CTGGAGCAGATGAGCC,,0.3653,0.3653,9010,2101
TAGTCGTCTATAAAAT,,0.3053,0.3053,9006,2513
TCGGACCAGCTAATAA,Y200M,0.1015,0.1015,8993,7545
AGATTGTGAGAATCGA,R325L,0.0824,0.0824,8991,9293
TGTGACAAAAGGCGGG,D156L,0.2057,0.2057,8984,3721
CGAAAAATCTATTGCT,L61C,0.1009,0.1009,8971,7571
AAGATGGTTGCGAGAG,E76A H131N P483S,0.1955,0.1955,8971,3910
TGTCATATCAGCCATA,Q9H F117N,0.1224,0.1224,8968,6243
AGAGTCATGTAGTATC,V14N L35T M134Q,1.0000,16.6086,8968,46
AGTGCAGTGGTCTTCT,H131P Q165W,1.0000,54.5405,8963,14
GGTGATATATGCCGTT,R235S,0.1929,0.1929,8959,3957
TACATCTTGAAATTAA,S135V,0.6019,0.6019,8952,1267
TGACGGTATTAATATG,L68S S169F S205Y Y241V Q348L,1.0000,50.8136,8947,15
ATTAGCGTTAGTGTAC,T87P,1.0000,6.9245,8941,110
CCAGAGAAAAACAGTC,,0.7718,0.7718,8933,986
CTATTACTGAGGTCAT,I144L H230* L349T,1.0000,50.7000,8927,15
CACAGTACGCACCGCC,M194V,0.1390,0.1390,8924,5471
CAGAGGAGTTGATTTA,L142M,0.1464,0.1464,8924,5193
AGGTATGAATAGGTGA,A152D A173I,0.1073,0.1073,8921,7084
TTCTTATTATCATCAC,S199*,1.0000,5.5430,8914,137
CCAATACGGGGGTTAC,T81S R379V R468D,1.0000,5.4584,8906,139
GATCTTAAGGTATTTG,V22L R55L D122A,1.0000,5.2676,8904,144
GACGAGATAACCTACC,L245V,1.0000,5.4151,8899,140
ACCGCTGAACGAATTA,,0.1826,0.1826,8898,4151
GAATGTAGCACACTCT,G186L I221W L387S,1.0000,2.0316,8895,373
ATGACTACTCAGGCAC,I252V,0.3888,0.3888,8894,1949
GAATACCTGAGTAATG,T81P G98V S237L Q321H,1.0000,1.6400,8894,462
TGATGCAATAATGGCA,A173C Q189L H471T,0.3172,0.3172,8892,2388
AGGCGAATTGTCACAA,M1T C86S D156R Q165S I213L,1.0000,4.4269,8886,171
ATATTCTTACCGCTGT,I254N I345L,1.0000,1.5637,8884,484
ACCCCATATGGCCCAT,E17R Q247M,1.0000,3.3780,8882,224
AGGCCTCAGTCGTCCT,Y129Q,1.0000,1.7189,8878,440
CCAAAAGTCTCATGAT,Q165M,0.2441,0.2441,8872,3096
CGACGAACTCAACACA,L61M N119D,1.0000,1.1730,8867,644
ATAGCCTACAAAGGAA,I15T K126T A288D I350L,0.3689,0.3689,8863,2047
TTGACGTATTTCGTAA,D347G R491Q,0.4763,0.4763,8861,1585
ATACTACGGATACCTA,G2F A25T E67L S111G W227Y,1.0000,16.7751,8861,45
TAATGAGCTCCCGGAT,L344Q,1.0000,4.2862,8855,176
AACTTCAGTGCCCTGA,K126N W196S D211M F440I,1.0000,37.7056,8852,20
AGACACAGCTCATAAG,L349R,1.0000,2.4553,8848,307
CCAGCGCACCAAAACT,,1.0000,1.9678,8847,383
TCTACCATACACACGG,L51F,1.0000,2.8625,8837,263
TCATAACGTTGATACG,C212E,1.0000,3.3008,8834,228
ACAACGTGAAACAGAC,L133V,0.1060,0.1060,8831,7100
AGCAAATTTTGTATGT,,1.0000,2.0553,8830,366
CGCAGAATATTTAGAA,Y219K S476*,1.0000,17.0789,8821,44
ACACAGACCATCGCTA,L290R,1.0000,41.7436,8820,18
TGAAAATATTTTGAAT,E307Y,0.6168,0.6168,8818,1218
GAATAGACAGAACACA,N79C M134I S389V P464L,1.0000,4.0813,8815,184
TAATAAAGGATCAAGC,H398V L433T,0.3546,0.3546,8812,2117
GACCACACCCGAGTCA,,0.5050,0.5050,8808,1486
AACAGTAGCTCAACGC,R248M F399N,1.0000,37.5139,8807,20
CGTATAATCCGACCCA,S169M G181L,0.1330,0.1330,8805,5639
AAGCCGTTGACCAAAG,L50S L78K,1.0000,7.3523,8803,102
TTGCTACTTAGAGACT,I213A C231F,1.0000,4.2103,8797,178
CCTAATAACGGAAACA,,0.1394,0.1394,8796,5376
GAAAACGAAAACGGAA,I15N Q348F,1.0000,46.8231,8794,16
CAATTACAGATATGAA,M214R V450G,1.0000,1.4811,8780,505
TTAGAATTGGTTACTC,D408R,1.0000,35.6139,8779,21
CCTCACAATGTCTCTT,W196C L285V S389L,0.2405,0.2405,8778,3109
ACAATGCAGTCTGGCA,K161I T190V M359C,1.0000,32.4911,8772,23
ACGTGGTGCGACCACG,M284V I443S I474M,1.0000,6.0238,8768,124
CTACACGTACATTTAT,L61R,0.3311,0.3311,8767,2256
AACGCGAGTGAACTGC,,0.2097,0.2097,8766,3561
CCTTATGTGAACATTA,K126L,0.1280,0.1280,8761,5831
AGAATAGCTTAACAGC,N146K,0.2369,0.2369,8760,3150
TGAATCGTAACACGGG,V97K Q189V,1.0000,7.1041,8756,105
ATACCCCAAATCTTAT,I21G L336Q,1.0000,43.8734,8755,17
AACTTTACACTATAAA,L387C K481P,1.0000,11.8280,8747,63
TCCAAAAATCCTAAAA,V298A V459I,0.1602,0.1602,8744,4651
CTCCCAACACAATCCA,Q3N D347N,0.6534,0.6534,8743,1140
TATGACTGATTCTCTT,G478*,1.0000,5.6850,8742,131
AGCTTAGCACTTTGAG,C57G N79V,1.0000,1.8072,8740,412
CGTACGTGAACAGGAC,S91P M284P,1.0000,49.6323,8739,15
ACGTTTAGGAAACAAA,T40D T190L L344N,1.0000,39.1789,8738,19
CTAAAGCGTAGGAGAT,,0.4941,0.4941,8735,1506
ACTACGAGATATATAT,L43S N158R,1.0000,1.8018,8735,413
ACCCGCACAATTCTGA,H131Y F147L G186K,0.2543,0.2543,8734,2926
ACAAATCCAAGATTCT,C231F Q406Y,1.0000,5.6779,8731,131
ATAAGGATGCGCACTA,W227R I337M L415G,1.0000,5.7626,8726,129
TTCGTTGATTGACGAG,L120T H230S,0.5770,0.5770,8723,1288
AAGTGTATAAATAAGA,C180S,1.0000,7.0082,8720,106
GTAGACAATACCAGAA,G181F,0.3320,0.3320,8718,2237
TCGTGAAAACACATAA,Q335N N365E,1.0000,9.8992,8715,75
AATTGTCAGCCTTATT,S267*,1.0000,41.2183,8709,18
CTTTAACATTAGTGCC,N209L R257P G424M,1.0000,43.6429,8709,17
AGAAAGGCCACGTAAG,R256L S333Y,1.0000,1.3510,8706,549
CTACTAATGACCTTTT,L128V T274P,0.0646,0.0646,8703,11484
GAAAGCATGGAAATTG,L61Y N79R,0.5243,0.5243,8702,1414
CCTCCCTGGAAATGTC,A152Y T380I L394F P464S,1.0000,3.4638,8701,214
CAACACAATTCTTAGT,N302P N390K F440V,1.0000,43.6028,8701,17
ATTGTTTGCCCTCACT,Y419S,1.0000,37.0539,8699,20
CTAGTTAAAAGAGCAA,K291A K339W I403G,1.0000,2.2658,8697,327
TATTACCAGAACAAGA,E72T N119T F157W R250V D273A,1.0000,30.8676,8696,24
CCCCTCTAACTAGTTT,V97R,0.1001,0.1001,8694,7397
TTAACAGGAGGATTAC,Y66* G240N,1.0000,41.1284,8690,18
CTACAACCAAATATTA,G160H K488E,0.6277,0.6277,8687,1179
CGAAGGAAGGAGAAAG,M19A Y129L T215V Q331H,1.0000,30.8321,8686,24
GAAAGAATACATGAGG,V97Y E421M,0.2686,0.2686,8685,2755
AGGCATTAAAGAAAAT,N319T,1.0000,4.6227,8682,160
TCTCAGTGGAATCTGC,L23D P464L,1.0000,41.0668,8677,18
TATAACTCTATTTCCC,V164E,1.0000,7.8575,8670,94
CAGTATTGAGTCCACG,C231S E308S,1.0000,18.0148,8670,41
AAGTGACTCGAATAAT,M1L M82R T87F C212F,1.0000,73.8351,8667,10
GAGGATCAGAGAATCC,,1.0000,2.1835,8663,338
TGAGGCGACCTACAAC,V97H N148T,1.0000,30.7469,8662,24
CGCTGAGCATTCCGCT,L46Y A176T P275G E307I K461V,1.0000,6.9608,8661,106
TTTAAAGCATCCCGCT,I136W F147R G260C,1.0000,4.8841,8657,151
GCTGTCGAAATTTAAT,H93E K125S,1.0000,8.5756,8657,86
AATAGATCTCCGAAAT,,0.4048,0.4048,8652,1821
TCAAGAATTTAAGCAA,Q149C,0.2291,0.2291,8648,3216
ATTATTGACAATTTTC,,0.4155,0.4155,8648,1773
TTTTTTTACATAACAT,L336W,0.2528,0.2528,8646,2914
TTGAGGAAAAGTACCA,N302W,0.3931,0.3931,8643,1873
CATTCATACATTCCTG,N89M,1.0000,3.4564,8642,213
CACGCAGAATATTACA,L46H T412G K488W,1.0000,33.4569,8640,22
AGAATATACGTGACCC,L103N,1.0000,31.9985,8639,23
AGGGGGCAATACGAAA,S135T,0.1668,0.1668,8634,4409
TGACCAAGACTCTCCC,Y200F,0.1125,0.1125,8626,6531
CTCAATTCTAATTGAT,,0.1364,0.1364,8624,5388
TACCATCTTCAGTTCA,W196R,1.0000,1.2573,8619,584
ATAAGCCAAATACTAG,G277D,1.0000,52.4473,8619,14
GTGCGATACACGATCA,L315R A322W,1.0000,6.6088,8611,111
GAGTGAGGCTAACATA,,0.1934,0.1934,8610,3792
AAGCACCATGAGTTAT,I113L W264L,1.0000,1.0646,8610,689
TAATTATCGTCTTATA,M1R A39F,1.0000,36.6577,8606,20
TGTAGAGCCTAATAGT,K352Q S389A D401T,0.5412,0.5412,8601,1354
ACCCCCAGTAATCTCT,A39T H179L G208S L259Q F399H,1.0000,4.2106,8600,174
GCAGTATCATGATGTG,I24V P238R Y253F,1.0000,7.9607,8597,92
ACGTAGGTTGCCAACA,D401I,0.2619,0.2619,8596,2796
TTCGCATCGACTTCCT,T101M,1.0000,2.0863,8596,351
ATTACAATAACCCAAC,F157T T261E,1.0000,40.6835,8596,18
ACTGTCTACAACACGT,M75S N99Y N158I,1.0000,5.0498,8595,145
TCTTTTAAAACATTTA,V164L Q232M L242Y C475S,1.0000,3.7921,8591,193
GTTGATTGAAGACTCC,F316Y L442N,1.0000,43.0315,8587,17
CTTGTAGAGCCCCATA,T59G N79S L203K G240R,1.0000,1.7130,8586,427
CAGACACTTAGGCTAT,,0.8524,0.8524,8585,858
TGCTCGCAATTCTATG,L68A D401H,1.0000,6.7090,8584,109
AATCTAAAAAATTTGT,,0.1314,0.1314,8582,5565
TCTAATTTTTGCATTC,S199N V298L,0.5313,0.5313,8582,1376
AACCAACATACCTCTA,R356Q I403F,1.0000,34.7864,8575,21
ATGCGATGTACGACAG,S85Q,0.1308,0.1308,8570,5580
AAACCCTCGGACTATT,Q335R,0.0766,0.0766,8564,9519
GAATAGTGAAACTTAA,Q69T Y150* R257D,1.0000,27.0087,8560,27
TTCGGACAGGAAGACT,,0.0900,0.0900,8558,8100
AGTAGATAATTCAACC,,0.8710,0.8710,8558,837
AGTTGCACTCGACGGT,V5Q D357M M414S,1.0000,34.6890,8551,21
CTTGTATTAAGAATGA,,1.0000,7.6645,8547,95
AAATACATTACAACTT,L68C A173L R256L L344Y S444M,1.0000,7.7370,8537,94
ATGGTCCATCAGTTAA,C155W T274R,1.0000,45.4494,8536,16
TATAATAACCCTCAAC,T215L W227D,1.0000,7.3445,8535,99
ATGAAGCAATGTTCAG,L120S K272*,1.0000,5.5077,8534,132
CTATCAAAAACATAAG,T70N C212T K451*,1.0000,1.6945,8533,429
ATCCCTAAAAGGAGTC,S91Q S154Y A173V A177V L479R,1.0000,3.5267,8528,206
ATATTAAGACTACATT,,0.0951,0.0951,8526,7639
CTTGCCTGGTCGTACT,,0.0611,0.0611,8525,11885
GTGAATCTCTGCTATA,L107V V183K D273F,1.0000,4.0329,8521,180
ATCCTATGGCCGGTGC,L68P K125Q,0.9488,0.9488,8520,765
TCAGCACTGAAGACGT,K116V G391I,0.3144,0.3144,8515,2307
GAAACCCAATATATGG,G181* Q416G,1.0000,4.2170,8514,172
ACATTAATAAAATCAA,G2F K481T,1.0000,31.5318,8513,23
GTTCACAAGTAATACC,,0.3247,0.3247,8511,2233
TTTTCTGAAATCCCCA,L32K,1.0000,14.7902,8507,49
ACCACAGCGCGAAAGA,T215H Q416K,1.0000,3.3696,8504,215
ATTATGAGTGTGACGC,D251K C364K,1.0000,27.8575,8502,26
GGACTAGGTATACCGG,Q232M V298A M351C,1.0000,42.5905,8499,17
AGATCAGATAGATGAA,G54D,0.0622,0.0622,8493,11641
ATCTCGTAGTTAATTT,G243V,0.6068,0.6068,8491,1192
ATAACTAAAGCATAAT,D211V Q232R,0.1792,0.1792,8489,4036
TGGTAATACTTTATCT,Y480Q,1.0000,28.9138,8485,25
GCTGTATACTTTCCTC,G378C,1.0000,3.3609,8482,215
TGTATACAAAACCGGT,,0.1039,0.1039,8480,6955
TAACTTTAACACATGG,T87K C180I T375* L442R G478L,1.0000,24.8611,8463,29
GCTAGAGTACTTACAA,F157M R193E K490T,1.0000,34.3320,8463,21
AACTGCAATCTCACAA,,0.0848,0.0848,8457,8499
GCAGTGATTTGGCAGA,,0.0631,0.0631,8454,11407
GTTACTCCAGATGACA,F157G S199R H230Y L244* S437F,1.0000,6.4304,8454,112
CTAAGTATCTACGAGG,,0.8748,0.8748,8451,823
CAGAACAGTTATTCGA,K33W T108K G159H,1.0000,5.4932,8447,131
CCGTGATGTTCTACTG,I144L Y393T,1.0000,6.5411,8446,110
TGTTGCTTGTAAATTT,M96S T190I L285Q L355T L372R Q405R,1.0000,23.9728,8442,30
GAAATAAAATAACAGA,L280T,1.0000,2.2189,8439,324
GGTATCCTAGTCCAGT,K88V F117N G186T I222L Y278H A330M I358S,1.0000,37.8383,8439,19
CATCATTTAAAGCCTG,,0.0756,0.0756,8433,9499
TCCTAATTATTTGTGG,A202Q,0.3835,0.3835,8427,1872
GTAGCAGTGAGTCTAA,A25F L103M,1.0000,1.2501,8423,574
GAGTTGAGGACCATTC,S199I E421N,1.0000,1.1205,8418,640
GCAACACGCGGTTATC,L103R,1.0000,10.2436,8417,70
AGATAAGCGTGAAGAC,K291T,0.7674,0.7674,8414,934
CTAGCGACACTATAGT,S205Y,0.1621,0.1621,8409,4419
AGACCATTATAGTGGA,F7G K161S,1.0000,1.0787,8408,664
TGAATAATGCAACATA,P453S,1.0000,4.2866,8403,167
TAAAAAGGCTAGTGCG,Y441T,1.0000,55.0269,8397,13
TGGGGACATTAGATCA,A343G,0.0524,0.0524,8393,13653
TATAACTGTACAAGAG,,0.5666,0.5666,8393,1262
AATTATTCGACTATGA,G174V L258G,1.0000,5.9078,8391,121
ACGTCTATTTGATCAT,D251F,0.0444,0.0444,8390,16083
TCAGATGTTGTGTCGA,V5H,1.0000,1.2986,8384,550
AGCGTGAATCATAAAA,V5G S199K T377N,1.0000,54.9417,8384,13
AGGATACCATACGCCT,S216R L382S,1.0000,37.5827,8382,19
CCATTATAAAAAAGCA,S154G T296S Y441V,1.0000,1.9833,8381,360
CCCACAGTAGCAACCC,G2Q G45* M96R T108D G276I,1.0000,5.6219,8381,127
CGGAGACATACTGCTT,,0.3073,0.3073,8376,2322
ACGAAGTTTCTATAGC,L51H Y217H E404T,1.0000,7.8395,8374,91
CTAAGCCCGAGCAACA,Y200F R257T W370S L428Y K465G K481E,1.0000,2.5832,8369,276
GTGTACGTTTAACCGG,L103T T225F N395L,1.0000,4.3200,8367,165
TATGTAAAGATCATTC,L433F,1.0000,1.9473,8366,366
TAATGTTTCAGTCAAA,H141Y S143E H374L F399D Q416E,1.0000,2.8505,8365,250
AGACAATGCAATAAAC,,1.0000,1.5866,8362,449
TGTTTAAAACCTCCTG,A176C D306E M420V,1.0000,3.1517,8361,226
GTTTACGGAGAACTGA,,0.0807,0.0807,8355,8820
TCCAACATCTATTGTA,K488L,0.3808,0.3808,8354,1869
GGGAACAAGCACCTAC,V65F Q165R S169V,1.0000,22.9494,8351,31
AGACCAGATAAATTAG,L43V,1.0000,1.8325,8346,388
CCGTACCAACTTTTAG,,0.2917,0.2917,8344,2437
ATCATTCACAACTTCC,Y253N W283E,0.8042,0.8042,8335,883
ATGAGATATGAATGGC,E17*,1.0000,41.7687,8335,17
AATTCACAAAAATCCA,S255C,1.0000,64.5439,8334,11
CCAGTTCTGAGCTACC,T101Y G276V,0.2678,0.2678,8333,2651
ATTTTCTGGAATGACT,N114W L128R,0.3553,0.3553,8333,1998
TTGAAGTACCAAGGAA,M19R C118Y K161Y,1.0000,6.6939,8329,106
CACAGACGCTCGTCGT,D156F C279H,1.0000,39.4198,8329,18
CCCCACAGACCCGAAG,D251N H398T,0.1885,0.1885,8322,3762
ACACTCGGCCAGCTAC,K88R G181D N470I,1.0000,8.5396,8320,83
CTTCTTAAAAAACCCT,I112N S392G Q405R,1.0000,3.1359,8319,226
AAGTAATCATGTATGT,H305R T412H,1.0000,3.1061,8313,228
CTGGCAGTCTCAAATA,V164L,1.0000,4.2407,8313,167
AAGCTAACAGACGATA,F434N,1.0000,3.6111,8308,196
ATAAATAGCAAGGAAG,H179K,0.2572,0.2572,8307,2751
TATGTTTGAACGACCC,N209E P464N S476N,1.0000,32.1558,8304,22
TAAGATTGATATAGTG,K161M N224P E228I L433F,0.6093,0.6093,8303,1161
ATATAATAATTATACT,T87L,1.0000,1.2215,8302,579
ACTAAAAACTGACTGT,,0.2436,0.2436,8301,2903
CGAGCCTCGGTAGACA,N365L H398T D402N,1.0000,44.1769,8297,16
CGCGCTCAGGCTACTC,,0.2841,0.2841,8295,2487
AAGGGAAGAAACCCGT,,0.1479,0.1479,8293,4776
ACTAGACTATTACTCA,I252A T261Y G484C,0.0937,0.0937,8292,7538
TCCAACATAAAACATG,K488*,1.0000,1.9514,8292,362
ATCTTGCTGGTTTAAA,A299S E404F,1.0000,9.5437,8290,74
CGTTAATCGGAATCAA,,0.3219,0.3219,8289,2194
ATAAACATGCAATCCA,N148P G484A,1.0000,2.2417,8289,315
GTAGTCCAATGCGTAG,L120H,1.0000,30.6984,8288,23
CATCGTATCTCAGATT,,0.2974,0.2974,8287,2374
ACATAACGACCCCTAC,I112N K125A V487W,0.0521,0.0521,8281,13536
ACGGCTTATAGACACG,D229Y,0.6282,0.6282,8281,1123
AGGTTGGTTAGCAGCC,E421Y P453T,1.0000,2.1961,8275,321
ACCATCCGATAAAAAT,L50S A123V G174S E413R,1.0000,25.1740,8274,28
ATTGCACTACATCTCA,Q247E T274I W283N A343T G478V,1.0000,58.7250,8272,12
TATCGTGCAATGTCTG,D175Y D268I,0.6392,0.6392,8269,1102
TATAATTAGCTAAAAA,,0.1795,0.1795,8268,3923
CAATAAAATTTGTAAA,I4F,0.3556,0.3556,8268,1981
AACTATACAGGTTGCG,S234M,1.0000,41.4129,8264,17
CCTACAGCCCCAACTC,,0.2187,0.2187,8262,3219
CGCAGACCTATTCCCT,M134* M214L,1.0000,37.0312,8259,19
CAGCTTATCGAGTTCT,,0.0548,0.0548,8252,12832
AAGAGAGTCACCAATC,E67I,0.2309,0.2309,8252,3044
GCTAGCTAACAATACT,M134Y K352T,1.0000,1.2852,8252,547
AACACCATTCAACCAC,I252F T376E,0.0563,0.0563,8247,12479
ACTTACGATATAAAGT,E404V,0.3718,0.3718,8244,1889
TCATGCCAATACAAAA,D156H,0.1420,0.1420,8240,4945
AAAAAGCCGCCTGACA,I4S Q482G,1.0000,7.0180,8238,100
ATTAAAAATTTCCAAT,K425E,1.0000,11.5050,8238,61
CGACATATTAAGTATC,V435F,1.0000,1.0427,8237,673
CCCCGTAGAAGCACTA,G160D G198T Q405N,0.5631,0.5631,8236,1246
CCGCTCTAGCTATACG,W264I,1.0000,3.5077,8235,200
ATTTTTGAAATTGTTT,H131Q,0.0759,0.0759,8232,9235
ATTTATACAATAATAC,S392C E421K Y441H,1.0000,3.5419,8232,198
ACATAAGGAGGGTGCT,P453F,1.0000,36.9057,8231,19
GTTACATAATCATGAA,L103I,0.0245,0.0245,8229,28572
CCCTTCACATCTGAAA,S169V I213S,1.0000,3.8713,8225,181
TGAAAACTATCAAATT,S138T,1.0000,2.5001,8217,280
CAAGATTCTAAAAAAT,K33N I136R T380Q,1.0000,6.7963,8217,103
CACAAACAAGTATACT,H13V V18S L128I L447P,1.0000,4.1851,8204,167
CGAATCCCGCAAAGCG,S135* T249F,1.0000,8.0324,8203,87
TCCCACTATAACAGTT,A39D N99H I286F E421L,1.0000,17.0444,8203,41
CTCATTCCTATAGAGG,S27Q I162S H230N,1.0000,41.0972,8201,17
ATTGGGACTCAATTCA,,0.0753,0.0753,8197,9271
ATAAAAGCGAACTTGC,W210Y,0.1182,0.1182,8195,5904
TTATTAACCAATTATT,W264G E396S,1.0000,3.2456,8191,215
CCCAGTAGTGTTACCC,F49L Q223K R248L I252L,1.0000,29.0750,8191,24
AACATAGACACCTTAG,T40M Y62F S169C E228I L258C,1.0000,58.1287,8188,12
CTCTAGGATGAGCTCA,S27L I254*,1.0000,46.4973,8187,15
GTGTACCTAGAGTAAT,Q149S T249Y T274H K339I,0.4040,0.4040,8186,1726
GCTTCCGTCATCTTTA,T139I L336V,1.0000,2.5442,8183,274
GAAAGCATATCTTACC,L50A K161R S199T T438H,1.0000,40.9819,8178,17
GGTGACCAAAATTATA,,0.0992,0.0992,8176,7024
ATGTTAATGGACCATT,Q165S R207F,1.0000,8.8167,8176,79
CAGCGAGAAGTTCCCA,K126N,0.2614,0.2614,8173,2664
GCTGAACGTGAATTCA,,0.7719,0.7719,8173,902
TTATAACCCAGAGTAT,L50V G198T E228P L313G K425T,1.0000,3.7234,8173,187
ACATGAACAGATTAAA,,0.4166,0.4166,8171,1671
GATCAGAAGTTAAGCC,F140L,0.3875,0.3875,8164,1795
CCAATGGACGTAATAC,H141F P145T,1.0000,4.1898,8164,166
CATACATACACTAAGT,L35H Y62F L73P E104R V450S I458R,1.0000,46.3496,8161,15
GCAATCCTGATCGTAA,S56I T139L I474S,1.0000,28.9259,8149,24
TCCAAAATTAACAAAA,T48D I252* S462V,0.7667,0.7667,8145,905
AATTTCTTAGTTTTGC,L133Y K461S,0.1061,0.1061,8141,6535
CCGGATCACTGTAGTA,N395R,0.3635,0.3635,8137,1907
AGAAAGATTACAAACA,I286T,0.1794,0.1794,8133,3863
AGAATCGATCCGCCGT,T190L,1.0000,1.1207,8130,618
CGTACGGCGAACCCAC,T81H,1.0000,49.4656,8129,14
CGACAGCACGACTTAT,,0.0537,0.0537,8128,12895
CCGGATATTCCCGCAT,K63R K126E D311A,1.0000,3.3609,8127,206
GTGAAGAAAAATGGTT,Q3E,1.0000,7.2066,8121,96
CCCTTACGTGAGACCA,N353Y S381L E404D,1.0000,40.6412,8110,17
ATTATAGGCGGGAGCA,M359K,1.0000,53.1461,8110,13
CATTTCGGACAGCCTC,D268F T274Y T296F,1.0000,1.3059,8109,529
GTATCGTGTTTCGTCC,L344R R468S,1.0000,1.9621,8107,352
CCCCATTCACGATGCA,F399T Q406A I443R,1.0000,6.1089,8103,113
AGGACGAAACTACCAA,,0.0707,0.0707,8098,9759
TATACATAGACAAAAT,M214V,1.0000,3.4288,8090,201
AGATTGGACCCCGTAC,E67I,0.2882,0.2882,8081,2389
GGATATCTTAATCAGA,S143D K272I,1.0000,4.3555,8078,158
GAAGGTATTTTACAAA,A297S K339A,1.0000,40.4708,8076,17
GAAATGTATAGGATAA,N119P I221R,1.0000,29.9058,8074,23
TAATTTTTCTAAGTGT,G160E A288D,0.2622,0.2622,8066,2621
AGTTTCGGTGCCTGAT,Y129I L479I,1.0000,1.3338,8063,515
AAAGAAAAATTAGCGT,A173D P238V Y253W,1.0000,2.9725,8060,231
GAAGATTATGATCCGT,V65E,1.0000,1.5817,8058,434
AATAATGTTATTCTTT,Y36P I254N S389V I411N,1.0000,6.1844,8058,111
GGCCAATCATGTTATA,,0.6017,0.6017,8052,1140
CGCCAAAGGTTGCATT,V183W,0.1265,0.1265,8044,5418
GGTACCCGGATCAAGT,H170T I452F,1.0000,1.0508,8042,652
GATAGCCTAAAGCTAC,I4Q K304T,1.0000,25.3680,8040,27
GATGATGCGGCCCTAC,L51V A177I A202V,0.2374,0.2374,8038,2885
ACAAAGCCCAGTCCTC,M312V,0.7437,0.7437,8031,920
ACTAGTTCTTACGAAG,,1.0000,1.7679,8031,387
GCCGAAAAACCTGCTC,S367*,1.0000,29.7206,8024,23
CCATAATATCGTAACT,V47R I254N N373S N390R,1.0000,3.2385,8021,211
ACAGAAGTAACTAGGG,L128P S199R,1.0000,6.0433,8016,113
TGTACCGATCTCAAGA,N90H,0.3784,0.3784,8014,1804
CCAATCTTTAACCAAG,E76L D273G,0.4259,0.4259,8014,1603
AGAATAGAAAAGAAGA,L32V A184R,1.0000,17.5057,8014,39
ATGCGGACTGAGTAAA,Q3G,0.7947,0.7947,8013,859
GCGCCACCAAACTCGT,C212* H230E K272W P383S,1.0000,2.2526,8012,303
CACAGGACCTATGAAT,L128K,0.1754,0.1754,8011,3892
CATTCAATGCAGTGTC,,0.0899,0.0899,8008,7586
CCGTATGAGGTACGCA,A25V L61I L142T,1.0000,1.1258,8008,606
CCCTAGGAGTAACGAA,N409S T426S,1.0000,45.4693,8006,15
ACTCTGGGTCACAAGG,A39T S169I W227F,0.5299,0.5299,8005,1287
GTTTGACTCGGCTTCC,Q189M,0.8629,0.8629,8002,790
TAATGTATTCCCGAAG,G2M L26M C180F Q405T,1.0000,5.2432,8001,130
GCCCTCTAACACCGCA,C53D C301N E307Y,1.0000,24.3129,7991,28
GACGGAACAGATCAGA,T375N T397A,1.0000,6.7394,7990,101
TAGACAATCAAAAAGG,L220E S476P,1.0000,68.0506,7988,10
CGTTCACAGTTAAAGT,C41Q P453V,1.0000,6.4191,7987,106
CACTTGCCAACCCAAA,A30D Y66C N74F C301P,1.0000,30.9244,7986,22
ATACAATACTTTATAA,Y66L I474G,1.0000,34.0168,7986,20
CAGATTTAAGCAGCAT,E287T,0.4429,0.4429,7985,1536
CCACTTATCTGTAAAA,,0.1692,0.1692,7983,4020
TCTAACCAAAAACATG,,0.0979,0.0979,7982,6949
GAATCACGTACAGATA,Q149G N346D,0.4651,0.4651,7982,1462
AAAAAGACAATGTTGG,E404R,1.0000,25.1818,7981,27
AGCGCATGCGAGAGAG,M1A,1.0000,37.7586,7978,18
AGCCCTGGATCATTAC,E76R G181V N302T,0.2874,0.2874,7976,2364
ATACATCAGTTGTTCG,M192G D306R,1.0000,52.2614,7975,13
CTCGGGACCATCGTGT,M194A,0.2280,0.2280,7974,2980
TTGTGGTTACCCAAAA,N178K,0.0973,0.0973,7973,6984
AGTTTGGAACTTTATG,D204E T215C,0.1801,0.1801,7973,3771
CATTAGGACTACCGGG,I254E I403H,1.0000,56.5953,7972,12
CGCTAAGACAATACGG,S111G D347F,1.0000,5.1044,7969,133
CCTTGCATACCATAAA,D401H,0.5959,0.5959,7967,1139
ACACCACAACCCACAT,E104D S154R,1.0000,5.1804,7966,131
GATAAAAGAAACCAAA,M194* M472L,1.0000,29.4761,7958,23
CCGGCAGTATAGACTC,S169L L387I,1.0000,45.1910,7957,15
ACGCTGTATCGCATCT,,1.0000,2.3212,7956,292
ATAAGCCAACTATAGA,L52T,1.0000,3.3062,7956,205
ACCCATCTCTAACGAT,H170F K320R C477Y,1.0000,9.0359,7955,75
CCCGATAATTGAATCA,G42R I334Y,0.0923,0.0923,7954,7338
TGTAGAAGATAGTCTC,A152F K161L Q218D,1.0000,1.3689,7954,495
AGCAAAGGAAGAAGCC,F191V,0.1691,0.1691,7948,4004
GAAATGAAATAAATCA,S135L,0.1117,0.1117,7939,6055
CCGACAGAATGGCATC,S27I M332H I452S,1.0000,45.0888,7939,15
GCAACCGATGTTCTAA,C475A,1.0000,45.0718,7936,15
CGCGCCACAGTGTGTT,A330P T377N,1.0000,84.4882,7934,8
AATTATATTAATGGGT,Y480F,0.5498,0.5498,7931,1229
CAACTTCCCATAGGTA,F436R,1.0000,2.4563,7929,275
ACACTCACCTTAGGGC,,1.0000,1.5420,7928,438
ACACTATGTCTGGCAA,L35T T190K S333H Y393S D432N G478L,1.0000,4.8917,7924,138
GCGCTGTCGGCAGCTG,S121Y S437L,1.0000,35.5292,7924,19
AGAGAAACATAATATG,M82Q M332W,1.0000,4.3541,7922,155
GATCAATATGACTTTT,A343N,0.1831,0.1831,7920,3685
TTACGACAAGATAACC,Y278M L285P E413Y H467W,1.0000,14.0565,7920,48
GGACCGATCCAGGGGG,R256F L349G,1.0000,5.3542,7919,126
CGTACGTTGCGTATAT,F49S H93Y,1.0000,51.8945,7919,13
CAACTAAGGAAGGACT,N319S K490*,1.0000,39.6740,7917,17
GAACATAATGAATCAA,G181R,0.1612,0.1612,7915,4184
CGTTTTCGTAGGCTCC,H93T,0.1273,0.1273,7909,5294
ATTTTAACTGTAGGCA,Q3V V65I,1.0000,2.8310,7909,238
GGTCAGATAGGAACAT,T87D K126G,1.0000,3.1738,7898,212
CATCGCAAATGCATTT,S143M,1.0000,1.0868,7897,619
AATCCATCAGAAGCAT,,0.0769,0.0769,7896,8749
AAGATTATTTAATCAA,D401V,1.0000,4.0497,7891,166
GAACATACTAAACTTG,F157Y D273N V435K,1.0000,10.1855,7891,66
GTATACCAGTTCAATT,K300V,0.1256,0.1256,7889,5353
AAATCGCAACCTCCCT,G160D F440V,0.4427,0.4427,7889,1518
ATATGTTGTTACAAGA,S154R Q232S,0.3973,0.3973,7877,1689
GGGACGACTTCCCACG,R248T,1.0000,1.5570,7877,431
TCCCGGGAACCCTAAA,S138N Y200V I286K G378V,1.0000,18.6379,7876,36
CAATTGACAGCACCCG,M1A K161* G198D T215H L344R,1.0000,17.6525,7874,38
GATCAAGTCGTTAAAG,,0.0717,0.0717,7873,9359
CCCATAACAAATAATC,F140W G160W D273R G391D,1.0000,60.9426,7869,11
TCCCGATGAATTAACA,,0.3839,0.3839,7864,1745
CCAACCCGTATAAATA,G102R,0.7526,0.7526,7862,890
TCTTAAACAAAAGCCG,N224Q I334T,0.1450,0.1450,7859,4617
CAAGAAAGTACAACAC,Q247G K481A,0.0930,0.0930,7855,7197
GATGTCCACCCACAAC,Q69S E100Y R235L N395V,1.0000,44.6004,7853,15
GAATAAAATAAGTGTT,G159Y,0.1308,0.1308,7850,5111
CATAAATTTACTCATT,L46W H141M Q218A,0.8584,0.8584,7849,779
CCCCCAATTAATGGCT,,0.1752,0.1752,7846,3816
ACTGATAGATAAACCA,L142E,0.4716,0.4716,7844,1417
CTTAAGCAAAGAGCGC,F7N Y200A,1.0000,7.5917,7842,88
GACGGAGCACTACTGG,,1.0000,2.6507,7841,252
AGATTGTTTACTCTCG,,1.0000,1.6483,7836,405
ACTATGCTACCGACCA,K126E I345V,0.0391,0.0391,7835,17066
CCTATATACGGATATG,G2N C180I Y419S L449A,1.0000,27.8113,7835,24
TGGCTACTGACGACGA,I15F M153E,1.0000,20.2135,7830,33
ACCGTGATAACTTATA,L105V K488Y,0.1790,0.1790,7827,3725
CGAATACATCCATACC,Y129V E228M L430E,1.0000,41.6371,7820,16
GACTAATCAAATAAAA,E104R S154A,0.4330,0.4330,7818,1538
AATGGGCTTACTAGAC,F140I P145Y,1.0000,2.0615,7816,323
CTTACTGATTATCAGT,,0.2000,0.2000,7813,3328
CGTGCACCGCACAATG,T101F,1.0000,1.4040,7812,474
ACAAAGAGAACCAACC,,0.5961,0.5961,7809,1116
GAACACTCGCATAGAT,E76C D357T Y363R,1.0000,47.4879,7804,14
TCTACTGGCCCCGACC,F147H,0.5917,0.5917,7800,1123
GAACTACTATGGAAAT,S171N,0.3033,0.3033,7796,2190
ATGGCATTACTAAATT,E287I N365Y L394F D401I,1.0000,23.7105,7793,28
AAAGTCAGCTTGACCA,V11G G102S Y219F F446L,1.0000,34.9418,7793,19
GTAGAAAAAAGCCTAT,,1.0000,1.8594,7792,357
TCGTTCAGCAGATCAG,,0.1836,0.1836,7790,3615
AAAAGAGCACTACGGC,N74C N302T K488T,1.0000,2.3958,7790,277
GATTCTGACCAAGTTA,T87L S205D Y241S C385N,1.0000,34.9149,7787,19
CCAGCCGCTGACTACT,T190W,1.0000,6.3147,7783,105
TCCGTCTGAATAATAT,,0.3080,0.3080,7780,2152
GTTAAGACCACCCTTA,I144P D175T T182N K272N,1.0000,2.3171,7779,286
AACCTGAGATACTAAC,,0.4147,0.4147,7778,1598
TGAGATCTCACTTATT,N79D Q348L,1.0000,60.2301,7777,11
TGCGTTATCACCCTCG,E329W,0.3590,0.3590,7776,1845
GACTTATGCCATTACA,N209E E307D,0.0910,0.0910,7765,7273
AACGCATATCAGGAAG,S27K F49A N109V,1.0000,20.6721,7765,32
CTGGAAAGTTAATATT,K352I Y393E,1.0000,23.6131,7761,28
CAATAACACTTGCAAG,F140M W227C,1.0000,34.7893,7759,19
CCCATAACTGAACAAG,S91H,1.0000,13.2131,7755,50
GCACGCCCTAGACGTT,S56N V164T,1.0000,15.0149,7755,44
CCTATTAGATCGACGG,D156Y I162L T376L L394R,1.0000,15.7279,7754,42
GAAACTAACGTTAGGT,I15S N119I E270Y E404P K481*,1.0000,34.7580,7752,19
TTCAGTAATAGAGTCA,G98D G160N F262S,1.0000,3.3849,7748,195
AGAAGCGCGGCCGTTA,G271A E308A M410C,1.0000,1.7548,7745,376
TCCGTAAAAATCTAAA,E303L N338R G360R,1.0000,2.7954,7744,236
CAAAAATAGGGCAACT,,0.1774,0.1774,7742,3718
ACAGACACTACAGATA,L51F H92R H170N K481Y,1.0000,2.1696,7742,304
CCCAGAAAAAAAAGCG,P83Q H230K,0.1178,0.1178,7740,5599
CCACAATCCCGCCACA,,1.0000,5.7285,7733,115
GAATGCGCTGAACCAT,E76S D306G E404Q T438I,1.0000,3.2448,7732,203
GAACGCTAAAAGGAAC,C57W R248G N302L F446Q,1.0000,28.6242,7728,23
AAGATCGTTAGTTACT,P12G L128C D156N,1.0000,3.1951,7726,206
ATAAAAATAGTAAATG,S255L A343S K417*,1.0000,54.8417,7725,12
GGTGATATCCCGAGCA,S60E,0.1542,0.1542,7721,4265
ACTCACTGTCGTTCTA,A25S L428H,0.7920,0.7920,7716,830
AACTATTCATGTTATA,T397P,0.0634,0.0634,7715,10369
GCTGTAAAATTGTAAA,,1.0000,1.6147,7714,407
TGGAGAAGATTAATGG,G160W W210V I403V,1.0000,5.2990,7713,124
GCCATAATTCTCTAAT,S143K D401F,1.0000,6.1346,7705,107
TACGGACGATTAATCG,N74K,0.2551,0.2551,7704,2573
TTGGTACAATTCCCGT,H93G,1.0000,1.8128,7703,362
TCACGATGTCGTTAAA,R235L P466T,1.0000,18.2167,7698,36
GGTCACAAATGGTACT,F191I F233W R314K,0.1110,0.1110,7688,5903
CCAAGCAATGCTACAA,G34D G174R G243A P275Y S392N,1.0000,2.0395,7685,321
ATGCCTAAGGAAACCA,S111M Y217S,1.0000,59.5098,7684,11
TAACTCTTTGGGATAA,F157S,1.0000,2.9347,7682,223
AATGATTCACGAAAGC,I4H E17R E67S W210E S255W,1.0000,59.4634,7678,11
CTTATTCTTCAAATTA,G2L A177D W227S,1.0000,50.3020,7676,13
TGCATATACCAAAATA,A25F I201Y L259A,1.0000,6.9521,7671,94
GTCTCACGAAAATCCA,S60* M153S H179T L349*,1.0000,7.2583,7668,90
AACAAGAATGAACCTG,L133Q I252M,0.0789,0.0789,7666,8274
AAATGTGGCATGATTG,A152V W210L,0.0692,0.0692,7661,9437
TAATACACCTATTACC,,0.2650,0.2650,7661,2463
TACAAAATTTGGCTTG,T190N Y217H I334T,1.0000,9.4513,7655,69
GCGGGTTCATTAAAAA,T190S N395P,0.1287,0.1287,7642,5060
ACACGCAATTTCAAGC,K125A H230P N373L,0.7795,0.7795,7640,835
TGGCGTGAAACCAAAA,E67R L84P,1.0000,38.2859,7640,17
ATCGGACAAGATTATT,,0.1032,0.1032,7634,6303
GACAACTAAGCCAAAC,L68C,0.8402,0.8402,7634,774
GTATCCATGTTGGCAC,G2I,1.0000,11.8121,7626,55
GGCGCACAGCTGCATC,,0.5905,0.5905,7625,1100
GTGTGGGTGGCGACAA,H131N N319Q L394K T438Y,1.0000,32.4791,7625,20
GGCTAAACTAGGCCGC,N89C L290M,1.0000,40.5935,7624,16
TGGAAGAGAAAGACAA,Q3K,1.0000,43.2941,7623,15
ATTCCTGAAGATAATA,I254S,1.0000,1.7032,7617,381
CTGTAGCAATCAAAAT,,0.7941,0.7941,7616,817
TTTGTTTACCCCGTGT,N209P,0.2454,0.2454,7610,2642
GTCGAACTATTTATCA,V341G Q405I,1.0000,4.3753,7601,148
ATCCAGTTGAACTCAA,A123H I213L,0.4165,0.4165,7598,1554
TTTGTATTCCGTTGTC,L61* M359N,1.0000,26.9701,7598,24
TTATCTAACTGAGATG,R248F K481F,1.0000,2.3440,7594,276
AGCGTACAAGGGGACA,T70S M96V H471I,0.2811,0.2811,7585,2299
GCAAGCGTTAATGAAG,A25T,1.0000,1.2545,7584,515
CTGAGTCGGACGTCAA,,0.0346,0.0346,7580,18653
CATGAACACGTGTGTT,G277S S392* A407T P464R,1.0000,4.0359,7580,160
AAGTAATCGTGAACGC,M82S,1.0000,3.6666,7575,176
GGAGCAAAGATTGACT,E307V R325E,1.0000,1.6603,7562,388
GTAGCGGACTAATCAA,F117H M153Q L336Y,1.0000,32.2107,7562,20
AGAGCTGAAAAAGTCT,N390T,0.9021,0.9021,7561,714
AAGGCCCGACCTAGAA,,0.2607,0.2607,7559,2470
GCGAGTGCTAGACCAG,F140S N148L L220M R250S,1.0000,33.8657,7553,19
CAATAAACAACAATCA,E404F,1.0000,4.9444,7545,130
GCACTGCGATACATAG,Y253V K339P I443*,1.0000,35.7093,7545,18
CGAGAGCCCTTCAGTT,L168V,1.0000,1.2676,7544,507
AACCAAATACTACTCT,S135F C155W S169D L220T I252W,1.0000,5.2581,7530,122
ACAAATCAGGATAACA,K272T,0.7230,0.7230,7528,887
CTAAAGCCCCGAAACT,K425*,1.0000,58.2629,7523,11
GCCAACCTACTAAAAA,L280R D306A M332F R379P,1.0000,2.8106,7522,228
TTTAAACATTTGGTGC,,0.1563,0.1563,7521,4098
GTAAATTTGGTATAAC,Y241L D432R,1.0000,2.7146,7520,236
AATAAGTACCCTCGTG,F436L,0.3831,0.3831,7518,1672
CTGGCCAACAAAACAA,,0.9927,0.9927,7516,645
AGTATATTACATATTA,,0.2704,0.2704,7513,2367
AATTAAATGTGCAATC,N99A L105R G240*,1.0000,3.0616,7511,209
TAACAAGACACGTCTC,T397R L442C,0.1056,0.1056,7510,6057
ACGGACAGCGCAGAAA,W227C D401S H455L,1.0000,45.6198,7497,14
CAACCAAGGTAGTACA,S476Y,0.6830,0.6830,7496,935
GCACATGAAGGGACTA,N167E W196N S267Y H305R S462T,1.0000,1.0916,7496,585
GACCTCGATCGTACAT,G206L D401A,1.0000,33.5967,7493,19
TGTATCGGGCAGATTA,T40N,1.0000,1.1274,7490,566
ACCAGTTCAAAAACGC,,0.4475,0.4475,7485,1425
AAATGGTGACAAGAAT,C155* W210T N353*,1.0000,17.7079,7483,36
ATCATACATAGCAGGA,K352V L387K L479T,1.0000,1.1103,7481,574
GTTAAGCAATAAAAAC,Y62N N342W Y369F G424L,1.0000,3.7474,7478,170
CAATAGCTTTTTCGAT,N302Y Q416R,1.0000,37.4440,7472,17
CTCTATATCTTAACAT,K116Q N167Y,1.0000,1.1088,7471,574
ACTATTAATATTAAGT,S171D,0.0691,0.0691,7468,9203
AAATTCTCCTAATCAA,Y36T R207K C475K,1.0000,2.0197,7468,315
ATCCTCATTATAGACA,N90S N119I,1.0000,26.4838,7461,24
TCACCCATCTAATGGG,M332S P453H,1.0000,6.3391,7441,100
AAATTTTGATTAACAC,Q69G H141E D306A L326Q,1.0000,14.0830,7439,45
GTATTCATAAATATCT,I24R V47H Q165S A202F,1.0000,70.3773,7435,9
CAAATCCCTAAAAGCT,,0.2054,0.2054,7432,3082
ACCAATGGCGGTTCTA,C57Y T77R V187E H230L T274V,1.0000,9.5930,7432,66
ATCTTTATCGAGTTGC,S154L R257M L372T,1.0000,45.1756,7424,14
GCCCTATTACGTGACA,S246G,0.2043,0.2043,7423,3096
AGCAGACCAGTAGGGA,E104K,1.0000,1.8157,7417,348
CGTAGTTTTAATAGAT,N90E,0.1266,0.1266,7416,4992
AATGGTTCGTCTAAAT,Y166F R379W,1.0000,6.8542,7402,92
AATATACTGTACAAAT,L35V N373S,0.3142,0.3142,7392,2004
CCATAGTGAAAAAATA,S60D A173S,0.2388,0.2388,7390,2636
TTTCTAATTAAATAAT,N99T M134L S135Y N346L F446L,1.0000,39.3263,7386,16
TGGTCGAATAATCACA,G181E,0.1589,0.1589,7385,3960
GAAAAGGCTCAATAAT,N346H,1.0000,1.0382,7385,606
ATACCAAAAAAAATTG,,0.1703,0.1703,7383,3694
GTACAAGGCCGTCTAC,T81L M472K,1.0000,1.7801,7376,353
CAGACGTTGAGTATAT,A343Y H374W G473N,1.0000,29.9223,7376,21
ACGTAAGGAATGCGAG,M19D,1.0000,28.5506,7373,22
TTAGAAAGCGCCAACT,L52P S171I N302R,1.0000,34.8952,7373,18
AATAGATAAACATTAG,K88F L430E,1.0000,2.7176,7369,231
AGTGTTGCATCTAAGC,D156H,1.0000,1.2706,7368,494
ACATAGGTAAGTTAGT,C231K,1.0000,29.8656,7362,21
ATCGATAGCATTTAGA,T190L K304F L326P,1.0000,48.2444,7362,13
TCTCATGATGCAATAA,N99H T296F,0.2800,0.2800,7357,2238
TCAACATTACGCGGCC,L23N K125H K339T E413*,1.0000,3.2137,7356,195
GCCGATAGTAAGTAGC,,0.1128,0.1128,7352,5554
AAAGACAACCATAAGA,S255T D311S D408E,1.0000,3.3315,7352,188
GATTGTGTCAAATTTT,I21N N167L M194K Y241R T274R E303S M420S,1.0000,48.1788,7352,13
AGCATGACATCAAGAA,T101F A173R R207L G378W,1.0000,3.7271,7350,168
ACCTAAAAGGCCTTTA,N74D I112N G160D A288V,1.0000,3.2219,7337,194
GACTACTAGAGTTTCT,S154T S237F,1.0000,52.0872,7337,12
CACTCGATTAACTAAG,C41T E228N,1.0000,1.1404,7336,548
GCGACAAGTCAACCAA,,1.0000,1.0752,7333,581
ATACACGTAAAGCCTG,S439L,1.0000,1.6351,7332,382
GTTCATTGGAGCGCAC,I15S,1.0000,1.7585,7328,355
GCTAGTAATAGAAACA,S85M Y172T I213V K352G,1.0000,2.1011,7325,297
ATAGCAAGGAACGATC,P12K H374G Y480D,1.0000,44.5732,7325,14
AGCATCATGGGTCGCG,H131K A152Y,0.3170,0.3170,7313,1965
ACAACACCCGCAGTAG,D347V,1.0000,38.8950,7305,16
TTGCATAAAATATCCT,M19F L71K D204N N353A I403N,1.0000,44.4271,7301,14
GGCCGTCAGATTATTG,N158F K339L N390L,1.0000,2.9189,7298,213
TGTTTACATGCTAGAA,G198P N209S W264L,1.0000,3.7680,7298,165
GCCTAAAAACCAACGT,G208N Q218S,0.9169,0.9169,7297,678
CGAAAACAGAAAAAAT,W210V Y241F,0.1366,0.1366,7296,4550
GTTAAGAACAAGATGA,I136V S205Y,0.0492,0.0492,7287,12621
CAAATGAAATACTAAC,,0.4214,0.4214,7287,1473
TTGACCTTAAGATAAG,F147Y R193S,0.2728,0.2728,7286,2275
ATAGACTATAAAAGAA,T40L I144S,1.0000,41.3745,7285,15
AAATTAGATCTTACAC,K88F K291V,0.3687,0.3687,7279,1682
GATGACCAAAGTAGGT,A343S,0.1093,0.1093,7278,5675
TCCCCCTCCGAATACT,C53M Y150L N390K,0.2761,0.2761,7277,2245
ACTATGTCGAACTTAA,N20E N89T,1.0000,5.6342,7275,110
GACACTGGCCGACCAA,N209E,0.0644,0.0644,7273,9625
GCTCTCAGGGCGTCAC,S462M,0.2626,0.2626,7272,2359
AGCAACATAAAATTCG,L46Q,1.0000,5.3870,7272,115
AGAGGACCCAGTCTTC,P238S W264D,1.0000,19.9842,7272,31
GACAATGAACGTTTTG,L394C,1.0000,4.2120,7268,147
CTAAAACGCCAATAAG,N79L L133I V187* C364E,1.0000,22.9227,7265,27
TACGCTTGAACCAACG,V14E R248S,1.0000,47.5497,7256,13
GACCCGAAGTTTTTAT,M134Q G277T,1.0000,25.6851,7236,24
GAACGTACATGTTAGC,L78R,1.0000,36.2563,7235,17
AGAGTTATAAAATCAT,S27A S199V T380R N409D,1.0000,61.5931,7230,10
ATTTTGGACAGGCCTA,,0.1191,0.1191,7226,5167
AACACCAGATAGCGAA,D130A Q482V,0.3776,0.3776,7224,1630
GGGCGACGGCGGCCAG,,0.3144,0.3144,7223,1957
ACCGGATAGTATAAAG,E100D T380N,1.0000,2.2052,7222,279
TATAACAAGAATAAAA,E16R Y253W I350M,1.0000,4.1559,7220,148
GGAAACGTAGAATAAA,V5G G64Q Y278G,1.0000,102.5133,7220,6
ACAGAAGAGTATTAAA,M75I M192T,1.0000,4.5863,7214,134
ACAAGACGGATACCCC,M332P I361S,1.0000,16.6100,7214,37
AATGCGATCAGAGTTA,T58Q N119S Q247K,1.0000,10.4034,7205,59
CAATATCATTAAATAT,E67M F157M,0.1835,0.1835,7201,3343
AAAAGCATTCACGCGC,W264V C364A K481N,1.0000,2.0429,7194,300
AATCACTTATAAATGG,F233I A297Q C364P,1.0000,21.8819,7192,28
CGCCTACGACGGATCA,,0.4069,0.4069,7189,1505
TCGACTTAACGGACGC,T59Y N365R,1.0000,55.6607,7187,11
GCTACCATTGACGACA,A173F Q324G,1.0000,6.6542,7186,92
TACATGCACCTTGGAA,T139M N167H,0.0182,0.0182,7181,33611
TTATCGCAAATATTCA,V47G D306G N342C,0.9023,0.9023,7181,678
TCATATCGTTCATATA,I21D T106V Q335T T426V,1.0000,20.3919,7181,30
GCTAACCAAACCGTAC,A184I,0.1294,0.1294,7179,4725
CTTAGCCAGAATTCAC,T182N N395A D401R,0.4024,0.4024,7179,1520
CAAATGGAAAATTCAC,E76R D273P,0.2485,0.2485,7178,2461
GTAAAAGACTGCGCAT,T108F T265R,1.0000,21.8150,7170,28
GCTAACTATCCTTAAG,C41F L46T D211K T296H R491M,1.0000,3.4691,7167,176
TGCTTTAATGTCTTCT,G98S N342M,0.4416,0.4416,7164,1382
CGAACTGGTCCCTTGA,K116V,0.9489,0.9489,7162,643
CTGGATCGGTACCACC,V5L S205V K272N Q331P,1.0000,67.7837,7161,9
TCATAACAAGTAGGTC,R250L S367T,0.0429,0.0429,7153,14201
GTCGATACCACACGTA,Q232F E404A,1.0000,1.3752,7151,443
ATCCATAAAAACTCTA,I15R,1.0000,40.5623,7142,15
GTGTTCACCCGTTTAA,K125R E151N,0.2315,0.2315,7140,2627
GAACTAATTTTACCTT,S392E I452L,0.3694,0.3694,7120,1642
AGAGAGCAGCACTGCC,K490S,0.0755,0.0755,7110,8024
AGGACGAAAAAAGATT,G240C,1.0000,3.3636,7107,180
ATCTGAAAACACTGTG,N167F,1.0000,2.8686,7105,211
CCCTCTGACTAAAGAC,,0.3046,0.3046,7104,1987
ACTATACAAAGGACTA,I137F V341A L433M K465S,1.0000,5.4005,7100,112
GGCGGACACCCCACCC,W210E A297S,1.0000,54.9327,7093,11
CGTAAGCAATACATCA,M351P,1.0000,4.8327,7091,125
CATCTCCTTGAGATAT,M82A,1.0000,1.6919,7090,357
AAATCCGGCGCGATTG,A297H,1.0000,3.7284,7090,162
AACGAGGTATATTATA,K88L Y363M,1.0000,5.1588,7085,117
CTGTCTGAGATTATTT,L32H E72A V431Y,1.0000,27.4238,7082,22
AAGAACTCTAAGTCGA,F117S,0.1643,0.1643,7079,3670
GGAAGAACTAAGAGCG,D156M,0.0521,0.0521,7077,11566
CTCCTATTTCTCCTTA,N90T,0.1396,0.1396,7076,4319
AGCAATGCCCTTTACT,G2A I239A P362R V450N R468H,1.0000,37.6704,7075,16
ATGTGGGGAGCACCAT,,0.0602,0.0602,7073,10002
TGGTACTTGCGGCGTG,,1.0000,2.5947,7066,232
GGATCGATGCCGTGAA,F434I,1.0000,23.1490,7065,26
GTGAAGACGTCTATCC,V18T C86G,1.0000,19.4126,7064,31
CAACTTTAATTGGCTA,L68R A407T N409H M472L,1.0000,4.3870,7055,137
CAAATATCAAACACTT,Q149K T377I,0.2271,0.2271,7052,2645
ACACAGTCATGCTTAA,G98S,0.1111,0.1111,7051,5407
ACCCATTTCGAAAAAT,,0.1743,0.1743,7044,3442
CGAGTACCGAGAACCA,D401F,0.2362,0.2362,7044,2541
TCGATCCACCCAGTTT,M284T E404N V485Y,1.0000,2.6670,7044,225
GTCTCTTACTAAGGCT,K88V V435Y,1.0000,1.7617,7031,340
AGCTCGGCCTAGCGCC,G208E N319C,0.3363,0.3363,7027,1780
GTTCATTAAAAAAAGT,Q3A E10Y S163D A176S,0.5388,0.5388,7026,1111
CCTAATGAAATTGAGA,D175S A184L M194* N209S E418V,1.0000,28.5025,7026,21
GTCGAAACACCGTAAT,,0.5566,0.5566,7023,1075
TAAATCAGCCTGACCC,D251W T281I,0.4009,0.4009,7022,1492
CGTATATGATTGATGC,F7M S111R F157L W196*,1.0000,37.3776,7020,16
GCAGCGGGTACATATA,,0.0900,0.0900,7014,6637
TGGTGCTTATAGACCT,L442I,0.3545,0.3545,7011,1685
TCCTGGATGGGAGACA,L120M D273P,0.7119,0.7119,7011,839
CTGCGTCAATACTGAA,T77I L336* V341T,1.0000,33.1819,7011,18
CATACAGAATATTTAA,,0.0748,0.0748,7010,7985
CAAATTGACTGTGGAG,E76C G208*,1.0000,8.3931,6995,71
ACTTAAGAGGCTAGAC,,1.0000,1.5472,6992,385
CAATACACAAGAAGCC,T59R G240T L479I,0.6009,0.6009,6990,991
CAAGCACAGAATGCTC,Y66S Q232L D401E W489K,1.0000,1.6587,6990,359
GAGAAATCCTGAAGAG,H13C D156S G197I,0.9930,0.9930,6982,599
TAATTTTGATGTCGAA,,0.4150,0.4150,6981,1433
GTAAAGTTGAGTGGCC,,0.2118,0.2118,6976,2806
AGTTCCAATTTTGAAT,V47H N209Y,1.0000,2.4762,6976,240
TTCACACGAATCTCGA,,0.6348,0.6348,6945,932
TGTCGTTAGACACAAG,K125Y S171V,0.2305,0.2305,6933,2562
CTGGAATGTACGTCGG,V435C,0.1395,0.1395,6915,4222
TGCGAGCCAATTTGCC,,0.5974,0.5974,6914,986
CTTCGAGATCAATCAG,L449Y,0.8379,0.8379,6914,703
GCCCCTCAATACTGAA,N37S T261W I334H E404S,1.0000,2.0535,6894,286
TATGCCAGTATGAGAC,S60K T376P,0.6619,0.6619,6892,887
GACCATGGATCAATAT,,1.0000,5.6431,6889,104
AACCTACTCAGTAAAC,I162* T274I,1.0000,6.8242,6889,86
GATGCATAAACTCACT,A173V,0.2522,0.2522,6881,2324
TTGGACATCAAAAAAC,Q223S,0.0382,0.0382,6879,15334
TTCAATAGATTGCATG,V22R S135P T182L R248W Q335L I345T Y371R F434S,1.0000,6.7340,6877,87
GTTGATTAAATAATCA,N89C,1.0000,20.9235,6877,28
ATAAAGCAGCCACGGC,D204V K384Q V435A K488N,1.0000,1.0628,6874,551
ACAAAGTGCCCTACAA,K126C G197I,0.7030,0.7030,6866,832
TGACATTCCTTCCCTG,A25V L258P V487R,1.0000,32.4815,6863,18
GCCGAACCTGCTACTG,K125D,0.1735,0.1735,6862,3370
ATAATTTAAACAGCAA,N74*,1.0000,5.3623,6861,109
CTATTACACAACCTCA,,0.2158,0.2158,6854,2706
GTTGCACTAGACGGCT,Y62F,0.7623,0.7623,6854,766
TTTATATAACGGGAGT,G208S E404D,0.7953,0.7953,6852,734
CAAGTCCCACTCTCCG,R193V Y241L,1.0000,9.3875,6832,62
ATCCCGCATGCACCAC,N338F,0.0890,0.0890,6831,6538
CGAAATAGGACCGCCC,S171F Y241L,1.0000,1.8894,6831,308
CCTACTACGCTAAAGG,K116M G206R,0.0796,0.0796,6828,7304
GGAGTCAATATGTACT,,1.0000,1.3170,6802,440
TACTTATAGCAGAAGG,G2L G198H,1.0000,3.5328,6801,164
CAAACAGCTGAGCGAA,T397F,0.2664,0.2664,6786,2170
TACTAGGGCACCAATA,Y200K N390L L394S H467Q,1.0000,4.6973,6782,123
CGTTATAACTACTAAC,E308A N373A,1.0000,2.4132,6770,239
TCTGATCCGACGAAAA,V183K I201S,0.2105,0.2105,6759,2735
TCAGCCTTACCGCATT,E67K E228Q Q232G,0.0416,0.0416,6755,13849
ACTGAACGTTTAGAAC,,0.2811,0.2811,6752,2046
AGGCTATTCAAAATTC,D402F,1.0000,3.4620,6746,166
TTCGAGAGATCAATTC,D402L,0.1271,0.1271,6742,4520
GACGATTTTGAAGGAA,L107G,1.0000,2.4195,6731,237
GACAGTGTGAACCAGC,G64P E404L,1.0000,1.7505,6719,327
CAATCACACGACAAAA,D408P,1.0000,16.3396,6713,35
GTCAGTCTATATTCAT,N148L,1.0000,1.0844,6708,527
ATTTAAAGGGGCCGTT,M75R Q165R,1.0000,1.6052,6708,356
CAACGCAAAGCCAAAA,N114S I252H,0.0226,0.0226,6701,25253
GCACCGAGCGGAATTT,L32V D401I,1.0000,3.8817,6698,147
ATATCTGATACTATTA,M134I N470T,0.4054,0.4054,6696,1407
TACAAAATAAACGTAC,K88* N342G M410Q,1.0000,47.5295,6695,12
GCAATAAATAGTCAAT,S199L D347R,1.0000,5.1804,6689,110
CCGCAACCGATTATAT,G64F K425N,1.0000,56.9587,6686,10
GTTCGAGAACCTGCCG,V97S T274I S389W,0.5611,0.5611,6678,1014
AAATTATTTACAATTT,Y150N A177T L258T,1.0000,1.0950,6671,519
AGCTATATTATGGTAT,,0.2599,0.2599,6666,2185
AAATAGAAGTACAAAA,C231P,1.0000,29.8707,6662,19
TATGTTCTACACATGT,H170Q,0.0892,0.0892,6660,6358
CCCTAAAAACGAAACT,N127K I411R,1.0000,31.5207,6660,18
ACAAGACAAAAACAAC,T87G N209D D401T,0.5316,0.5316,6658,1067
GAAGTAAATGAGTCAA,V164K L242I,0.8334,0.8334,6652,680
CATAACTGAGCAAAGT,W370S,1.0000,1.9805,6649,286
CATATTACCTAAATAG,,1.0000,1.2495,6644,453
CCAAACTATATAAGCA,R207S,0.2245,0.2245,6640,2520
CACGACTCGTAGTTGA,A195L,0.6906,0.6906,6639,819
CAGCGTTTCTGCAATC,,0.1698,0.1698,6638,3331
CAATTTACCAAAGGCT,R248C N365H,1.0000,4.4440,6625,127
TACAAGTAATATCTAT,,0.9084,0.9084,6622,621
TTAAGAAATCAAACAC,E10T Y129M,0.5876,0.5876,6615,959
TTTTGATGGCTTAAGG,,1.0000,8.8040,6614,64
GTGTTCGGCACCCTTT,E396W,1.0000,1.7655,6611,319
CGTAGGTTAAGACTTT,M19I S135H C301A R325W,1.0000,10.8275,6609,52
CGCTACATATTGATAA,L26F,0.0968,0.0968,6601,5811
GGCCAATTCGTCGACG,T87H A176P M420T,1.0000,4.4624,6600,126
GCAGACTTGATACCTA,,0.0345,0.0345,6599,16291
AACTCTAATAGGCCTC,K33L E100L L220* N353T,1.0000,35.0774,6588,16
GTATGGTTCGAGGCAC,S234D,1.0000,1.5845,6584,354
ACTAAACATAAATGTT,L50Y T106N R314G,1.0000,5.4324,6568,103
CGCCAGGGCATCTCAG,S143V C279I M359T F446K,1.0000,37.3023,6568,15
AATTTAAGACTACCGT,S60* S199T,1.0000,16.9246,6556,33
AACCTTGAGGTAAACA,,0.2311,0.2311,6552,2415
GGGCCTGAAGATTAAG,L78I I239V,1.0000,30.9717,6544,18
TTGATCACTTAACCCA,G174W L479K,0.1787,0.1787,6541,3118
ATTCATGAGCCCTCCA,S234V,0.2116,0.2116,6541,2633
CCGTCATATTGTCAGA,D401R,1.0000,3.3143,6536,168
GGAGTCTGCTGTTGTG,Y200H T426L V435D,1.0000,4.8396,6533,115
ACCAGGAACAAACACT,M284L M420*,1.0000,20.6131,6533,27
GTCCATGGTTAGCCGA,L46P S138D G294W,0.1750,0.1750,6529,3179
CTTCAAAAGGTTTCGC,L107N V388L,1.0000,29.1757,6507,19
AAGGTTAAATCTTCCG,M214I L259M A330H T375L L447T,1.0000,1.0418,6506,532
GAGACAAAGTGATGCG,S91W,1.0000,42.5890,6499,13
TGTCCCAAAGTTTATC,A25Q E76V M82*,1.0000,55.3316,6495,10
GCGTGTTATATCGAAC,F436I,0.2686,0.2686,6493,2059
AAATATTGAATCATCT,V5F T249S D401Y,0.7172,0.7172,6491,771
ATTCAACATTCAAAAT,,0.0551,0.0551,6489,10024
GAGGCAAATTATACCA,A123C F157D Y366I T376V S462I,1.0000,2.6701,6488,207
ATTTATGACTTCCATG,E270P,1.0000,2.1665,6485,255
GAGTTTTTAGAACCAC,G260R F316L,1.0000,1.6179,6476,341
GCAGAATAGTATTTCG,R250L,0.0625,0.0625,6470,8819
AAAATTAAACACTTAT,,0.6708,0.6708,6465,821
TTGTCAGAGTTGTTTA,A25T I162F,0.0463,0.0463,6445,11864
TGCTAGTGGAAGCCGG,,0.2205,0.2205,6445,2490
CTTGAAGCGCGGATGA,N178S Q232R Y371S V388K,1.0000,2.3546,6440,233
AAAAAGAAAGGAATAA,A39T T108R,0.7296,0.7296,6432,751
TAGGAACTGAATAGAA,,0.1072,0.1072,6420,5100
TCTGGCTCAAAACTGT,S91W K339L,1.0000,27.3463,6420,20
GCTCTTTGTCGCACAA,N90L L133I I144R Y200D I403W L430G M472L,1.0000,49.6741,6414,11
GAAACAATCATTTACA,S267W,0.3166,0.3166,6407,1724
CAAAGATACAAGGAGA,V44M E151Y I403L,1.0000,27.2910,6407,20
CCCAAACCATAGACTT,,0.1038,0.1038,6400,5254
ATTATAAAATATATAA,,0.1473,0.1473,6400,3701
AGTAATCCAATAAACA,Y129V E308Q R379S,1.0000,41.9271,6398,13
ATTTACTCTAACACTA,T40I G240E W283R,1.0000,49.4805,6389,11
CCAACCAACGTGTAAT,R207S,0.2258,0.2258,6379,2407
TACCACACATAATGGA,A340L F434S,1.0000,1.3584,6378,400
CAATCAGTAAACAACT,H131T D251F Q416I,1.0000,1.3344,6375,407
GAATTATCCAATACTC,R314V H448Y,1.0000,49.3721,6375,11
AAGCCCCCCCTAAATT,Y217G S462F,0.9493,0.9493,6374,572
AAATCCTCAACCACAC,T281S,0.0362,0.0362,6369,15009
ATGACTGGTACGTGAA,N99P A173P,0.6733,0.6733,6362,805
AATTGAGTTCGACATG,L313P,1.0000,38.7011,6360,14
GTAGAACAGTCTGCAT,H374Q D401G,0.2489,0.2489,6354,2175
CAACATAGTTTAACTA,S163E E418V C475M,1.0000,60.0124,6340,9
ATATAAACATAAAGTA,,0.1100,0.1100,6337,4908
TGGAATAATCATAGCC,N185E S269R,0.2000,0.2000,6335,2699
TCTTATCACGAAATCA,T48K A288P L447N,1.0000,6.2724,6332,86
CAAGATGTATTGAGAA,,0.9173,0.9173,6331,588
CTTTTTTACTTCAGCT,M75L M134V,0.6382,0.6382,6323,844
CCAAAAAGGCTAATAA,F38S,0.4051,0.4051,6319,1329
TCAGCAGGTCAAAAAT,C118I D273I C279D,1.0000,28.3328,6319,19
AAGAATAAGATTATAC,,0.1894,0.1894,6318,2842
GCACAAGCAAGAGTAT,K272E,0.0366,0.0366,6315,14703
GGCAAAGAACATCCCT,T182Y,1.0000,1.2941,6304,415
GCTAAACTAATAACTA,,0.2752,0.2752,6302,1951
GACGTAGCGAGAGCAT,H398K,1.0000,3.2932,6301,163
GACATACTAGAATTAA,,0.9259,0.9259,6293,579
AGTTAGCTTTGATTCG,R257L F262L N409P,1.0000,28.2072,6291,19
GTATAAATGCAAATAT,K88S,0.7048,0.7048,6288,760
GGGCCGGGATATTACA,I136C,0.2613,0.2613,6285,2049
GTCTAAGAAATGCACG,Y200T W210R,1.0000,3.0552,6276,175
CATAGAAGACATAAGT,M1G E308L L344I T376R S389R S437M,1.0000,22.2775,6276,24
AAAAAACGCGAATGGG,N158I,0.2705,0.2705,6259,1971
ATCGCAGCCGATAAAA,K461S,1.0000,9.6777,6248,55
TTATTACTTGTATACA,F7Q K125W W264N,1.0000,31.2952,6245,17
AAATTGATGTACACGG,S135* N319F,1.0000,27.9382,6231,19
ACAAAGCAGGCAAACT,G2S G64D E67K T215Q A328C M351L,1.0000,5.6271,6209,94
AAAATAGCGCGAATTC,I4M A152K L280R,1.0000,6.2189,6205,85
TCCAGATCAACGCAGT,T376A,0.2387,0.2387,6199,2212
CAATCAGCTGATTAAA,,0.1410,0.1410,6198,3744
CTTGTATATAACTCAA,K116L V431Y,1.0000,1.1084,6193,476
CAGAACAAATCATAAG,I144S S246R T296A V388F S392G,1.0000,6.5124,6192,81
AATATACTTAATAAGA,C477D,1.0000,5.7310,6189,92
AAATAAATTTACAGCT,Q232H G378N,0.8079,0.8079,6183,652
TAACATACTTTCCCTA,Q189D V485K,0.2386,0.2386,6181,2207
GGAGAAGCGTGCTATT,T101V N109M K352H,1.0000,52.6481,6180,10
ATAAACGAAAATACAT,N302G M312P I452S S476Q,1.0000,52.5714,6171,10
TCAGTACCTCTACATG,S392G,1.0000,1.8837,6169,279
ATCCAGCTTCATTACA,,0.0700,0.0700,6143,7471
AAATTGGCAGTTAGGT,P483N,1.0000,2.2849,6142,229
GCCCACTTTCGGAATA,L35A L46Y,0.1051,0.1051,6138,4975
CTAGCACACAAATAAT,,0.7372,0.7372,6135,709
ATAGCTATGCCAAAAT,L50P Y253T I458K,1.0000,26.0259,6110,20
GTCCATGAGCTTTCGT,G460*,0.3112,0.3112,6108,1672
TAAAATCAACCGACTA,N127E,0.0722,0.0722,6107,7205
CGTCATATATGACTAC,,0.1439,0.1439,6106,3616
GTCCATGGGCCCGACT,D156I G160N,0.4620,0.4620,6106,1126
CTATGTATACAAAATA,T87D I458A,1.0000,24.7703,6106,21
GTTGCAGTGAGCAGTC,L78A T182P,1.0000,28.8987,6106,18
CCATCGTTCGTGCGCG,S56T C180D K417T,1.0000,2.1831,6099,238
GTCGACAAGATAATGA,T375L F440G,1.0000,7.0098,6089,74
CCCGACTTGTCAGGAA,,0.2573,0.2573,6083,2014
CGTGCAATTAGCGAGA,L105Q T190K,1.0000,4.7535,6082,109
CCCAATCTAACAAACG,M312P,1.0000,6.4692,6075,80
GAAATAAGTAGCAAAA,M1I W196* R248K W264* W283* G294R,1.0000,13.6194,6075,38
TATGAGCTAAGTTAAA,T40S S60E E289T L442Q,1.0000,15.6700,6070,33
GTCCTGAAATGGTTGG,S169C,1.0000,17.7873,6055,29
AACACTCTACATAAAC,Q223D Q232K,1.0000,1.4206,6053,363
TAGGTGACCAAAAAGG,,0.2348,0.2348,6050,2195
CTAACCGTACTATCAT,S171N G181E R207E A343S,0.0765,0.0765,6049,6735
AAAGGGCCCTTAAGAT,N99* T225F F262S,1.0000,46.8396,6048,11
GTTACCCTTTGCCAAT,,0.2834,0.2834,6045,1817
GAGATACAACAGATAT,M1G L61C G102S K161V,1.0000,28.5201,6026,18
TATTTGGCCCGTGAGA,,1.0000,1.6878,6023,304
TGCAGTAGCTTTGAGA,,0.8145,0.8145,6014,629
AAGAAAGCAAACCGAC,,1.0000,1.3554,6014,378
ACCCATGCTCTGCCTA,L142W E303T,0.0118,0.0118,6007,43548
AAGTACCGCTTGTAAA,,0.2012,0.2012,6000,2541
ATTCACACATGAAAAA,,0.3264,0.3264,5989,1563
TATGTGAGATGAAACC,Q69M,0.6280,0.6280,5964,809
ATTTGTTAAGATAAAA,N109D D229H Q247K L290P,1.0000,26.7321,5962,19
TCAGTAGGTGTAAATT,G174D G260R,0.1309,0.1309,5961,3878
CTATGAGCATTCCACC,V47L K88W S121T A343V,0.3364,0.3364,5959,1509
ATAAACCATCGACAAC,H124N R235D S255T K339T Y480M,1.0000,24.1496,5953,21
GCGTTGGTCCCTAAAT,H170F,0.5521,0.5521,5949,918
GCATAATAAACGAATT,,0.6775,0.6775,5941,747
GTCTTATAAGCTTACA,,0.0608,0.0608,5931,8316
GTGCCAACTTACCCTT,S60F G276Q,0.0483,0.0483,5929,10452
CCCTAGAAAGATCTCC,,0.2236,0.2236,5927,2258
CAAAACTCAAAAATAA,N109M G186Y K327N,1.0000,3.1925,5921,158
GATTAGCCCATCGGCG,I337W,1.0000,1.6094,5913,313
GAAAAAGTAATGTAAA,W210A L394I R491K,0.1278,0.1278,5905,3936
AATTTAAACACTAGCC,S199V,0.1202,0.1202,5897,4179
AGTTCAAATACAAAGT,L52T G240T,1.0000,45.6469,5894,11
AAAACAAAAATGCACT,N178T,0.0762,0.0762,5880,6573
GACCCTGATACTGATT,C53S D156N K161G,0.5576,0.5576,5878,898
CCTAGAATGCCTAACA,K465D,1.0000,27.8054,5875,18
AGTAAGAAACATACTA,E76H G160R S171D,1.0000,1.8128,5873,276
TGCGAACAATTAGTTG,T261V D311T D408M,1.0000,31.2545,5870,16
TAACGATTGTAGTTAG,T48S S143Y,1.0000,1.5547,5858,321
AATCGTAAATTGACAA,N37V N90G,1.0000,5.8682,5855,85
GGTAAAAGTGGCAGGA,G64W D306L,1.0000,1.0219,5854,488
AAATCGCTACCTAGTA,I137E Q149L G174S,1.0000,35.6038,5851,14
TTAGACTCGAAAACGG,,0.2375,0.2375,5847,2097
ACTTTCACAAAATATG,I254L,0.0362,0.0362,5841,13761
GTCTCAAATAAGCCAT,S60Y D130K S267F,1.0000,1.5215,5840,327
GACCGATCAGCTCTTA,S85Q W370L,1.0000,38.2115,5831,13
CCCATACTATGTTAAG,T58H G174M Q324R,0.0733,0.0733,5829,6772
ATCATTAATGATTTAC,G2F F157S N224T,1.0000,38.1722,5825,13
ATGCGAACAGTCTAAA,E16Q,0.9882,0.9882,5823,502
GAAATCGTTGAAAAAC,L103N,1.0000,7.3913,5813,67
AGTCCTGTGATTTACT,K126S S135Y N209S,0.1769,0.1769,5812,2799
AACGTCATAAACAGCG,F7L S135F S171Y G186S,0.5626,0.5626,5812,880
TCCCACGTTCTACATA,,1.0000,5.6912,5812,87
CCAAACTAATCCTTCG,L52V T426L,1.0000,6.1764,5800,80
AACGAACACGAGAATA,E104T,0.4622,0.4622,5795,1068
TACACCTTAAACAACC,I137L V164F,0.1177,0.1177,5793,4192
TTAAAAAAAAATCCGA,L336Q D401S,1.0000,5.2429,5785,94
GTCATTTGAACAAACC,I337H,1.0000,6.6530,5779,74
GTCATTAAAATCAAAT,K339E,0.0548,0.0548,5774,8968
GTTAGCAACGGGAACC,G45N N99Y S121R S437N,1.0000,44.7176,5774,11
GATGTTTTGAGACAGC,H179Y Q324T,1.0000,1.4843,5767,331
CGAAAGACCGATAGAA,A39L D251V,0.7857,0.7857,5764,625
AAATTCTGTAAGTTTA,I254T W264L,1.0000,1.4270,5762,344
ATTTTGTGATAACTAT,Q218R,0.4243,0.4243,5752,1155
GAGCACAACTATTTTT,S169K V435Q,1.0000,1.0533,5749,465
CCGAGACCATAAAGAA,L120K D130F,0.2984,0.2984,5747,1641
TCCTTGTACTCCCCAC,D311C A343P,1.0000,2.3195,5745,211
CAACAAAAGATACTCA,N119E,0.0517,0.0517,5735,9452
AGTGCTAGCCTTCTAC,S111G Y172I C477V,1.0000,28.7194,5731,17
ACATTATGTAGCTAGT,K339L,0.2906,0.2906,5723,1678
GGTTCTTGACCAACAG,,0.5552,0.5552,5715,877
GTACTCAGTACAACGT,D156V V183A D268R I334L,1.0000,48.6867,5715,10
AAAGTGATGATACACC,S138A R193V I334T,1.0000,1.0328,5710,471
CACCGACATCCTAAAG,I21L K384L,0.9491,0.9491,5704,512
AGAAGTCACGGACCGT,K126D V187L V431R L442V,1.0000,44.1057,5695,11
AATAAATTAGATATCT,F8I Q149Y G160F L313M L449E P466S,1.0000,37.2809,5689,13
CAATCAGTAAACACTA,Y62L N185H L259*,1.0000,40.3806,5688,12
AACCGTTCAGTATAAA,T48I H92L,0.3787,0.3787,5650,1271
GCATGAGATAATTACA,H124N L394F,1.0000,3.6966,5641,130
TCGAATAGGTTGACCG,N74Q R207L,1.0000,1.2133,5640,396
ATAATTCACTGGTGCT,K368P,1.0000,26.6932,5640,18
AACCAAGTAAACGGTA,I4F E413P,1.0000,40.0114,5636,12
TACACTAAGCAATGAA,G2Y D401S,1.0000,29.9713,5629,16
ACTCGGCGAAGAGAGG,Y66R S138N H170Y,1.0000,7.9810,5621,60
AAGAGGCAAACCTAGT,G208Q Q223G Y241S K339A C477M,1.0000,25.1897,5618,19
GAGCTCCCACAAGCAT,A123T I144A T261S,1.0000,1.6438,5615,291
GAACCGATAATACTAA,G174Y S476W,0.2254,0.2254,5608,2120
CCAAATCAAGGCTAAA,G181R D408N,0.2119,0.2119,5601,2252
GATGATAATAATCCGG,,0.5017,0.5017,5601,951
TGTTAACTTGATTAAT,Y166F,0.8146,0.8146,5584,584
CCGTGATGATCTCAAT,S381Y,1.0000,12.5007,5576,38
AAAGGTGTTTCAGACA,S169L Y253R,1.0000,2.7419,5568,173
TTCTGTCCAAGAGCCA,C180F E228V I252P V459C,1.0000,79.0005,5564,6
CAAAATTCCTTTAATG,V47L S85H D156G L258D,1.0000,59.1120,5551,8
AATCTATCGGTAAACA,L73D A184T W489*,1.0000,4.8524,5525,97
GAGGGTTATTTTATGG,Y366F D401I,1.0000,1.3097,5519,359
GAAAGTCGCTGACCAA,Y278A,1.0000,11.7180,5502,40
GTTCGCCCCAGTAAAA,D401I,0.2432,0.2432,5479,1919
TTACACACCAAGCCGG,Q247E,0.1010,0.1010,5469,4614
TATAATTCACTAAGTA,,0.1796,0.1796,5449,2584
ACACGTCTTAATTATA,S154T,0.3306,0.3306,5444,1403
GTACAATTATATTATG,D402V,0.1443,0.1443,5440,3212
CGAGAATTGTTCGAGT,F309T T380F,1.0000,38.6058,5438,12
TGCACGCGTTACTGGT,,0.3461,0.3461,5400,1329
ATACTTCGTGACTTAA,C86S K488L,1.0000,28.6615,5383,16
GCCAAGTCCAAAGAAA,E16D N79T K339A P483K,1.0000,4.9237,5375,93
ACGTTCCTCTGAATCT,G2C A328F V459C K481H,1.0000,6.6079,5352,69
ATATCCGCAAATAGGA,G208E R314Q,1.0000,4.8432,5344,94
TTAGAGGGTCACACTA,C155K T281L K291M,1.0000,28.4432,5342,16
ACGGCCGTTGTAGTAT,Y166H C231G,1.0000,90.8648,5333,5
AAATAGGCGCTTTTGA,G160D S169K N395S,0.2051,0.2051,5323,2211
AGATTGCCGTGTAGAA,G42D V44L H305I,1.0000,45.3302,5321,10
TAGAATCAATGACATG,Y219Q T261G M420F R422K,1.0000,21.5777,5319,21
AACAAGAACAGAGACA,L50K M75Q P383H Q416W,1.0000,2.9201,5313,155
ACGGAAAGACGAAATT,I15V,0.2257,0.2257,5312,2005
GGACATAACCAATAGA,A132S K425L K461Q,0.1415,0.1415,5297,3188
AAAATGGAGAATCGAT,Q149F E228L,0.1904,0.1904,5290,2367
CAAAATAATCTCAAAA,,1.0000,2.9621,5285,152
CGATATTTGCAATATT,E10V L35R Y200R K481T,0.5463,0.5463,5265,821
ATACCGTGTCGTCTTA,V47L Q149W D229G S389T,0.3402,0.3402,5244,1313
TGACACAAAGTTCAAC,D122T,0.0402,0.0402,5238,11107
CTTTCAAAAACAGGAT,L46P K126R Q331L,1.0000,5.0689,5236,88
AATACCGTCCACGTTA,A132I E151V Q348E,0.3296,0.3296,5235,1353
TTTCACGAACTAAATC,S169L,0.8424,0.8424,5231,529
TCTGGCTTACTCAAGA,I162C Q416Y,1.0000,13.1069,5231,34
CCTGAGTAAGCCTGCG,T101I S199I I252P,1.0000,1.2073,5201,367
GTAATATAAAGACATA,N148Y G478S,1.0000,3.0231,5181,146
TATTAACTAGTATATC,L46* T70R N178K I452L,1.0000,5.0468,5154,87
TAGCGATATCGATATT,S111W N470R S476G,1.0000,2.0312,5150,216
CCAATTCCCAGATTGC,E10I I15S K88D S171D H398V Q405L,1.0000,21.8345,5126,20
AACCATAATCCGACCA,H131T L290P,1.0000,16.7564,5114,26
GTCAATTACGTTTTTC,M19V,0.4422,0.4422,5108,984
CACTAGGTAAACTACC,F38L,0.3653,0.3653,5107,1191
TGATTCCTTGACGAAT,V183M S400W L447H,1.0000,1.4166,5105,307
CATGATAGAAGTATGA,,1.0000,36.2346,5104,12
GAAGCTATATCTTATA,Y66M L394I,0.3062,0.3062,5097,1418
GCTGCTGCCTGTCTCG,T215F D432V,1.0000,1.5077,5097,288
CTCCATCAGTAAGCCG,G174*,1.0000,3.3588,5086,129
ACGACGTTCAACGGCA,T58L F436*,1.0000,4.0860,5084,106
CGAAACCCAACTGCTA,P275M E308T S389D,1.0000,2.7342,5071,158
ATAGAGCCATGATAAA,,0.2559,0.2559,5067,1687
ATGATAGTGCGCCATA,,0.0869,0.0869,5054,4954
TTCGAGAACGATTAGG,M153K I162P R207L,1.0000,3.8697,5042,111
AGAAACTTTCCTATTT,K33H C180T M420I,1.0000,13.0058,5038,33
CAACCGAAACGTCACT,P12R S267V G276N,0.7572,0.7572,5022,565
TACGGCGGATATACGT,T58Q G98Y I286T,0.0398,0.0398,5018,10737
GGCTCCTATGCTGGCA,M96T E404N,0.8445,0.8445,5016,506
CCCCACGAGCAGACCC,L103Y G260R S333E Y393P,1.0000,4.6318,5002,92
AACTGACGACGGAACT,R193G G277H,1.0000,28.3459,4991,15
GCACAATGTTGCTCGA,M153L D311R I334P Y441F I458G,1.0000,1.2774,4978,332
TTAAGACTATTACTGC,V5P I137L,1.0000,2.0384,4977,208
CAGAGATCCTTAGCAA,,1.0000,2.3113,4965,183
AAACATATGTATAAGT,M1T K33C S444L K481F,0.1401,0.1401,4963,3018
CGTCTTGCGTTGTCAC,,0.1012,0.1012,4947,4165
CTCTAATACACATGTC,F436A L447H,1.0000,5.1977,4942,81
GTGACAAATAGTTGGC,L46P,1.0000,4.8353,4938,87
CTGTTGCATAGCTTAA,Q69E,0.0339,0.0339,4937,12389
GATATAGAAGATAAAC,T81A A297T,1.0000,32.3202,4932,13
TCACGGAATTTAAACG,S91A L469I,0.5826,0.5826,4924,720
TATCAATCGCGTAAAC,T249S L344T,1.0000,26.2069,4922,16
CCCCATCACAAGGTCT,L46N E151D E307M N353K,1.0000,37.7706,4877,11
TACTAGGCTAAAGTCA,L68G,1.0000,4.6434,4851,89
CCTCATGCAGACTGTC,,0.0456,0.0456,4818,9010
CACTCATTAGAAGCCC,K33G G98K,1.0000,51.2850,4816,8
ATAAGTGGAGAGCTGA,E16L R314V,1.0000,27.3009,4807,15
ATTTAACAACATTGAA,H115Y D311A P486N,1.0000,45.2554,4781,9
TAAAGTCAGATCAAAC,V14A I286N,1.0000,5.3525,4775,76
TGACCGAGCTGACAAA,Y36L C57V G243D A297L E396W,1.0000,31.1865,4759,13
AACTCAGCTGAGGGGC,E404W,1.0000,27.0112,4756,15
CTACAAAATAGAGCAG,E404F,0.1942,0.1942,4746,2082
ACCGAGCCAGATCCAT,I4C E287K Y371H,1.0000,20.1988,4742,20
CCACTGTACGGTGTCA,I136L I458* P464V,1.0000,22.4289,4739,18
AACACCTCTTGGTTTA,S138N S269N,0.0898,0.0898,4725,4484
CATAAACACACTCACA,R379E,0.4094,0.4094,4719,982
TCTTTAAGTGTACAGA,C53S,0.0462,0.0462,4707,8682
CAAGAACCAAGAACCC,T225Y,0.1687,0.1687,4696,2372
AAAGAATTGATACGAT,H230Y L433Y,0.9938,0.9938,4678,401
TCATTACACGACTATT,F147T L394I,0.1869,0.1869,4671,2129
TAAAACCACTAGGTCT,E418W V431M,1.0000,66.2219,4664,6
CTGCTCAAACCAGTCG,N89V T101N,1.0000,11.9681,4636,33
TTAATGAAGTGGGTAA,K63N K272I,0.1742,0.1742,4628,2263
ATTGTAGGAAGGATGT,E404I,0.4071,0.4071,4616,966
GATAAGGACTCTTTTC,I213V,0.0915,0.0915,4609,4291
TTAGCGTTTAATTTGA,L35Y T110L D357L K425* V450P L469R,1.0000,35.6176,4599,11
TCCTCCATTAGTAGAA,G243P,1.0000,77.9328,4574,5
GGCCATGGCGGACTAT,I337V H398E,1.0000,1.1759,4569,331
AACGTAAATCAGTACG,S143F C364Y,1.0000,3.8830,4558,100
CTCACTGCTAAATGGT,T101N T139S S439H,1.0000,1.2011,4554,323
CATTTGTGTCCAAAAA,M80W A195D Q247I,1.0000,25.8583,4553,15
AACGGCACGGAAATAA,G186L,0.0814,0.0814,4531,4740
ATCTAAAGGGCATCTC,R379N,1.0000,5.9847,4496,64
AAATCCAGTGTTTTAA,S27F A123C S400E,1.0000,1.5514,4480,246
GCGAGACGAAAAAATT,,0.2074,0.2074,4477,1839
AAGTGTCTGAGACGAT,N99K,0.0691,0.0691,4476,5520
CAGGGGTAACGTATAA,G54R,0.2235,0.2235,4459,1700
TCCATATGAATTCACC,N99P C231W,1.0000,34.5334,4459,11
CCAAATACGTACAAAA,K88R,0.0596,0.0596,4457,6369
AATTTCGCTGCACCAC,G2D,0.6547,0.6547,4434,577
CCCACGCAAACCTACT,G174S,0.5187,0.5187,4420,726
AATAAACGGGCCTTAA,L120Y K125S D268G,1.0000,1.4077,4412,267
TCTGAAAATGGACTTT,I452R,1.0000,20.8481,4405,18
GAACAGCAAACAGACA,S381* P464Y,1.0000,37.4585,4397,10
ATCAGTGGCAACAAAA,N119H Y200V T215G H230L,1.0000,3.5553,4382,105
GTAAAATGATGAAGAA,S389A,0.2319,0.2319,4352,1599
CTCCCACAAACACAAT,V431M,0.2417,0.2417,4347,1532
AGATGAGGAGTTCGCA,V47I S135L V298L L336W R491W,1.0000,3.3635,4343,110
AACTAATGGTTTGTAC,N37V N342S,1.0000,2.9350,4341,126
ACATGCATTGTCAAGG,M19I F147E N158L G243E Y363C T438P,1.0000,30.7824,4336,12
CTATTCCGAACCACAG,Q3R A132V F157L,1.0000,30.7469,4331,12
GGGGCGCCCCACCACC,S111G,0.0424,0.0424,4323,8680
GACCGAACTCCCGTCA,P83Y F293S,1.0000,73.5369,4316,5
TTGGAACGTACACGTC,H131Q,0.0234,0.0234,4307,15692
CTTCATGGAAAAACGT,S216V,0.6056,0.6056,4301,605
AGCCAAGGATGTGCTC,Q69L D306C,1.0000,21.5233,4295,17
TAGCCCCACGCAAAAA,K291R,0.0528,0.0528,4291,6928
AGATTGTAACGCCAGT,M192E,0.1701,0.1701,4290,2149
CATTACAACAGATAAA,T70S,1.0000,1.1203,4274,325
ATACGTCTGGTAGCAC,V97P R235A,1.0000,30.2712,4264,12
TAAACAATTGTTACAC,K481W,0.0688,0.0688,4252,5264
CGGATATGAATTAATA,S444E,1.0000,90.5155,4250,4
TGAGGATAAGCGAAAA,F49I,1.0000,4.1587,4247,87
TCGCTATGGAAGCACT,I15D N20K Y129D W227C H374T,1.0000,24.0750,4239,15
TGTAAACCGCGTCGTC,I112R,1.0000,2.5882,4223,139
CATATATCATAGGCGG,,0.1202,0.1202,4203,2980
TTTTAAGTCACCCTAA,A25S V47G,0.2203,0.2203,4185,1618
GAAATTCTTAACACAT,L73A,0.0413,0.0413,4176,8604
ACCAGCACAATAAAAC,S392I K417R P464R,1.0000,1.2069,4165,294
GACAGAACCCGAAACG,F8P,0.9565,0.9565,4132,368
GGTTACTTTAACACAA,F38T,0.1698,0.1698,4119,2067
CAATTTTTGTAACTAT,L73V D251S,0.3863,0.3863,4117,908
AGATGCCAGGGATGAC,E72A R248I,1.0000,1.1099,4117,316
TCAGAACATACACTAG,V44R,1.0000,7.6135,4111,46
ACTACATAAAATTGCC,E404A,0.3197,0.3197,4109,1095
TTTCACAAGAAGTTAA,S27V L290V,0.0795,0.0795,4107,4401
ACAAACACACCCGGAA,H115V S138M H398L,1.0000,69.6522,4088,5
ACTATTTCACAAACGT,V97* G206N Q331E,1.0000,6.0030,4087,58
CACGACATACCCTCTA,R248S M359F,0.0525,0.0525,4084,6629
AATTCACAACATTCCT,K488F,0.2954,0.2954,4071,1174
GCCAAAGATACATGAA,S60T N295S,0.2146,0.2146,4049,1607
TCTCACCCGATCCAAT,A173K,1.0000,3.3077,4038,104
GAAAGCCTAAGCTGAT,F140L F446W,0.2170,0.2170,4027,1581
ATTAAGTATACTGCAG,T139C S169L F434E P483N,1.0000,11.0611,4025,31
GATTCAAGTTGTTTAA,,0.2504,0.2504,4024,1369
TATGTGGGAGGAACTA,F191T W210S,1.0000,2.0502,4019,167
CCGAAAGAACTCAAGA,,0.4953,0.4953,4006,689
GGACAAATAAAGAGAA,K339A,0.8224,0.8224,4006,415
CTTAACATTTGCTCAC,S27Y N37I Q69G L103K G198F,1.0000,2.3973,3996,142
GCTTAATAAAAATGCC,L430R,1.0000,28.3047,3987,12
CAAGTCGCAAGCCAGA,S60L F157I W196L F233M E307P Q331R I345S,1.0000,84.9142,3987,4
CGCTAGGCAATTACTT,F8Y H13N N148R T261W A299R,1.0000,3.5735,3985,95
TGATCAACAGAGAAAG,L50Q,1.0000,5.7526,3984,59
CGTGGTTTGGTGAATC,A173* N178H,1.0000,25.8850,3950,13
AAACATAAATCCAAAC,T81S,0.1359,0.1359,3944,2473
GATTGATCATTATGCG,L52K F262M N302Q L469W,1.0000,16.7954,3943,20
TTCCGCCAACTGTACT,L51Y,0.2460,0.2460,3884,1345
GATCAAAAAACTTGTT,P453F,1.0000,27.5238,3877,12
AATATGTAAGGAAGAA,G54S I361W,1.0000,2.5797,3876,128
TCAACGTACTTAGACC,G260I D273S L336T,0.2892,0.2892,3870,1140
AGGTGTTGTCCTCAGG,E270T,0.0584,0.0584,3861,5633
AACATAGACATTTCGT,L244S N338M T376H,1.0000,36.5375,3860,9
TGCTGTTTCACCTGGA,T139H,0.4724,0.4724,3854,695
AAACGAATACTTTAGC,S135A D306* D408V,1.0000,15.6305,3853,21
GCGGTGAACCCAGGAA,,0.5349,0.5349,3849,613
AATGAGTTTGAGTAGA,Y200L S267K L280P,1.0000,1.5711,3836,208
CGCATAAGGCGCGTGA,L245Y C477L,1.0000,12.9116,3789,25
ACTGCCAAACAATCAT,E72T N119T C212F I221H N302Y,1.0000,6.8207,3763,47
ATGTGGCTTACAGCAT,L51D R207I H230R,1.0000,1.9731,3752,162
GTCAATGTAAGAAATG,N390S R491N,0.1133,0.1133,3725,2802
AAATACCCGTGTGTGA,G102* K300E,1.0000,24.4040,3724,13
GACATGAACGTATGCC,S269G,0.8223,0.8223,3716,385
CACATCCATGGAAAAC,L313M,0.2192,0.2192,3708,1441
ATCTTATCCACAGTCA,F147Y,0.0591,0.0591,3696,5326
TTGAGTGCTAAAATCG,G2N D130T,1.0000,26.1324,3681,12
GATATCGATTATAAAA,E404D,0.9856,0.9856,3679,318
TGAACAACAATGTATA,K125T S392L K425V F434L,0.2437,0.2437,3676,1285
AGCTAAAAGTCGCGCA,I24T W210Y W489F,1.0000,13.6009,3672,23
GGCAAACCCAACACAC,L133E S169W I474*,1.0000,3.0660,3671,102
GTAGAAGAGGTTTATA,L479T,0.0829,0.0829,3629,3729
TAACGTTAAAGACATA,T48W M96T,0.1765,0.1765,3611,1743
ACAATACCATCAACCA,L442I,1.0000,2.3392,3597,131
CAAACCCTTTAAGGAT,L120F,0.2420,0.2420,3585,1262
ATGCAATACAAGACCG,S400K,0.1928,0.1928,3584,1584
GTATTATTGTGTACAG,V14C A173R G243K,1.0000,1.7526,3559,173
ACAATAAATTGGAGCA,,1.0000,1.7956,3541,168
AAACCTGGGTTGTCAC,V44A T58A G294S C301W,1.0000,42.9606,3530,7
TCAGCACCTGACATCC,K125W V388G H398T V459M,0.0744,0.0744,3522,4035
AAACAAACCCTATACC,T70V T225A M472N,0.2708,0.2708,3522,1108
AAAAAGTAATAGAAAT,E76I E287R D357P,1.0000,59.6337,3500,5
TCATGCTACTAAGCCC,L73P,0.0683,0.0683,3493,4360
TAAACCAACTTGCGAA,I254Q,1.0000,1.7988,3484,165
AAACATACCATCTTGC,D156G,0.5538,0.5538,3478,535
CCCATAGTCCACCCCC,,0.9508,0.9508,3471,311
TGTCATAGCGCATGTG,L46S L61V T225M E287S,1.0000,1.3274,3428,220
GTTCCCTGGAAACTTT,T58H S85H N99G I144Y H230L,1.0000,3.8426,3428,76
TAAACATAACATTATT,T215F T296V F318L,1.0000,22.4577,3427,13
CAAACATATCAAGACG,K161F Y217N I334* I358L,1.0000,58.2196,3417,5
GGGCCTGATAAGCATC,Q232T E404A,0.3327,0.3327,3409,873
AAAGACACGCGATATC,V14T E67S E308I T380L,1.0000,72.3485,3397,4
ATCTTGATAGCTAGAA,M134Y S143K E287S R379L C385I I443L,1.0000,2.8247,3382,102
TAACACTATCCCCTTA,,0.0918,0.0918,3364,3121
TAATCACCTGCGCGTG,S27L K272R C301E,1.0000,7.9015,3339,36
AATATCGGTATACATA,,0.0558,0.0558,3300,5040
AACATTCGAACCAAAC,L52K T59F,1.0000,25.4876,3291,11
TAGAGACCGCTTATAG,,0.0974,0.0974,3284,2871
GAATTATACAAAATAA,P238H N346P,1.0000,6.0763,3281,46
TCATCACGCAAACGCC,V97T V187S R193D M284I Y419I,1.0000,23.2714,3278,12
AATCTTTCTTAGTACG,E151K,0.9045,0.9045,3249,306
TCCACGGGGAATTAGA,L133V R456I,1.0000,2.5725,3231,107
ATACCTTAAACCGCCC,G174Y D251Y,0.0788,0.0788,3227,3490
AAACGTAACTACATGA,,0.2993,0.2993,3225,918
ACCAGCACTTTTAAAA,E289N,0.0098,0.0098,3216,28090
TGAAGACCGCGAATGT,N209G C231P R248Y Q348S,1.0000,1.5320,3201,178
CTTAAACATCCGAAGA,I445F P486Q,1.0000,1.6237,3183,167
ATGAGATCATTGGTCA,L103I N114M I345L,1.0000,14.1597,3158,19
TCAGTGAACGGAGCTG,E404R I445T,0.3463,0.3463,3146,774
AAACACTATTCGCACA,,0.3191,0.3191,3139,838
GTAGCAAACAGCCCCA,I112N K125A N209D S269G H305R,0.3386,0.3386,3120,785
CAAAAGTCCCACATTG,K368C,1.0000,2.9514,3118,90
TATCGGATGTAGGGGG,M134E Q165P L245V I252R F309L,1.0000,2.4111,3085,109
ACAAACAATGTCCAGG,H354L N373V R456L,1.0000,1.9026,3082,138
TAAACGAGTTCAAGCG,C86T S199Y,1.0000,19.9937,3051,13
CAAAATAGCGAACGTT,D317Y K490R,1.0000,3.4043,3037,76
GTGGTAGAGAGTCAAC,V65S G243E S255M,1.0000,3.0966,3017,83
ATCATCCCTCAGATAG,,0.0721,0.0721,2936,3470
CGAAATTTCAAACTGT,,0.2746,0.2746,2930,909
TCACAACACTCATCTC,G424A C475S,1.0000,6.3697,2916,39
GTGTACACCATTAGCA,Y241G N395M,1.0000,1.2112,2872,202
AAACCATCCGATCACG,L259M,0.3035,0.3035,2868,805
TGCAAAACTTACAAAG,E104V G186P I452F,1.0000,1.3553,2800,176
AACACCTAGAATATAA,E67S Y172D,0.6723,0.6723,2770,351
ATACCCATGTACAAAA,R256D P275N L349*,1.0000,16.8313,2766,14
TGGGGAGACCCGATGA,K88L L103Y K352W H471L,1.0000,46.5484,2732,5
GACTCAGACTCCAATA,T139S G277W K352Q,1.0000,25.6425,2709,9
GAAGCAGCAGAAACAC,E287L P483A,0.1556,0.1556,2705,1481
TCCTCAAATAAAAATT,I144H I201A M351N Q416R I458V,1.0000,2.6906,2653,84
ACACTCCCGAAGAGCA,A25V,0.2756,0.2756,2643,817
GTTCAAGATTGTGAAA,F7A L68S,0.8680,0.8680,2639,259
AAACGCCAAACCAGTA,V18S C155I R248G,1.0000,7.2248,2629,31
ACTCCGAACTACGTAC,K161V P383S L479V,1.0000,3.7758,2615,59
AGCACAAAGGATATAC,I144L G174D R193D K339N T380Y,1.0000,2.1405,2588,103
TATCCTGGATGAATGC,N395S,0.0412,0.0412,2572,5313
GTCTATTGGCTAAGTA,F309S H448T,1.0000,1.2809,2526,168
CGAGTGCAACATTCAG,I4S V31F K33L,0.9092,0.9092,2508,235
CGTAAACTTATCAATA,I15R R193G T265L,1.0000,2.0495,2502,104
ATAAGCCTCATCAACC,S27N N90Y D122H,1.0000,53.0314,2490,4
TATAAGAATGTTAAGA,H131Q M332S,0.0105,0.0105,2487,20086
AAACGAGGACAATTCT,K272Y L415S I452G,1.0000,14.8841,2446,14
ATCAGAGCTGGGTAAA,N158P,0.0252,0.0252,2417,8160
AAAAATATACAGGTAT,A176C I221N T225R F262V D268Y A297Q A343V,1.0000,1.7823,2406,115
TACCAAGCAACTCCAA,,0.1375,0.1375,2380,1475
TAAACGCCATATACAT,I201K S389R,0.4026,0.4026,2349,497
GTAAACGGATCAACAA,S154N R235S M284T,0.8777,0.8777,2349,228
CGAAAAGAGCCCACAA,A25Y F191A,1.0000,33.1109,2332,6
ATGGCCCCAAAATTAA,I337L,0.0261,0.0261,2330,7611
GATCTTAAACTAGGTG,K88E S255L N470T,1.0000,3.3427,2315,59
AAACCGATCAGAGCCC,L32K N89L K339*,1.0000,4.6815,2308,42
CACATTCCTGATGCAT,H13F D401G,0.1417,0.1417,2307,1387
CGTCAACGAGGATGGA,V97E I136M T263A,1.0000,12.2569,2302,16
GTCCTAACGGACCAAA,V31L C53G M410W,1.0000,32.3868,2281,6
AAATTACGTACCCAGT,L259Q,0.2217,0.2217,2267,871
TGATAGAGCCGTTGGC,H13R G54V G181I C279V N409K,1.0000,24.1304,2266,8
CTCGGGGCGTCACCAC,I239Y,0.6520,0.6520,2227,291
ACCTAGGTTAAACAAT,C155R,1.0000,2.1087,2203,89
GTCGTGTGTGTTGACC,N353I T380N,1.0000,1.9505,2198,96
AAATGATACACCCAAT,,0.1029,0.1029,2185,1809
CAAACTGACGATACTA,Y129T E151V P236F,1.0000,4.3130,2177,43
CAAATACACTAGTTAA,W227L M472V,0.1183,0.1183,2130,1534
TGCCTAACTGATTTGA,Q149C E287R I334M N365L R422V,1.0000,11.1121,2087,16
AAACTCCGAGATACTT,T59K,0.1755,0.1755,2075,1007
AAACCCTATCCTGTAC,N20M A152S T377A,1.0000,1.6336,2071,108
ACCGCGCATAATTCAA,M1I C292L Q405V,1.0000,29.3483,2067,6
GACTCATAACTCGTTA,G174R K490L,0.3540,0.3540,2065,497
TATCTATGTCCACTGC,A25* F49W M312F,1.0000,35.1158,2061,5
ATACGAAGGGCTGTGC,T58E Q149G M192I,0.4918,0.4918,2055,356
AAGCGTACGTTTAAAA,S56N,0.4736,0.4736,2046,368
GCTTTAATAACGGGAG,V5Y S138R,0.3288,0.3288,2038,528
AAACGATTTACTCAGG,G159K T397A M472Y,0.2429,0.2429,2027,711
AAACGTAACATCATAA,G460C,1.0000,3.3859,2027,51
AAACTGAGATATATTA,L133I G208Q C477*,1.0000,2.4236,1963,69
CCGAGGTAGTCTTCTA,L68M G208A I221V,0.1309,0.1309,1956,1273
TAAACTCAACTACGCA,F8T E16G D273L,1.0000,16.1437,1895,10
TAAAATGTAAACAAGC,M96Q W283K F440C,1.0000,40.2315,1889,4
GAAGAGGGCAAACGTA,Y441L,0.4367,0.4367,1876,366
CGCTTGTGCTTGCAGA,K33* A177W W196Y A297V,1.0000,1.5587,1848,101
GCGAAAGAACGAATGG,M1N V183K,1.0000,1.3902,1844,113
CGTTTCGATCATGTAA,L61Q Y253V K490N,0.7126,0.7126,1832,219
TCTCAGTTGGAGTAAT,,0.0550,0.0550,1796,2780
TGCATATACCACAAAC,S367V,0.2576,0.2576,1766,584
GATAACAAACCAACTA,S171* K272R D306M V431*,1.0000,5.5248,1751,27
CAGAGACAGTATAGTG,F293I,1.0000,11.3763,1736,13
TCTTATCAGACTCACT,W227L,0.7508,0.7508,1701,193
AAACACTCCGCCTCCA,L103P,1.0000,3.1596,1669,45
TCACACTAGAGAGCAA,,0.0131,0.0131,1663,10836
TGATTGAGATAAATTG,H93W M134L N319S H398L,1.0000,35.3969,1662,4
CCGTATCCTGATCTCC,,1.0000,1.5297,1652,92
CGGGTGCAGAGAATAC,Q9P N37* S269C S400F,1.0000,23.4133,1649,6
AGTGGATATCATAAAC,A173W D229S R248K L280C,1.0000,1.2096,1647,116
AACTGAGCAAGAAATT,K116Q V164P H305I,1.0000,1.5241,1628,91
TAAACCACACAATTAC,S199Y D306W N390Y,1.0000,2.5869,1579,52
TACATCAAACGACATC,V22D Q232N K352G F446S S462W,1.0000,2.3555,1576,57
AGTCCCAATTTAAGGA,H398L,0.0252,0.0252,1568,5304
CTTGGCCCGACACTAG,I162K K481L,1.0000,1.3702,1528,95
CTCCTGCTCAACGGCT,G429Y,1.0000,1.1459,1372,102
ATAACAGACGAACCTG,S462C,0.2440,0.2440,1326,463
AAACCGACAGTAAATT,A177T D402G,0.7541,0.7541,1319,149
TAGAAAGACAGCAATG,K33S,1.0000,12.3811,1308,9
AGTGTCGGACTCACCA,A132I Q232H R235*,1.0000,9.9131,1280,11
TCCGATAAGCTACTTT,N148G,0.0190,0.0190,1270,5701
TACCAATGCTAGAGCG,C364M S389K,1.0000,15.2857,1256,7
ACCGACACCAACGAAC,M19N P236C,0.5095,0.5095,1226,205
AGCTTTGTCCCCCTTA,L50V N99L T249G R491Q,0.8398,0.8398,1183,120
GCACTGAGTGCTACTA,I221A I254R F262V N319P,0.5103,0.5103,1180,197
ATTTCTAAAGAAACTA,G45C K465E,0.4847,0.4847,1172,206
TCTAAAGAGAAAGCAA,M153K S163A,0.0739,0.0739,1154,1330
ACCACTCTAATTAGTG,N158C,0.0101,0.0101,1152,9733
CAGTAAATGTACCCAC,,0.0108,0.0108,1144,9037
CCAACCCTCGACCTAA,D273T,0.0642,0.0642,1116,1481
TAAACTAGTACATAGG,I15Q L68T,1.0000,15.6752,1104,6
CGCTATGACCCGGGCA,P453S,0.0992,0.0992,1093,939
GTACCACCTAAATATA,I345L S400F V459M P464Y,1.0000,1.2431,1036,71
GAAAAAATATAATGGT,A322R I361V,0.0816,0.0816,994,1038
CTCGTAAACAAAACTC,Y366F D401I,0.6731,0.6731,956,121
AAACCTCTCAATGGCG,,0.1602,0.1602,925,492
GGCCATGCCAAGTTAA,,0.0343,0.0343,918,2277
AGCCAAAACAAAACAC,N178M G271D,0.0355,0.0355,916,2199
TTTCCTGACATGCAAA,K125S A176E T190I Q218G I286N Y363F,1.0000,11.0870,911,7
AGGATGAGGAACAAGT,G45S,0.0289,0.0289,885,2605
ATAGTCGTAATTCAGA,F49S T426I,0.7456,0.7456,884,101
TAATAATTCAATGACT,S60W Y217L,0.2683,0.2683,866,275
TTGGTTATCCGATAAG,,0.0366,0.0366,793,1845
AATGCCTCAAAAAATG,F191L H374N Y393C K481V,1.0000,67.1306,788,1
GTGCACGAACAAAAAG,D156F,0.0203,0.0203,783,3287
TACGATACTCTAAAGA,,0.0465,0.0465,780,1428
AAACCGTAAACTAGAA,T274E C385Y,1.0000,1.2116,768,54
AATCGTAAAACAAAAG,G2K P383V,1.0000,1.2582,768,52
CTACACCATCAGGCCG,Q3K D229V W264Y K300Q,1.0000,5.3670,756,12
AAACTCTAGAATACTA,G34F M134K D229N Q331V,1.0000,5.2960,746,12
GTTGATCCTTAGAAAA,A297R,0.2623,0.2623,745,242
TAAACACTGATCGTTT,C53F Y166P,1.0000,6.3127,741,10
ATCAGCATTATGGTTC,E67L I252P,0.1120,0.1120,719,547
ATGCTCGGAAGTTACT,E76G G260L,0.0110,0.0110,664,5133
AAGCCGCGAGTAAATT,F140V W264R,1.0000,3.1379,663,18
ATTAAGGGGTTAATTG,N90H H305W,0.0644,0.0644,648,857
ATCAAGATTCGAGTAT,C463T,0.3300,0.3300,643,166
CATTATAAGTAGGCCT,F316Q G484N,0.1817,0.1817,625,293
TCTAACTGAGTACTGC,,0.0944,0.0944,623,562
TAATTCAGGTCCGAAT,M19* M134K N209Q E303T,0.6759,0.6759,603,76
AGGGCGACGCATGAAC,E67* Y172A,1.0000,16.6974,588,3
CTGACGCACGAGCTCA,S60L K116T,0.5031,0.5031,561,95
GTCGGATTGGTGATAA,,0.0402,0.0402,530,1123
GCTCGGGTTATCAAGA,A30* Y172* G271A,1.0000,13.7158,483,3
CATTACAAAGGTTCAA,S199Y G260D,0.0572,0.0572,477,711
TAACATTGATAGAAAA,V97C D311G T376S,0.2378,0.2378,455,163
GGAATTCTTCAAACGA,G276E P483S,0.0144,0.0144,410,2426
AGTATCACGTGATATT,I213N D251P Q405T,1.0000,8.3061,390,4
GCCCAACTACCTACAG,T190Q E287G,0.0106,0.0106,387,3110
TTTTTTGAAAGTGTGA,H179E C292D M420T T454N,0.4119,0.4119,382,79
CCTACCAACCCCTAGC,A152V N209A K339D W370V,1.0000,10.7909,380,3
GACTGAGTCAACTTCC,S163T R379P V487F,1.0000,7.5394,354,4
AACTATGCACTACACT,,0.0287,0.0287,352,1046
AATCTCGAAAGTTGAA,F147P V435M,0.0173,0.0173,318,1567
TACAACGCTCAGTACA,T225I Q232W I403T,1.0000,2.9154,308,9
CACGCGGAATTATGGT,T59S Q149I,0.0836,0.0836,306,312
TTGATCGCCAACCAAG,Y241A,0.0916,0.0916,302,281
AAATACCACACTCGAC,Y172I E404L,0.0179,0.0179,275,1306
AGCTTGAGCTAATATG,M96D D251E D401A,0.0106,0.0106,271,2182
GAAACAAGAATTAAAG,K339V E404F,0.0167,0.0167,268,1367
AATCACATGGAGAGTG,D401M,0.0180,0.0180,268,1269
CGATTAAAACTCTCAG,F117P S400M,0.0795,0.0795,265,284
TATCGAACAGCGCCTG,,0.0053,0.0053,253,4077
ACCCAATATTACCTCA,S389I I458K P486T,0.2545,0.2545,248,83
CACTCTACCCTGAAAT,D156Y T263R,0.0084,0.0084,246,2493
TCAACCAGGAGACACG,E100S G174Y N209D G240D F309K,1.0000,5.0689,238,4
GGACTATTAACATCTT,,0.0040,0.0040,235,4973
AAAAAAGAATACCCAC,H354S,0.0059,0.0059,227,3304
GTGGACAAGATTTAAA,Q69I C212Y C279R E404P,1.0000,19.2532,226,1
GTACTGCGCCAACCTT,T296I,0.0098,0.0098,223,1930
AAGGTCAATACACGTT,Q149R N158G,0.0005,0.0005,220,38100
TCATAAATACTGATCT,L315C,0.0067,0.0067,215,2753
TAAGCACTGATAAGTA,P145N K417T,0.0006,0.0006,214,31334
CCCAAAGAGACGATGG,D122E,0.0014,0.0014,214,13218
ATTCCTTCGTACGAGC,N127T,0.0005,0.0005,204,38207
CTTGCCAAGGACACCA,N119Y,0.0005,0.0005,201,34845
AGGGTACGGTATGAAA,T249Y S476*,0.5441,0.5441,198,31
CAGATCAAATTTAAAT,R248G,0.0004,0.0004,193,41453
CAGTAACATGAACGTA,,0.0005,0.0005,188,32383
CTCAGAACGTTAAGCG,R248W,0.0006,0.0006,186,26200
GAACGGACTGAACCAA,K126W Q348N Q406I,0.0004,0.0004,184,35049
AATTATATACTAAGAA,H398K,0.0118,0.0118,182,1317
ATCAAACTGTTTTCAA,Y166L,0.0134,0.0134,177,1124
GTCAGCGTACAGCTAG,W210L T438F,0.0057,0.0057,172,2586
GAAACAGGCGGCCACA,T139N,0.0005,0.0005,167,28622
TATGAGACATCCATTG,E404H,0.0170,0.0170,167,837
TATTAATCTGAGCTAT,Q149H D401C,0.0078,0.0078,165,1807
CTCGGATCGAAAAGGG,A195D D317H F399E P453S Q482*,1.0000,3.5141,165,4
ATTCTATCACTCCTGC,A328V,0.0004,0.0004,164,32385
GGATAAGTAGATTTAA,F157N Q223V,1.0000,1.3971,164,10
CTTAGTCAGTTGTTAC,T48D G54I,1.0000,1.7358,163,8
AAAATATCACGAGACT,M134V,0.0004,0.0004,162,32802
ATTGAGCGATATGCTC,,0.0005,0.0005,161,25998
GACACTAAATACTAAA,N127P H398L Q416M,0.0195,0.0195,159,694
ATCCGCCCCAAAGTAG,S121G,0.0004,0.0004,158,35721
ATTATATTCATTACGA,V97F E421V,0.0005,0.0005,157,27596
GACAAAAAAAGTGCAT,C53V E100K,0.0009,0.0009,156,14122
CGAGAGCAATAGAGAA,A152E,0.0005,0.0005,154,27324
ATTTTAAGAAAGAGAA,G160E,0.0007,0.0007,153,19364
GATGGCCGTGTGATTG,K125I Q423L,0.0005,0.0005,152,23651
CACATGCAGCTTACCC,E404V,0.0116,0.0116,152,1120
CGTCTGTACACGAATG,R193L K272Y E404G,0.0180,0.0180,151,714
CGCAATCTACAGGACT,F38C F147Y,0.0005,0.0005,149,23795
GGGTAATGTTAAGACT,V459I,0.0005,0.0005,148,23905
ATGATTTCACCTTACA,N158S,0.0013,0.0013,147,9941
AAAACAAAAGCCTGCA,T190V Q218W E404V K461I,0.0092,0.0092,147,1356
TTCATTTATATCTGTA,D402L V450L,0.0083,0.0083,144,1473
ATCAAATAGTAAAGAC,I144T Q321D,0.3692,0.3692,143,33
GATTTAGGAAATGCAT,A177F,0.0281,0.0281,141,427
CAATTAACACGGATTT,Q149M,0.0005,0.0005,140,26188
GAGGTAGTTCCCTCAT,,0.0007,0.0007,140,17553
TACCGAAAAATCCAGA,A288R I337L,0.0154,0.0154,138,761
AATAATTTGGACGAAT,A343H,0.0005,0.0005,137,22828
CAGTATACTGTGCCAT,S135V,0.0056,0.0056,137,2082
TGCAGAGGTAGTTACC,V47F D402K V435I,0.0156,0.0156,137,749
ATTCGATTAAGCGTGC,A123T E404D,0.0273,0.0273,137,427
AGTTGCAATCCTGGGT,N37S L336V E421S,0.0048,0.0048,136,2424
CTAGAAGAGACTCGGA,E104I E404R,0.0275,0.0275,136,422
CAATTGACTTTCATAC,G378Y,0.0010,0.0010,135,11571
TTAAGTCAATAGTTCA,S135M,0.0004,0.0004,134,25430
ATGTGCCTCCTCTGTA,L51V A184Y V431L T438V W489Y,0.0301,0.0301,133,376
ACTAAAGTACCAATCA,D401P,0.0270,0.0270,130,410
ACCCGCGCACCATTCC,,0.0005,0.0005,127,19960
TATGAGCCGCTAATAA,L142R,0.0004,0.0004,125,28357
CAAGGACTCGAATAGC,T182Y G243M S269L,0.0004,0.0004,125,26633
GAAAACGAGCAAGGCG,A184D,0.0007,0.0007,124,14168
TAATTCAACTAAAAGT,F117N,0.0006,0.0006,123,16171
ATATACTCTCAAATCG,,0.0009,0.0009,123,11799
CAAGTAACGATCAGCC,,0.0006,0.0006,121,16234
TCTCAATTGGAAAACA,I221L R248T G260L,0.0337,0.0337,120,303
CCCTGCTCAGCGATCT,L61A W210E,0.0017,0.0017,119,6064
GATCTTTCTAGTTGAA,,0.0008,0.0008,117,13069
GAACACCCACACCAAA,D251K K339E,0.0036,0.0036,117,2735
GATTAATGAAATACAT,Y172I N178T I334F,0.0004,0.0004,116,23042
GTTTAAAAATCTTTCA,M153T,0.0004,0.0004,116,22404
CACTGCCCCTGATTAA,G181W,0.0006,0.0006,115,16844
ACTAGCATGGCTTCTT,G54S,0.0008,0.0008,115,11664
TTCAAAAAGTGGACAG,N148S D273F,0.0003,0.0003,114,29151
CTTCTGTTCAAAACAA,K125M G198M S267A,0.0004,0.0004,114,23684
AAAAGAGAATATAAAG,Q149L,0.0004,0.0004,113,24915
AGGGAATTAAGACAAA,G186I,0.0005,0.0005,113,17999
CGATTTGAACTCGGAC,L128F,0.0004,0.0004,112,21917
TGCCATTCCAAAAAAC,,0.0004,0.0004,112,21327
GAGTCAATGCTGGCCG,E67K S389N,0.0017,0.0017,112,5671
TGTGAACACAGCTTAA,Q149S G159D Q335W,0.0038,0.0038,112,2480
AAGGCAACCTAAGAAC,K125V S163N,0.0004,0.0004,111,24709
TTCATAACTATGGCAT,F117D T182N,0.0007,0.0007,111,13734
ATCTGGTAAATCACTC,L142T,0.0005,0.0005,110,18735
TATAAATGTTCACAAA,,0.0008,0.0008,110,11759
ATACAAGAGATTAAGA,,0.0012,0.0012,110,7530
TAGCCGTACCATTGGT,I254T,0.0005,0.0005,109,17270
CCCACAAGGCAGAAAA,Q149I Q189S T261Q,0.0119,0.0119,109,781
ATTGATAGCTCCCAGT,S60F P275F K451S H457*,1.0000,1.5476,109,6
CTAATTGGGTAGCAAA,P236L L259R,1.0000,1.5476,109,6
CTATATCCAAATGATT,,0.0006,0.0006,108,16728
AACACGTAACACTCAG,,0.0007,0.0007,108,13578
GAAAATAGCAGTAACA,F157I L394V,0.0014,0.0014,107,6629
CGAAACCAGAAATGAG,,0.0005,0.0005,106,17611
ACAATTTTAGCAATGC,,0.0007,0.0007,106,13346
CCCAATTGAATAATTG,L73T,0.0941,0.0941,106,96
TCATTTGTGATTCTAA,,0.0007,0.0007,105,12856
ATAGGATTTAGCACTG,F117I,0.0018,0.0018,105,4858
ACACCCAAAAACGCCA,H124R Q149R Q232L,0.0013,0.0013,104,6670
AATCTTCTGGTTTGAA,G186S,0.0009,0.0009,103,9610
CTACCAAGTATCACCT,,0.0011,0.0011,103,8321
GAGGACCCACTACAGT,T6N M420Y,0.0777,0.0777,103,113
TATACCAAGTAAACCT,L120A A184R I201T H398T,0.1290,0.1290,103,68
AGAATAGACTAAAAAG,S138F V485M,0.0005,0.0005,102,18961
TAAGCATCATAGTCCA,F157L G243S,0.0005,0.0005,102,17509
CCAGCATTAACTCAGT,N209S G243M,0.0006,0.0006,102,14076
ATTAACACACCCAGCA,,0.0007,0.0007,102,12424
GACTTTATTACGACAT,,0.0008,0.0008,102,11297
CATCAGTAAATTGTAC,,0.0007,0.0007,101,12704
ATCAAGAGATTCTATG,S267Q,0.0008,0.0008,101,11009
ACCAACTGCATAAAAA,D122C S163R,0.0005,0.0005,100,18004
CCATGCCGGAGGCACG,,0.0005,0.0005,100,16204
AGTTACTCTCAAAACC,,0.0005,0.0005,100,15930
GAACACGTAAAGATTG,G243R,0.0161,0.0161,100,528
TAATGTGATCAACCTG,D402P,0.0113,0.0113,99,745
ATATACAGGTTATAAT,K33D,0.0811,0.0811,99,104
AGATCGTAGTTACCCT,W210A,0.0008,0.0008,98,10950
AAAGAACGTCGAAATC,Y150L G181R S269W D401I,0.0415,0.0415,98,201
AGCCAAGAACATAACG,T182V Q232N M312I K465F,1.0000,inf,98,0
TCAGGCAAATAAAGAT,K161G,0.0006,0.0006,97,14965
CTCAGACCACGCGAGC,H131W M214S,0.0008,0.0008,97,10467
TTATCTCTTAAGTACA,R248Y,0.0054,0.0054,97,1521
TTCGGAAGCCGTACGA,Q149K G277W G484L,0.0462,0.0462,97,179
AGAATTTATCAAATAA,,0.0007,0.0007,96,12305
GAAGACATACACACCT,,0.0008,0.0008,96,10467
ACCTAGACGCTCAACC,S171L W210Q,0.0005,0.0005,95,15436
CAGCCGGCGCAATATC,Y200M,0.0005,0.0005,95,14846
AAAAAGGTTATCCACA,D130S W227S R250V,0.0006,0.0006,95,14089
CGATTTTACGATACGG,,0.0010,0.0010,95,7766
TTGAATCTCCAGACGA,I144F I458S,0.0200,0.0200,95,405
CAACGATCACTTAGAA,M82L,0.0005,0.0005,94,16646
ATTCACCACAGAGAAG,T375R,0.0011,0.0011,94,7539
CGAAGACTATCCACAG,G243* R314P S444L,0.0411,0.0411,94,195
ATACCGGAATTCGAGC,H230N,0.0005,0.0005,93,16085
ATTTCCACTCAGCTGT,S333L V341L,0.0045,0.0045,93,1748
TTAACCCCTAATGACT,Y253W,0.0004,0.0004,92,19236
GATCTACATATCTTTA,S85G,0.0005,0.0005,92,16775
CCTCGTTTTCCTCTTA,F140I,0.0008,0.0008,92,10155
TGTCAGTAGCAACTGC,S163N H398K,0.0070,0.0070,92,1121
GAAGGCTCATTGACCT,D401G,0.0143,0.0143,92,550
AAAAATTTTATTGTCA,,0.0006,0.0006,91,12073
CTATTGCTTTAGGACT,G198E I254L,0.0008,0.0008,91,9817
CTTATTTTACCACCAC,A328M,0.0008,0.0008,91,9412
AATACAATTCGAAGTT,A152R,0.0010,0.0010,91,8147
GTACCGGATGTAAGGA,G206V,0.0011,0.0011,91,7257
ATTCGGACTCACACAA,S255M P453H K461M,0.0260,0.0260,91,298
AGATCCGCACTTCGAA,A152Y S199E N409C,0.0270,0.0270,91,287
TATGTACGCGTCACTC,A195T,0.0011,0.0011,90,6922
GGTCACTACGAGTCTA,G424S,0.0012,0.0012,90,6599
TCATAAGATACGGTGC,N148R D408V,0.0012,0.0012,90,6194
AAGCGACACCTCCGCC,A343Y Q482K,0.0062,0.0062,90,1232
CCAGTGGCGAACACCA,Q149G,0.0114,0.0114,90,673
TTTCTACGCAAGCCCA,N74I T190W M472N,0.0387,0.0387,90,198
TACAAACATAAGTAAA,G160S D402S,0.0127,0.0127,89,596
TGTAACCAAGGCTCAA,I15L G276A,0.0006,0.0006,88,13449
ACCAGCCATAATAATG,T139A S476N,0.0008,0.0008,88,9722
TATGCTCATACGACCG,,0.0009,0.0009,88,7977
TGCGGTGTCGGTCCAT,T101N S389N E404L,0.0109,0.0109,88,687
CACAAACCGAATACAG,V183M,0.0005,0.0005,87,15039
CATTCATAAGGTAAAA,,0.0006,0.0006,87,12123
AAATAAACTGCTACGA,D401V,0.0117,0.0117,87,635
TTCATGACGGCAGTAG,T139L,0.0005,0.0005,86,15251
ATAGTATCAGAGGGGA,T58S N148H F262L,0.0005,0.0005,86,14324
AATCATTGGAGTGCGA,T58S S333N,0.0010,0.0010,86,7657
ATCGATAAACTAAGAT,F117V G159T A176V A299S H305F I443F S476Q,0.0112,0.0112,86,656
ACGCGGTTACAAGTGA,P275A,0.0005,0.0005,85,13567
TCGTTCCTAAAAATAA,E76R I112S A152L M214L,0.0005,0.0005,85,13230
TGCACTCTTCATTACC,M332R,0.0008,0.0008,85,9233
TGCAAGCTGGATCTAT,,0.0008,0.0008,85,9137
TTGAAGAATGAATCGA,W196K Y200T,0.0103,0.0103,85,702
CACCACTACTGTCTTA,N79L I254T D401T,0.0444,0.0444,85,163
TCGGCCTTCCCAAATC,S85E R250A,0.0005,0.0005,84,13732
ACAACGCACTCTGTTT,E151D,0.0008,0.0008,84,9388
ATAAAGTGCCTTGTTC,M414Y,0.0014,0.0014,84,5290
CGACTTAAATCCTTTT,T139G Y253W V450L,0.0045,0.0045,84,1597
ACTTGCCCTTTCCTAA,N178D T426Y,0.0094,0.0094,84,761
GTAGTAATTCGTAGAT,I162L G206D R250K D268M,0.0005,0.0005,83,14938
CTACCGTGATCATCTG,S135M,0.0005,0.0005,83,14040
ACCAATACTACAACAT,K116S T139S T261V,0.0007,0.0007,83,10436
TCGAGACCTCGTTTAC,,0.0008,0.0008,83,9394
ACTCAAGTAATCATAA,,0.0009,0.0009,83,8063
CTAACATAAACGATGA,L120Y,0.0014,0.0014,83,5079
CATGTAGAAGTCTGCA,Q149P S205I L349Q,0.0037,0.0037,83,1893
CTACTGATAATTATGC,L43N A343G,0.2080,0.2080,83,34
TTGACTAAACAACGAG,,0.0009,0.0009,82,7429
AACGTTTCATATTTCT,F117I,0.0022,0.0022,82,3241
GAATACCTTTGATGCG,K125I Q324A,0.0004,0.0004,81,17832
CTAAATGATCCAGAAA,,0.0005,0.0005,81,14892
AAAACAGGAATAAATG,,0.0007,0.0007,81,10207
CTTGTAATACCTACCA,D229Y,0.0007,0.0007,81,9970
CGATCAAAAGTATCGT,A202T,0.0009,0.0009,81,7320
GATGCTATCCAATGTA,K490V,0.0010,0.0010,81,7258
CCATATGGGATCAAAT,,0.0005,0.0005,80,14694
ATTTCACCTACTACGT,,0.0006,0.0006,80,10535
AACTAGGCCCGTATAA,,0.0007,0.0007,80,10094
CACGTTTGCTAAGGCC,G160L K339M F446N,0.0293,0.0293,80,233
ATTAACACAATTAAAA,I136T,0.0005,0.0005,79,12917
ATTGTTCTCATCTAGA,G174F,0.0006,0.0006,79,11560
ATAATAGCCTATATAA,L142T,0.0007,0.0007,79,9403
ACCGCCAGCTGATTTA,,0.0008,0.0008,79,8313
GGAACAGCAAGATGAC,,0.0008,0.0008,79,8284
TACGGTATCATGGATG,S163N,0.0011,0.0011,79,6372
AGTACTGCCAGTGAAG,Q149W,0.0015,0.0015,79,4590
CTCCTGCGGCAGAAAA,V65I,0.0024,0.0024,79,2771
ACAATAGAGCGAATAA,S60L N178I H398Q,0.0026,0.0026,79,2541
TAACATAATCTTTCGA,N79V Y94K,0.0116,0.0116,79,582
TCACCTGAGCGGGAAT,Y129C V450R,0.0153,0.0153,79,440
ACTCCTGTAATCTGAC,,0.0005,0.0005,78,13748
TACTTATCAAATCCAA,N90S Q149Y,0.0005,0.0005,78,13606
AAAAAAACGATCATGG,L142F,0.0005,0.0005,78,12594
TCAGACTATACCCCAA,,0.0006,0.0006,78,11005
TCTCTGTTCAGACCCA,S111H,0.0006,0.0006,78,10672
TAAAAGTTTTGTTAAC,G64Q M472S,0.0011,0.0011,78,6091
GGTTATCACAAGTGTA,T110S T249S,0.0011,0.0011,78,5913
CAGTCAAGACAAAAGG,,0.0014,0.0014,78,4892
ATGGCTTGTCTATCAC,V28F Y200L S205D F399K,0.0035,0.0035,78,1923
TTCTTAACTCTTGATT,A39V K126P S169N,0.0046,0.0046,78,1433
TCGACAGTGGTATCAT,T101N L355A,0.0277,0.0277,78,240
TAAAACAAAAAATCCA,A152E,0.0004,0.0004,77,16592
TCATGTGATTATTATG,L326T,0.0004,0.0004,77,14857
TTTTGCACTGGAGAAC,I337L,0.0005,0.0005,77,12311
TGGACGGACTGGTAAA,,0.0006,0.0006,77,10384
CACACAATACTTCACT,,0.0008,0.0008,77,8374
CTACCACCAAATATTG,,0.0008,0.0008,77,7803
TAGAATATGTAGTTAA,Y62V,0.0013,0.0013,77,4946
AAGAGTATACCAGGGA,,0.0015,0.0015,77,4295
TTAGCGCCCTGTCCCG,E404Q,0.0057,0.0057,77,1153
ACACTGGTTAAGCGCG,M19T H115I,0.0082,0.0082,77,796
CTCACCAATAGTGTTG,,0.0006,0.0006,76,11513
GTCGGTGGGGAGCTAT,A195M S205Y G208Y I334H,0.0006,0.0006,76,10197
TTAACTGTTCATAACC,,0.0006,0.0006,76,10159
AATGAGATCAGCCTTA,H131R,0.0008,0.0008,76,8020
ATAGACGACCAAAGCT,,0.0008,0.0008,76,7738
TACACACCACTCTCGA,,0.0009,0.0009,76,6943
CTGAGCACAATTTTAA,N37S A132Y,0.0011,0.0011,76,6128
CGCGTATTTGCTAAGT,F140W N146R,0.0012,0.0012,76,5251
ATCAACTTTAGCACCA,S27A L50Y Q223Y,0.0032,0.0032,76,2021
AACCTGCACAAAGCAA,I162Y,0.0042,0.0042,76,1548
TGGTCCAGATAACTTT,S135V N146T,0.0043,0.0043,76,1511
GACATTTATTGAGCAC,E100G V164W N185S N409I,0.0540,0.0540,76,120
CAGTTTTTGCATCCAA,F147Y,0.0004,0.0004,75,14733
TTTTTAAAATGGATAA,Y217P,0.0005,0.0005,75,12614
TCGCGACACGCACAAA,,0.0006,0.0006,75,10588
ACATTTCAGAATAGCG,,0.0008,0.0008,75,8157
CTATAAAACGTTACAG,E151L,0.0008,0.0008,75,7904
CTGGGAGGTTAATTAC,D357R,0.0244,0.0244,75,262
ACTGACTGAGTATACC,M80I M134I S169T N178M,0.1047,0.1047,75,61
AAATAGTGAACCCGTC,N99G M194T,0.0005,0.0005,74,12435
GCCGTCTCCAGCCGTA,V183L,0.0006,0.0006,74,9869
AACACAATAAACCAGG,V97L,0.0007,0.0007,74,8834
CACTTTTTCAGGGACT,S205P,0.0007,0.0007,74,8747
TTAATATATAAAGGAA,,0.0008,0.0008,74,7832
AGTGCTAGATTTTAGT,T59A,0.0008,0.0008,74,7744
TACATAAGCCAATGAA,A152S,0.0009,0.0009,74,7226
GCAAAGACTGACGATA,,0.0010,0.0010,74,6360
TAAGACCCGCAAAAAA,E289K,0.0014,0.0014,74,4405
GAACACCAACTTACCA,E100L V298N L479K,0.0086,0.0086,74,731
CCCGACAAGTCACTAA,L50Q A176N,0.0215,0.0215,74,293
TCCATTAATCTATCTT,M134W E396F,0.0606,0.0606,74,104
TCTTTGCCAACCGCAG,Y200M,0.0004,0.0004,73,15452
AATCCAAAGTATTGGT,T380H T397I,0.0006,0.0006,73,9570
TGCTTATCGTTAATGG,L107V,0.0008,0.0008,73,7757
CACCTATATAAAGTAG,H115G A176I,0.0011,0.0011,73,5473
GATGACCACGTACATT,C41S N148V,0.0016,0.0016,73,3825
AACTACCAGATCCTTT,S171I T182A R250H S392C,0.0077,0.0077,73,810
AGCCGATTAAAATAAA,T296Y E404I,0.0136,0.0136,73,456
AGCTGTAACTAATATC,A340D S392K I452M,0.0218,0.0218,73,285
CTCTTTCGAACCAGAC,,0.0004,0.0004,72,14899
TGCCAAAATAATCATT,,0.0005,0.0005,72,11565
ATACGTCTATCGATCT,L51V K125Y,0.0006,0.0006,72,10878
CTGTGGTGAAAAAGGA,K465L,0.0007,0.0007,72,8359
CGAAAGGTCCGCAAAT,N99R,0.0009,0.0009,72,7111
CCCCCAATCATAGATT,,0.0009,0.0009,72,7069
ACTCAGCCAAAAAGAT,,0.0014,0.0014,72,4322
CAAAATACTCTTAAAA,V28M M134I I239L G484S,0.0018,0.0018,72,3421
ATCCGTAAGTAAAAAA,D402H,0.0082,0.0082,72,745
TGGGCGCTTTGACTTT,D229P D402L,0.0107,0.0107,72,574
GAGCGTACGGAGGTGA,N37C T101L,0.0164,0.0164,72,374
ATCTCCCGTATAACAG,V44R A297V K417T,0.0349,0.0349,72,176
ATGCGTCGGTTGGCAC,N79S T261K,0.0005,0.0005,71,12653
ACAGCAAAGAGATACT,R248N,0.0005,0.0005,71,11518
TTAATAACTAATAGAG,Q189L,0.0009,0.0009,71,6945
ATGTCTGCGTCCCTAT,E100V S246M,0.0009,0.0009,71,6473
GGATCATGTTTACATG,T101D,0.0010,0.0010,71,6208
GCAACCCTGTAGAAGC,R248H K461N,0.0010,0.0010,71,6137
AATCGACGAAGTCAGT,M153I,0.0013,0.0013,71,4647
ATCCATATCCGGATAG,A25I T59Q K126W T261Q,0.0022,0.0022,71,2748
TCGCCACCAATAAGCT,L128N Q247M,0.0003,0.0003,70,18838
AATTACATCCCATCTC,A132T K490M,0.0006,0.0006,70,10613
AAGACGGGCTTAACCC,N224Q,0.0006,0.0006,70,9443
TACAGGACCCAAAAAT,V5I,0.0007,0.0007,70,9051
CTTTACCAGAATCAGT,L35C G197V,0.0008,0.0008,70,7736
TTTTACTGGAAATGAA,G198D Q247H,0.0019,0.0019,70,3133
CACCTGAGTAACATCG,L73T Q149A S169R E404K,0.0117,0.0117,70,510
TCACTTTCAAAGAATA,G240L E404N,0.0223,0.0223,70,267
TTCCGGACATAAGTAG,,0.0006,0.0006,69,9155
ACAGTAGAACAAGTAA,E287Q,0.0007,0.0007,69,8690
TAAATTCAATGCTGAC,Q149F N209V,0.0007,0.0007,69,8397
TCAATATTGACTTCGG,,0.0007,0.0007,69,7958
AGAGTTTTGACATACT,M410L,0.0008,0.0008,69,7387
CACATAAATCTGACTG,V47C,0.0008,0.0008,69,7355
AGCGATGCACGCATAC,S199Y,0.0008,0.0008,69,7353
CCACAACCGACACACC,K125R,0.0009,0.0009,69,6616
TAACATTCGCCGTCTT,,0.0011,0.0011,69,5418
CAACGCATCATCAAAG,M153F,0.0012,0.0012,69,4934
TAGAATGTCACCTGCA,M80R T376P,0.0014,0.0014,69,4348
AGTACAAGGCACAGGG,I24C F140M,0.0059,0.0059,69,996
AGAAAAGAAAAGATAC,A123I S246F,0.0075,0.0075,69,781
AACTCTTATGAACCGA,E404K,0.0113,0.0113,69,522
CGCATTCATCCGACAC,K339V,0.0004,0.0004,68,15180
ATAAGCTTTGACCTTT,L128S,0.0004,0.0004,68,14552
CTTCTAAATAGCTCCA,R250M,0.0004,0.0004,68,14329
GCCGAACCATTCTCAA,G186E H354L,0.0005,0.0005,68,12426
CCCACCTACGATACGC,G98T S269L,0.0005,0.0005,68,11900
CTGACAATTATTAGAC,M214I,0.0007,0.0007,68,8708
TACACCAACTGGGCCG,,0.0007,0.0007,68,8402
GGCCAGAAGGGAAGTG,,0.0007,0.0007,68,7940
CTACCTGACATGCTTA,G181P,0.0007,0.0007,68,7793
AGATGCTAACTAGGCA,,0.0008,0.0008,68,7697
AAGCTCGCTCGTTATC,,0.0008,0.0008,68,7310
ACTAAACAAGAATACC,L479I,0.0009,0.0009,68,6220
GAAGTGCAGACTTTAC,,0.0010,0.0010,68,5910
TTTCAAGCAAAAACAG,S60D,0.0011,0.0011,68,5082
CCATTGTAAGCGTATG,S60R K339L,0.0013,0.0013,68,4634
AAGGAAAGAAAAACAA,F117G G159S,0.0014,0.0014,68,4232
AGAACTTGATTCGAAA,E67Y,0.0016,0.0016,68,3608
TCGAACTAGCAATCAT,Q218R,0.0030,0.0030,68,1954
ACCGATAGAGAAGAGT,S85N W196M T377Y,0.0035,0.0035,68,1655
CGAGCTTAATTTTCCA,F233G R248H,0.0044,0.0044,68,1326
CATAAAACTGCCCATG,F157V G160D,0.0055,0.0055,68,1056
TGTAGATATCGCTTAA,T48K P236H C385V,0.0149,0.0149,68,390
TTATGGCAAGATAACA,H170A M332N E404R,0.0232,0.0232,68,250
CCGAAACTGATACGGC,E100V N158S,0.0005,0.0005,67,11558
CCAGTGGCGGGATCAC,N146Y R248Q T274P,0.0006,0.0006,67,9909
TGGCGCCTTTTGGAAG,,0.0008,0.0008,67,7438
AGTCAATAACTTCCTG,Q232R,0.0008,0.0008,67,6806
AAAATAAGCCCAAATT,Q149K E329D,0.0011,0.0011,67,5225
CAAAAACGCTATGACA,T70V Q149R M284T V487C,0.0012,0.0012,67,4749
TAGAAGCCCCATAATG,V164L A173N S246G,0.0016,0.0016,67,3489
CCTCTATTGCAGAGAA,Q149N,0.0004,0.0004,66,13873
CATGTGACAACGGTCC,I162M,0.0004,0.0004,66,12515
CACATTCTAAAGGAAC,,0.0006,0.0006,66,10109
TTTCCTTTAAAACCCA,T261G,0.0006,0.0006,66,9881
CGCGCCCCCCTAACAC,Q149Y,0.0006,0.0006,66,9759
TTGTTACAATCCTAGA,S333N,0.0006,0.0006,66,9230
ACATTGTCAAGCCACA,T108S,0.0006,0.0006,66,9071
TCCTTACGCCAAATTG,R248G S462D,0.0007,0.0007,66,8320
GTATTCGCGATAGCTC,,0.0007,0.0007,66,8251
TTTTTAAATAGAGTAA,N127H L344V,0.0007,0.0007,66,7968
CAACCAAGATAAGAAG,T263S,0.0007,0.0007,66,7712
TAACCCGATCTCAAAC,L349T,0.0008,0.0008,66,7071
GTAGCTCCTCGCTGCC,S199V,0.0010,0.0010,66,5452
TACGTGCAATGAAATC,M153T T190Q G484W,0.0018,0.0018,66,3079
GCCGGGTACCGTTGTC,E151Y Q482R,0.0024,0.0024,66,2363
TGAGCACTCATGCAGC,N338K,0.0078,0.0078,66,720
ATAATGGTGCAAAAGT,L242F T438A,0.0115,0.0115,66,488
TGTCACTGCTAGGGTC,K33Q G174P,0.0127,0.0127,66,441
CATTAGTCCTGAGAGG,Y172R L245K S389M,0.0136,0.0136,66,412
CCAACAACAGGCCACT,E104K W196K G276Y,0.0172,0.0172,66,327
ACTTCCCTGACGCCCA,Q3I F140D C180W R250N E404Y,0.0204,0.0204,66,275
CTCGTGCTGCGACCGC,D311Y L479Q,0.0290,0.0290,66,194
CCTACATTTAAGCAAC,T426P V431M,0.0469,0.0469,66,120
AAGCGATAACCATTAC,N158L M312G H457Q,0.0922,0.0922,66,61
TTATAGTGTCTCACCA,L479W,0.0005,0.0005,65,11670
GACTTACGAGATGACG,W210R R248S N395T,0.0005,0.0005,65,10588
CATAATCCGGTTAATA,Y217M,0.0007,0.0007,65,8110
CCCAAAGCTTAAATGC,L479V,0.0007,0.0007,65,8068
TGAGCTACAATATCAC,N119F,0.0007,0.0007,65,7530
TTGAAAAGCAACCCAC,,0.0008,0.0008,65,7279
TTCCCATCGAAGTTAC,L133S G360R,0.0010,0.0010,65,5812
GCATGTTCAAGAACAC,C155Y,0.0010,0.0010,65,5554
CTCATAATTACCCGGC,,0.0010,0.0010,65,5311
GATGGAATAACCATCA,,0.0014,0.0014,65,4061
TCAGCTTTCAACTACA,W210R,0.0014,0.0014,65,3857
CTCATAGTTGACATCC,T190R,0.0050,0.0050,65,1102
GCTTATTCACACAAAT,D401I,0.0061,0.0061,65,909
CATGACAAGCGGTGAC,K161I A173L M192I W196G T296F,0.0165,0.0165,65,335
CCCACTGACCACACAA,L326E D402R N409L,0.0225,0.0225,65,246
AGTAGCATCCACCGAA,S27R L103C H115C F157H T249S W489R,0.1420,0.1420,65,39
TATCGAATGAACAGGG,D156I,0.0005,0.0005,64,10674
AATAGCAATTTCTAAC,L120W S199L,0.0005,0.0005,64,9937
TATCAATGCAACTAAA,Q335R,0.0006,0.0006,64,9272
TGTTTCTGATTGGTTA,,0.0007,0.0007,64,7760
TCTAGTTTACCGCAGC,T58M,0.0011,0.0011,64,4955
CGGAAATACGCCAAAA,D175Y,0.0013,0.0013,64,4210
CGACAGATTTCAACAC,R491D,0.0013,0.0013,64,4186
ACAGGCCTACTCAAAC,S143R,0.0068,0.0068,64,800
TTTATTATCTAATAAA,E289V N295Q M410T P466L,0.0128,0.0128,64,426
CAGCCTAACAAGGAGC,Q9R Q149L E287P Q482P,0.0157,0.0157,64,347
CTCAGGCGTACCAATA,S199I D432*,0.0220,0.0220,64,248
GTCAATGACAAAATAT,T48R,0.0247,0.0247,64,221
CTTGGCGACTTGAAGG,N114E,0.0004,0.0004,63,12960
CAATGAAAAACATGAA,A152G,0.0005,0.0005,63,10189
TTTAGATGCTTTCAAT,,0.0007,0.0007,63,7665
GTAACATATCCATCAG,,0.0007,0.0007,63,7520
GCGATACCTTACCTCA,Y200I I337L,0.0008,0.0008,63,7144
AATTCTAGGAGCATTA,F147L,0.0008,0.0008,63,7082
CAAGTCCTAATCTAAT,P145S K481Q,0.0008,0.0008,63,6780
AAGAGCACTTCACAAC,,0.0009,0.0009,63,6301
TTTTCCTAACTGACCA,F117D T182N L442I,0.0026,0.0026,63,2104
CAGATAGACTATCATG,D268C,0.0030,0.0030,63,1767
ACGATCATCGCTCTAT,T274H L394R H398S,0.0245,0.0245,63,219
ACCAGCCGTCATTAGC,R193W K417V V435R S462G,0.2064,0.2064,63,26
CGTTAAAACGCCCACG,M134V,0.0006,0.0006,62,9569
GCACCATAATGACTGC,,0.0006,0.0006,62,9384
AATTTGTAATTACAAC,T139L,0.0007,0.0007,62,7848
ATTACTCAACTAATGT,S444T,0.0007,0.0007,62,7357
CAGAGCCTCAGAGAGC,,0.0009,0.0009,62,5847
TCGGTTGTCAAATTTT,I213T,0.0010,0.0010,62,5163
GTACTTGTTGACATAA,R325N V459R,0.0010,0.0010,62,5081
AACTCCCTCTCACTCA,K481R,0.0011,0.0011,62,4817
ATGCCCTCGGTTTCTC,,0.0014,0.0014,62,3693
CAACGATCTATTTCTT,R235L W283F H398Q,0.0023,0.0023,62,2264
CTGGTTCCGCAAATGA,T48S Y129L T296N,0.0055,0.0055,62,969
CTAAAGACCATATCAA,Y172N D175V R193W Y441D,0.0230,0.0230,62,230
GGAGCTGGTACACGCC,S85I S143T F309G,0.0433,0.0433,62,122
CACTTAGACTGATTTT,I136V Y241V,0.0508,0.0508,62,104
AGCGATCCAGGGGCGA,P145S W210M I221V E404F Q482S,0.1056,0.1056,62,50
ATCGTAACAACTGGTG,D357T,0.0004,0.0004,61,12043
ACAATTGTTCTACACT,,0.0006,0.0006,61,8086
AGACTTAATTAGTAAA,G160S,0.0007,0.0007,61,7375
CCAATTCAATTAAGAG,,0.0007,0.0007,61,7365
TATGACCGCATGTGCT,L220I E228M K481R,0.0007,0.0007,61,7004
AATACTGATCTGAAGA,L245A,0.0007,0.0007,61,6996
AGCACACAATTATATG,,0.0008,0.0008,61,6141
ACCAAATTTTGGAGCC,,0.0009,0.0009,61,6051
TCAGTTAACCAATTCT,K304W R379G,0.0009,0.0009,61,5727
TTACTACGCAAAACCT,A132T I337M,0.0010,0.0010,61,5310
ATTATAAAGTGGATGC,K125C S163Y T225V,0.0017,0.0017,61,2994
GCTGCTGAATAAGGGT,E76N S135L,0.0018,0.0018,61,2831
AATGTTTTAAGCCACA,,0.0023,0.0023,61,2243
CACAGAAAAACATACT,W386R,0.0032,0.0032,61,1606
TGACGCAGCACTATTA,A123H,0.0065,0.0065,61,799
TCTGGTCTAGCCATGT,V31F A343R,0.0083,0.0083,61,627
GCAGTGTCTCTTGTAC,N119I,0.0083,0.0083,61,623
TGTGAGCATGATGCAG,H398K,0.0093,0.0093,61,558
TGATGAACTAGCCAAA,L280R,0.0112,0.0112,61,465
AAAAGGCCGAGGACCT,T110C N127W A132K W283E K488M,0.0369,0.0369,61,141
AAGACCAAGGTAGAAT,,0.0005,0.0005,60,9799
ATACTAAACCACATTA,L120A,0.0006,0.0006,60,8171
TGCTAGTATTCATCCA,T48G L447A,0.0007,0.0007,60,6920
AGAACACTAAGAATCA,L245M E287Q,0.0009,0.0009,60,5827
CGGGCCATAGGACCTC,H179V,0.0010,0.0010,60,5307
GCCCATCAAACAACTA,K481F,0.0011,0.0011,60,4843
AATTTGGCGCGCCGTG,,0.0011,0.0011,60,4628
GACCGACGGAAGGTAA,G243V,0.0013,0.0013,60,4063
ATGTGTGAGGTTAGAA,M82V R193K S199L,0.0030,0.0030,60,1706
CGGTTCGACGCACTAA,G42S,0.0035,0.0035,60,1444
TGGCTCGGAATGCATT,L51D Y129* M134R S205D T377S,0.0075,0.0075,60,679
ATTTGCATACAGAATG,S27V G64I,0.0082,0.0082,60,624
CGTCGAGATAGCAACA,L107H Y369T,0.0089,0.0089,60,576
GAGCGCAGCAACCTAT,L128P,0.0118,0.0118,60,434
ACACCTCTTCCTAATT,V47L T81N N148K,0.0129,0.0129,60,397
AAGTAACCCCATTTTG,Q149N I162M T261P E413W S437G,0.0393,0.0393,60,130
GATGTGACGCCATAAT,I24G L245S C364R,0.0562,0.0562,60,91
ATCACTAGTTCCTACG,F140M,0.0005,0.0005,59,11040
TAGTCTGGCCTGCATC,D251V K272V,0.0006,0.0006,59,8630
ATATCATGGTGACCCT,K63G K161R R193S R379L S400M,0.0008,0.0008,59,6694
TGTCAACACCCCTGAC,,0.0008,0.0008,59,6639
GTTTGAGCCGAGGAAC,,0.0008,0.0008,59,6313
ATTTTTAACCTGTACC,S199Y,0.0008,0.0008,59,5956
GAAAGCGAATTTTACA,E421A,0.0011,0.0011,59,4408
ATGGAAAAGTTCTTTA,I144L E228V,0.0012,0.0012,59,4220
CTAGTCCCCAGTACGT,A152S A177T G460D,0.0012,0.0012,59,4142
TCATCAACCTAATTAA,,0.0012,0.0012,59,4126
TGTGTATTGAATCGAT,,0.0016,0.0016,59,3166
GGACGGCAAGGTTACA,L142C T225I,0.0016,0.0016,59,3157
GATATGAGGACTAAAT,,0.0017,0.0017,59,2958
TTAAAACATCACAACT,N89L D175N S216R K488S,0.0089,0.0089,59,566
TGGATTGTAGCCCATC,H398S I403R K488H,0.0116,0.0116,59,432
TTAGTCAGCACAGAGT,R248Y E307S N390Y,0.0131,0.0131,59,384
ACCGCAACTTCTGTCC,D311V H467R,0.0150,0.0150,59,334
TTTTGCAAGATGACGA,S392M S444R,0.0242,0.0242,59,208
AGGCGCAACCAATAAG,M153V M214V L344P,0.0508,0.0508,59,99
CGCCTACAAACCTTAA,G160N,0.0005,0.0005,58,9395
GACGAACCCACACAAT,,0.0006,0.0006,58,8237
CAACGAAAACTATTGA,,0.0007,0.0007,58,7436
GGTGATGAATCCCAAA,,0.0007,0.0007,58,7206
CCTAAGCATAGCTATA,M420F,0.0008,0.0008,58,6321
TATATCAAAACATTCC,L355V,0.0008,0.0008,58,6239
CCCTGAAGTCTCCGGA,,0.0009,0.0009,58,5552
CTTAGAATGGCTGTTT,,0.0009,0.0009,58,5510
ATCCAAACAAGATGCT,K88Y N158L,0.0009,0.0009,58,5363
AGGCATAAGCACGGAC,,0.0011,0.0011,58,4531
CTAAAAAAACACCAAC,,0.0011,0.0011,58,4405
AAAACCCAAAATCTAC,,0.0012,0.0012,58,4003
ACATTCCTATCCAACG,K490R,0.0017,0.0017,58,2908
CATACGCGTAGAGTTG,G160F,0.0025,0.0025,58,1946
CGCGTACCACACTAAT,W210D,0.0030,0.0030,58,1628
CAGTAGAGCACAATTG,I162Y,0.0035,0.0035,58,1397
GGTGTTCTATAGCATT,K88N Q232T H354R,0.0094,0.0094,58,524
CCTAATTTTAACACAC,I286Q R468H,0.0124,0.0124,58,400
ATTCACACCAAGGTAA,V11C,0.0133,0.0133,58,372
CCATGTCCACAGCTCG,K33V,0.0321,0.0321,58,154
TGTAGCTAAGAAGGGT,K63R E76D A132N W196T R256* W283Y Q482R,0.0386,0.0386,58,128
ATATGGAAACGTTCCG,K63Q A173F Q348R P464S,0.0449,0.0449,58,110
AGCGGTATCACAGCCA,L73N K116N G160K Q247I T261S N295D,0.1704,0.1704,58,29
ATTCACCTGTTTTAGT,K126I S171T,0.0005,0.0005,57,10399
TCGCTAAATACCCTGA,N158Q I474V,0.0006,0.0006,57,8499
TCGACCGTTCTGCAAT,,0.0007,0.0007,57,7337
CTCAGTGTATATAACT,,0.0008,0.0008,57,6297
ACACCTGTGAACGCTG,,0.0008,0.0008,57,6160
GATTTACACGCCAATT,A173Y,0.0009,0.0009,57,5622
GGAGATTGGATACAGT,N99S T397Y,0.0009,0.0009,57,5619
GACCAAGAATGGTTTA,,0.0009,0.0009,57,5608
ACTCAAATCGGTATAC,Y200I,0.0009,0.0009,57,5512
TAGTCTAAATAAACAT,R325L,0.0009,0.0009,57,5197
CAGCTCTTCGACGGCC,,0.0010,0.0010,57,4801
TTATACCGGTAGGGCA,,0.0010,0.0010,57,4648
TAGCCCGCTATTGGCA,S60N,0.0011,0.0011,57,4349
CACAAAACGACATTCC,,0.0014,0.0014,57,3369
TTTGATCATCTATATT,,0.0014,0.0014,57,3357
AGTTGTATCACAACAT,Q223L,0.0015,0.0015,57,3313
GTCGACGAAAACCCCA,S135V R491Q,0.0048,0.0048,57,1003
TGGCCCTCGTTTTCGC,L128S Y219N,0.0100,0.0100,57,485
CTGCACTAAAGTTCCC,M96* V450M,0.0128,0.0128,57,379
CGTATATCAGAACCTA,L46I E67Q N127Y S171N K339T H354L,0.0138,0.0138,57,352
TACATGAATGTCCCTA,Y150H,0.0004,0.0004,56,11331
CCAGCGATTACATATT,H230S,0.0005,0.0005,56,10497
AACGGATCTACAAAAC,,0.0006,0.0006,56,7571
TATCTTAAAACTAACC,,0.0007,0.0007,56,7207
GCAGGGATCCTGTTCT,,0.0007,0.0007,56,7119
ATTGCTACGTTACCAG,K339R,0.0007,0.0007,56,6926
TATTATGCCAATGTCT,Y62L N209R K272Q,0.0008,0.0008,56,6254
CAGAGGTCTGTATTAA,G198N,0.0008,0.0008,56,6160
TACTAACACCATGCAT,D156N,0.0008,0.0008,56,6103
GGAACGAAACATTTAA,D156G,0.0009,0.0009,56,5156
GTTTAACGCTGTTATT,M192V H471R K488L,0.0010,0.0010,56,4825
TAACGTCGACCGACTG,K304E T376S,0.0011,0.0011,56,4394
TCGGCCAACCCACAAA,G174V,0.0016,0.0016,56,2905
CTTGGCATGACGTAAA,H13F L29A N99S I334W,0.0020,0.0020,56,2380
AAGTAAAAGCAACAAC,E228D L259E Y419Q,0.0040,0.0040,56,1191
TCGCTATGTTATGCCG,H354M F434V,0.0040,0.0040,56,1187
CACCGACCTACTTCGA,L52V L120R,0.0145,0.0145,56,328
GGTCAACGTAGCAATT,N114K T263L S437F,0.0155,0.0155,56,307
GATCCACCAAATTACT,G198N I286P,0.0191,0.0191,56,250
AACTAACGTACAAGAA,E404S,0.0318,0.0318,56,150
TAATTTCACTGTGTAC,L280S,0.0351,0.0351,56,136
CCTTAAATTATTAGTC,E76L S135T F191L,0.0003,0.0003,55,13552
ACACTACACCAAATGA,S111G M134F M214L,0.0004,0.0004,55,11543
GGTACAAACATCTGGA,K116S V187I A202T,0.0005,0.0005,55,10260
GAGTCGTACAGACAAT,S135Y A202G,0.0005,0.0005,55,9493
ACCTTCATACCTCCTA,,0.0005,0.0005,55,8965
CCCCTTTCCGACTCTG,,0.0006,0.0006,55,8102
GATGATGACAGCATAA,,0.0006,0.0006,55,7459
TCATTAACCCAAATGC,,0.0006,0.0006,55,7406
AAATATTTGAATTAAA,R248K,0.0006,0.0006,55,7373
AGATGAATCATTGATG,,0.0007,0.0007,55,7021
ACTGCCAATTACACTT,,0.0007,0.0007,55,6349
ACCCTAGCCATGTGGC,K490Q,0.0008,0.0008,55,6078
TAATTGTCTTGTAAAG,,0.0008,0.0008,55,5782
CGCTAAAGACATCCTA,,0.0009,0.0009,55,4945
CGAACATTAATAGGTT,,0.0010,0.0010,55,4682
TCACATATAATATGCG,Y150E L220M,0.0010,0.0010,55,4509
TACGCCAGATGAACGG,K304W,0.0011,0.0011,55,4449
AACTACATCCAATCAC,D273F E396K,0.0011,0.0011,55,4168
CCATCACCACTGAGGA,G64R,0.0011,0.0011,55,4085
GTAGCGAATATAAACA,T59R Q149L,0.0014,0.0014,55,3425
CCGCGTAGATTTCTCC,G360S,0.0014,0.0014,55,3382
TCCCAGAAATGGACAA,H124P V341R S462I V485G,0.0015,0.0015,55,3031
TTGCCCACAAGCAAGA,A132Y M284S H305R,0.0016,0.0016,55,2905
CGGTTGGAGCTTGAAC,A30L G64Q D273Y,0.0020,0.0020,55,2329
ACCATAATCTTATCCA,,0.0021,0.0021,55,2264
CTATGAGAGATAATCA,N319T,0.0021,0.0021,55,2183
CCGTCAGAAAATCAAG,L259Q,0.0025,0.0025,55,1848
CCACCCAAGCGAATCC,F157S A177K,0.0080,0.0080,55,588
TAGAACCATGAGTTAA,T139W,0.0107,0.0107,55,436
TAAGAAGTGTACCCAT,I252V E404K K481Y,0.0133,0.0133,55,351
ATGCGGGAGATCCAAA,G54I N90T T226Y,0.0160,0.0160,55,293
CGTAACACTAATTCGT,L245P E329D D347V,0.0163,0.0163,55,287
TAACTGTTTTGCCCAG,V5A T70M Y94C,0.0185,0.0185,55,253
TTATGTATCTGATTTC,N146E P427L,0.0345,0.0345,55,136
ATATTTAGAAATGGTT,L142Y T225G W386V,0.1201,0.1201,55,39
GCAAGGATTTACAACA,L315A L372T,0.0004,0.0004,54,10260
GATTCCTTTAGAGGCC,N90S N148Q,0.0006,0.0006,54,7772
GGTTACACATCATACT,H115T,0.0006,0.0006,54,7108
GATAAACAGTTGTGGC,V65G G294Q,0.0008,0.0008,54,5866
GTTCTGTCGTTATAAG,,0.0009,0.0009,54,5259
CAGGGCCTATATCCAA,G197F E396L,0.0010,0.0010,54,4565
GCGTAATCTTGTGGAA,L103F P483S,0.0011,0.0011,54,4253
CAATTATAAGTCCAGA,S143V H170F K320R,0.0012,0.0012,54,3833
AGAGACAGAATTGGCA,I252S,0.0014,0.0014,54,3196
TACAGAACGTAATCGC,R248P G276N,0.0019,0.0019,54,2398
CGCTGACTGGCGGAAA,F117M S135L,0.0048,0.0048,54,949
ACAGTTGCGGCACAAA,C212L D229E L242I,0.0083,0.0083,54,557
GCAAAACGGATCAAAC,F157I I323N,0.0111,0.0111,54,416
TTAGTACAAACATCCT,S60I S154G L336A,0.0115,0.0115,54,401
GGAGGTAGAGGAATAC,Y129M,0.0178,0.0178,54,259
CCAATTCCGTAGTGCT,E72S M192R I222S,0.0189,0.0189,54,244
CGTCATGTACAGAAGG,V28I S389L I458N,0.0204,0.0204,54,225
GAATATGCTCGTAACA,V14R T40F Y200D A343N,0.0400,0.0400,54,115
CTGCCATCAGCATTCG,L68K,0.0484,0.0484,54,95
CCAAGACCTTTTTAAC,G2Q I21Q L61A,0.1180,0.1180,54,39
ATTACACCACAGCAAC,I334Y,0.0003,0.0003,53,15691
AACCTTGCACAATCCA,A152S,0.0004,0.0004,53,10855
ATGAATCAATCTGCAT,D156S,0.0005,0.0005,53,10028
ATCATCCCAGGCATAA,S154F,0.0005,0.0005,53,10001
AAAAGACTAATCACAT,V28M,0.0006,0.0006,53,7885
TAATTACCTGTTTGTT,V183A,0.0006,0.0006,53,7783
TTTTCCATAGCATTGT,L133W,0.0006,0.0006,53,7711
TGAGTGACGTTTTAAC,,0.0006,0.0006,53,7592
ATGATTAATCGTAATT,T101H,0.0006,0.0006,53,7537
GAGACGCCGCTAGCCC,I21V L50I K116G G271E,0.0006,0.0006,53,7274
TCTTTTTTTGCAGTAC,,0.0007,0.0007,53,6593
TAGCAACATTTCGCAG,Q218N,0.0007,0.0007,53,6574
GAAACGAAAGCTAGTA,,0.0007,0.0007,53,6551
GCACGCATGTCAATCT,V5I N79H V97S K339N,0.0007,0.0007,53,6203
AAGGTCTGAAATGTAT,,0.0007,0.0007,53,6170
CTCACAAAACAGAGAA,E67K,0.0008,0.0008,53,5567
CCGAAATATGTCACCC,S171V E307S,0.0008,0.0008,53,5350
TCGTATAAGTCTAGAA,,0.0011,0.0011,53,3976
TACGCTAAACGCGACC,A177F,0.0011,0.0011,53,3973
AGATAACGGAGGCGTG,A340V G391R,0.0015,0.0015,53,2991
AGCCGTCAACCATTCT,I24S,0.0019,0.0019,53,2406
CCGTACGCCCACGACA,A30S Y217S A288S,0.0019,0.0019,53,2396
CTAACTGCGCTCTTAA,L51S,0.0022,0.0022,53,2060
GTACTACGGATTAGGT,K125E V459K,0.0029,0.0029,53,1553
GTATCCACGCTACAAT,Q69L H131V,0.0037,0.0037,53,1229
CAATCATAAGGTCATG,M75S,0.0041,0.0041,53,1092
GTCTGATAATTATACT,Y129V,0.0042,0.0042,53,1064
ACTATCCAGACAGGCG,E100K N148Y,0.0054,0.0054,53,842
TGCAACAACATGTTTC,,0.0101,0.0101,53,447
TATAGACTTACATAAT,I254S E404R,0.0149,0.0149,53,304
GACAGTCAGTAGCTCG,L120V W227C Q331L N390E,0.0187,0.0187,53,242
TGCGCTCCGCTGACCA,I201H K417L Q482G,0.0195,0.0195,53,231
TGTGGCACTATTGATG,L142A T182S G198M L258* I358L T375*,0.0233,0.0233,53,194
ATTTTACCGCTAGGTA,Y480L,0.1075,0.1075,53,42
GACACATCGACGTCCA,S169F Q335F,0.0004,0.0004,52,10249
GAATTTGGGCTTTCTA,,0.0005,0.0005,52,9694
AAGTCCAATCTAAACC,A288V,0.0005,0.0005,52,8911
GAAATATGTAGACCGC,G174R S269Y,0.0006,0.0006,52,7709
TTAATACTACTTTTAT,W210P M284T,0.0006,0.0006,52,7650
AAATTTATCTCTGAAG,L245T,0.0006,0.0006,52,7054
AATTACAGTGAATTTC,S85I,0.0007,0.0007,52,6695
AGCGAGTCATCGTAAT,L128N R282C,0.0008,0.0008,52,5855
AGAAACCACGTCCAAA,,0.0008,0.0008,52,5818
TGATTACTTGAAAGTG,,0.0008,0.0008,52,5518
TTATAAAGTTACCATG,T296V,0.0009,0.0009,52,4997
AATTATGCACACGGTG,,0.0009,0.0009,52,4740
CAACGCTTGAGCGAGG,,0.0010,0.0010,52,4457
AGCTGGTAGGTAAAAA,,0.0010,0.0010,52,4222
CAAAAAGTCTTTAAAG,D268R,0.0012,0.0012,52,3638
AGAAACTTTACTGTAA,,0.0014,0.0014,52,3097
ATTATCTGACGCTCAA,T190S Y219L,0.0018,0.0018,52,2442
ACTTATATTAATCAAT,H93S,0.0021,0.0021,52,2094
CCCCGACAAACAAACA,W210Q I337F S476Y,0.0021,0.0021,52,2092
TGATGCTAGAGCAACT,Q416K,0.0025,0.0025,52,1755
AGCGCTGCACTCAATA,T438F,0.0027,0.0027,52,1622
TGTAACCTACACCCTG,I112C I443F G478V,0.0184,0.0184,52,241
AAAACAGGCTGATTAC,L442Q,0.0206,0.0206,52,215
ACAATAGTCTTAGACT,M153T Q232V D357Y,0.0422,0.0422,52,105
AAAACTGACAAGTATC,F147N E396N,0.0886,0.0886,52,50
TAACTGTAGAAGGTAT,E404S,0.1107,0.1107,52,40
GTCCTTATAAGCCTCA,D347R,1.0000,inf,52,0
AACATGGAATAATGTC,F117L G294R,0.0004,0.0004,51,11000
GCCATGTACCGTATAC,,0.0005,0.0005,51,8456
GCAAAGCACTCTGAAC,,0.0005,0.0005,51,8147
TTCAAATAAGGGTCAC,,0.0006,0.0006,51,7243
TTATGTACTCTATAGA,,0.0007,0.0007,51,6487
CTATGAAATTACTCCA,,0.0007,0.0007,51,6333
GCACCAAAACTAGGTA,L107I,0.0007,0.0007,51,6290
ATCTGACCCCCCTGAG,,0.0007,0.0007,51,5804
AGTACCAAAGAGGGTT,G160P H179E,0.0008,0.0008,51,5766
CTTTAACGCGAATCGA,Q3S E76K L120I F316L,0.0008,0.0008,51,5503
AACGCTATGACATCAA,,0.0008,0.0008,51,5359
TACCTATCCCTCGACA,D273V,0.0008,0.0008,51,5214
ATCAAATAATCTTACC,F316V V487L,0.0008,0.0008,51,5168
TACCAAAAAAGTAATC,N178L H305Q,0.0009,0.0009,51,4888
GCGTATCTCCAGCTAG,,0.0010,0.0010,51,4511
CACATCCCATCCTGAT,,0.0010,0.0010,51,4411
ACTTTTATAAACTTAT,K161C,0.0011,0.0011,51,4023
CCACAAAGGACTGTAA,N158T,0.0012,0.0012,51,3539
TAGATTCATGGTGCCT,A176C,0.0013,0.0013,51,3387
TAAGAATTTAAGTTCC,S154N K352M,0.0013,0.0013,51,3277
AGTAAACCCGCCTACC,G260Y,0.0014,0.0014,51,3176
CAGTTAGAATGTAAGT,F140I,0.0018,0.0018,51,2480
CAACCACTCGCAAACA,K465N,0.0025,0.0025,51,1704
ATGGCATTCTTGCCAT,P486S,0.0030,0.0030,51,1460
CACGAACCATCAAGTG,G102R,0.0033,0.0033,51,1307
GAACAAATGAGATAGA,M134W,0.0038,0.0038,51,1130
TAACCGTCTATACAGG,L50Q S216F,0.0041,0.0041,51,1061
GGGATGATCCGAGTGA,S163G V298F E329R,0.0075,0.0075,51,581
ACCCTCTCGGAAGACG,V164W F233S,0.0085,0.0085,51,509
ACAACCGATGGTTCCA,L168G W196R,0.0109,0.0109,51,398
CTTATACGATAGCAGT,E228P N302H I358P P464S,0.0110,0.0110,51,396
CGTCAAAATTATTTTT,L26I T110* N178*,0.0143,0.0143,51,304
GCTGTTGCCGGTCTTA,L35I S389R D401S,0.0147,0.0147,51,295
ATCTATGTTTATACGG,M75G,0.0156,0.0156,51,279
GACCCGACGAAGCCCG,N338K L479Q,0.0171,0.0171,51,254
TTTATGCATATCTCAA,E303L I337Q,0.0402,0.0402,51,108
CGGCCTAGGAGCTGAC,C292Y R356T,0.1143,0.1143,51,38
ACCTGTTGCTTTTCGT,I201D,0.0004,0.0004,50,11314
ATCAGCTTCACAAGAG,H131E,0.0004,0.0004,50,10596
TATTAACAGCTTGTAG,,0.0004,0.0004,50,10051
ATACTTACATATAGTC,I144T,0.0004,0.0004,50,9569
CATATATTTTGAACAG,L128T,0.0005,0.0005,50,9318
GGCCTCGAAACGGTTG,N209Y I334R,0.0005,0.0005,50,9176
GAGTTCCATTCACCTA,W489*,0.0005,0.0005,50,7818
ACAAAAGCAGGAAAAA,N89D Q247F I323L Y369F,0.0006,0.0006,50,7472
TTATACCACGCATGTA,,0.0006,0.0006,50,7270
GCATAAACATGCATAC,G174A,0.0006,0.0006,50,6648
TTCCTGACCACATAGG,H131G G159A,0.0007,0.0007,50,6189
TTAGCAGTAAAGACCG,,0.0007,0.0007,50,5875
CGCCCAAAACAAATCA,,0.0008,0.0008,50,5607
CAATAGAAATTTTACC,K291V,0.0008,0.0008,50,5484
TTAAACCACACTCACT,R55N,0.0008,0.0008,50,5421
AAAAATACAAAGAGGG,E67K G186V S392Y,0.0008,0.0008,50,5379
TGGCACAATACCATAA,G98L V459K,0.0008,0.0008,50,5219
ATTACATAGCTATGCC,H374N,0.0009,0.0009,50,4956
ACATACCACGGCAATA,,0.0009,0.0009,50,4805
AAGTATTTCATGATAT,,0.0009,0.0009,50,4721
TCGAAAGCGTAGTCGA,N224C,0.0009,0.0009,50,4617
AACAATTTGAGAATCC,I21V L61Y A177M D211E,0.0010,0.0010,50,4131
TTTGCACTTAGAGAGT,V485L,0.0011,0.0011,50,3927
ACGCAAATTTGCCACG,A330Y,0.0012,0.0012,50,3603
TCATAAAAAGCCCTGC,E76W E100K,0.0012,0.0012,50,3517
GAGCACTAATTCACAA,I112M M351S V487I,0.0012,0.0012,50,3408
AGTTTTCTTTGAATGT,D156T S199I,0.0016,0.0016,50,2695
ATGACAGGTACATGGG,,0.0019,0.0019,50,2293
ATATTTGGATGTACAA,Y129M,0.0060,0.0060,50,714
ACTGGTGACAAAGACC,N209H D268Q D311H,0.0091,0.0091,50,466
CTTGACCCTTTCACAA,N390* P486G,0.0142,0.0142,50,299
ATTGCTTCAACGCTAC,T106H M410E S439Y,0.1039,0.1039,50,41
ATACTTCCACAACAAA,V11R S121L Y278H V459N,0.1065,0.1065,50,40
ATCATTATTACATACG,E100W I112L,0.0004,0.0004,49,11517
GCCAAGCAATCCCCGA,,0.0004,0.0004,49,10556
GTAGCACAACGAGTCG,,0.0004,0.0004,49,9814
ACAAGCTCACTAAGCC,K126T,0.0005,0.0005,49,7904
TGCTTAATGGCCGTTT,I144N T274M,0.0006,0.0006,49,7303
ACATCGGAAAAAAATA,A177S G186F,0.0006,0.0006,49,7011
ATACCCCAGGCATTCT,I201L,0.0006,0.0006,49,6804
GATAACAACCTAACGC,,0.0006,0.0006,49,6739
CTCCCATTTCCCAATA,K125T,0.0006,0.0006,49,6436
CAAGAACCCTAGACGG,A328I,0.0007,0.0007,49,6005
GGCGAAACATGAGAAA,,0.0007,0.0007,49,5897
GGAGCGAGACTGGACA,,0.0007,0.0007,49,5775
TCCATATAAGCGATGG,Y217M S269D,0.0007,0.0007,49,5727
CACCTACGTCGCTTTT,,0.0008,0.0008,49,5465
TATATCCTAAATTCTT,Y253S,0.0008,0.0008,49,4971
CACCTGGCATAATGAT,K161Q,0.0008,0.0008,49,4946
GATCTTAATAAATCTA,,0.0009,0.0009,49,4887
AAGACGTTAAAAATTG,L266Q,0.0009,0.0009,49,4645
ATAGTCAAGGCAGCCC,,0.0009,0.0009,49,4434
GGATGAACTACAGTAG,Y200I,0.0010,0.0010,49,4091
GATGTGCCGGTTCGAC,,0.0011,0.0011,49,3975
CAAGGAGGTTTGTGCC,,0.0011,0.0011,49,3954
CGGCTGGCATACCCAC,T226I D273F,0.0011,0.0011,49,3954
AGACAGTTAAAAAATA,H115N A184D,0.0012,0.0012,49,3509
GGCGAGCCTGTGTACG,K300R,0.0015,0.0015,49,2739
GGAGCATCTTCCACTA,I21D,0.0022,0.0022,49,1891
CGGAAAAGAATGCTGT,R193T L447H,0.0036,0.0036,49,1168
AATAAAGCACCCTTTA,L29F F157V,0.0036,0.0036,49,1157
AACTATGACACCGTAG,P362C V485M,0.0039,0.0039,49,1077
CAAAATACCGCTTGCC,A132M D401Y,0.0042,0.0042,49,1000
CCGAGACTGTAACCAC,S138P,0.0058,0.0058,49,714
GTCATTTAAGAGGCTT,G102W S199T S269W,0.0108,0.0108,49,385
CAACAGTCCTTATAGC,Y129L S269T,0.0118,0.0118,49,355
GTCATACCAAATCAAA,L103S M312N F318K,0.0187,0.0187,49,223
TTTCCGATCCCTCAGC,C118I V164A Q232A H457Q,0.0211,0.0211,49,198
ATCATAAACTCAATAC,D401T,0.0213,0.0213,49,196
AGTGGTTCAGAATATA,L245* S269M,0.0329,0.0329,49,127
TACCCTATTTCCACAG,A30Y V65M M312L,0.0331,0.0331,49,126
ACATGTTAGGTCCCAT,N109K D401R,0.0342,0.0342,49,122
TAACTTATGGTTTAAT,T77F D204E S205E K339L,0.1070,0.1070,49,39
ATTAACCGGCAGGAGT,S143M N390C,0.1193,0.1193,49,35
AATTCCCGGGTACAGT,T40G Y241C T377S,0.1491,0.1491,49,28
ACAGCATTAGTAGACA,S154Y,0.0004,0.0004,48,11412
ATCCATTACACTACGA,R193K,0.0004,0.0004,48,9473
TTGCGAAGTACAGTGA,Y200C S476G,0.0004,0.0004,48,9167
ACGTCCCCCACTGAAT,M96W,0.0005,0.0005,48,8028
GATCTGACGTACTATC,R250M H374Q,0.0005,0.0005,48,7715
CAAGCCGTGAATCGAC,G160A,0.0006,0.0006,48,7206
AGAAAAAAAGTACCTT,,0.0006,0.0006,48,7150
AATAATCAACCCTTTT,R207V,0.0006,0.0006,48,7138
ATCGCTATACAATTCT,G208T,0.0006,0.0006,48,6898
AATTGAATTGCAACAA,,0.0006,0.0006,48,6896
ATTCAATGTCATACCG,F117H R193W N390R Q405M,0.0007,0.0007,48,6252
ACTAATTAGCACGCTG,T110R,0.0007,0.0007,48,5969
CTTTAATAAACTCGGG,L29I,0.0007,0.0007,48,5843
CAGATTCAGCCCTGCC,F7W S205K I252C,0.0008,0.0008,48,5289
ATCTAACATAGGACAA,,0.0008,0.0008,48,5208
CACACATAGATGAGTA,N209T L245V K461L,0.0008,0.0008,48,5166
ATCTCTCTTCCGTCTT,S199F Q247G V485T,0.0009,0.0009,48,4458
GAATCAACTAGAAATT,,0.0010,0.0010,48,4263
CTAAGATTGAGTCAGG,,0.0010,0.0010,48,4109
AAAATAAGTAAAATGA,Y62N,0.0011,0.0011,48,3664
AAGAGTTCCCTACGAC,T397Y,0.0011,0.0011,48,3574
AGCTAGAGGCCATACC,S389G,0.0015,0.0015,48,2757
AAGAATTTCAAAACCA,A39V,0.0015,0.0015,48,2718
ATTCGCTGCGACAAGG,,0.0019,0.0019,48,2102
TTCATCGAATGGCAAA,T77D T397V,0.0021,0.0021,48,1988
TAAGCGGAGTTGCGAA,,0.0022,0.0022,48,1859
ATGTTGTTGCAAAAGA,R248P,0.0037,0.0037,48,1116
ACAGAGGGCTAGCGTG,Y441N,0.0045,0.0045,48,909
TCCGGATAGTATGTCC,K488S,0.0048,0.0048,48,851
GGAATCGAGCGGCTAT,G159L R235L,0.0049,0.0049,48,840
ATGACAATATTATGCA,S85C I144T,0.0059,0.0059,48,693
ACCGCGACACCCACAG,T101I D156I T225S D357N,0.0066,0.0066,48,617
ATATAACTGGACATGA,K33N V187N S199K D273A,0.0077,0.0077,48,529
GAAACACATGGCTATA,Y66F L220Y,0.0089,0.0089,48,459
CTGCGTCAAGCCTAAA,N342L T380C H448L,0.0092,0.0092,48,446
AGTCAAAGTACAGTCG,C86T D357R F436R,0.0144,0.0144,48,284
CTGAAAAGACCGAATT,G2V N109K,0.0171,0.0171,48,239
GAATTTATCAGACAAA,P236I E404Y,0.0188,0.0188,48,218
TATGAGTTCAAAGGAC,H124N Y217N,0.0191,0.0191,48,214
AACCTAAACGACACAT,T225L D402L,0.0235,0.0235,48,174
ACAGCCGAATGCGACT,T87S I337P,0.0274,0.0274,48,149
TCTGAGCCAAAAAGAA,Q69L I239F,0.0362,0.0362,48,113
CTAATAACACTTCCGT,E404V P483R,0.0422,0.0422,48,97
GACTTCCGTTCCATAA,E10F G34C L46A E404L,0.0870,0.0870,48,47
ATACTTTGTAACACTG,K125L,0.0003,0.0003,47,15068
CGCACAGTAAAACAGA,M80R R250K,0.0004,0.0004,47,10180
GACGATTACCAAATTT,,0.0004,0.0004,47,9820
TCGAACAATGATAACC,,0.0005,0.0005,47,8775
TATCAGACAAATCAAT,,0.0005,0.0005,47,8701
TGTGCGCACACAGAAC,N99Y,0.0005,0.0005,47,8412
TATAAATTCATGAAAT,L128R,0.0005,0.0005,47,7748
ACCAGAGAATCAAATG,G159E G174Y,0.0005,0.0005,47,7551
CTTTGCACCTTCGACG,K88S,0.0006,0.0006,47,7215
CTTTCATATAGCCACG,A195S,0.0006,0.0006,47,6628
ATCACAGCAATGCGGA,S476K,0.0007,0.0007,47,6098
TCGATCAATGAGCGCC,,0.0007,0.0007,47,6000
TTCCATAATCACATCA,K88H Q321F,0.0007,0.0007,47,5877
CAGAATATCCTGAAAA,Y253F,0.0008,0.0008,47,5166
CCTTAACAACCTAAAA,E287L,0.0008,0.0008,47,4994
CCGAATTAGATCGAAG,M153T T376F,0.0008,0.0008,47,4828
AAGTCCAGTGACATCA,M153C,0.0008,0.0008,47,4802
GAAATTCATATATCAA,,0.0009,0.0009,47,4646
AGCAACAACTTGGACA,K300S I334M,0.0009,0.0009,47,4623
ATACACCACTAGCCCC,,0.0009,0.0009,47,4405
TCCCTTCCCAATACGC,,0.0009,0.0009,47,4290
TATCTCATCTTCTCAA,S199H,0.0009,0.0009,47,4234
ATGACCGCATACCATA,,0.0010,0.0010,47,4207
CCATCATGTCCTGGTG,,0.0011,0.0011,47,3632
TAGCTAGCCGCGACTC,,0.0012,0.0012,47,3449
TTCGCCAAACACTAGG,S143N N158Q,0.0012,0.0012,47,3321
ATGCTAATCAATGACT,S392V E396T I452M,0.0013,0.0013,47,3071
GTTAGGGGAGAAGAAC,A39W N79Y,0.0015,0.0015,47,2623
GAAGTGATAACTGTTC,L442S,0.0017,0.0017,47,2298
CCAATTTCTCAAAGTT,L29A Y200S Y278L,0.0019,0.0019,47,2144
ACCCTACCGAATCACA,A195T V341N,0.0020,0.0020,47,2018
GACAAACAAATGTTGA,W196N,0.0022,0.0022,47,1856
ACATCCATAGGGACTT,Y129S,0.0024,0.0024,47,1697
CTTGATGAATAACTAC,I452W,0.0028,0.0028,47,1426
GAATAAACATTTTGTT,N74S N390G H448N,0.0031,0.0031,47,1301
AGGCCTAATCGCTACA,F157L,0.0032,0.0032,47,1248
AACACACGCATAGCAA,M153T W210R F233K A288D,0.0033,0.0033,47,1211
AATCTTCAGAGAAAAT,M153A A340V,0.0096,0.0096,47,418
AGTTGGATTTACATCA,R456F,0.0105,0.0105,47,382
TTTGGAAAATTACACA,T6K,0.0107,0.0107,47,375
AATTTTACTTACTAGA,Y253* S444*,0.0121,0.0121,47,330
CTAAGCAAATACTTAA,S216N D347Y,0.0124,0.0124,47,322
TACGAATAGTGTGATC,I358V D402V,0.0133,0.0133,47,300
ACAAGAACAGTGTGCA,V97W L372P N395T,0.0170,0.0170,47,235
CATATTTCCCGCGTCC,C180L M214I T225P Q335M R456Y,0.0173,0.0173,47,231
GTACATAAATGCTTAA,S56K D211V Q331- R422I,0.0240,0.0240,47,167
CAATCAATATACTCAC,I239S K461V N470Y,0.0243,0.0243,47,165
TAAAAGGCGTTTAACC,T81F Q232V,0.0357,0.0357,47,112
GCTAACTCTATGAAGA,I136P Y200A,0.0440,0.0440,47,91
CTAAATCTACTGCCAC,N185I K352H,0.1001,0.1001,47,40
CTCTTTGGTAGCCTCA,N79E S199R N390K,0.1178,0.1178,47,34
GAGTAGCTTTATAACA,I24S G98S N302F I443M,0.1430,0.1430,47,28
GTCACGTAGATGACAC,F147Y,0.0003,0.0003,46,11459
GATCTGCAACAAATTA,K126L,0.0004,0.0004,46,10347
CATTAAAAGATCGCCA,N114D G260Y,0.0004,0.0004,46,10116
TCTAATTTTCAAGGGT,G160R,0.0004,0.0004,46,9400
TGAAAATCAAAAGCTA,,0.0005,0.0005,46,8503
ATGAAACACAAGGATT,S169H I334S,0.0005,0.0005,46,7921
AAAAACCAACCAGAAA,I113Y T274R,0.0005,0.0005,46,7614
GAGTCTAATTTGGAGT,,0.0005,0.0005,46,7559
CATGGTTCAGTAGCAT,Y253N,0.0006,0.0006,46,6907
CTTCCCGTCGTCATTC,M134L T296A,0.0006,0.0006,46,6542
AAGAACATTCATGCAA,,0.0007,0.0007,46,5957
ACAATCGATCTCTAAT,L103V,0.0007,0.0007,46,5761
CAATCGTCTCAATCCT,,0.0007,0.0007,46,5604
CAAAGAAACGGGTGGA,,0.0007,0.0007,46,5532
CATAATCGGCTGTGCA,,0.0007,0.0007,46,5501
GGTAGCACTACGAGAT,N127Q S389T,0.0007,0.0007,46,5470
GAACAAATTCAATTTT,,0.0007,0.0007,46,5451
AAGCTAAGGGCAGTTT,,0.0007,0.0007,46,5361
CAATGAATCCTCCTGG,,0.0008,0.0008,46,5206
AACGTATCAGGTGTAA,,0.0008,0.0008,46,5057
GGAATAGATTATAGTG,S169N,0.0008,0.0008,46,4869
CCACTGACTTTCTCAA,,0.0008,0.0008,46,4839
AATATCCCAGAGTAGG,S121N,0.0008,0.0008,46,4759
GAGGCGGATGAACGGC,R250T,0.0009,0.0009,46,4292
CCCAGAATTAACTCCC,K352S,0.0010,0.0010,46,3892
TAAAAATAGCGAACTT,G271C,0.0010,0.0010,46,3885
CTAAGAGAATAGATCA,Y200H,0.0011,0.0011,46,3632
GCCGTATATACACCGG,A173T,0.0012,0.0012,46,3165
TCCCCCTATTACAGAA,T139I F440T,0.0013,0.0013,46,3120
AAATAGACATTAAATC,,0.0015,0.0015,46,2671
TGTATTATAAAGAAGC,E76L Y217P K339H,0.0015,0.0015,46,2638
ACCAAACCTGTTAAAA,,0.0015,0.0015,46,2534
TGGCAGAAACAACACG,R207S S333Y,0.0017,0.0017,46,2260
CTCATTTTAATGCTAA,A176M,0.0018,0.0018,46,2181
CAATCCAACATTACAT,E10N H115L,0.0019,0.0019,46,2067
CTTTCTAATGATTACA,I201L,0.0022,0.0022,46,1822
GGATCCGGTTACAATA,Q9I D306V,0.0026,0.0026,46,1507
AAGGGAGTGAGGTCTA,E104I,0.0029,0.0029,46,1342
GACGTGGGAATAAGAT,L29Y,0.0032,0.0032,46,1238
ACACTACGCATACCAG,N79L A407L,0.0055,0.0055,46,710
CGTGTCCCGTAGATAC,H124N Q331C,0.0060,0.0060,46,657
GCGCAGCTATCGCTTG,H13I T101S D229V L280P E404L P427R,0.0151,0.0151,46,259
AACAACAACCTTTCTT,S154N G160P I445S,0.0163,0.0163,46,241
TTGATCAGTAAAGTAT,V5G G260F,0.0167,0.0167,46,234
AATCAAGTCGCAAATA,N74Y D130S G484D,0.0196,0.0196,46,200
GAATACTAGCCATAAA,V44R L128V S169N I222R,0.0214,0.0214,46,183
GTAAGTTGTTACCAGT,L120K S199F T226S S333P P453A,0.0232,0.0232,46,169
ATCGAAAATAATGTCA,Y217* S381P,0.0240,0.0240,46,163
AATATAACTAAAACAT,F318W L344N M472T,0.0344,0.0344,46,114
AAGAAGACAGCCAGCA,Y36K D204N,0.0377,0.0377,46,104
CCGAACCGGAGGCGTT,S234F I337H,0.0933,0.0933,46,42
TTAACGGCCCTAGTAC,Q3P E72D Q149N F157M L449D,0.1306,0.1306,46,30
GCTTTACAATAAAACA,V187S C475E,0.1704,0.1704,46,23
CAACAGCTTATATCCG,G160A,0.0005,0.0005,45,8502
AGTTCTAGATATCTGG,Q149M,0.0005,0.0005,45,8246
CTATTATCGCATCCAA,,0.0005,0.0005,45,7942
CTCAAAGCCCATAAGT,,0.0005,0.0005,45,7804
GGGATAGTGCATGACC,,0.0005,0.0005,45,7709
CAACCAGTGCCATGTC,,0.0005,0.0005,45,7462
CCACCCATAAGACCAC,,0.0005,0.0005,45,7016
AAATCCTAAAAAATAA,,0.0006,0.0006,45,6850
CTGAATTCCTTGCCGT,,0.0006,0.0006,45,6426
TGACCCATCCTAATGC,R250I,0.0006,0.0006,45,6356
CTATGGAGTCTACTTG,S205I,0.0006,0.0006,45,6349
ATCAATTACATCAGAA,I286M,0.0006,0.0006,45,6319
TTTTCACAAGTACTGG,,0.0006,0.0006,45,5946
CAATTGGATGATAAGC,V28S,0.0007,0.0007,45,5639
ACTGCTTTCGAGAAAC,,0.0007,0.0007,45,5578
CAAGACGATGCTACGC,N148R,0.0007,0.0007,45,5508
TTTCCCCATGTTCAGA,,0.0007,0.0007,45,5271
GCGTGTGTATGCCGAT,P145T,0.0007,0.0007,45,5246
CCCCTCAAACAGCTTA,,0.0007,0.0007,45,5156
TGTCATAGAAACGAAG,,0.0008,0.0008,45,4968
GGGGTAAACACCTAGA,,0.0008,0.0008,45,4712
ATCAGTTCAGTACTTG,T77S,0.0009,0.0009,45,4469
GCACCAGCACTAAGAT,T87I W210K,0.0009,0.0009,45,4323
CAAAAAAATCTACCGA,G186L I411M,0.0009,0.0009,45,4101
CCAATCAGTTAGAGGC,N224M,0.0010,0.0010,45,3689
CCACAACCCGCGCCAT,M472H,0.0011,0.0011,45,3568
CTTTTAAGAACACCAC,L433S,0.0012,0.0012,45,3277
CATTTACAGAAATTTA,T397Y,0.0012,0.0012,45,3127
GTCTTGTCAATGATAA,T139K S205T D273P,0.0013,0.0013,45,2932
CGCCTCAAAACTTAGT,F440S,0.0013,0.0013,45,2908
AGGACGATTCAATTGA,,0.0013,0.0013,45,2874
CACACATGACCTCCCG,,0.0014,0.0014,45,2765
CATGTCCAGTCCATAT,Y217R,0.0015,0.0015,45,2603
CACCTCATAAACATTG,Q149A T215P G478R,0.0016,0.0016,45,2394
GAGCCACGAAAGGTCG,T281S,0.0018,0.0018,45,2138
GGCTATGGAGAATCGG,K88R K161C,0.0021,0.0021,45,1847
AATATAACGCAAAGCA,D156V,0.0021,0.0021,45,1845
CCAGGATCGAGTATTC,E307D R422M,0.0022,0.0022,45,1751
AGGTTATACACACTGA,D401E,0.0023,0.0023,45,1677
AGTCTATCGGACCCAC,L128V I252R,0.0023,0.0023,45,1657
CTATCACTCAGCCAGA,F147I,0.0027,0.0027,45,1396
TGGTCACGAAGCCAAA,,0.0036,0.0036,45,1066
AAAGCTAAAAATACAC,T58M T182S G260F,0.0040,0.0040,45,961
CACTGGGGTTGTAATT,T261F K339I,0.0046,0.0046,45,836
TACGCATATATAGAAA,C180V,0.0056,0.0056,45,680
ATCGGAACTTCATGCC,L107A G198L I350*,0.0074,0.0074,45,517
CTGAGCTGGACTACGC,L68Q N319T,0.0084,0.0084,45,456
TACCAGTGTAGCTCAA,I21D Y200T,0.0119,0.0119,45,321
CGCTAGTACGCAAGGA,L394V,0.0134,0.0134,45,287
AGTCAAAATACCTTCA,S85I N119V Y371F,0.0155,0.0155,45,247
ATCGACCATGACAAGG,D204L L259R T296I K304E,0.0193,0.0193,45,199
TAATAATCGACAGGTA,K33S V47Y L430C,0.0206,0.0206,45,186
CCTTTGGGATTCGTCA,L50V L105F N114F Q189S N346V T376H,0.0224,0.0224,45,171
CTTCAAACTGGTACTT,I15D M194F E289N,0.0243,0.0243,45,158
CTTTCACTATTTTGTC,L73Q K161S P362N W489R,0.0280,0.0280,45,137
ACTGTCCCTCTTTCGT,K88T N109P N146T,0.0290,0.0290,45,132
CCATGGATTATAATGG,D311L,0.0314,0.0314,45,122
AGAGTCGAGTCTTTCG,R207T C385Y T454V C463W,0.0345,0.0345,45,111
TGAACTTTCTTTAGCG,T139I E228Y K339Q Y441A I445T,0.0408,0.0408,45,94
ACAAAGAAAGGGGACA,L61Q D130*,0.0892,0.0892,45,43
GACTAGATAGTCCTCT,L68G G473S K490N,0.1095,0.1095,45,35
GACTCCACTGTTCACC,H124Y I254W K300W A407L,0.1128,0.1128,45,34
CACTAAATTCGGAAGT,E329I C475*,0.1162,0.1162,45,33
TAGAAATCTCTCAGTG,K116S I458V,0.0003,0.0003,44,11985
TGTCGAGTCTGAAAAC,E72T,0.0004,0.0004,44,8583
TTGGAACACCCTACCT,M134L G181N,0.0005,0.0005,44,8101
TCAAGAATTAACTACA,F38I,0.0005,0.0005,44,7523
AGTCATCTAACTTAAG,H131S S199I,0.0006,0.0006,44,6493
GTAGTTATATACTTCG,,0.0006,0.0006,44,6452
ACCTATCACTCTAGTT,,0.0006,0.0006,44,6064
TTGATATGCTCTTTTA,,0.0007,0.0007,44,5707
ACACCCATTAGGATAC,,0.0007,0.0007,44,5572
TCGTACTACAACCCAC,R207S W227Y,0.0007,0.0007,44,5378
ACCAAACTATAAAGCA,,0.0007,0.0007,44,5329
CGCGCCAAAATGAATT,A173F,0.0007,0.0007,44,5213
ATGTTACAAGACCTTT,E228K,0.0008,0.0008,44,4901
CAGAGGGAGAATCAGT,,0.0008,0.0008,44,4704
TGTATTGTTAGAACTT,T296R,0.0008,0.0008,44,4627
ACACTGCAAATTGCAG,K126S S154Q K417E,0.0008,0.0008,44,4563
ACCGCTATTGAATCCA,E67S T225M,0.0008,0.0008,44,4547
GGAATAGGGTGTAAAT,A132H S163T,0.0009,0.0009,44,4294
CTTTATCGCATCTACT,T397W,0.0009,0.0009,44,4198
TAATGTTTTCTTCCAG,N338M,0.0009,0.0009,44,4052
GAAACCAATCCCTTAT,,0.0011,0.0011,44,3356
TCAACATGATGCACAC,I136V,0.0011,0.0011,44,3323
CTCCCCTAAGTTCCAC,D175L,0.0012,0.0012,44,3256
GAGAGAAAAACGAACC,F7Y,0.0012,0.0012,44,3150
GGCTCAACTCTCGTAT,,0.0016,0.0016,44,2364
AGAGAATTGAAACTAA,C41S K161Q K488G,0.0026,0.0026,44,1439
TAGGTTCGATTCCACC,C212T,0.0028,0.0028,44,1363
TGCCCGTCAAAACCCA,F262V N342L,0.0037,0.0037,44,1011
TCCCAGTCCCTTTACA,H170T W196V G460D,0.0041,0.0041,44,905
TTAACTCAGAACACAA,L259*,0.0060,0.0060,44,623
CGCTAAAACTTAAGAA,T182N F233S S267V E404V,0.0085,0.0085,44,439
AGTACACCTTACGGAA,I21R,0.0087,0.0087,44,433
TCTTCTATACTTATAA,R314Q,0.0095,0.0095,44,396
TCCCATTACCCATCAA,N37V N224L,0.0106,0.0106,44,354
AGTATAAAGTTATCTG,V164Y Q331P,0.0148,0.0148,44,253
AAGACTCGACCGTGAT,K63* Y241V N390M,0.0250,0.0250,44,150
ATTCGAATTAGAATAC,I137H A152V N209S M312V H448F,0.0252,0.0252,44,149
AGCTGTACACTTAAGG,G2R Q335M Y363F I458R,0.0295,0.0295,44,127
AGTTACCTGGTAGATT,L105R F191E V459W,0.0386,0.0386,44,97
CACTCAACCAGACTGC,D156S G460I,0.0735,0.0735,44,51
ACTGTAAAGAAATAAC,A123N D402R,0.1388,0.1388,44,27
ATCAAGCACGCAACCC,A39G A132I C231G N353T,0.1388,0.1388,44,27
TAAATATTGAAGTTCA,R248I I474D,0.1388,0.1388,44,27
ACTCGCATCCTCACCC,,0.1442,0.1442,44,26
CTTAAACAAGCTTATG,Y36P Q405M,0.1442,0.1442,44,26
GGAATACAGAGACACA,G45P G208C,0.0004,0.0004,43,8803
TATCTGAAATTCAAAC,T101N,0.0004,0.0004,43,8347
GCTGACCAGCCTGATT,F117C H374R,0.0005,0.0005,43,7562
TATTTAATCCCCGAAG,W210E F233V,0.0005,0.0005,43,7378
ATCGAAGCGCCAATAA,Q189F,0.0005,0.0005,43,7068
CTCGCAGTCCACCGCG,T101L,0.0005,0.0005,43,6672
ATATTCGAAGTTCAAT,N146T,0.0006,0.0006,43,6646
TCCGAAAGACACTAAG,M82V Q149D,0.0006,0.0006,43,6136
AATTTATTTAACTAAG,,0.0006,0.0006,43,5866
TGGACGAACCAAAAAT,Y172S,0.0007,0.0007,43,5522
ACAATCCGATTAAAAC,R282S,0.0007,0.0007,43,5267
CAATCAGAGAACCACG,T101N N178L M472I,0.0007,0.0007,43,5166
AACCTATCTAATCCCA,,0.0007,0.0007,43,5060
ATCTGTCAACTGGAGT,,0.0008,0.0008,43,4504
ACTATATGACGATGCG,E151V,0.0008,0.0008,43,4444
CAGTAGAAGATAAAGT,,0.0008,0.0008,43,4359
CCTCATATTGACCACG,A343I,0.0009,0.0009,43,4181
AACATAAAGAGTATAC,T376G,0.0009,0.0009,43,4002
AAAGTTCGAAAATAAC,T274F,0.0010,0.0010,43,3593
CCAGCCTAACAAAAGC,H374R,0.0011,0.0011,43,3476
TTCGTAATACAGTAAA,S85H N209V K488F,0.0011,0.0011,43,3306
ACCACAATACAGTTGG,W196L R248S,0.0011,0.0011,43,3186
TCATACTGACCTGCCA,N90L Q331M,0.0012,0.0012,43,3100
ACGAAACCCGACGTTT,A343N,0.0012,0.0012,43,3057
TATAAATACCGTACAG,M420F L447I,0.0012,0.0012,43,2958
CCAAAACAAGAACGCT,,0.0013,0.0013,43,2906
CCAGATATTCGCAAAA,,0.0013,0.0013,43,2901
GACACGCCTAATGAGA,,0.0013,0.0013,43,2727
GTAACAGAATCATACA,W283M,0.0014,0.0014,43,2665
ATTGCTCCTGAGCCGT,C53S,0.0016,0.0016,43,2354
CTGAAGCCTCTACATG,E100V,0.0016,0.0016,43,2311
AGATTTGCCTATTATT,S121I,0.0017,0.0017,43,2146
CCCCGCCATTTTGTTT,,0.0019,0.0019,43,1884
AGTCTCCTACAATAGG,I445A,0.0020,0.0020,43,1828
AGAATGTGGGACTTGT,H131L M332P,0.0023,0.0023,43,1593
TTCCAAGTACCCGATT,F140L E303R G460D,0.0027,0.0027,43,1334
GGCAGTAGCGTTTCAA,D273C S333H,0.0035,0.0035,43,1036
TTATAACGTACCAAAA,T261P M351F N373M,0.0045,0.0045,43,812
CCAAAATGCCAACAAT,D251R,0.0051,0.0051,43,719
TCCCAAGTATGTCGGT,A39E,0.0067,0.0067,43,549
AAGGGTGTAGAAAAAT,Q416L K425Q,0.0081,0.0081,43,454
CATGATAATGATTACG,D156N K272A A340L L344M,0.0091,0.0091,43,404
AACATAAAGATCGAAA,P383V K488F,0.0098,0.0098,43,375
TAACTGGAACACAATG,N365M,0.0111,0.0111,43,331
TCGAATCCCTCAAACT,L35P D306T,0.0125,0.0125,43,293
TATCACACTTTAACCA,C301W F318C,0.0142,0.0142,43,258
GTAGATCTGTTTGGAT,L68P T274N F436C,0.0143,0.0143,43,257
CAATCAACGTAACATC,M82L F446G,0.0154,0.0154,43,238
GATGTGTAACTCTAGG,F446I,0.0155,0.0155,43,236
AGATTCCACCACACCT,T48L H124P L290M I443H,0.0172,0.0172,43,213
ATAACCAACCCTTAAG,Q348N T412Y V459N,0.0189,0.0189,43,194
CTGACCGTTCAGATAC,T106A F140V H179A A297S,0.0196,0.0196,43,187
TAACGCACTTGGAAAT,K63N T380W,0.0260,0.0260,43,141
AAAAGCTTCAAGCTTT,T48N G391T C477L,0.0308,0.0308,43,119
AATAAAAAAATGACAA,S135V E151S,0.0356,0.0356,43,103
CGATACCTTCCAACGC,H467*,0.0678,0.0678,43,54
CTGGCCAAACCGAAGT,E76M G186P I445R,0.0704,0.0704,43,52
AGGCAACTGGTGGAAC,V18L L120S H179Q W227G,0.0763,0.0763,43,48
AAAGATTGCACGAAAA,Y66G N90A A322T,0.1110,0.1110,43,33
TAACACTGAAGACCTA,L128T,0.0003,0.0003,42,10263
CGCAACACATTGGATA,,0.0004,0.0004,42,9554
GAAGACCCTTGCTGTA,D156V A343L H471S,0.0004,0.0004,42,8110
GTGATTTGTTACATTC,F117Q T225D,0.0005,0.0005,42,7555
GTTCTAATCTATTGGA,Y219F,0.0005,0.0005,42,7316
TGCGTTCTTCTTGAAA,I201L,0.0005,0.0005,42,7066
CCAAGGTTATCCCCAG,,0.0005,0.0005,42,7054
CAGACCAGCAAATAAA,F38C,0.0005,0.0005,42,6668
AAGACCTTACTAAAAA,E100M N209S G424V,0.0006,0.0006,42,6505
CCAACCAACTGCAAAA,,0.0006,0.0006,42,6283
ACCGATCATCTTATAT,S392G T426C,0.0006,0.0006,42,6157
AGTACATATTTTAACC,,0.0006,0.0006,42,5921
ATTTGTAATAGGTATC,K417Y,0.0006,0.0006,42,5838
CATTTATTTTTTGCTC,I334L,0.0006,0.0006,42,5679
AAAAGCGGCCCAAATT,M153V A288E,0.0006,0.0006,42,5607
TGAAGTGAGAATAAAC,I334R,0.0007,0.0007,42,5254
CCATACAACAGGACCA,,0.0007,0.0007,42,5114
ACTAACAATATTTAAT,G45A,0.0007,0.0007,42,5078
TACAAAGGTAATCCAA,S163T D306L,0.0007,0.0007,42,5072
ACGCAACAGCAAAGAA,,0.0007,0.0007,42,5017
GACGCCTTTGTAGATT,,0.0007,0.0007,42,4921
CCGTGAAGCCTGTCTA,A177L M194T,0.0008,0.0008,42,4743
ATACAGATATCATAAC,,0.0008,0.0008,42,4733
TATCTTAATGAAAGCG,P145V A343S,0.0008,0.0008,42,4480
TACACACGTGCATGTA,,0.0008,0.0008,42,4479
GCGTAATTGAAACCCG,N178K S392G,0.0008,0.0008,42,4376
TAAGCAAATGTGTTTA,N90S M96I S269Q R491P,0.0009,0.0009,42,4084
CTAGTGTCACCTCGCG,,0.0009,0.0009,42,4065
ACATGTTAAGATGTAA,V435M,0.0009,0.0009,42,3924
GAAAAAGTAAAGTGTC,S154G S476K,0.0009,0.0009,42,3826
GCCATCCTTGCGGACC,,0.0009,0.0009,42,3826
GCAACGAAATGACCAA,,0.0010,0.0010,42,3415
CAGCTTCACCCTCCGA,H179L K417R,0.0011,0.0011,42,3210
CAACCTAAATTTAATT,I474S,0.0011,0.0011,42,3167
CTGCAAGCGTAAGGAT,K291V,0.0012,0.0012,42,2990
ATAAATCGAATCTAGG,W210V,0.0012,0.0012,42,2950
CGTCCCTAATGATGCG,N158S L479I,0.0013,0.0013,42,2691
GTAGCTACGCTCAGGG,I254P,0.0015,0.0015,42,2338
GGGTGTCAATAGTACG,K481L,0.0017,0.0017,42,2152
CAGCTTGCCATCTTTT,Q149W,0.0021,0.0021,42,1712
GGTCCTGAAATACAAA,E228R,0.0021,0.0021,42,1703
CTTAATGACAAAACAA,L442C Q482K,0.0021,0.0021,42,1699
TGCAGGAATGTACATC,V31Y,0.0028,0.0028,42,1301
AATAGACACACATCCT,S234Q Y480H,0.0030,0.0030,42,1176
GACTGTACTACTCTGC,L428R,0.0054,0.0054,42,660
CTTTACGAACAGTTCA,E418K,0.0058,0.0058,42,622
AACTTTGACACAACAG,M80* G186R C475G,0.0104,0.0104,42,345
CGTATTACCTCCGGAA,I95F G240E M312Q L344Q E418K,0.0147,0.0147,42,243
TCGAAACGGTCTAAGC,N185I K368M,0.0149,0.0149,42,240
ATAGAAAATCGCTGAA,L32R V97L V450T,0.0158,0.0158,42,227
GAATCCGTCATAAGGG,Y200P L382K,0.0175,0.0175,42,205
AGAATAATATCCACGA,C279S,0.0180,0.0180,42,199
AGAAATACCTAAACAA,M134Q W227A,0.0212,0.0212,42,169
CTGAACTTTATATAGC,L128D Q165R C310G,0.0282,0.0282,42,127
ATGACCCCATTACTTG,F49R E308P,0.0317,0.0317,42,113
ATGTAGTAAATCGGCA,M1H L103C N178Q D251A G391*,0.0745,0.0745,42,48
AGATATTCCTATAAAA,E151H L242H S255D F399R L449P,0.0832,0.0832,42,43
GCTACGAGGGTAGAAG,V22M Y480S,0.0967,0.0967,42,37
ACTTTATCGATCTAAG,F140R E287K H354Y,0.1022,0.1022,42,35
CACGATGAACAAATTC,C155R M472G,0.1154,0.1154,42,31
GTTTAGGCGAAACAAT,Y172L Y200L K339L L372I,0.1154,0.1154,42,31
AGCCTATTCTTGTAGC,L84K D156F G294* G378C,0.1193,0.1193,42,30
CAGGAGAAAGGCCCCT,A297R T454Y,0.2385,0.2385,42,15
AGCTTAAAGATAACAA,E100L E289A L442E,0.8945,0.8945,42,4
CTTGAAGTCACACACG,E72R W196F,0.0004,0.0004,41,9074
ACGAGGTCGAGACCAT,R193N,0.0004,0.0004,41,8139
GAGACCGCCCTACTTG,,0.0005,0.0005,41,7310
CATATCCCACAGACCA,L32G,0.0005,0.0005,41,6803
ATAACATAATACACGC,S135T,0.0005,0.0005,41,6447
TACGGTTAAATTCTCT,D156S,0.0005,0.0005,41,6396
TAGACGAACCTGGCCA,,0.0006,0.0006,41,5651
GGTAGGTGAGATAAGA,T101K,0.0006,0.0006,41,5583
CCTTTCCTAGGCAAAA,L61T T101D I221L,0.0007,0.0007,41,5251
TCACATCGACCGAATC,D273C,0.0007,0.0007,41,5223
TCTAATTTACAAACAA,Y253S,0.0007,0.0007,41,4924
GACGTACTCTATTATT,,0.0007,0.0007,41,4795
AACAACATGGCTAAAA,V164M I252A Q335V,0.0008,0.0008,41,4534
TCATAAATTCACAGTA,S389M L479M,0.0008,0.0008,41,4384
TCTATACATATCAAAG,,0.0008,0.0008,41,4380
TCTTTCGGTATCGCCA,,0.0008,0.0008,41,4315
GAAGTATAGCCCACTT,,0.0008,0.0008,41,4138
AAAGGCTAGACGAGGG,N209F,0.0008,0.0008,41,4110
AAAACTTAAGAACTAT,I144H,0.0009,0.0009,41,4005
AGACGTAGTCAACAAA,N158I,0.0009,0.0009,41,3762
TCACTATGACCCACTC,K126D,0.0010,0.0010,41,3616
CACATGATAATTGCGA,,0.0010,0.0010,41,3446
ACGACCATTGTACGAG,D156Y,0.0010,0.0010,41,3411
TGCTAAAAAAAAATGT,T397I K481W P486L,0.0011,0.0011,41,3244
TAGACAATTTTTAAGA,Y278V,0.0011,0.0011,41,3243
GGATCTACCATTCTGG,A30V G160Y G174N K272A,0.0011,0.0011,41,3088
CTCTGGAAAACAAGTA,I252L,0.0012,0.0012,41,3037
GGAGACAATAGAACAT,,0.0012,0.0012,41,2983
CACCAAGAACCTCTGC,N90S I201Y A343T,0.0012,0.0012,41,2956
GCTGACTCAATAGAGG,E287T,0.0012,0.0012,41,2940
GAAAAAGCATAATGCT,D402N P486F,0.0012,0.0012,41,2908
ACGCAGTCTGAGTGAT,G181S W210T,0.0012,0.0012,41,2820
AGAACTATTAGATACA,I201R M312I,0.0014,0.0014,41,2558
AATTTTACACCTTAAA,Y62L,0.0014,0.0014,41,2546
CATTTACAACTGACTG,M80L R207G K481E,0.0014,0.0014,41,2543
TAAGACAGGTGAAAGA,H354Y,0.0014,0.0014,41,2526
CCCGCTCTCACTGACC,S255K,0.0015,0.0015,41,2396
GTGTTACTACCCGGAA,T225I K490R,0.0016,0.0016,41,2179
CCCCCTAAAGGACCTA,E67L L105Y D273A,0.0017,0.0017,41,2071
CTGTCCTGTCAAATCA,L258T M414F,0.0017,0.0017,41,2004
AATACCGCTTGGCTTA,D229T F233K,0.0024,0.0024,41,1434
AACTATCTATCTAGTT,,0.0027,0.0027,41,1293
AGCACACAACACCCAT,Q247P,0.0030,0.0030,41,1178
TCATACGCAGCATACC,K451C,0.0035,0.0035,41,1011
AATTGTATACCCCGAA,G174T R325E,0.0035,0.0035,41,997
GGACAAGTCCAAGTAC,A173Q E418M,0.0038,0.0038,41,922
CAAGGACGCCACGAGA,,0.0043,0.0043,41,815
ATTGACCAACACCGAT,L50A,0.0055,0.0055,41,635
AGAATGCGAGTTACAT,L103C,0.0065,0.0065,41,536
CCAGAACCCAATAAAT,N89S W196G V450Y,0.0068,0.0068,41,514
CAGAAACAACTCATCT,Y36S D401R,0.0071,0.0071,41,491
TAATGTAACACATATC,G2M C53I N99L,0.0078,0.0078,41,445
AAAATTACAAGACCAG,L103P,0.0085,0.0085,41,410
GACCCATTTTCTATAC,L50I N119Y G243L R468C,0.0092,0.0092,41,379
GCCACATGTCCGCTTT,M332T L415R,0.0111,0.0111,41,316
CACGAGAAGTGGCCGC,I112N H179Y L220V N342T K417L,0.0116,0.0116,41,302
GTACCTATGTGCACTG,L61K N90L A132Y,0.0122,0.0122,41,287
GCTCCATTCTGTCACA,D401A,0.0136,0.0136,41,256
CGAAAGGCGAATCCCT,D402F,0.0149,0.0149,41,235
AGAACATATTTCATCT,H170* L188C D357Y D401N,0.0155,0.0155,41,225
TTACATTAAAGCATAC,V97L Y371N,0.0161,0.0161,41,217
CAGCATGACTAAGGTT,C212V,0.0165,0.0165,41,212
ACAAGAACATGTAATA,V44T M82L S143V,0.0257,0.0257,41,136
ATAAGCAGGGTTTCAG,C212L,0.0271,0.0271,41,129
CCCAATAACGTAGCTC,L32M D175R Q321K P427M,0.0356,0.0356,41,98
CATAATACCTGGACGT,A39R A184F I445L,0.0376,0.0376,41,93
CGAGCCATCACAATAT,H92Y C477R,0.0406,0.0406,41,86
TACGCAGCGCCGGCCA,I136M S199R P383H,0.0873,0.0873,41,40
ATGAAACACCTAATCG,E100S I113Y L142S K461Y G484R,0.0944,0.0944,41,37
CACATACCGACCAAGT,E16L L259A,0.1027,0.1027,41,34
TAACTAATTCCATATA,C118D,0.1164,0.1164,41,30
TACATTAAGATAATCT,I4T T225R I286N Q335V D347N,0.1294,0.1294,41,27
AATTGCCAGATAAAGA,I15P F49T I350S,0.1455,0.1455,41,24
ACCAATATCGATACAA,T40A V44T L107W,0.1455,0.1455,41,24
CTGGGGACGGCTTAGC,L105I H230P R248T,0.0004,0.0004,40,8278
GGCCCACTCTTTTGAC,H230P Q324V,0.0005,0.0005,40,7046
CTATAGAAAAAATTTC,,0.0005,0.0005,40,6943
AACCTCATAAAAGTGA,,0.0005,0.0005,40,6730
CACGCGAGTAAACTCC,,0.0005,0.0005,40,6376
CTAATAATTATGAGAA,,0.0006,0.0006,40,6096
ACAGCTAGCTAACGAG,,0.0006,0.0006,40,5861
CGTTAACTCAATGAAT,A25T L61Y,0.0006,0.0006,40,5849
TCCTTGCCACACGACT,T377Y,0.0006,0.0006,40,5817
TTAGACCCTATCAGGT,K161V,0.0006,0.0006,40,5790
TAAAAATTCCCATGCT,L50S N158F,0.0006,0.0006,40,5704
ACAGCCACGTGGAAAA,A340M,0.0006,0.0006,40,5694
GACGCCAAGGAATCAG,G276L,0.0006,0.0006,40,5670
ATAATATCGCCGCGCT,,0.0006,0.0006,40,5629
CTAAGAATATACTTAT,S60L,0.0006,0.0006,40,5441
GTAAGCAAAGGACCTT,,0.0006,0.0006,40,5362
TAGTGAACAGTCTAAA,A176T R193K,0.0006,0.0006,40,5272
GCATTTTCCAACACCG,,0.0007,0.0007,40,5071
AATAAAAGAAATACCA,,0.0007,0.0007,40,4933
TAAACCGTTGGAGTAG,,0.0008,0.0008,40,4429
TGAATAAACTCCTGTG,,0.0008,0.0008,40,4347
CATGACAGGACTTCCA,S121I,0.0008,0.0008,40,4231
CATATTAGCTCAAAAT,,0.0008,0.0008,40,4158
TCCTAATAACACATTG,M332F,0.0009,0.0009,40,4001
CTATCCATTTAAAAAC,I411L,0.0009,0.0009,40,4000
CAAAAAAAATACTCTC,Q482N,0.0009,0.0009,40,3918
CCTGGAACCCATCGCA,,0.0009,0.0009,40,3850
TTTTACCCACCCAAAA,S171I,0.0009,0.0009,40,3832
AAACATCGCCCTGACC,T226D,0.0009,0.0009,40,3779
GTTGTGAATAGGACTT,N79T,0.0009,0.0009,40,3625
GCAGTTGGATAAGACA,A176T,0.0010,0.0010,40,3567
AAAATTATATTTAGAA,Q223A S476H,0.0010,0.0010,40,3448
AGGACGTAACTAACAA,,0.0010,0.0010,40,3337
GACGACACTACAAATA,,0.0010,0.0010,40,3301
CAGTAGCATAAAGCAG,T58Q E396F,0.0013,0.0013,40,2611
ACTCCAAGGCTGACGC,M332S P486G,0.0013,0.0013,40,2591
CATCGTTAGCCTGGAG,,0.0013,0.0013,40,2565
CTAAAATATTCATTGT,,0.0014,0.0014,40,2511
AAGGAAGCCGGATTCC,Q335R,0.0015,0.0015,40,2274
TCACTGAATGTTTCCT,L258V,0.0015,0.0015,40,2250
TACCAAAGCATCAAAT,,0.0016,0.0016,40,2102
AATATAACGATTTCAT,F7M G42K E100G,0.0017,0.0017,40,2032
CTCCTCTCAAAGGCTG,,0.0017,0.0017,40,2026
CTAGTACAAGAGTTGC,S255G H448L,0.0021,0.0021,40,1590
GATCAATGACCCTTGT,,0.0029,0.0029,40,1169
ATATCGGTATAGTCCA,T261K G276Y L344V,0.0046,0.0046,40,735
TTTAGTTCCAATTACT,R248F V487L,0.0048,0.0048,40,717
TACGGAACAAAATTTT,L32G Q149G,0.0066,0.0066,40,515
TCATCAGAACTTAACT,L32K S143N F233S A343V,0.0086,0.0086,40,396
AGGAAATCAATCGACT,G260V G391P N409V,0.0092,0.0092,40,369
CATTTTTGTAGACAGC,N109Y L349T,0.0096,0.0096,40,356
ACCACGTCTTCGTGCT,Y393G,0.0105,0.0105,40,323
CATAAAACCAACAACT,T6P Q247S,0.0109,0.0109,40,313
AGAACAGACCAGCCTG,Q3V D211R,0.0130,0.0130,40,263
AACTGATTCACTCGGC,E76M N90M S135F Q348V,0.0153,0.0153,40,222
AGCATCTAGTGCATAT,L84S K126D E421W G478L,0.0160,0.0160,40,213
GTGTGAATACATCTGG,M153S I239S K304V,0.0161,0.0161,40,211
CATTCCACATACTTTG,D306K Y441P,0.0200,0.0200,40,170
TAACAAGAAAGCGTAA,P466F,0.0240,0.0240,40,142
GTTGTACAATACTACC,L32P I239F R325L E404K,0.0275,0.0275,40,124
GTACGACCGTGCCGGA,R55T G98I F140P F191Y V388G,0.0296,0.0296,40,115
AATGAATGTCATCTGC,L313R K490M,0.0341,0.0341,40,100
TTCGAGGATTTATGCT,T87Q G208F I221L Q247G C477G,0.1099,0.1099,40,31
ACTATAAACATTGCGT,Q189P W227P,0.1136,0.1136,40,30
GCCATTTTAAAGCAAA,K88R I254T,0.0004,0.0004,39,8681
CAGATTCGAATCACCT,M134L,0.0004,0.0004,39,7681
TACCCTCAAGCTACAT,D156S,0.0004,0.0004,39,7460
ATACGAGAACATCCCA,G198V L387M,0.0005,0.0005,39,7356
CGTAGAGGTAGTGGGC,T265R R379K,0.0005,0.0005,39,7151
TCACCTTCAGCGCCTT,,0.0005,0.0005,39,6801
GCTCCAGACCACAAAA,G198V K272T,0.0005,0.0005,39,6791
TGAAGGAACATGTATT,K116C L387M,0.0005,0.0005,39,6721
TTGTACATCACGGAGT,,0.0006,0.0006,39,5795
ACGAGTGTAAAAGTGA,,0.0006,0.0006,39,5704
CTTTATTTATGAGTTA,,0.0006,0.0006,39,5596
CATACTGCTACAAATT,G160P,0.0006,0.0006,39,5441
CCATAGATCTTATCTA,T249E S444T,0.0006,0.0006,39,5401
TTAAAAAAACTATATG,L128V,0.0006,0.0006,39,5267
TAGGAAGGCAGATAAT,F117V D408H,0.0007,0.0007,39,5023
AGAGGTAATCACGACT,,0.0007,0.0007,39,4937
AATATTACCCTTTCTA,,0.0007,0.0007,39,4870
GTGAATTCGCTACCAT,,0.0007,0.0007,39,4708
CGTTACAATTTTATAG,S138F N209R Q232R,0.0007,0.0007,39,4601
CACTCGCTTAATATGC,L133S S199H R379L,0.0007,0.0007,39,4537
GTAATATTCTACATGC,T48I,0.0008,0.0008,39,4323
AAAACAAAACGGTAGC,K126N W210R,0.0008,0.0008,39,4222
GGACGCAATCGTAATC,,0.0008,0.0008,39,4176
CACATTCTCTCCGAAC,,0.0008,0.0008,39,4065
ATCCTTGAAAAAACGA,,0.0008,0.0008,39,3948
CGATAGAACAATTTGT,T380V,0.0009,0.0009,39,3907
TGAACGCTTAACGACG,,0.0009,0.0009,39,3850
GCATGCTTCGAATAAT,F157Y,0.0009,0.0009,39,3789
CTAGTCCAAATAAGCA,,0.0009,0.0009,39,3587
CACAACCAATGAACGA,S121A E418D,0.0010,0.0010,39,3460
TCCTCACATTGGGATG,P483I,0.0010,0.0010,39,3386
AGATGTAACTTTGACG,H179Q I345L,0.0010,0.0010,39,3252
AGACCACCCGCTGAAC,,0.0010,0.0010,39,3236
CGCGATCGAAAGCAAA,Q218F,0.0011,0.0011,39,2971
TTGAAAAATACCGAGG,M192G,0.0011,0.0011,39,2903
CCCTCTTTCGCTAACT,,0.0012,0.0012,39,2845
GATGATGACGTCTTAC,,0.0012,0.0012,39,2787
AGAAGTTCCACTTATT,W210E G484S,0.0012,0.0012,39,2766
GATTAGATGCGAAAGT,K161V,0.0012,0.0012,39,2750
CCGTGCTCGAGTTTTC,Q69G,0.0012,0.0012,39,2674
CGAAGAACACAGTATT,,0.0013,0.0013,39,2647
TACATCCAGCAACCCT,E104L M194L D229Y,0.0016,0.0016,39,2049
TGCCTATTACCACCGC,M312I N373T,0.0019,0.0019,39,1732
TTAGTCTATGACCAAA,N148T S154R N346F,0.0024,0.0024,39,1401
TCATGCCCAGGGTAAA,T274H K291Q,0.0025,0.0025,39,1350
AACTTAGCCCAGTCAT,,0.0025,0.0025,39,1344
TATGACGGTCTTTTAC,V31I,0.0027,0.0027,39,1230
AGCCAAGACTAAAGTT,G54K Q232S S333R,0.0034,0.0034,39,990
CTCTGATGTAACACCC,A173R,0.0035,0.0035,39,938
AAGATCATAAACCTGA,D401Y,0.0047,0.0047,39,702
ATTGAAAATATACACC,A177T L258T,0.0055,0.0055,39,607
CATAAACCATTCCATA,T70V R248E,0.0056,0.0056,39,589
TTCTAGCGCCCGAACT,E100T H305I,0.0069,0.0069,39,485
GCATCATTATGCCCTG,A152* Y253P M410Y,0.0088,0.0088,39,377
ACCAAGGAAGATCAGG,T139Y D175Y Y200V,0.0102,0.0102,39,325
ACAATTCCGACACTAC,L142G Y393W,0.0105,0.0105,39,317
CAATATACCGCGAGTT,L120F Y166M A184C,0.0118,0.0118,39,282
CCACCTCAGCTCCTTC,L35Y G174T,0.0133,0.0133,39,250
AATAAATTTGTTAGAA,S163G G260R D311W K368M N390T N470Y,0.0151,0.0151,39,220
AGTATCCTTAAGATAC,C86N S205D N319E P483L,0.0153,0.0153,39,217
ATTAATTTTTGTCTAT,F157Q Y200W,0.0157,0.0157,39,212
AAATTGACACGCCAGC,S143Y R193P,0.0188,0.0188,39,177
TGTTGACCTATTCTTA,C57N,0.0206,0.0206,39,161
CGATTATCATAAATTT,D130R D156N N295L,0.0220,0.0220,39,151
TGTTTAACAAGGGCCA,A176E C231S,0.0254,0.0254,39,131
CCTAATTCGACAAAAA,V5C H13L S91N,0.0260,0.0260,39,128
AAAGAGGAAGGCTCTG,E404G,0.0277,0.0277,39,120
AACTATGACGTTTACA,G484P,0.0386,0.0386,39,86
TTTGATCAGGTCCATA,L103E T139L F157E S444D K461M P483L,0.0415,0.0415,39,80
GGTAATTCCCTCTACC,V65R Y166H Y217L N470P,0.0489,0.0489,39,68
GTCTAATTCATTCCCA,K126P W210R,0.0831,0.0831,39,40
AACTTGAGAAAGAAGT,Y419V,0.0923,0.0923,39,36
CATTACTGCCATGTGA,T87M L168H S444A,0.1187,0.1187,39,28
GGCTCTTAATCGAATG,V97S S267E M312E,0.1231,0.1231,39,27
TAACAACCAGAAGACT,V28Y Q321L,0.1231,0.1231,39,27
GTAGCGAGGATGGAAC,L120V G197S,0.0004,0.0004,38,9231
ACAAAAACAAATATAA,N74S,0.0004,0.0004,38,8212
ATGTTTAATAATAACC,,0.0004,0.0004,38,8014
ACAAGCAACCAATAAT,,0.0005,0.0005,38,7026
CGAAAATAACCTGAAA,K126V,0.0005,0.0005,38,6986
TACGACCCCACTACAA,,0.0005,0.0005,38,6853
GTGTGACTGAGAAAGC,T296S,0.0005,0.0005,38,6535
ATACACATGGCAAGAC,I323L I345L,0.0005,0.0005,38,6326
TGTCACGCGAATATAT,K116F,0.0005,0.0005,38,6204
CCCATCGCAACCAACC,,0.0005,0.0005,38,6027
CAATAGATACAAAATA,Y217D,0.0006,0.0006,38,5661
CACGCCATAACGCTAA,S85L,0.0006,0.0006,38,5647
AGGGAAACATGACATA,T48S G98L,0.0006,0.0006,38,5612
TTAATTCGTGAAAGAT,,0.0006,0.0006,38,5527
GACCCCGATATCTAAG,K116V,0.0006,0.0006,38,5311
CTCTCATTTATGAAAC,S154D,0.0006,0.0006,38,5269
GTCGGTCTTCTCTACC,,0.0006,0.0006,38,5045
TCTTAGAATAATAGAT,E228H,0.0007,0.0007,38,4908
GCGAACCTCCTATGTA,,0.0007,0.0007,38,4879
TCCAGACCCTTCTCCG,N127T G181S,0.0007,0.0007,38,4714
ATTTACGCGTGGAGTG,G181R K272C L394Y,0.0007,0.0007,38,4602
ACTTGCCAAAAGTATA,,0.0007,0.0007,38,4589
AAAACGGAGTAGGATT,H131V,0.0007,0.0007,38,4567
TAGCTTGACCCCAAAA,,0.0007,0.0007,38,4566
CTACCTCTGCTCTCGG,,0.0007,0.0007,38,4398
TCTCAAAGGGACCCAA,H230Y,0.0008,0.0008,38,4265
GACAATATTAAATTCT,,0.0008,0.0008,38,4083
GAGGACTCACCGTGAT,,0.0008,0.0008,38,4083
GCTCGCTCGGATAAAA,K417Q K425R,0.0008,0.0008,38,3967
CCCGGCTCACATAACG,,0.0008,0.0008,38,3957
CATATAACTGACATCA,L35C,0.0008,0.0008,38,3911
ATAGAATACTGTAACA,H179N E287C E396L,0.0008,0.0008,38,3880
CTTACCCCATATGCAA,V485L,0.0009,0.0009,38,3789
AAAGGATAAATCAAGT,V65L,0.0009,0.0009,38,3648
AGAGAGAAACAAATAA,,0.0009,0.0009,38,3614
ATAGTGAAAACTAATG,,0.0009,0.0009,38,3522
TCGGTCACCTCGTATT,A177N,0.0010,0.0010,38,3168
AGAGAATGACTCGACA,I201C,0.0010,0.0010,38,3127
CAATCGAATAGCAATC,V28L E100N M194V D229I,0.0011,0.0011,38,3081
AATACAAATAAGACGA,,0.0011,0.0011,38,2903
AAGTTGGTTACTAGGA,,0.0011,0.0011,38,2887
GAAACAAAGGGCAAAT,K88C,0.0011,0.0011,38,2851
ACTCTCGGAGAATTCC,I361M,0.0011,0.0011,38,2849
TTCGCATACATCACAA,,0.0013,0.0013,38,2520
TTATACTAAGCGCTAT,,0.0013,0.0013,38,2451
AGCTTGAAAGCAACAA,,0.0013,0.0013,38,2425
CATGTCAGTAAGTATA,G42R,0.0014,0.0014,38,2330
CAATTCAAATGATGTA,,0.0016,0.0016,38,2033
ATCTTGTATGACGACA,,0.0017,0.0017,38,1927
AAGGGTCATTGCTCAG,N109D V183G,0.0018,0.0018,38,1808
GGTCATTTGTGTGTAT,T106G,0.0019,0.0019,38,1734
CATAAGAATCCTTATG,,0.0020,0.0020,38,1654
GCCCTATCAGAATCAC,Y278L,0.0020,0.0020,38,1619
GCACGGAAAAAACCCA,A202M R379L,0.0020,0.0020,38,1597
TACCTATCCTGCAAAG,G378E,0.0023,0.0023,38,1430
TAGGGATACAGTCAAC,Q331L,0.0023,0.0023,38,1398
CAGGCTTGTTCAAGCA,L203N,0.0024,0.0024,38,1369
CCATTCACGAACATAA,T215R E307K L326W C364H,0.0027,0.0027,38,1181
TTACTCCCAGCTGGTA,W210Q M351V Q416L,0.0028,0.0028,38,1151
GGGCTCCTCAGAGAGT,,0.0033,0.0033,38,974
AGTCATACGGACAGCA,R257*,0.0054,0.0054,38,597
ATGTTATAATACCTGA,D175K,0.0055,0.0055,38,586
GTATTGAGTGAATTTG,L51E G277I K327L,0.0057,0.0057,38,570
TAGCTAACATGCATTT,I222L I254N,0.0072,0.0072,38,451
ATCACAGAAACCTCCG,A152W H179A M194L I411M K461N,0.0079,0.0079,38,412
ATGACTTAAAAGTAAC,S135C,0.0085,0.0085,38,382
CTGATGTAGTCACCAA,D175V A328L S400N K481N,0.0086,0.0086,38,378
AGCAAATACAAGTGAG,V187Y G243L,0.0098,0.0098,38,332
AGATTCGACCATTGAG,G160D Q406N,0.0101,0.0101,38,321
CTGAAATTAGGGACAA,P362M,0.0107,0.0107,38,303
ACTTATTACAACAGAA,W210R K339I E404L,0.0130,0.0130,38,249
AAACATCCTGTATCTC,G42C G174V D401N,0.0148,0.0148,38,218
GACACTTTAGATTCGA,L394D,0.0171,0.0171,38,189
AAATATATTAGCCAAA,S27D F293Y K481R,0.0209,0.0209,38,155
TTCCTCTTACCTTACA,L51Y E151H N319A,0.0225,0.0225,38,144
TAAGATTGCCTTACTT,T48I K63G P362L,0.0240,0.0240,38,135
CTTGTGACAGTACAGC,M134T,0.0242,0.0242,38,134
CATTGTATGATGTAAT,H448L P453N,0.0263,0.0263,38,123
GTGGCAGCACTAAAAG,C86R I252M K320M S333R,0.0303,0.0303,38,107
ATCCGTACAAAGGAGG,S143Y G277R,0.0324,0.0324,38,100
GCTTCCGCGGGGCTAC,F49C R248G,0.0385,0.0385,38,84
ATCGGTTGGAAACATT,N90K L105I Y419A P486W,0.0981,0.0981,38,33
CGATCACGCGGAGCCT,N302S V459M R491T,0.1012,0.1012,38,32
AATTACGGAATCCCCA,E228R N302V N346S F399S,0.1044,0.1044,38,31
ACTATTGTCCACAAGC,I112M H179K R314A H354S,0.1471,0.1471,38,22
CCCCTACCGGGCCGCA,G159P Y366T T438Y,1.0000,1.6186,38,2
TTCCGTAATTTTTCTA,D156S,0.0003,0.0003,37,9802
GAGGCTACAGTTTATC,,0.0004,0.0004,37,8458
ACATGAACAAACGCAT,,0.0004,0.0004,37,8135
AAGCGACAGTACAGCA,G34A D130L,0.0004,0.0004,37,7867
TACCACCTAGGATCGG,S367R,0.0004,0.0004,37,7598
TTCACAATTTCTGAAG,E228A,0.0004,0.0004,37,7535
TAGTTTACTACTCGAA,N79T,0.0004,0.0004,37,7485
GAACAAGAACTAATCA,L128V,0.0004,0.0004,37,7468
TCGATTTAATGTTAGT,Q149L,0.0004,0.0004,37,7023
ACCACACGTCGGTACA,,0.0005,0.0005,37,6842
ATAAAATTATGCATAT,K125L S400Q,0.0005,0.0005,37,6451
AACGAATTACCAACAC,A152Y H230Q,0.0006,0.0006,37,5466
AACTTACACAAGCAAA,L128T,0.0006,0.0006,37,5455
TATCTAACCAGTGATC,L133W,0.0006,0.0006,37,5421
GAAGGTGACGTTATTT,Q3G,0.0006,0.0006,37,5298
GACCACCTATGAGTAA,R379H,0.0006,0.0006,37,5201
CGACCCCCTGTACACT,A152S T412M,0.0006,0.0006,37,5105
TGACAGATCATTATCA,S27V V183M K384R,0.0006,0.0006,37,5019
CGACCATGCATCATGC,Q247L,0.0006,0.0006,37,4862
TACTGGAAATATACAC,V65Y,0.0007,0.0007,37,4835
TCTATTAGTGGGAATG,V5A,0.0007,0.0007,37,4796
TGTCTACAGTTATCCT,S85H P486L,0.0007,0.0007,37,4609
GAATAAATTCCCCAAT,F7Y,0.0007,0.0007,37,4579
TACGTTACAACAAATA,,0.0007,0.0007,37,4519
ACAACAAGCGGACAAC,,0.0007,0.0007,37,4326
TTAACTTTTCCAAGCA,,0.0008,0.0008,37,4129
TCGCGCTTCCAGCTAT,I337F,0.0008,0.0008,37,3953
TAACATTAAAGAATCT,,0.0008,0.0008,37,3920
AACAATAATCGATGCT,K272D,0.0008,0.0008,37,3913
ACGTCAAAATAACTAC,T190G,0.0008,0.0008,37,3881
GTAATGCCCATATCAA,S267I,0.0008,0.0008,37,3840
CTACTCCAGGCTACAC,A330G,0.0008,0.0008,37,3783
GTCTATGACCAAGAAC,S60A,0.0009,0.0009,37,3696
TTACGACACCGCCAAA,,0.0009,0.0009,37,3628
ACCATACAATACCCTT,A39T H230Y M410I,0.0009,0.0009,37,3590
GAAGTATCTGATATAT,E287M,0.0009,0.0009,37,3572
CACCACATCTCCATTG,,0.0009,0.0009,37,3565
ATTCACGTGTCTACAA,E104A W210L,0.0010,0.0010,37,3124
CCCGATTTGTTCACTT,,0.0011,0.0011,37,2986
TGTTAAGGGTTTTGAC,,0.0011,0.0011,37,2971
CCAACGACTATCAGAT,,0.0011,0.0011,37,2832
GATCAATTAGCTAACA,N119S S462G,0.0011,0.0011,37,2808
TTAACTGTACATCTGG,,0.0013,0.0013,37,2453
ATCCGATACATAGCAA,R207G,0.0013,0.0013,37,2440
CCAGTACTGCTCTCGC,S163G,0.0014,0.0014,37,2174
TACCAATCCTTAACGT,M80K L244V,0.0016,0.0016,37,1925
GACAGCAGAACCATAC,N119M I221V V485M,0.0017,0.0017,37,1851
AACCATACGAAGCCAA,E270A,0.0017,0.0017,37,1833
CATGGACTAACACTGA,L29W,0.0019,0.0019,37,1665
CTTGGTATATGAAGAA,H179N H398S,0.0019,0.0019,37,1661
AAGATAAGCTATCTTG,,0.0019,0.0019,37,1632
CGGAAATGCAGCCATT,L120T Q321I,0.0021,0.0021,37,1471
TAATCTCGACTGACGT,N99L T215G,0.0022,0.0022,37,1422
ACCCAATTACCAGTTT,K116S R235V G240P S392I,0.0023,0.0023,37,1353
AACGATCATATCATAA,,0.0025,0.0025,37,1238
CTATTCATTGATCTCG,T48A K291M L382V G484Y,0.0027,0.0027,37,1150
TCAAGCGCAGACTAGC,,0.0028,0.0028,37,1113
AATCAGCAAGCCTCCG,Q416F V485M,0.0033,0.0033,37,954
TAATAAATAGGACGTG,K63M D357N,0.0034,0.0034,37,938
AATATTGGTAGATCAC,W264Y,0.0039,0.0039,37,807
AAAAAAAACAGTACGG,A123P S163L,0.0044,0.0044,37,721
CAGCATGTAGTACGTA,S255L T438V,0.0073,0.0073,37,432
ATAGGTGTAGAAAAGC,V341S E404H,0.0082,0.0082,37,383
TCCTCTAATCCCAATC,F293C,0.0094,0.0094,37,337
CGTATTACCTTCTAAG,A39Y K272R L280W L372V,0.0098,0.0098,37,323
TTCAATGACTATGCCA,N20K S163A,0.0099,0.0099,37,320
CTCACCGTGAGGTCCC,D156S N167L K272V,0.0108,0.0108,37,292
TACGAAACCAGGATCA,I15Y,0.0115,0.0115,37,274
TAACCGCATGATTAAA,F117K R256S,0.0135,0.0135,37,233
CCACTTAATGTCTTAA,H93G G160T,0.0137,0.0137,37,230
GACAAGGACAACCAGA,Q324L F399Y,0.0147,0.0147,37,215
TCTATCCGAAAACGAT,S56F G102K S143Y D175Y T274D Q405S I411E,0.0155,0.0155,37,203
TTCAGGCAGTATTGCC,L245E R491M,0.0156,0.0156,37,202
GCAACGCTGAATAATA,M1Q G174L,0.0175,0.0175,37,180
GTAGCCCCAGAATGCA,V97F S138G D408R,0.0217,0.0217,37,145
GATGTTCCTACACTAG,V487G,0.0246,0.0246,37,128
ATTCCTCCGCTATGAA,L120S G478H,0.0256,0.0256,37,123
CACTGCAACGCCCTGT,K161E G197R F316D G478Y,0.0274,0.0274,37,115
CTTCAACCGACATAAA,L128D Y172H E228M S269A N302S A343L T375A,0.1051,0.1051,37,30
TTTTTACTTTGACCAC,T48L M82K L128S I136L,0.1167,0.1167,37,27
TGGTATAAAATAACAG,L188Y A330L,0.1313,0.1313,37,24
TGTTCAAATGTATGGC,T249Y T397I C477R,0.1313,0.1313,37,24
GCTAACAGAACACCAG,Q416K K461*,0.1370,0.1370,37,23
CTAAGGAGGAGATATA,,0.0005,0.0005,36,6584
CTTTCTTATAGTCGAT,,0.0005,0.0005,36,5860
GTGGCTCGGTCGAACT,,0.0005,0.0005,36,5818
GATAATCACACAATAA,,0.0006,0.0006,36,5574
GCAGTATAGGTTTCTA,K161S,0.0006,0.0006,36,5540
GCTATACTTTTCCTTT,M153L T397R,0.0006,0.0006,36,5226
TCTCGCACTATTAAAA,V164M E307S,0.0006,0.0006,36,5200
ACAGATATTGAGGACA,,0.0006,0.0006,36,5176
TATTTCTATAAGTTCT,K126S,0.0006,0.0006,36,5168
AACACTCTCGCCCCAT,K88M S400R,0.0006,0.0006,36,5134
TATGGGTTTACTAACG,,0.0006,0.0006,36,5116
CTACAACTAAATCCAC,S199T,0.0006,0.0006,36,5102
AGTACGGCCAGCTTTA,S163A,0.0006,0.0006,36,4915
CGTCCCCCTCTCAGCT,I345L,0.0006,0.0006,36,4816
GATTGACTAACCACAT,G45A M82L,0.0006,0.0006,36,4742
ACTCTCAACCTCCATC,D251V,0.0007,0.0007,36,4710
GATCCCTTCGCGACTA,I162V G271P,0.0007,0.0007,36,4473
TTCCCGTTCTCAATTG,P275I,0.0008,0.0008,36,4052
TATAAAGAGGGATGAA,I221S,0.0008,0.0008,36,3825
GGACTAAATAACCAAC,,0.0009,0.0009,36,3564
AACTCAGTAAGATCTA,,0.0009,0.0009,36,3461
GTAAACTATAACCCGA,K88M,0.0009,0.0009,36,3372
TACACGACACTACAGC,I201Y E228D,0.0010,0.0010,36,3157
CACGCATAGCTGAGCA,R55S,0.0010,0.0010,36,3085
AATACCCAGTTATGAT,,0.0010,0.0010,36,3084
CGATAGAACACTTACA,,0.0010,0.0010,36,2965
GCCTTTATATTGAAGG,,0.0010,0.0010,36,2964
CATGTAACTCTCATTG,Q223R S462F,0.0011,0.0011,36,2739
AAAGGGTCCTTGGTAT,M19V,0.0011,0.0011,36,2726
TTGAGGCAATTAACAG,,0.0012,0.0012,36,2597
GGCCAGTTTACTGACT,A195D,0.0013,0.0013,36,2399
GAAGATTACTATATAT,G484S,0.0013,0.0013,36,2391
ACCGTGACATTACAGT,G45R I239V,0.0013,0.0013,36,2365
GGAAGACTACATGACC,,0.0013,0.0013,36,2362
CATTTAAGTACTACTA,G208S,0.0014,0.0014,36,2204
TACAGAACCCGATTGT,R491T,0.0015,0.0015,36,2066
AATATGGCGTCGTTAG,T59A,0.0017,0.0017,36,1767
AACTTTCAATTCTAGA,L107Y,0.0017,0.0017,36,1754
CTTATTGAACCATAAG,G98H G102A R379T T397M,0.0017,0.0017,36,1754
ATAGACTCGCTAACGT,F440S,0.0018,0.0018,36,1664
CGGTCCGAACAAAAGA,Q149S L349V I443S,0.0020,0.0020,36,1552
GTTCAAGTGAATACGT,P483V,0.0021,0.0021,36,1491
TCTAAAAGCAATATGC,L61K S255I,0.0022,0.0022,36,1411
ACTCTGCCAATATGTA,T106N,0.0026,0.0026,36,1196
TATCATAGAAATTCAT,L142Y A328R,0.0026,0.0026,36,1182
GTCATAAGTGTATTGA,V97K E270M,0.0029,0.0029,36,1041
TAAGCCCTCGCTTCCA,H141F Q149R E270D,0.0037,0.0037,36,820
AGCAATGTTTCCAAAA,T101K Y371L S462A,0.0039,0.0039,36,794
CTTGCATGTCTTGTGT,V65A I345T,0.0058,0.0058,36,531
CTGCCTATGTAGACTA,D401A,0.0062,0.0062,36,498
CAACACAGACTAGAGC,R55V R250V,0.0064,0.0064,36,481
TACCCGGTGAAATGCA,Q9K I15S E100P K116V,0.0071,0.0071,36,429
CCGGTAGACCAAGGAA,L61V D401H,0.0073,0.0073,36,420
TAACCTGTCCAAACTA,S143I,0.0076,0.0076,36,405
TGTACCAACTATAACC,G160E E303K N353P,0.0079,0.0079,36,390
ACCTACAGGCTCTGGC,R456S,0.0080,0.0080,36,383
AGTAATACATTCTCAT,H457R M472G,0.0086,0.0086,36,356
AAAAAATGAACAATTT,N365T,0.0087,0.0087,36,353
CTTTTTAACCTAGAGC,V47E L120K M194Q K272M A407I,0.0088,0.0088,36,350
TCACAAGAACAAAAAT,Y129M,0.0088,0.0088,36,350
AGCACATAACTCTTAA,R257I,0.0089,0.0089,36,343
ACCCACCATCTCTGAA,N295F W386M C463W,0.0096,0.0096,36,319
CAGCCGCCTCTCACCA,L133W L447V,0.0100,0.0100,36,308
CGCCAGAAAGTGTACT,T101I K116G A343T S381D,0.0101,0.0101,36,304
TCGCCTAATACGATCA,N127V A202E S400Q,0.0106,0.0106,36,289
AAAAGGAAATCTATCC,H13C K33L,0.0126,0.0126,36,243
GGAAACCAATTCATTT,E404I,0.0137,0.0137,36,224
GAGAAGCAATCTGCAT,H179Y N295L L313M L349V,0.0144,0.0144,36,213
TGATTCTAAAAATTAG,T249M Y366C Y393S,0.0151,0.0151,36,203
GCGTTCTAATAATACA,M1K V18L I254W D432C,0.0153,0.0153,36,201
GAGGCCATGGTAGGCA,T87F C231G G277L,0.0167,0.0167,36,184
GCAGAATGGGGTGTTG,W227I I411T P464A,0.0184,0.0184,36,167
AGACCTCCATATGTAC,C57A,0.0216,0.0216,36,142
TGCTTAGGCGATACTA,E104W L326T,0.0236,0.0236,36,130
AGTGGACATGAAACTC,E404C,0.0241,0.0241,36,127
ACTATCTTATTACAGT,M134F L259Q H374K,0.0249,0.0249,36,123
GTGTACAATTAGTCAC,G160* L242Y,0.0295,0.0295,36,104
AATTCGAACAAACTTG,K116Y M410G,0.0333,0.0333,36,92
ATTAACCTGTAATGAG,Q3K,0.0345,0.0345,36,89
CCAAAGTATTTACGGA,E404K,0.0404,0.0404,36,76
TGAGTTCCTATGACTC,C385Y,0.0958,0.0958,36,32
ATCGCGGTGTCGACGA,V28L K33I G160F Q482L,0.1227,0.1227,36,25
AAATGAAAACTGAGGA,V47A I452N,0.1614,0.1614,36,19
GCGATTCACATTGCAT,V341M,0.0004,0.0004,35,7503
ACTCCCATCACCACGT,D156S,0.0005,0.0005,35,6082
CTAAAACACGTCGGGC,,0.0006,0.0006,35,5209
GCCAGTGTGCCAAATT,T77R,0.0006,0.0006,35,5170
TAATTACACAGAGGGG,A173Y N209I,0.0006,0.0006,35,5146
TCTGAACAAATAAACC,,0.0006,0.0006,35,5108
ATGGTACTAATCTTGG,Y253T,0.0006,0.0006,35,4989
ATTAAATCGGAGGAGC,,0.0006,0.0006,35,4981
TAGAATGAACAATTCT,A288M,0.0006,0.0006,35,4708
GTAATGAAAAAATAGT,H13Q,0.0007,0.0007,35,4583
TCCCACGAACATGCGA,T59I,0.0007,0.0007,35,4469
GAAATAAAAAGAAAAT,,0.0007,0.0007,35,4367
CAATGAAATTTATACG,M96S L103F,0.0007,0.0007,35,4366
AGCATATTGCATACTG,I144L,0.0007,0.0007,35,4202
CCTGGTTATGTGATAA,N148R T281L,0.0007,0.0007,35,4147
CTTACAAGCCTCACAT,,0.0007,0.0007,35,4125
GGAGGCTTTCGGCAAT,S143N I201E,0.0007,0.0007,35,4111
TTTGCAAAAAAAGGTA,,0.0008,0.0008,35,3805
GGCCCAATTCGGACGA,,0.0008,0.0008,35,3666
TCAAAACATCTTCTTG,A177F,0.0008,0.0008,35,3594
TAGACTGTTGCCTACT,,0.0008,0.0008,35,3518
CACATGCTCGAAACTT,L344M,0.0008,0.0008,35,3512
CACCTAATAATAGACA,,0.0009,0.0009,35,3322
ATTTCGCAGGAATGTC,,0.0009,0.0009,35,3216
AAAAGAATAAGGATCC,,0.0009,0.0009,35,3151
CAGGATAAGCATAACA,,0.0010,0.0010,35,3050
CTACCGTAGACGAACA,L103I D408H,0.0010,0.0010,35,3027
TATGGTCCGGTTGGAT,,0.0010,0.0010,35,2974
AAACAACTACAGGAAC,,0.0010,0.0010,35,2882
TTCTTTTCGATAATGG,H131Q E413S,0.0011,0.0011,35,2714
ACTTATACTGTCAGCT,N127D,0.0011,0.0011,35,2645
GTACATTAGCCGTTAA,Y172L,0.0012,0.0012,35,2557
TACTTCAATCAAAAAT,K88W,0.0012,0.0012,35,2536
AACCATACATGTGACT,N90Y,0.0012,0.0012,35,2421
AAGCAGAGAGAGCGTC,R235G,0.0013,0.0013,35,2314
TACCAGGAAATGACCA,R207A,0.0014,0.0014,35,2114
CCCCTTTAGAACATTA,A132I K161S A288L G484R,0.0015,0.0015,35,2038
AAAAATGATAAATGAC,A173S,0.0016,0.0016,35,1885
TTTGTACGTAAAAGAC,,0.0017,0.0017,35,1742
ACACCACTAAAAATAA,K125F L349H,0.0017,0.0017,35,1738
TATATCTGACAGGCGA,L105R L442W,0.0018,0.0018,35,1678
AGACTATCAGATCCAG,V97N,0.0021,0.0021,35,1411
CCCAGACCGTGCCTAC,,0.0021,0.0021,35,1398
CCCAGCAAGATAAGGG,F293Y,0.0022,0.0022,35,1370
CCGGCACCCTAAACAA,S199W W210A Q232L,0.0022,0.0022,35,1359
ACACGGACAGTTAAAG,I162F S400R,0.0023,0.0023,35,1279
CAGGGTACGCGGAACA,S135V,0.0026,0.0026,35,1156
ATATACCATATATTAC,,0.0026,0.0026,35,1144
ATCAAATAGAGCATAC,D273Y M472Y,0.0027,0.0027,35,1100
ACCGTATTTCTCTCGC,Q9C I24S,0.0028,0.0028,35,1060
CTGAAAAGATCGCGAA,G197C N342W,0.0028,0.0028,35,1054
CTGATAGTCACTACAA,,0.0031,0.0031,35,965
GCGAACGGATGCTTGC,,0.0033,0.0033,35,896
TGAAGATTGTTGCATT,E67L K161L D273V P486M,0.0040,0.0040,35,750
CTTCTACCACCACAAA,,0.0044,0.0044,35,684
CATCATGGGGTATATT,N37T N158K I222F,0.0049,0.0049,35,603
TAGGTTCGAGAATAAC,A184C K339R T377R,0.0050,0.0050,35,591
ACGTTATAGTCCATAA,S171Y R250V,0.0055,0.0055,35,541
TTAATCTTGATGTAGT,L203N R248L,0.0057,0.0057,35,520
TATCTCGCGAGCTATA,R250W I334N,0.0061,0.0061,35,490
TTGCAAAAGACCCATT,N409L,0.0062,0.0062,35,483
CCTATTACAAAGTGCT,R193T A340I,0.0065,0.0065,35,460
TGAGAGCAACAAGAAA,D175E L203R Y253H,0.0071,0.0071,35,420
GAGGGAATTAGATGCA,Y219N,0.0078,0.0078,35,384
GTCGCTATACAGGCGT,I358L N390G R468T,0.0080,0.0080,35,372
AAATTGGATTTATACT,Q9F Q149S E404P,0.0081,0.0081,35,366
TAATCCGAAACATAAC,F117I D229I Q247A,0.0082,0.0082,35,365
CCCAATAGTCAAGTCC,A297N H457F,0.0101,0.0101,35,294
GTGTTCCTAATAACAC,C155A,0.0118,0.0118,35,253
AGTTCTGGTAACGATG,L50N V388C,0.0157,0.0157,35,190
GAATCATGAGCGAAAA,L84F Q165*,0.0162,0.0162,35,184
CATTGTCACCCACCGG,Y278F S439F F446R C463T,0.0177,0.0177,35,168
AATTAAAGACCCAACC,A407N G484P,0.0182,0.0182,35,164
GTATAGAAAATAGCAG,W264R A328G,0.0209,0.0209,35,143
CATGCACAAATAATCA,V183L M194S I222A I252A,0.0228,0.0228,35,131
CCAATACATTCCTCGT,L78Y L128M A184N W264C,0.0233,0.0233,35,128
AAGGTCCGAAACTGAA,M410D,0.0248,0.0248,35,120
AGATGGCTTTAATCAG,E17* A25C N365I,0.0248,0.0248,35,120
CGGGTGATTCCTTGCC,L120I Q189R E404V,0.0251,0.0251,35,119
CGCAGCTCATGTTTAT,K327P M472T,0.0287,0.0287,35,104
ATTTACTTACAACCAA,V183S I252S R282A L415A,0.0292,0.0292,35,102
GATAGGACCCTACACT,T261R T454A S476*,0.0426,0.0426,35,70
AAAAAATACAGCTAAA,V5K,0.0745,0.0745,35,40
GGGCAGTGACAAAATT,S171N G197A R248L L449P,0.0765,0.0765,35,39
ACTGACGTTAGCTCAA,L29Q,0.0994,0.0994,35,30
ATGTATTATATACAAT,D122Y S138K M153F V298* I452W,0.1242,0.1242,35,24
TTTACTGCTGACTTAA,C212Y R248G F446K,0.1242,0.1242,35,24
TAGCCCGATACTATAC,G45K I239N R282S Q331Y Q348V,0.1420,0.1420,35,21
TGTTCGTGAACAGTAG,N89Y T110L,0.1988,0.1988,35,15
ACACATTTTCAACACA,M134V A328V,0.0005,0.0005,34,6421
AAGCAATACCACATAT,,0.0005,0.0005,34,6296
CTAATGGTACATGGGT,H131Q Q149T L442C,0.0005,0.0005,34,6182
CGCATGGAAAGTCGGA,N209L,0.0005,0.0005,34,6023
CATTTGTAGATGATAT,G160R,0.0005,0.0005,34,5752
TCAGGTATATGCTTAA,A202D T274H,0.0005,0.0005,34,5536
GAACATAATGACATAA,N146H S171L,0.0005,0.0005,34,5533
AGAGGGATAAATTTAT,S27T K126L,0.0006,0.0006,34,5072
TTACACAGACAGTAAG,H93N,0.0006,0.0006,34,5050
GCCTATGGACATCAAG,I113L,0.0006,0.0006,34,4847
TACTGTTAAAAAACAA,,0.0006,0.0006,34,4708
GATATCGACTGATACT,R248T,0.0006,0.0006,34,4599
TACCCAAAGTGCTAGT,G98S I201L,0.0006,0.0006,34,4569
TGACATTGATTTTACA,N158L,0.0006,0.0006,34,4534
ATGATTCCTTTACCCT,L168I,0.0007,0.0007,34,4396
ACTAAGATGAGCCAGA,K300Q G484W,0.0007,0.0007,34,4329
CAAAGTACGTAGCAAA,G181S,0.0007,0.0007,34,4213
TGACAATTCGCAGAGA,,0.0007,0.0007,34,4211
AAAATCTATTACGTTG,T101R S199P E421D,0.0007,0.0007,34,4093
GGCTTTGGGAGTGAAA,I254F,0.0007,0.0007,34,4089
ATAAGTTCGGTTTTTA,,0.0007,0.0007,34,3887
CAGGCTGGACTGTAAA,I112T I144M G271D,0.0008,0.0008,34,3797
ATTTAAAAACAAAAAA,,0.0008,0.0008,34,3713
CTCTTTATATTGGATG,T274S,0.0008,0.0008,34,3692
TTAGCTCTGAAACAGT,Q9S,0.0008,0.0008,34,3612
AGATTTCCCACAGAAC,M332R,0.0008,0.0008,34,3575
GATCCCCACAATCTCG,Q189L I443T,0.0008,0.0008,34,3524
TTGAGTCCGTGCAAGT,S138V,0.0008,0.0008,34,3510
GTTAAAACTACTCATT,V164M I252L E270K,0.0009,0.0009,34,3373
AATTAAACAATTGCAG,S216L M332F,0.0009,0.0009,34,3343
CGCGACTCGCAAGATA,D268L,0.0009,0.0009,34,3290
ACAATTCAAAATCGCT,R491M,0.0009,0.0009,34,3252
AACTCAGATACATACG,L107F G186L,0.0009,0.0009,34,3214
GTTAATCTATTCAAAA,A328W T380V N390D,0.0010,0.0010,34,3045
TAAAAGAGATAGATGT,,0.0011,0.0011,34,2654
TAAACGAATCTGATAA,,0.0011,0.0011,34,2629
AGATCACCCAATAACC,N89D K125N,0.0012,0.0012,34,2503
TGCGAGGGTCAGATAT,N114H G360L,0.0012,0.0012,34,2335
AAAAATGACGTGTTAC,Q482S,0.0013,0.0013,34,2299
GTGAGCCACCGACATC,,0.0013,0.0013,34,2211
AATCGCCTGGACTCGT,W196M W210L,0.0014,0.0014,34,2081
CATACGAACCGCCAGT,T375V,0.0015,0.0015,34,1954
ATACTCTGGCTAAACT,D306G,0.0015,0.0015,34,1890
CGTCAAGTACTCTGCA,M351I,0.0015,0.0015,34,1882
TGATAGGACTGCTAAT,A195K A328F H448L,0.0016,0.0016,34,1833
CATAAAGTCGCTGGCA,A123T N390K,0.0017,0.0017,34,1741
TTAGTTAAACAAAATT,,0.0018,0.0018,34,1598
GTCAATACTGAGCCTC,K465S,0.0018,0.0018,34,1579
AGATCGCCTTAGAGCA,G206T Y217I,0.0019,0.0019,34,1516
GTGGAACACGATCTCC,,0.0020,0.0020,34,1450
TCTGGTAATGGTAGTT,H374L R379V,0.0022,0.0022,34,1290
AATAGCAATGGGCAGT,S163L D229G L442T,0.0023,0.0023,34,1241
ACGCCGCCAGGGTCAA,F8C G271D,0.0024,0.0024,34,1214
ACTTAGTTCAAGCCGT,L32I N74S N390Y,0.0025,0.0025,34,1170
AAGGTTTCGCCGAATC,T40N I136T,0.0026,0.0026,34,1135
CCTGCAACAATCTCCG,T40R V47L G159C,0.0027,0.0027,34,1090
TACTCAAGCGACTAAT,C53D,0.0030,0.0030,34,972
GAATAAAAAGAACTGG,Y200G N302T F446W,0.0030,0.0030,34,951
TGATGCCGTGCCCGAG,I4T G174V T249N,0.0031,0.0031,34,937
GTAAGAAAACATAGAA,,0.0032,0.0032,34,909
ACGCAATAACCCATTT,T101K A123F Q232E,0.0039,0.0039,34,749
CTCGCCCCTCTTGTCC,P12G K88Y T101V N295S A343L,0.0046,0.0046,34,634
CAACTCCAATAAGTAC,N89D Y217M,0.0046,0.0046,34,632
CAATCTAAGGTCCTAC,N148G,0.0061,0.0061,34,476
CTATAGAATAAAATAA,G159S A202S T375I,0.0063,0.0063,34,458
GCACAAGCAGTACGGC,Y166A,0.0071,0.0071,34,408
TGAAATTCAACGAATT,G45L E67K T249F,0.0071,0.0071,34,407
AACATGCCGAATAAAC,M19C K125L H170R M214T,0.0074,0.0074,34,392
ACTCGAATGCTAGCCG,S199R,0.0078,0.0078,34,369
ATTGAGACAGTATCTA,S444M,0.0082,0.0082,34,355
CTGGCAGCTTGCTATG,H141Q N209G L394R,0.0100,0.0100,34,290
TCTATGTGACAGACAG,K161A F233R L242*,0.0100,0.0100,34,290
CGCCACACCTCGCGAA,Y200W I239A,0.0102,0.0102,34,283
TAAGTAATGGTTTAAA,C477L,0.0109,0.0109,34,266
CAGCTTATGATGCTTA,T48* N99A G360I,0.0111,0.0111,34,262
CTAGGAAAATCTTACA,T101H C279W Y371A,0.0112,0.0112,34,259
TTTTGTGTGGAGATAT,G160S R235C,0.0114,0.0114,34,253
TTTTACGTACCACGTT,R55D N178M H398R K488Y,0.0115,0.0115,34,251
CATCGTGGTCGACTTA,N37A,0.0119,0.0119,34,243
TATATGTTTCAAACCA,S60A T377D D401V,0.0123,0.0123,34,235
GAAGGCGCATACAAGA,V31Y,0.0132,0.0132,34,220
AGATACACCGCAGAAT,L133H G159M E287M,0.0133,0.0133,34,218
AACGCTATTAATCAAG,C57Y L447P,0.0140,0.0140,34,207
CTATATATACTAGCTC,N74I N158I,0.0141,0.0141,34,206
TTAACAACACTTTGCG,Y172M T226L R248W,0.0153,0.0153,34,189
GGGCCAATAACCATCG,F140P,0.0204,0.0204,34,142
TCGTATAAGTGAGTGC,N109C F117C S171L,0.0232,0.0232,34,125
GGACTGACAAGTTTTA,C155A G198P L258Y H398L,0.0250,0.0250,34,116
CGATGCACTTCATAAT,G2L G45M F117V,0.0259,0.0259,34,112
ACTCTTCAAATCATGG,D122E V187I D401N,0.0263,0.0263,34,110
AGATAGGGATAAGTAG,R257L N302A G378D G391F W489F,0.0266,0.0266,34,109
CAGCCTATCTCCCCTG,G102I F440L,0.0276,0.0276,34,105
CGTGACTGTTAATTCC,I4N V183M W227N F446D S462T,0.0386,0.0386,34,75
CATTGAACTAAACTTT,F7S N79T T106I V485S,0.0420,0.0420,34,69
AGACCAACACCACAAT,T87G A152M H467R,0.0453,0.0453,34,64
AGGTATAGCGCCTTGG,C364S,0.0579,0.0579,34,50
CACAGGGTGTTATACT,W196C R282L K300R,0.0828,0.0828,34,35
CAGCCAGTGTCAGTCT,I221C E404Y,0.1317,0.1317,34,22
TCTCAGCTTTCCTCGG,R422*,0.1379,0.1379,34,21
ACGCCCACCTGTCTTA,A39C C118V,0.1524,0.1524,34,19
CATCAAACAACTAACA,G102F H115P L266C,0.1609,0.1609,34,18
GTCGGCAGCGTACCGT,S269Q I345R,0.1704,0.1704,34,17
CACATGTGCATTAATA,L73V I358R T426A,0.1810,0.1810,34,16
TAACCCCAAGTCGTAT,H92Y L107P R250K V450A,0.2896,0.2896,34,10
TCCCCCCAATGATAAA,K125L Y200P A343T,0.0003,0.0003,33,8647
GCAGAAAAACAATGAG,A184G G243M L479R,0.0004,0.0004,33,8008
CTGAGATAACTCAATC,D156I,0.0004,0.0004,33,7009
ATCAGACTGCATGGAA,R379V,0.0004,0.0004,33,6998
ACAATTTGTTTAGGAA,S138L Y200W,0.0004,0.0004,33,6908
TGGAGATCCCACCAAA,K339D,0.0004,0.0004,33,6675
GACCCCTAAAACTAAC,,0.0004,0.0004,33,6549
AATGTACTGTCTCCTG,H92R D273T,0.0004,0.0004,33,6491
ACTTTATAGACCAAAA,G64N,0.0004,0.0004,33,6269
CCGTGACTAGCAAATG,S154F,0.0005,0.0005,33,5605
TTGAACCTGTGCTTCG,N209T M359I,0.0005,0.0005,33,5272
TAATCTAATCCTAACA,,0.0005,0.0005,33,5181
TAAGTAACAGCTTGGA,,0.0005,0.0005,33,5170
ATAGAATCTCTTGAAA,G208I,0.0005,0.0005,33,5129
AACAAAAACCGAAGAT,,0.0006,0.0006,33,5097
ACAGTCGAGGAGACGG,N74S G276A,0.0006,0.0006,33,5069
CATTATGCCATTTAAG,L43A N158S E287L H374N H471S,0.0006,0.0006,33,4734
AATATATAGGCGAAGT,,0.0006,0.0006,33,4593
TTAGACCTGAGTGAAA,A152H,0.0006,0.0006,33,4573
GTATAATACCAAAGAA,R207S,0.0006,0.0006,33,4484
TCAGCAGAAATGAATA,Q69R S85C I239V,0.0006,0.0006,33,4384
TACCAACTATTACCCT,,0.0007,0.0007,33,4296
GACTTGATTACTGATC,,0.0007,0.0007,33,4214
AAAGGTTTTTAATATA,,0.0007,0.0007,33,4136
CAATAAGAACGCATCT,,0.0007,0.0007,33,4120
CCGCCTGGTGGAGGGG,G186E E228F A328T,0.0007,0.0007,33,4113
TTTGGACCTTATACCA,,0.0007,0.0007,33,4030
CGTCCTTGAGTCCTAC,,0.0007,0.0007,33,3815
GACGAGGACAGAGGTA,A152G,0.0007,0.0007,33,3793
TGTAAGGCAACCGACC,A184P,0.0008,0.0008,33,3502
GATGGATACCAAAGTC,,0.0008,0.0008,33,3438
AGTGACTAAGGTAGCC,F7I,0.0008,0.0008,33,3415
TCTAACTTGGCATCTA,A173V,0.0008,0.0008,33,3401
CGCTGAAAATACTGAA,R379T,0.0008,0.0008,33,3385
ACATTCCTGTTTAAAA,,0.0008,0.0008,33,3384
GGAGATTTTTGAGAAC,,0.0008,0.0008,33,3347
AGTATACAGGTTAATT,,0.0009,0.0009,33,3252
TTTGACCAGGAATCAA,V47F N89D H179K,0.0009,0.0009,33,3217
ATCAATTTGCGCTAAA,N79Q W227N G260A,0.0009,0.0009,33,3139
AAGTAAGCCTCACTGG,V65T,0.0009,0.0009,33,3094
GTTAACCCAAACGAAT,,0.0010,0.0010,33,2895
AAAGCGGGCGTAACCT,I15F G198S,0.0010,0.0010,33,2758
ACTACGGAATACGAAA,,0.0011,0.0011,33,2670
GTTCGAATAAATTTAC,N395D,0.0011,0.0011,33,2564
GCATACATACCCGTCC,,0.0011,0.0011,33,2518
CTAAGATAATTGTCAC,L344M,0.0011,0.0011,33,2504
CCTTCCTTTCATAAGA,K272Y K465L,0.0012,0.0012,33,2433
GGAACTTAAGCCCAAC,S135F,0.0012,0.0012,33,2420
CTTGCTTCCTGTTTGT,L50M S199V G276F,0.0012,0.0012,33,2357
AATGCGCTTCTAATAT,L71F H170N A330D,0.0012,0.0012,33,2314
CAGTAACGAGCAACAT,A297G K425R,0.0012,0.0012,33,2262
GGTAAGCCCACGAACA,M472L,0.0013,0.0013,33,2233
CTTGGTCATGGCCTAA,N167S Y278F,0.0013,0.0013,33,2205
TAATCGGACTAAAGCC,S389K,0.0013,0.0013,33,2188
TATGGATTCGTCAACC,S367A,0.0013,0.0013,33,2110
ATAGGCCACAATGGTC,D156N,0.0014,0.0014,33,2017
GGACTCGTACTCTCTC,,0.0014,0.0014,33,1992
GGGTTAGACTACCTTC,T190N S400C,0.0015,0.0015,33,1934
ACCGTCATCAGTACCA,H354T,0.0015,0.0015,33,1924
AAGTACGTTATACATT,,0.0015,0.0015,33,1903
CCGTAATCGACTTATT,G484S,0.0016,0.0016,33,1796
CTGTTTCAGTAGTAAA,N146E H374S,0.0016,0.0016,33,1739
AACTAAGGCTTATAAT,V44T N119S T261V D273S,0.0016,0.0016,33,1735
TTATCGGATAAGGGAT,Q189V,0.0016,0.0016,33,1726
CTCATAGTGATCAAGT,H471M,0.0017,0.0017,33,1696
TAATCGGTTACAGCAA,,0.0017,0.0017,33,1648
TACAGTACTAATCACA,A297F,0.0017,0.0017,33,1634
AAGCCCTAGAAAATTT,G208V G391E,0.0019,0.0019,33,1511
GACCGATTGTTATTAT,T226E I254L,0.0021,0.0021,33,1342
TGGTTGCTTTTATTCA,L46A,0.0022,0.0022,33,1301
CAAGAATCAAAGGGGT,G260H R491N,0.0022,0.0022,33,1288
TCTAAACAGCAATAGA,G174L I334G,0.0024,0.0024,33,1162
AGTGAACGTCACCCAT,H124P,0.0025,0.0025,33,1121
CAGAAAGTAGTCGCTT,I286S,0.0026,0.0026,33,1093
CTTGGTTCGCACCCTT,S439T,0.0027,0.0027,33,1059
CCCCATCGCAGGTCAA,,0.0032,0.0032,33,891
CAACCGTGGGATAACC,M284F D408T L449H,0.0034,0.0034,33,823
AATGTATCCATGCCAG,I213Y T375L,0.0043,0.0043,33,651
AAATGGAGCTTTCCCC,Q3S G102V C364N D402L,0.0047,0.0047,33,596
GTACGCATGAGTAATC,D156Y E228M R248G,0.0052,0.0052,33,543
CAGCCAATAAATTGCC,G54D N90T W264K,0.0053,0.0053,33,529
ACTGCTTCACTTTCAG,G102C E228W,0.0061,0.0061,33,461
TGTATAAAAGTACGCA,S27G S367Q,0.0066,0.0066,33,428
AGAAAATATAGACAAT,C180M I213T T274I,0.0069,0.0069,33,406
CCGAGAAATTGGCCAG,K88I E100K H354V S389N,0.0072,0.0072,33,393
GTATCAGTAACGGTAT,L107T Y200P I345L,0.0072,0.0072,33,388
ACTGAGGAAAAACCTT,G98P Y441C,0.0091,0.0091,33,308
CTTACCGAAGAATTTG,G2N,0.0096,0.0096,33,292
GAACGGGGTGTCTTCA,W227G K368G,0.0104,0.0104,33,270
CTGTTAGTGGCTACCA,A132V E151R C180F P362F,0.0112,0.0112,33,251
TGGAGCAGAACAAAAT,K291F H305L,0.0122,0.0122,33,230
AATCGAATCTAATTTA,D175H S205F I213R F318R,0.0136,0.0136,33,206
AAATTAGCAATCCAGA,L78A,0.0138,0.0138,33,204
TTCATTTTAGATGAAG,T77C K291W,0.0144,0.0144,33,195
TTTCCTTAACATTAAG,L73K,0.0186,0.0186,33,151
CCTCCGCTACATAGAA,L245S R325I S392Q,0.0204,0.0204,33,138
GCATTAAAATCCACAC,I15S Y166C,0.0204,0.0204,33,138
TGCCTAATTGCAACTG,M192G M351R,0.0218,0.0218,33,129
TTCGCCAGACATAATA,N99K C231R,0.0225,0.0225,33,125
TTGCAGTTCCGGACTA,L51H M472T,0.0236,0.0236,33,119
TCGATCATTATCCATG,Q3I G64D K425F,0.0247,0.0247,33,114
CACAATTTCTGAAATA,R468L C477Y,0.0260,0.0260,33,108
AACTTCAATGGAGTAA,K33F E67S N224I,0.0268,0.0268,33,105
GTGCAGATCTAACACG,L382Y G391I,0.0270,0.0270,33,104
TTTTGCCAATAGCCCA,S56N S85I L469T K481F,0.0270,0.0270,33,104
CAACTCTCTGTAATTG,C53W L433C,0.0339,0.0339,33,83
TAACAAAACATTAAAT,V431R P466Y,0.0351,0.0351,33,80
ATTGGTTACCCTGCCA,V164Y I213L,0.0365,0.0365,33,77
GTGAATGGCTCAGAGA,G42Y N119L H179I S269V I345Q H398M C463K,0.0740,0.0740,33,38
CTAGTCACAATCTTCC,N185I R282Y P362L,0.0781,0.0781,33,36
ACCAGACTCCCGCCCC,A202N D357K G391N,0.0937,0.0937,33,30
AAAAATCGGTCGGAAT,T59N L245E D347L,0.1004,0.1004,33,28
ACTCGTCAATCCTAGA,L52T N99T Q321S,0.1125,0.1125,33,25
ATGGCAGGTCCTTAAC,S27R S60I T81P E228I,0.1171,0.1171,33,24
TAAATAATAGAAAAGA,Q9R M194N A322K T397I,0.1339,0.1339,33,21
CTACCACAGCCAAAGG,L415R,0.1406,0.1406,33,20
GTTTCTATTTTGCAAA,F309H G473Y,0.1562,0.1562,33,18
GCCTTGTACGTCCAGC,L105T,0.1654,0.1654,33,17
GTATACGCCAACACTA,M153E I286R T296S H354R,0.2163,0.2163,33,13
TACAATAATTTGATGC,S138M E228S N319K M420L,0.2343,0.2343,33,12
ACGATCACCTTATTGA,I137S,0.4016,0.4016,33,7
ACCCCATAATGATACC,,0.0003,0.0003,32,8821
GAAGACAGTTTGCAGA,L142S,0.0004,0.0004,32,7118
AAGACCTAATGAGAAA,K125S G174Y,0.0004,0.0004,32,6379
AATCACTTGGTCAATT,,0.0004,0.0004,32,6363
ATATATCAACTTGTGA,G174V,0.0004,0.0004,32,6260
AATTACCTAAGTGCTC,S255I,0.0004,0.0004,32,6249
GAACATGAAAAACATT,,0.0005,0.0005,32,5698
GTGGGCAATACTATAT,L51V N146V,0.0005,0.0005,32,5521
TACTGAAACACATCCG,,0.0005,0.0005,32,5516
TCAATCGAGCTAGCTA,S135Y,0.0005,0.0005,32,5436
CCAAAATGCAAGTAGT,I112S,0.0005,0.0005,32,5206
AAAGCCCTATCAAGCC,,0.0005,0.0005,32,5100
GGGAGGAAAAATCCTT,,0.0006,0.0006,32,4955
CTGTAATAGCATCAAA,,0.0006,0.0006,32,4825
CAAGCAACGAAATATT,,0.0006,0.0006,32,4741
GTCAGGAACTAGGGAA,G186Q,0.0006,0.0006,32,4649
CACAACGTGAGCAACC,,0.0006,0.0006,32,4639
AACATGGCACTAAATC,D306E K339N,0.0006,0.0006,32,4553
CTATTTGACCCGGCAA,G243N K339R,0.0006,0.0006,32,4515
GTTCCCAGCCAAACAT,N148R N470D,0.0006,0.0006,32,4487
AGGGAGCTCAGATGTA,R207G,0.0006,0.0006,32,4477
TGAGTAGGATTTTGAA,,0.0007,0.0007,32,4173
TTGCTTATATCAAACA,E421W,0.0007,0.0007,32,4124
CCGACCATGCATTACC,G102A M192S F316S,0.0007,0.0007,32,4107
TGGGACTTCCGAACAC,,0.0007,0.0007,32,4106
CATGGAACAAAAATCA,H13Q N146D G206R,0.0007,0.0007,32,4011
TATCTACAACTCGGTA,H13S A177I,0.0007,0.0007,32,3921
TTATCCCGAACTTCAA,,0.0007,0.0007,32,3868
TACCATAATTGGGAAG,,0.0007,0.0007,32,3855
ACATCAGAGCCAAAAC,E287S A343M,0.0007,0.0007,32,3671
GTATAAGACTACAGCG,,0.0007,0.0007,32,3661
ATACTTATATTGAAGC,G271P,0.0008,0.0008,32,3601
AATTGATCAAAAGAAT,,0.0008,0.0008,32,3544
AATAGCAGAGCCATCG,A184D,0.0008,0.0008,32,3472
GATAGGTGGTAACTAG,L479A,0.0008,0.0008,32,3462
CACTCCCATACTGTAG,G181V,0.0008,0.0008,32,3424
ATATCCTCGCCAGATG,T87V Y200F R325N,0.0008,0.0008,32,3285
AATGAAAAGCACATAT,T190M,0.0009,0.0009,32,3192
TTGCCCCGCGCTGCTA,,0.0009,0.0009,32,3116
GCAACACACAATTCGA,L290V,0.0010,0.0010,32,2813
AAATATCTCTAGTCAA,T263S,0.0010,0.0010,32,2722
AAATTTTGTTTAATGA,T108* W227C,0.0010,0.0010,32,2669
CTGAGTATAGAACATG,,0.0010,0.0010,32,2654
TGCTCCGCCGTCATAG,H230N T261R,0.0010,0.0010,32,2614
TCGACACTCTCGTTGT,V450M,0.0010,0.0010,32,2606
TGTACCAGTTGTTGCC,S389Y,0.0011,0.0011,32,2590
CAGTTGTTGCGTTCTG,A173I K272P D402N,0.0011,0.0011,32,2579
AAAAGGAACCCCAACA,E228N,0.0011,0.0011,32,2543
GATGCCTAGACCGACA,H92L,0.0011,0.0011,32,2477
ATTACCCTAACCAAGT,,0.0012,0.0012,32,2263
GGTATCGCTCTCTACC,M19V G159S,0.0013,0.0013,32,2101
AGAAAAATTCGAATCC,,0.0013,0.0013,32,2060
AATTTGAGTCTCTAAA,D175Y G484L,0.0014,0.0014,32,1953
TATTACGACCAACAGA,D408W,0.0015,0.0015,32,1856
TACTGAATAGCGGGCT,V388S,0.0015,0.0015,32,1851
ATGCTATATCAGAGAG,,0.0015,0.0015,32,1779
ATGATAATAAGTAAAC,E10L T226F D273P,0.0016,0.0016,32,1739
TTTACCACACGAGAAT,,0.0016,0.0016,32,1667
GTGTTTGCAGCCAGAC,,0.0017,0.0017,32,1576
AATTACCCAACCATAA,I334S P486F,0.0019,0.0019,32,1399
AGAGCGATTACCTTAT,,0.0021,0.0021,32,1278
ATTGAATCACACTGAA,E67L G276D,0.0021,0.0021,32,1273
CGTTTTCCAAATAAAT,S154T M410V,0.0022,0.0022,32,1224
CATACCAGACAAATAA,R55F G208R,0.0023,0.0023,32,1177
CATGCTCATATTTTCA,,0.0023,0.0023,32,1174
ACAGATAATGGATAGC,T48Y M410L,0.0026,0.0026,32,1067
GTACAGTAACCTATAC,,0.0026,0.0026,32,1060
TCATCTAAATGCAGTA,S135W,0.0029,0.0029,32,943
ATATGTTACGTCTGTA,Y129V E228S E287R,0.0032,0.0032,32,846
CACAATATGCCCACTC,I21H H179N,0.0043,0.0043,32,636
CGTCCATTAATTAGAG,N295T D306E Q324L,0.0049,0.0049,32,561
CGCTTTTATAACAGAT,A184I T265R T296C E303S,0.0056,0.0056,32,489
TATGAATGTTAGCAAA,Y200P V298C,0.0060,0.0060,32,454
ACCTAGCATATATAGG,L128R E307H E404L,0.0064,0.0064,32,429
ATGCTATGTAAGCTCA,N79I I137M A299M,0.0064,0.0064,32,424
TGAACAAATACGGAAG,G198* G276*,0.0066,0.0066,32,415
AATACCCACCTGGGGA,S367L,0.0086,0.0086,32,317
CTAGCACTTAGGGAGC,C385N,0.0090,0.0090,32,303
AATTCAGCACTATCTG,G277S L313M G429V,0.0096,0.0096,32,285
ACCGCAGAGTAATGAC,A25N F38*,0.0098,0.0098,32,279
TTCTCTTTTCGCAGAA,I162H S367D,0.0100,0.0100,32,273
TGTGTATTGCCCAGTC,S121G G198H I350A F436S,0.0101,0.0101,32,271
AGTAGCAATAACCACA,E404S,0.0102,0.0102,32,266
CTCGTTTGGACATAAC,N74Y H230Y E287Y P483L,0.0120,0.0120,32,227
CTTAAAAACAAGATTC,H92R G159T F436T,0.0130,0.0130,32,210
ACATGATAAGTTTAAA,I112E Y129M N158H W196S,0.0135,0.0135,32,202
GTTGATATAACCTAGC,G186L I221W N395Y,0.0143,0.0143,32,190
AACGCATAAATAACCT,I95S Q189R K417G I443F,0.0146,0.0146,32,187
ATACTGAAGCCACGTA,W210S A343P,0.0151,0.0151,32,181
AAAGTCTCAAATGCAA,Q149M F318* K417*,0.0152,0.0152,32,179
GGGGCTTCATGAAAAC,T6M,0.0155,0.0155,32,176
AAATGTAGTAGATAAG,I21* S246E K291C W370Y Y480*,0.0160,0.0160,32,170
TAACCGTTGCCCAACC,F157* L220N,0.0171,0.0171,32,159
CGAATATTCCGTAAAT,L61I T101S I162N A177R K272S W283Y,0.0177,0.0177,32,154
ATACTCGCAGACACTG,M1K R379I,0.0182,0.0182,32,150
CCCCAGCTTAACAATT,C180N,0.0191,0.0191,32,143
CGACATTACCCTAATA,C231N Q247R,0.0192,0.0192,32,142
TCTTAGCAATGGCCAG,Y200N Y369A P486G,0.0215,0.0215,32,127
AGACACTTATTGACAT,L168C,0.0216,0.0216,32,126
ATCGCAATTGCATTGA,T40R H131G I162Y S171P V485L,0.0218,0.0218,32,125
AATTTAACAACAGCGT,Q3L K63P,0.0220,0.0220,32,124
ATCAATGAGGAACGCA,S205L L245* T412I,0.0222,0.0222,32,123
ATTCCTTAGAGCAACT,T182I T296Y N319H,0.0229,0.0229,32,119
GCCGTTTACAACACAG,H13L L128Y I252K V341S E404R,0.0229,0.0229,32,119
ATAATAGCCGTCCAAT,L50R T225A C231F,0.0239,0.0239,32,114
CAATAAAATCTAAAGA,E10G Y200R,0.0241,0.0241,32,113
TACTGTAAAACTGTAA,G54S M96* M192T,0.0250,0.0250,32,109
TGTGCGTGAACAGAAC,Q69P N90Y S392L Q406R,0.0260,0.0260,32,105
TGATACCTCAGGAACC,Q165K G260V M359K,0.0262,0.0262,32,104
ACTTACCTGTTTTACG,A25W G277L I337M,0.0321,0.0321,32,85
ACTTCGCATGGACAAC,M19R T182I S267Q A288G,0.0341,0.0341,32,80
ATCTTAATAATACCAC,G42F C118R L290P,0.0350,0.0350,32,78
ATTAATAGCAACCCCC,E72T A322H K425E,0.0373,0.0373,32,73
AACCCTGGCGTACAGG,I15N,0.0649,0.0649,32,42
TGCCATAATTAAAAAA,T6I T48R H115E T377Y P464T,0.0779,0.0779,32,35
TTTAAAGCTGATATCT,N346R F446Q,0.0909,0.0909,32,30
CAAGCGACAATAGGAA,S60* A328V A407R,0.1010,0.1010,32,27
TTAATAAAAACAATCG,L84I Y393A L428G L447I,0.1049,0.1049,32,26
AGCAGTGAGCCGCACC,V97L N148H G208I N470L,0.1090,0.1090,32,25
TGATTGCCCAGCTCAC,G45N L52R,0.1090,0.1090,32,25
CATTCACAACAAGACG,V183M Q348V R356G T380V K451R P486S,0.1136,0.1136,32,24
TAGGAAGCGAACCAAC,F8S S216G R248*,0.1136,0.1136,32,24
ATGAAAGGGAATATAT,Y62P M82* I201F D311Y,0.1298,0.1298,32,21
TGGGGTTAACGAAATT,F8N L68K Q321S,0.1515,0.1515,32,18
GTTGACGAAAGCCTAC,D229A,0.0003,0.0003,31,8544
AAGGCCGTCAAAAAAT,L142T L442F,0.0004,0.0004,31,7392
TGCAAGAACATAATTT,H131E,0.0004,0.0004,31,7241
AACACGTCGGATATAT,L142M M410I,0.0005,0.0005,31,5825
CACGACTTTACAGTAC,G160T D204E G484L,0.0005,0.0005,31,5770
TTCGTCACAATTTTAA,Y393F,0.0005,0.0005,31,5759
CTATTACATAATACCG,,0.0005,0.0005,31,5697
GTAATAGAGTGTAACA,,0.0005,0.0005,31,5571
GACAATCAAATATTTA,,0.0005,0.0005,31,5432
TTAGGACAGGTATTGA,,0.0005,0.0005,31,5367
TCGCAACACATATTCG,,0.0005,0.0005,31,5199
TGTAACTGAGAGGACA,T87K,0.0005,0.0005,31,5175
ATCATATTTAAACCCT,,0.0006,0.0006,31,4727
AATGAAGTCCAGACGC,H471R P483A,0.0006,0.0006,31,4723
GAGTCGAATATAAGTA,,0.0006,0.0006,31,4603
CAGTCATTACAAAGGA,V450L,0.0006,0.0006,31,4546
TGTAGAAACATGACAA,G198N Q223E I458V,0.0006,0.0006,31,4538
CTTTGTAACCCTACAA,I201T,0.0006,0.0006,31,4511
GGCCATGTATAACACT,S205H,0.0006,0.0006,31,4442
TACAAAGAAATACCAA,H131D,0.0006,0.0006,31,4415
GAGTGTTGACAAAAAT,,0.0006,0.0006,31,4405
ATATCAACCGTCTCAC,,0.0006,0.0006,31,4351
ATCAACGGTGCGATGA,G198N,0.0006,0.0006,31,4333
GAAGTATATTACTGTT,S199N,0.0007,0.0007,31,4061
AATAATTTGGACGCTT,E396K,0.0007,0.0007,31,3947
TGAAGGAAGCACATGA,I239L,0.0007,0.0007,31,3945
ACTTACTGCATCTAGA,T190N,0.0007,0.0007,31,3803
TGCCTTTCCTGTGACC,M284N,0.0007,0.0007,31,3727
AAAGCGCCCGTACGAC,T226P,0.0007,0.0007,31,3722
CAAAATCTCAAGTCTC,K126R W210Y,0.0007,0.0007,31,3600
ATCCCAACTATCAGGA,T139V,0.0007,0.0007,31,3538
CATTTAACTCTATTAA,D251S,0.0008,0.0008,31,3398
CCAATTACCATAAAAT,T412M,0.0008,0.0008,31,3375
TTTCTCATGTCCTACA,Q232R,0.0008,0.0008,31,3353
GGAGCTTGGAATTATA,E303D S389Y,0.0008,0.0008,31,3317
AGTAAAATAGGTTCCC,S135L,0.0008,0.0008,31,3271
TCCAAACTGATTTATA,V97N,0.0008,0.0008,31,3226
CTCGAATTGTTTGCCT,R55S,0.0008,0.0008,31,3169
TAATAACATCTCTAAA,T59R S216L T249Y,0.0008,0.0008,31,3134
ACATCCCTCACGGCTA,,0.0009,0.0009,31,3079
GGTGTCAGTAAAACGA,M214L,0.0009,0.0009,31,2992
ATCACCCCCCTCGTAG,,0.0009,0.0009,31,2990
GTCTTAAGCCGAAGAC,S91T,0.0009,0.0009,31,2949
AGCCACAGTCAAGATT,E100S,0.0009,0.0009,31,2921
GATAACCGCTACCCCT,L142Q I252S,0.0009,0.0009,31,2887
AATAGAACACATAAGC,,0.0009,0.0009,31,2838
AAAACGCGGAAAAGCA,K327F,0.0009,0.0009,31,2832
AACTAAAAACTTACAC,,0.0009,0.0009,31,2823
CAATAAAATTACTAAA,L372V,0.0009,0.0009,31,2796
CAGTGAACATCCGTCC,T274Y,0.0010,0.0010,31,2720
GCACAAAAACTAAATT,L442F,0.0010,0.0010,31,2570
CATTGGCACAGAGTCG,D229M G378H K425Q,0.0010,0.0010,31,2551
GTTAAGACACGCCACC,N185S V435A,0.0011,0.0011,31,2507
CTACGCCTTAACTTCA,,0.0011,0.0011,31,2456
AGTGTATTACCTGTTT,,0.0011,0.0011,31,2430
CCATCCCCGTTCTGTG,D156E I254P K481L,0.0011,0.0011,31,2314
TAGGACAGGGCGGTTA,K116V,0.0012,0.0012,31,2239
CAGAGTCAAGCCACCT,I286W I345V,0.0012,0.0012,31,2186
CTAAATAGGTTTGGAC,Q482I,0.0012,0.0012,31,2167
CACCCCCACGCGGCAA,K272E P483W,0.0013,0.0013,31,2025
AGCTTAATTAGTGCTC,E10D,0.0013,0.0013,31,2005
AACGGTTCTATCCTAA,N99A,0.0014,0.0014,31,1926
ATTAGAATGTCTAACT,K451S,0.0014,0.0014,31,1926
ATTTCTTTTACCGGAA,E100M,0.0014,0.0014,31,1925
CAGTAGTTCAGGAAGT,,0.0016,0.0016,31,1673
TAAGCGAGGATATTAA,G198S T226P F440T,0.0016,0.0016,31,1647
TAAGATATATGATTCT,T48S A177V T377K,0.0017,0.0017,31,1565
ATTTCTACTATCGGAA,,0.0019,0.0019,31,1379
TATAGCATGAGTGAAA,E104M I112R T377S,0.0020,0.0020,31,1339
AATACGCATTTAATTA,L50M K88V S389C,0.0023,0.0023,31,1151
ATGCGCCATGGAGCAG,K88C M194L,0.0024,0.0024,31,1091
ACAGCCTAGTATTTGA,N148D,0.0025,0.0025,31,1072
ATGAGGTAGAAAAGAC,,0.0025,0.0025,31,1056
TTAACCTGTGAGGAGT,,0.0029,0.0029,31,922
TGATGTGTTCGTTACC,M134S,0.0030,0.0030,31,889
TCCATAATCACAATGA,V47L L128G W196S,0.0034,0.0034,31,773
ATGATCGACGAGGCAC,Y150I G186F D402N,0.0045,0.0045,31,588
AACAAATAGCACCGGG,E16T,0.0045,0.0045,31,587
CACGATCAGAAAGCAC,N338L,0.0047,0.0047,31,561
GGCCATCAGCGCTTCC,H93C,0.0054,0.0054,31,489
CGGCTCGAAGGGCCAC,T101A K272G K300G N302G E308D I323V K339R N342G N346G R356G K368E Y371C R491K,0.0059,0.0059,31,447
CTGCCGAATACTTATG,M351I T380F R491I,0.0068,0.0068,31,389
ATCACATCTCATACTC,L120K D229K M420S,0.0075,0.0075,31,351
GAACAGAATAATACTT,S171N L372R K490F,0.0079,0.0079,31,334
ACTGCTAACAAATGAA,A30P E67K K88E T101Q K368*,0.0084,0.0084,31,313
AAGCATATCAGCCGCA,S85I C86R T106R L259S,0.0085,0.0085,31,312
CCAAAATACGAACACT,N20Y Y62C H179L E329Y S367D,0.0102,0.0102,31,259
TAATGCTCAATTTCAA,K33C T397V,0.0106,0.0106,31,248
GATGGCACGATAACTC,H93T A152P Y241I Y371T S381P S389A,0.0108,0.0108,31,244
CAGGACAGATTTTTCA,Q331Y H467T,0.0109,0.0109,31,242
AAAATAACGTGCAATA,Y166W,0.0121,0.0121,31,219
AAAATATAAACCAGCA,S27T A177R S234I,0.0141,0.0141,31,187
TTCCGCGTCGGCGAGT,V65A I162Y Q232P S400P,0.0149,0.0149,31,177
CGCTTCATATCCAGCA,H131T L285S,0.0290,0.0290,31,91
CAAACACTGAAAAAAT,Q3W A132Y,0.0293,0.0293,31,90
GGGATCCAACTAATTG,S111Y N185L E404A,0.0297,0.0297,31,89
ACACGGATTTATAAAA,R256F L280R,0.0339,0.0339,31,78
ATCCTAACATAGTCTT,L46H N209Y R468D,0.0406,0.0406,31,65
AAAATATATGGCACGA,V14G L442W,0.0433,0.0433,31,61
GACAATCCAGAATTGT,V65R C118N T190D Y217L T376R,0.0463,0.0463,31,57
AGATTTAGCTGAAATC,K63W T70W T377I,0.0677,0.0677,31,39
TGGCGAGACGTACTAT,T58Y G181R G243T T296N,0.0755,0.0755,31,35
GGGCCTAAATGTACTA,T81M F157L N470S,0.0777,0.0777,31,34
TAAGGCTCAAGTAACT,A177L E228D Y241I I358N,0.1056,0.1056,31,25
TGCCCAGACGGTGGGA,M1C L428Y,0.1056,0.1056,31,25
ACATCTTGCCTCCAAA,M19P T101H S121I,0.1100,0.1100,31,24
ATATAACACGCCGCTC,C57W L142N N185V T274M L415G,0.1100,0.1100,31,24
TATTGATGATGCATTA,A30T I337K,0.1100,0.1100,31,24
CTCTCATAGCAAAAAA,I21K N390S,0.1148,0.1148,31,23
GTTAATGCTTAACCAT,N37L K352F,0.1148,0.1148,31,23
ACTTAGGATCTTAAGT,M75S C231G,0.1200,0.1200,31,22
AATACATTTGTCAACT,C86Y A184W R256G,0.1258,0.1258,31,21
AGACCGAACACGATGA,L220R,0.1258,0.1258,31,21
CTTTACCGGACCCACG,G2T K161D S389I,0.1320,0.1320,31,20
AAAAACACAGACCAGG,A176W D251V,0.1553,0.1553,31,17
AGATCGAATGTCAAAA,I15K S56I,0.1553,0.1553,31,17
TGAAAAAGCATTTAAA,N146R C155F C231R F293D S476V,0.1553,0.1553,31,17
GAGGGTTTGTTAACAG,H170F L259* I403A,0.1886,0.1886,31,14
ATAACCAAAAATGTTT,,0.2201,0.2201,31,12
AATATATACTAGGATT,T249M W370* C385V,0.2641,0.2641,31,10
TTATCAAGCTGATTCA,C212N I239K T261H G429*,1.0000,2.6409,31,1
CCATTCACCTGCACGA,,0.0003,0.0003,30,7398
TCTTGGGCAAACTTAC,R250Y D408T,0.0004,0.0004,30,6822
ATCATCGCAATGAACT,N90S,0.0004,0.0004,30,6279
TGTTTAAACCACTATG,L142F,0.0004,0.0004,30,6215
GGAATAAATTACCTAT,,0.0005,0.0005,30,5578
TTCGCATGTAACGAAC,I252Y,0.0005,0.0005,30,5510
CGCTACACTACGCCCG,,0.0005,0.0005,30,5364
GATCTTGGTGAAAAAC,N90I,0.0005,0.0005,30,5070
AATAACATTAGGTCTA,G243E,0.0005,0.0005,30,4912
CAAACAATAAAGCCAA,G98R M332W,0.0005,0.0005,30,4817
ATACACTGTATTCAGC,S135Q R235S,0.0005,0.0005,30,4743
CCTTATATGATTAACC,,0.0005,0.0005,30,4725
TTTCCAGACCGTTCCA,,0.0005,0.0005,30,4719
TGACAGCTTGACTAAG,G186W H354L,0.0005,0.0005,30,4703
TACTATCAGGAGGTAT,K116C K451N,0.0005,0.0005,30,4700
TATGAATAAGATGTGG,,0.0005,0.0005,30,4697
TGCCATCATCAGAAGA,,0.0006,0.0006,30,4640
CACGATCACATTTTTA,D122S V388L,0.0006,0.0006,30,4403
ACAGTAATAGATGTCA,A123T M284I,0.0006,0.0006,30,4073
CATTTACTAGCCAGTC,L326V,0.0006,0.0006,30,4069
CTTCATACAGAACCCA,,0.0006,0.0006,30,4066
CCGATTAACCACTTGT,H354F,0.0006,0.0006,30,4014
AAAGCTGCCTTAAAGA,,0.0006,0.0006,30,3936
CACTATTATCCGATCG,G64T I201V I252Q,0.0007,0.0007,30,3815
CGTTTTCCATACACAT,,0.0007,0.0007,30,3744
TTATGAGACCCTCCAC,,0.0007,0.0007,30,3710
TAATCGTAAGCGTCTC,T110A,0.0007,0.0007,30,3669
TGAACAACATAGCCAT,,0.0008,0.0008,30,3399
ATATAAGTTACAATTA,I334M,0.0008,0.0008,30,3384
TAACGTAGTAGAACCT,,0.0008,0.0008,30,3332
GAATGACCTGCTAAAC,,0.0008,0.0008,30,3316
CAATATGCACCTGAAG,T110D,0.0008,0.0008,30,3258
CAAAATGGAACTAACT,,0.0008,0.0008,30,3103
GAAATGTAGGCAATCG,D268N,0.0008,0.0008,30,3065
CAGAGCCAACGAAGTG,E100Y Q149K,0.0009,0.0009,30,2919
ATGATTCGCTCGATTT,T139S,0.0009,0.0009,30,2917
CTAATACTTAGATATC,,0.0009,0.0009,30,2883
TCTAAAAACGAAAAAA,H93F V183M,0.0009,0.0009,30,2816
GTGTCACCTATGGTAA,,0.0009,0.0009,30,2794
GCGACGAAAAACATAT,T40A,0.0010,0.0010,30,2643
GAATTCAGCCCTTAAT,S389I,0.0010,0.0010,30,2642
ACATACTATTAAAATT,S333R,0.0010,0.0010,30,2524
ATTTATCGAACCGTTA,A328C,0.0010,0.0010,30,2500
ACCAAACCGTTAATCC,L128N M284S,0.0010,0.0010,30,2451
CATACCCCCAAAAATT,T81I,0.0011,0.0011,30,2420
AAGTACTGATAAGAGG,T77L D229V,0.0011,0.0011,30,2419
TGGTTCATAACTGGTA,S154F T225R T249S W283E,0.0011,0.0011,30,2373
GACTACAATCAGTAAA,H93V T263G,0.0011,0.0011,30,2348
ATGATGACCGAAAAGC,L220F,0.0011,0.0011,30,2305
GTACGAATTCTAAGGG,,0.0014,0.0014,30,1856
GAGAAAAAACCATGAG,T139G,0.0014,0.0014,30,1844
TACGATCACGCAAAAA,,0.0014,0.0014,30,1816
CAGTGAGAGTACTGCA,,0.0015,0.0015,30,1707
TATCATAAGAAACGAT,D156S T397I V485F,0.0015,0.0015,30,1676
GTTATTACCTATTATC,H141N,0.0017,0.0017,30,1548
TCTTAGCTATACGGTA,H179T,0.0017,0.0017,30,1477
CTCTGTTCAGAGTCCA,,0.0018,0.0018,30,1400
TCAGTGAAATATGATG,,0.0020,0.0020,30,1308
TGGACTAAACACATCT,M96T,0.0020,0.0020,30,1273
AACACAAATCACATAA,L266T,0.0020,0.0020,30,1271
GCTTCGATCTGCAAGT,,0.0022,0.0022,30,1161
CTGAGGCCTAATACAC,,0.0022,0.0022,30,1154
AGCCTCATCAGACAAA,S255P,0.0023,0.0023,30,1120
GTAGCGAGTTGCGCAC,P236A,0.0025,0.0025,30,1015
ATGTATGTATCCCAAA,A132S H230R P486T,0.0027,0.0027,30,961
CACACTCACACACCAA,V183Y G208D I254E Q482Y,0.0029,0.0029,30,874
ACAAGAACTTTCAATT,,0.0032,0.0032,30,791
TTCTGAACAATCCGGA,S205K D401G,0.0034,0.0034,30,756
GGCACTGTGAATCTGC,G64K,0.0037,0.0037,30,693
AGTAGAAAAATTTACT,L120V G424L,0.0037,0.0037,30,691
TAACTGAATCTGATGT,G271K,0.0040,0.0040,30,637
AACAGAAGAACAAAAG,F157V D273K M410I,0.0040,0.0040,30,634
GCAACTATAATAGAGT,H179E E404S P486V,0.0044,0.0044,30,580
GATTGCGAGCGGTTTT,S135R,0.0047,0.0047,30,540
TTGACATACAAATAAT,M194L V298R,0.0050,0.0050,30,508
CAAAATTCAGCGTAAC,T110I E396S Q406N,0.0058,0.0058,30,438
TAGAAGTAGGGTGCAG,M192N S205H L244T L428S I445G,0.0059,0.0059,30,430
TAATCCGGTGTAAACT,L120Y G198I,0.0069,0.0069,30,368
GGATACGGCAGTTCGA,P83A,0.0073,0.0073,30,349
AACCTCCCTCTGTAAT,A123G I213Q E418T L442R,0.0074,0.0074,30,344
GGTCTTTGAAACTGAG,K33C,0.0077,0.0077,30,331
ATAGAGCATACTGAAC,G98Y G102I,0.0077,0.0077,30,330
GAAGATTAGATAACAC,Y62I C118M C310S N395Q I411V,0.0081,0.0081,30,317
ATTAATATTACCCATG,S135Y F157M,0.0081,0.0081,30,315
CCTTCACTAAAGCTTA,D306*,0.0081,0.0081,30,314
AGAACTCTGTCCCATC,Q3I M82T,0.0084,0.0084,30,303
GAGCCCACACAACGTA,D204F Q223W K461T,0.0091,0.0091,30,280
ATATACACTACCACTA,L78T,0.0097,0.0097,30,263
TTGCGAGGATACGTAC,N342T S462M,0.0104,0.0104,30,246
CATCGGTCCTACCCTG,P383L,0.0104,0.0104,30,245
TACGTACTGACTAACC,D357K T397L,0.0107,0.0107,30,238
ACAGCCCACAGCTTTC,C180K R250* K304D,0.0109,0.0109,30,234
ACTAGATGATGCAATA,K33L S171R,0.0130,0.0130,30,196
GTAACTAAGAACCCAG,N185R C231F,0.0139,0.0139,30,184
GCAACCAACTTACATT,S143I N302*,0.0183,0.0183,30,140
ATATTCTATATACCGT,S121A R235W,0.0184,0.0184,30,139
TCTTTACTAGGCCCTT,L50K T58A,0.0200,0.0200,30,128
TGATAACATATAAGGT,E104R N302P,0.0209,0.0209,30,122
ATAGTTGTTCTTATTC,E421*,0.0211,0.0211,30,121
GAATGATAAATCGTGC,G206S A288K M332K P453L,0.0215,0.0215,30,119
CGCGCCAAAGATAAAG,G54S S91N C180F,0.0226,0.0226,30,113
GAGGAGCAAGTTAGAC,G2L A39F E67G,0.0226,0.0226,30,113
TCCGTCGTCCAGCAGG,G2I C41N,0.0234,0.0234,30,109
CTAATAAAATGCACTA,L26N,0.0237,0.0237,30,108
TTGATTGTACAATTAA,T40K H141L Q223G,0.0237,0.0237,30,108
AGGGGCTAGGAATGGC,V187D S269L M351I S444P,0.0239,0.0239,30,107
CTAGAGATCACCAGAT,G271N K291M E404L,0.0243,0.0243,30,105
TTAGTCAGTTATTTTA,S205V C301S,0.0243,0.0243,30,105
AGACTATATCTAACAC,E308K R314E N373C,0.0246,0.0246,30,104
GAGGCCAAATCGAGTA,G186Q G240L C279S,0.0287,0.0287,30,89
TCAGTTGCTAGTGCAC,T81F T296D,0.0544,0.0544,30,47
GTCAACGTGCCAGCAG,E100K S163K T190L,0.0639,0.0639,30,40
ATAATCCAACTACAAT,L105E G260V A322Q I358F V459M,0.0799,0.0799,30,32
CCACAACCTTGCTAGT,G206K G277D L449S,0.0881,0.0881,30,29
CATGTTTGGGAAACTA,L50* L61S L344I I445S,0.1022,0.1022,30,25
TTACCGCCATCCCTGG,I112T C279R E289A K320S,0.1065,0.1065,30,24
ATCTAAAGCCAAGCCC,I15K M75K G360I P427F C463H,0.1162,0.1162,30,22
AAGGCTGATGGCCAGA,D311T,0.1217,0.1217,30,21
CAGTATGTTAATAATT,N90Q M192W Y217L F233M Y241K L344*,0.1217,0.1217,30,21
AATCTAAAACCGTTTC,L29H T101I L105*,0.1420,0.1420,30,18
GCAAGTACTCTTAATC,N20C Q247L W264I,0.1826,0.1826,30,14
GCCCTAGGCTGGCATC,Y66V K126F R193L T225H,0.1826,0.1826,30,14
AACACGTATATTCATA,R250P M332T,0.3195,0.3195,30,8
GTCCCCCATTTAACCC,,0.0003,0.0003,29,7696
TGACTGGATTATTAAA,G159C,0.0003,0.0003,29,7473
CATAGCATGATGTGTT,N148S G160D Q189Y G276S,0.0004,0.0004,29,6295
AGACTCTGATACTATA,,0.0005,0.0005,29,5457
TAATAAATGAAGGGGA,D122Y,0.0005,0.0005,29,5277
GTAGCTAAACTGATAG,K88R,0.0005,0.0005,29,5271
ACGATCAGGACCTACC,K272I,0.0005,0.0005,29,5001
CAATCAATTAAGAGTG,,0.0005,0.0005,29,4702
TAGATACCAAACTAGA,E72S,0.0005,0.0005,29,4678
TATTATGCAACATCTA,M351T,0.0005,0.0005,29,4630
GGTGTCTTATGGACGC,I137L F436Y,0.0006,0.0006,29,4471
ACTAAATCAGAAACCG,N146M K300A,0.0006,0.0006,29,4399
CCCGTCGTAATGCTCA,N224V,0.0006,0.0006,29,4225
ATCCGCTGTACCTTAG,I162L G206K P236W,0.0006,0.0006,29,4123
ACCTGGAAGCCTCTAT,,0.0006,0.0006,29,4116
GCCTATATCTTCCGAT,,0.0006,0.0006,29,4080
AACCCAATGCGTCTCA,S199Q,0.0006,0.0006,29,4060
GAAGGCTGTAAAAGGC,,0.0006,0.0006,29,3987
CACCTTATTAACCAGA,V459G,0.0006,0.0006,29,3981
ACCAGCCAAATCCACT,L43I P236S,0.0006,0.0006,29,3890
ATAATCACCACAATCT,,0.0006,0.0006,29,3867
CATAGCAAATGTAGCA,,0.0007,0.0007,29,3721
AATATAATGAGGAGTG,N89D,0.0007,0.0007,29,3656
AAAAATTTCCAAGTTA,K88T M472L,0.0007,0.0007,29,3571
AGAAGCTAATCCAGTA,T190I I334T N395V,0.0007,0.0007,29,3545
ATTACCTATCCGACCC,,0.0007,0.0007,29,3538
GAAGGTCTAATGAATA,,0.0007,0.0007,29,3500
GACCTAAACAATAAAA,S476C,0.0007,0.0007,29,3419
ATAACCCACCTCAAAA,,0.0007,0.0007,29,3401
AAAATAGTACTTATAC,R248W P486F,0.0008,0.0008,29,3258
TCGACGATGTTACCTG,,0.0008,0.0008,29,3163
CTAGTGAGGCTAAATT,R207D,0.0008,0.0008,29,3153
GGTCGATCAGAACCCA,W196S,0.0008,0.0008,29,3141
TAACCACGGCAAGATT,,0.0008,0.0008,29,3109
AACATATGGGATGTTA,A343L,0.0008,0.0008,29,3020
AACAAATTAAGAAGAA,R325T,0.0009,0.0009,29,2782
AAAGACATTACACAAT,W227M,0.0009,0.0009,29,2781
GCTTATGGATGAACTA,D306H,0.0009,0.0009,29,2770
CTTGGGATACACTCCA,Q189S R379C,0.0009,0.0009,29,2764
CAACGCTAATCTTAAA,S60W S154L,0.0009,0.0009,29,2667
ATATAACTTATTCTCG,E413H,0.0009,0.0009,29,2645
TTGAAGATAGTGCGAG,,0.0009,0.0009,29,2640
TAATTTGAGATTGACG,,0.0010,0.0010,29,2500
ACCTATCTTATTCACG,,0.0010,0.0010,29,2467
CTTCCGCTAACAACTG,,0.0010,0.0010,29,2464
GGAAGTAAGCTTCAAT,G160L W283S,0.0010,0.0010,29,2419
CTCTACATCTTAGAAC,I323S,0.0010,0.0010,29,2365
CATATTGCCCGTCCCT,L61P,0.0011,0.0011,29,2344
TCCAGAGATAAACCTG,G45K P483N,0.0011,0.0011,29,2178
CCGCCCGGAGACTAAT,G54T,0.0011,0.0011,29,2161
ACTCCTATATATAAAA,G198L,0.0012,0.0012,29,2117
ATTTTCGATACCAGCC,,0.0012,0.0012,29,2073
ATTATGCTGGTAATAC,S267R,0.0012,0.0012,29,2053
CCAAGGCTATTACGCG,M410C,0.0012,0.0012,29,2032
CAAGAATAGAACAACC,N74C,0.0012,0.0012,29,1988
ATATAAGGCCTAAGCA,,0.0013,0.0013,29,1944
TTGCGGATTAAGACAC,,0.0013,0.0013,29,1902
CACGTATCTAGGCGAT,Y172S L245Y T263A,0.0013,0.0013,29,1869
TGTACAATAACTATCA,,0.0013,0.0013,29,1838
GGATAGAAAAAAACTG,S143V,0.0014,0.0014,29,1829
AATATGTTAAGAACAC,T412S M472G,0.0014,0.0014,29,1785
TGACGGTTAAACAAGC,N319S,0.0014,0.0014,29,1713
ATCTTACTTACCCAAT,E228I M351I,0.0015,0.0015,29,1669
TCAACGTAAGACTCTT,,0.0015,0.0015,29,1651
GCATTTTACACTACCT,G360D,0.0015,0.0015,29,1604
AAGATACTGGGATAAA,N90S F309V K327R,0.0017,0.0017,29,1463
TTTAAATCCTAAAAAG,T296A V341L N346T,0.0017,0.0017,29,1442
CTTCGGAAAATTCACA,Q149S W227G,0.0017,0.0017,29,1434
TGTTTGATGAAGCAGC,,0.0018,0.0018,29,1378
GAGTGAAGGTTTATTA,T426M,0.0019,0.0019,29,1318
TAATTTTATCAATCAA,G197V,0.0019,0.0019,29,1303
AATTATGAAAACGAAA,,0.0022,0.0022,29,1125
AGGGCATAGACAAACA,M192I R257S,0.0023,0.0023,29,1064
CGTATCCCACGCAATA,S111R,0.0023,0.0023,29,1056
CGCTAAACAATGCCCA,I252D,0.0024,0.0024,29,1033
GATGACAGAGTAGCAA,N209I G460F,0.0025,0.0025,29,986
GATAAGCTAATGTATG,Y166V,0.0029,0.0029,29,845
CACGAAAGCATCTCGT,L51M V485I,0.0035,0.0035,29,705
TTAACTTGCAACACTA,E307T K490S,0.0035,0.0035,29,704
GCAACGAAACTAAACT,G34L,0.0042,0.0042,29,591
AAGAAAATTTTGAGGA,H124V I452L,0.0043,0.0043,29,568
AATGGTGAATTTGTCC,E67L T106L D211V,0.0045,0.0045,29,544
ACTGGATAAAACGGAG,S199Y,0.0046,0.0046,29,538
AGGCCAATACAACAAG,F309G M359Y,0.0050,0.0050,29,491
TTGCAATAAAATACCC,Y62F S199H Y253R,0.0051,0.0051,29,484
CCAGTCAATTTATCTT,H374N,0.0056,0.0056,29,439
GTACTAAGATTTAAGA,C212*,0.0064,0.0064,29,386
GGAAATCCGTTCCTAC,S246E Y366A,0.0066,0.0066,29,377
CTAATTGATCTACTAT,S400C,0.0069,0.0069,29,360
AAAGAAAGAGAGTATT,M214S I221T N470Q,0.0074,0.0074,29,333
TTGTGCTCATAAAAGC,A322L Y480*,0.0074,0.0074,29,332
TCCAGTAGTTTTACAA,N158W S267T F446T,0.0075,0.0075,29,329
AATATATACAGTGCTT,S216I L313K S439R,0.0079,0.0079,29,311
TGGTAAAGAATCCGAA,P83C N90T H471N,0.0079,0.0079,29,311
GCCAAATGATTTAGAA,K63* Y200M,0.0083,0.0083,29,296
AAATCCCTTCTGCCAA,Y129P,0.0084,0.0084,29,294
CCGGTTGATCAAAAAA,H179D M194I M214A T454Q,0.0084,0.0084,29,293
GGACGGGTTTTTTTAG,V44E,0.0084,0.0084,29,293
TGACGCGTAATCACAA,I144H,0.0084,0.0084,29,293
GAAAAGAGGGGCATAG,L242N,0.0089,0.0089,29,279
ATATCCATTAATAGCC,T263L N353Y,0.0089,0.0089,29,277
TGACCAGAGAACACAG,Q3R A30V Y200S,0.0103,0.0103,29,241
TTTTTGAATGTGCATG,V65C H92S M134I M153L G198C Q223L,0.0104,0.0104,29,238
TGGATAATCATACAAA,T81R F140D I201G K339T,0.0112,0.0112,29,221
GAACATATCAATAGTC,T48N Q69I D311R V435R,0.0117,0.0117,29,211
TGTTGTCAAAATAAGA,P383K,0.0119,0.0119,29,208
ACTTACCACGACCTTA,F191C,0.0123,0.0123,29,201
GACCAATTTAAATCAC,K161* Q348N,0.0125,0.0125,29,197
GTGTACAATTCTACTC,H13R G98D S199T I334Y,0.0134,0.0134,29,184
GCGATTTCGGTGAAGG,L203M E396*,0.0136,0.0136,29,182
GAACTTTACCCGGTAT,S27F L32Y,0.0140,0.0140,29,176
AACAAATAAATTCAAT,Y94H Y200L,0.0142,0.0142,29,174
TAGAATATGAAACAAC,S85H H141N K291E,0.0156,0.0156,29,158
CGACCATCGTAATAAG,L78K C155I,0.0160,0.0160,29,154
GTATAGTGAAGAAAAT,D156G G186I T249S M410L,0.0161,0.0161,29,153
ATGAGCCTACCGGTAA,K33N M82S F436V,0.0184,0.0184,29,134
ATCGATCGATGCATAC,V22G M312I,0.0208,0.0208,29,119
CTAGTCTCTATAGCTG,V28K I162Y E270L,0.0211,0.0211,29,117
ACCTCACACTGCCTTG,M1L N90W K384S,0.0227,0.0227,29,109
ATAAATATTCACCCGA,N470V,0.0227,0.0227,29,109
AAGGACCTTTCAACTG,C155V K465P,0.0231,0.0231,29,107
TATCTCACGGGATGAG,E10F Y480I,0.0233,0.0233,29,106
AAATACATACACATGA,K352*,0.0238,0.0238,29,104
CACAATCATTTGATCG,H13W A288R,0.0245,0.0245,29,101
TGTAACGTAACAGGAT,W196M E228H P466H,0.0245,0.0245,29,101
AAGCGAAGCACCAATC,M1L E104* L120T H179Q Y371E,0.0255,0.0255,29,97
GGTCCTCGCGCCCGTA,M192I V431S,0.0269,0.0269,29,92
CTACGGTTCCAATTAC,Y62T L84K T182N N395K K481D,0.0278,0.0278,29,89
TCGTGGTAAGCTGTAC,Q3R,0.0287,0.0287,29,86
TACCCTGTAAACACAA,T48N S462L,0.0797,0.0797,29,31
CTGATCAGCAAAAACA,I4M N20M,0.0882,0.0882,29,28
CACCTTACATATAAAT,L61D T139C,0.0915,0.0915,29,27
TAGAGTAACCCGATTT,A132I K272R E404R,0.0915,0.0915,29,27
CAAATAAAGCCTGAAA,L128I E151R E228Y H305V,0.0988,0.0988,29,25
TAAGAAATAATATGCC,I4S L394V,0.0988,0.0988,29,25
CCCCCACCCTGACCAT,L68E Q247S T380P,0.1029,0.1029,29,24
ACCTAACAAATCAGTT,S333*,0.1074,0.1074,29,23
CACAATACTGTACACC,M1N,0.1123,0.1123,29,22
TGACCGTATAAGGACT,I213S P236K,0.1123,0.1123,29,22
CTAACTTATCATCTAT,G98I I222F H354V I411S,0.1176,0.1176,29,21
TATGCACTTCTACTTT,S135Q D251R V341L G360C,0.1176,0.1176,29,21
AACCAAACCCATAACC,I252Y N295K N346V,0.1235,0.1235,29,20
AACCACTTGTGTCACT,Y419L,0.1235,0.1235,29,20
ACTCCCACAAAGATTT,L78* R248V L285* L415V,0.1235,0.1235,29,20
CAGCAATCCACCCGTA,N185L H374L,0.1235,0.1235,29,20
ACACCTATGTCCATTC,A177D K352*,0.1300,0.1300,29,19
ACTAATATAAGACCGA,D130Q G198C N319Q,0.1300,0.1300,29,19
AGGTCACAGCCTAGAA,K125* H230L Y393M,0.1544,0.1544,29,16
ATCTAAACAATAGTGT,S154M G197V P383M N390L,0.1544,0.1544,29,16
CACGCACGGACAATAC,Y253L T375Y,0.1544,0.1544,29,16
CTCCAAAATACCTCCA,S111R S154K N158S,0.1544,0.1544,29,16
ATCCCCTATAATTATA,T380I T454R P486S,0.1647,0.1647,29,15
TAGATCGTTGATGTGA,E17A G34E,0.1765,0.1765,29,14
ATTGTATAGTTCCATC,N158I G174T L285F A407S,0.2471,0.2471,29,10
TTTAACCATCATTAAT,L103F V183M,0.0003,0.0003,28,8005
CTGTAAGTGAATTAGA,,0.0004,0.0004,28,6539
TTGGTATAGATCTGCT,T182S M420W,0.0004,0.0004,28,6138
AGGCTGGCGCTATCGC,M134L,0.0004,0.0004,28,5896
ACCACAACTTGTCCTG,,0.0004,0.0004,28,5642
TACCGGGGACTCTTGA,,0.0004,0.0004,28,5566
GCAAAATTTTTTGTTT,L280F,0.0004,0.0004,28,5308
CCGCTTACACAACGGC,,0.0005,0.0005,28,5254
CTGCAAAAAATGTACC,L84M,0.0005,0.0005,28,4779
GCCTAAATACATATAC,,0.0005,0.0005,28,4766
AATTTCGCCACCCTAA,F191V S199W,0.0005,0.0005,28,4514
CATAATTCAGTCTAAC,N79F,0.0005,0.0005,28,4494
GAAAGACTTAACCTCT,,0.0005,0.0005,28,4359
TTACTTAGAAATAACA,G159H I254D,0.0005,0.0005,28,4344
CTTCGGGCTGTCGACC,,0.0006,0.0006,28,4156
ATTATCTAGTAGAATT,M351S,0.0006,0.0006,28,4061
GCTGTCGATCCCAACA,N127S,0.0006,0.0006,28,4061
CCAATAGTTTTAAGGT,G54E E100G,0.0006,0.0006,28,4046
CTGTTATACCTTCACG,Q324G,0.0006,0.0006,28,3821
TTAAAGACAATTAAGA,T59A E100G,0.0006,0.0006,28,3731
ATTCAAAGCCCGTTAA,G198R,0.0006,0.0006,28,3688
GCTTCACATTATAAGT,I112R,0.0006,0.0006,28,3680
GCCTCTTCGCACCACA,E100R G159W S476F,0.0007,0.0007,28,3642
AGAAATGCAGAGTGTT,L449M,0.0007,0.0007,28,3633
TCATTGAAACTCCCTC,,0.0007,0.0007,28,3608
CCGAGTCCACTGGACA,S439A,0.0007,0.0007,28,3467
GCCCTACCAATATAAG,,0.0007,0.0007,28,3453
CACTTATCCGGTGCTC,A184S,0.0007,0.0007,28,3410
ACTGATTAAGGTTAGA,,0.0007,0.0007,28,3398
ATCCTTCAAAACTTTG,,0.0007,0.0007,28,3343
GATAGAGGACCTCTAA,,0.0007,0.0007,28,3339
CACTTCACTACACTAC,P483R,0.0007,0.0007,28,3283
AAGCAGATACAAGAAC,G54S M134L,0.0007,0.0007,28,3277
TCTAACTTATCAACAC,T87W,0.0007,0.0007,28,3206
AGGTAGGACGTAACCA,W210H R379A,0.0008,0.0008,28,3159
CCAATAGTCCTACTAC,D211I,0.0008,0.0008,28,3141
TAAAACAGGCTATAGG,K88L Y172Q,0.0008,0.0008,28,3086
TTCCCTATCCCCAATG,M194V,0.0008,0.0008,28,3074
CGCTCATCCGTAGCTG,N209Y T375S,0.0008,0.0008,28,3072
ATTCATATGAGAGCCA,G484L,0.0008,0.0008,28,3062
TAGTCCAAGATTGGCT,,0.0008,0.0008,28,3021
ACGTCGATGAGCCCTT,K161R N224M,0.0008,0.0008,28,3004
AGTAACGCGAAGGTGG,N178D P486D,0.0008,0.0008,28,2989
CACAGGCCTTAATTAA,L469I,0.0008,0.0008,28,2979
ATATCAACGCTCTGTA,,0.0008,0.0008,28,2961
GAAGCTTTAAACATTT,,0.0008,0.0008,28,2851
GATTCGGGACCTGACA,M19W T110Y,0.0009,0.0009,28,2716
AGCTAATTCATGATTT,F7L N390S,0.0009,0.0009,28,2711
CCCCCAAACAGCAGAA,N90V H170Q,0.0009,0.0009,28,2705
TACGAAAAATGCTACC,T59V,0.0009,0.0009,28,2665
GTACATTCAAGTTCTA,I452T,0.0009,0.0009,28,2663
CAGAAGGAGATATTGT,,0.0009,0.0009,28,2656
AGCAGTCTACCAGGCA,,0.0009,0.0009,28,2630
GAGAACCGAAGTACAC,,0.0009,0.0009,28,2621
ATTTATCACACACTGA,A343S,0.0009,0.0009,28,2588
GTGAGAACTAAGCAGT,,0.0009,0.0009,28,2586
TCACTGACCGGGATAA,,0.0009,0.0009,28,2548
TACTACTTCGTGGGCC,,0.0009,0.0009,28,2546
CAATCCCCGCACTTGA,M134V,0.0010,0.0010,28,2419
GCTTCTTAAGTCCCAG,R193T D229A,0.0010,0.0010,28,2366
ATACTTCAATTGAGAT,G208S Q232P,0.0011,0.0011,28,2264
ACACCATCTACAGACT,,0.0011,0.0011,28,2224
AAACATCAAAAAGACC,,0.0011,0.0011,28,2194
TCTTCGTGCACACCTT,,0.0011,0.0011,28,2165
TGGCCTCACCGGCTCA,,0.0011,0.0011,28,2106
AAAGCAACCACTGCCA,,0.0012,0.0012,28,2061
ATGATACCATTAGATA,N158F Y253H,0.0012,0.0012,28,1987
ACCGCGCTGTGCTTGA,P145T Q482R,0.0012,0.0012,28,1918
CTGGAACATATAGAAG,F157I,0.0012,0.0012,28,1911
GAAGAAGTCATCATTT,G198Y,0.0013,0.0013,28,1895
GGATGCTACTTAAGAG,A132F,0.0013,0.0013,28,1828
AACAGACGCACAATGC,L326Q,0.0013,0.0013,28,1804
ATTAGACAAATAGGGA,Y278L,0.0014,0.0014,28,1765
GGACTAGCCCGTGACG,E100Q L142F K300M K481T,0.0014,0.0014,28,1694
TCCAAAAACAATCCAG,A202T,0.0014,0.0014,28,1677
ATTTCTTAATTGTGGC,,0.0014,0.0014,28,1652
TGAGTCGATGTGATTG,L68F,0.0015,0.0015,28,1620
ATAACCTGTCTGACTG,,0.0015,0.0015,28,1596
GAAGGCTCTTTCATCC,,0.0015,0.0015,28,1557
CTCTACACATCTCCGA,E151V D156S,0.0016,0.0016,28,1513
CAAAATCAAAAGATAG,,0.0016,0.0016,28,1486
TAGGCATAGCTGTTAT,F7M N209V K488F,0.0017,0.0017,28,1367
ACATTCACATCTTCGT,E10A E67A,0.0018,0.0018,28,1360
TTAAATTCCAAACCCA,,0.0018,0.0018,28,1295
AAGTGCATCCATACGA,,0.0019,0.0019,28,1234
CATTCATCAATACGTA,F117C M192S,0.0019,0.0019,28,1233
GTATGTGAAGCCTTAC,V388N,0.0020,0.0020,28,1210
AATTACCATTTTGACT,G45E M192L T377L,0.0020,0.0020,28,1206
GGAGGAAATACACGTA,Q223W,0.0020,0.0020,28,1195
TAACTGATTGCCTAGA,S199K S246L,0.0020,0.0020,28,1190
GGAAGGACTGGCTAAA,C41T F157I T215V,0.0021,0.0021,28,1126
AAGTAGCAGGGTCCAA,G54T,0.0023,0.0023,28,1047
CAAAAATCAAAAATAA,T101F,0.0025,0.0025,28,944
TTCACACAAGGTCACG,S333A,0.0026,0.0026,28,919
TCTAATTTACCCGCAA,S267C,0.0031,0.0031,28,773
AGACCTCCAAGGCCAT,I24S R379L,0.0031,0.0031,28,766
TCTCCTACGCCTGAAA,Y62N Y253L,0.0035,0.0035,28,680
GAAAATTTGTTCTACC,D156N N167L C212S,0.0049,0.0049,28,489
CCCTAAATAGAAACAA,L78Q T215V W264R D273C,0.0051,0.0051,28,466
GGTAATCTGCGCGATT,G45K F262E W370*,0.0053,0.0053,28,449
ACCTTAGACATGAATA,K88S S143Y,0.0058,0.0058,28,414
ATGACCCGATCCTACG,I24Y N209Y E228T L372V S389T,0.0059,0.0059,28,407
GCCCAATTTCACGCAA,T48I P83W D130L,0.0060,0.0060,28,399
AGAAAAACAAAAGATA,,0.0071,0.0071,28,336
AAGCCAATGCATAGCC,R207T W264L,0.0071,0.0071,28,334
CCTTGACACCCAAACA,W227G I239Y,0.0073,0.0073,28,326
CGCTAGACTAATGTAC,S56Y,0.0075,0.0075,28,318
ATCACCTACTTATTGT,S199F I452*,0.0079,0.0079,28,301
AACATCTCTTATATCC,I137H,0.0080,0.0080,28,297
ATAATATTAGAACCGT,,0.0084,0.0084,28,284
CTTTAAAATAGAAGCA,T81P T274S S333D E413M,0.0088,0.0088,28,272
TCATTCAACAAAAAAC,N209M D229N R248T L394A Q482A,0.0092,0.0092,28,259
GAAGACATAAATATTA,Y36T,0.0093,0.0093,28,256
AAAGTTAAATAAAAAA,L142P N373T,0.0106,0.0106,28,225
AATTCAGCCCGAGGAC,T106R,0.0107,0.0107,28,223
AAGTTGCACTGACTAT,Q232R H455K,0.0108,0.0108,28,220
ATCAAACTTCTTAATA,N409L,0.0108,0.0108,28,220
GGAGCATGTCGACCTA,G2C L349A V487L,0.0114,0.0114,28,210
GTAGTAATCCCACAGC,L78S,0.0120,0.0120,28,198
TAATAGATTAAAAAAG,S135Y E308A N319Y K384E,0.0122,0.0122,28,196
GGCAGGCAATGTTCTA,C86Y K88G L128Y L220N,0.0125,0.0125,28,191
GTGTATCTGGATTGGA,V164M D175Y S255V T274I I458H,0.0128,0.0128,28,187
GAAAACCAAAGACCAT,K63L L372V,0.0130,0.0130,28,184
TAAGACGAATAGGACG,E104G T139L A177F I222Y S400F P483S,0.0130,0.0130,28,183
GCATCATTCATACATA,L71G C212R D317S W386S,0.0139,0.0139,28,171
TATCAAATACGAACTC,F7S M80V I254Y,0.0144,0.0144,28,166
TACTGCGACCCAGCAT,I15A R356*,0.0148,0.0148,28,161
AAATTACAAATTCTTG,I286K S476R,0.0166,0.0166,28,144
CTAATACGGCATTAAA,L258S,0.0173,0.0173,28,138
GCGTGAAGAGACTATT,D273A D402K,0.0181,0.0181,28,132
TCACAATTAAAGAGAT,V31N N90L W283V A299R I358V P466E,0.0185,0.0185,28,129
TATACGCCTATGAAAT,K384Q F440N,0.0186,0.0186,28,128
ACCAAATCGCTGAAAG,S269H K291*,0.0188,0.0188,28,127
ACTTTAATCGACCGAC,V187I G198W C364*,0.0189,0.0189,28,126
GTCGAACTGATCTGGG,M82N S143L,0.0194,0.0194,28,123
TCATACGGTAGCCAGT,I21Q Y371L E396S,0.0197,0.0197,28,121
AATTTGATATTCAATC,V431H,0.0215,0.0215,28,111
AAATTTAAAGTGAAAA,H13N P83F G197R,0.0217,0.0217,28,110
AAGACAAAGGCAATGA,L52Y I136T S169Q M351* S381W,0.0217,0.0217,28,110
TCTCTATGTCCAACAA,L51V H455P V485T,0.0219,0.0219,28,109
TGTTCATAAACAATCA,W196H T274P,0.0239,0.0239,28,100
AGCCCGGGCAACCGTC,Q223R W227* F293T G391D,0.0243,0.0243,28,98
TGTCGCTGCATGTTTA,E100W S333R H398Y R422K,0.0246,0.0246,28,97
CGCACCCATCATTTTT,M134K C180R D268P,0.0251,0.0251,28,95
ATTCGGTCGCAAATCG,V5F T70I S85I G98R F440A,0.0310,0.0310,28,77
GCAATTTCACTCATCT,F7K V341L,0.0327,0.0327,28,73
ATTTGAAAATCGTTTG,T77H I411H E421C,0.0379,0.0379,28,63
AGCAGGTTCTACCAAC,G34W,0.0628,0.0628,28,38
ATTACGAGATACCATT,L68G N99Y S171Y L415T,0.0795,0.0795,28,30
AATTGACATATTCCAG,T108K G159C D306L A407S,0.0852,0.0852,28,28
ACTAAGCCTGGGACGG,L61N Y66Q,0.0883,0.0883,28,27
GAATCCATAAAGTCTC,S56V L84H A152T A176R I222T H455A,0.0883,0.0883,28,27
TTGATCTATTAGACAC,H179R Q189R M192V Y200H Y217C Y219C I221V N224S I239V Y241C D251G Y253C R257G M284V K339E Y371C Y393C K425G T438G K488R,0.0994,0.0994,28,24
ACGGATGACGTAGATC,L73G T426C Q482E,0.1037,0.1037,28,23
CGTAACTATTGCGGAA,H92S I136R G181V P238Q R325T,0.1084,0.1084,28,22
ACTACCGAACTTAAAG,V22L F140N,0.1136,0.1136,28,21
TAACCATAGGGGAAGA,H93M Q232H G260D N390T,0.1136,0.1136,28,21
TAAGAAGCAAAATATA,A25V F434D F446E,0.1136,0.1136,28,21
TATAAAAGCAACAGAA,I4P D306V,0.1136,0.1136,28,21
CACAGCAAAAGTGACA,L50C L280E A322W,0.1255,0.1255,28,19
TTACTATCATGAATTA,K88M N119Y L387M,0.1255,0.1255,28,19
GGAAAATACTTTCTCA,N74I F233R I337H S389I,0.1403,0.1403,28,17
ATCTGCGTAAAAAAAC,M82P E303L S400N,0.1491,0.1491,28,16
AGTATAACACTAAACA,E16Q F446E,0.1590,0.1590,28,15
CTTAAATATTAGGTCT,S111R D204K C212A G473E,0.1704,0.1704,28,14
CTACGTGGATAGACAT,Q482*,0.1835,0.1835,28,13
TAAAGCGATACTATAT,L105M Q165T A177I,0.2168,0.2168,28,11
GTTAAGTCAGGTGTAC,M420L,0.0004,0.0004,27,5601
CCGTGAAATACACATA,,0.0004,0.0004,27,5542
CCAGTAAATTTAAATT,,0.0004,0.0004,27,5124
TCGCTGTTCCTGGAGG,,0.0005,0.0005,27,4931
GTCATATGAGACAACG,V47I W210M,0.0005,0.0005,27,4813
CCGCAACGCTATTAGC,,0.0005,0.0005,27,4666
ATCCACGTCAAAATAA,,0.0005,0.0005,27,4453
GAGGACAAGATTAACG,A173Y L326V,0.0005,0.0005,27,4444
GACACACCTGAAAGCG,D156F,0.0005,0.0005,27,4395
ACACACACTTGCAGGA,,0.0005,0.0005,27,4354
CATAAAAAGGGCTAGG,,0.0005,0.0005,27,4307
CCCATATCACATGCTC,R379S,0.0006,0.0006,27,3878
AATCTATTGTATTTGT,W227P,0.0006,0.0006,27,3877
AACTCTCAGCTGCAAA,,0.0006,0.0006,27,3842
AGTAGCATTCCACGCT,E396V,0.0006,0.0006,27,3830
CAGGCACCTGTACACG,S154V Q232S,0.0006,0.0006,27,3825
AATCTGTTTAATAGGT,L107M,0.0006,0.0006,27,3804
AAGGAGGAGTCTGTCA,K272T T296A,0.0006,0.0006,27,3789
ATCATGCCTTCATTAG,,0.0006,0.0006,27,3787
GTACATGTAACCTACA,,0.0006,0.0006,27,3730
AACCTCCTTGATAAAA,,0.0006,0.0006,27,3727
AAACATAAAGACAGCA,,0.0006,0.0006,27,3609
ATTAGATCTACTTAAG,,0.0006,0.0006,27,3594
GACTTAAACCAAAAAA,I474M,0.0006,0.0006,27,3553
ACACTAAACTATTTAC,S199R M214T,0.0007,0.0007,27,3514
TAATGAGCCATTAATA,T261D,0.0007,0.0007,27,3364
GCGTCCCACAATAAAT,,0.0007,0.0007,27,3345
CACCCAACTCATCGGC,N90L D156V,0.0007,0.0007,27,3169
ACTGATCGCGATGCCT,I112R Y150H Y172L,0.0007,0.0007,27,3166
AGAGATTATTTTGCCA,I112L K300R,0.0007,0.0007,27,3092
GTTATGACAAAAACTT,K490C,0.0008,0.0008,27,3063
AGTATGTGTAGAGCAA,R207W T281N,0.0008,0.0008,27,2993
ACTGTAATGAAAATTA,V5I L103F,0.0008,0.0008,27,2947
CGAGTATCGCAATCGA,,0.0008,0.0008,27,2945
AGAAACTCTGAGGAAT,,0.0008,0.0008,27,2906
CTACGTACTCGTATGG,N127R S269R,0.0008,0.0008,27,2895
TTTGCTCGAAGGGAAT,K352T,0.0008,0.0008,27,2874
CTATTTGATACCGCTG,S199I,0.0008,0.0008,27,2786
TATTGTAGAGAACACT,T87R,0.0009,0.0009,27,2646
CCAGAATAAGGGAAAC,I4V,0.0009,0.0009,27,2625
AATCTACAATTATTAT,L133I,0.0009,0.0009,27,2594
CCCCTCCCATATAGAA,S437C,0.0009,0.0009,27,2578
ATTTAACGGTCTTTAG,,0.0009,0.0009,27,2539
AGCGAGCGAATCCCAC,,0.0009,0.0009,27,2534
CCAGTGTCTACATTCG,T40Q S169T K272W,0.0009,0.0009,27,2470
ATACAATATGAGGAAA,L46Y,0.0009,0.0009,27,2424
TAACGTTATAGCTACA,L120M V459L,0.0010,0.0010,27,2373
TGCTCAATTTCTTACA,,0.0010,0.0010,27,2334
TGGCCCTTTACCTCAC,V44T G478S,0.0010,0.0010,27,2324
AAGTCCGCTGAACAAT,S199V,0.0010,0.0010,27,2323
GGCTATTGATAATAAT,G181Y,0.0011,0.0011,27,2190
AATTCCACACAAGAAT,D268L,0.0011,0.0011,27,2122
GAGTCGTTGGAAATAC,F399L,0.0011,0.0011,27,2095
GGTACTCCAGCAGGTC,,0.0011,0.0011,27,2038
CTCTTTGATACCATAA,A132L A330I,0.0011,0.0011,27,2031
GTAGCTCCATAATGCA,S27T T377I,0.0012,0.0012,27,1986
AAACTTTATACTAATT,,0.0012,0.0012,27,1980
TTACCAGATCCTTAAG,T261R M359I,0.0012,0.0012,27,1975
GGGAGTATTGTTTATA,S111C,0.0012,0.0012,27,1956
GAACCAAGGCGATCGA,,0.0012,0.0012,27,1914
AAACCCGCTGACTCGA,,0.0012,0.0012,27,1867
CTAATAAACGCAGATT,,0.0013,0.0013,27,1804
ACAACTCGAAACGACC,E76S A343S,0.0013,0.0013,27,1785
AAAGAAAAAGCCATAC,T296P,0.0013,0.0013,27,1772
TCCGTAATAAAAAGTA,K125E,0.0013,0.0013,27,1765
CAAAATTCATCATAAA,Y62R G240P H305K P483N,0.0013,0.0013,27,1746
CTGTACCCCTGAAAAT,,0.0013,0.0013,27,1737
ACACACGCAGATGGAG,P486I,0.0014,0.0014,27,1617
CCAGATTTATTGTTAC,A407V K465A,0.0014,0.0014,27,1591
TGGGGGAGCGAAAATC,,0.0015,0.0015,27,1524
ACATGTACTCTGTTAC,H398T,0.0016,0.0016,27,1409
TCAGTGAATTGGATGA,A195G S389R,0.0017,0.0017,27,1370
AAAACAGTGATCGCAG,G271V A343F S462Y,0.0017,0.0017,27,1354
AATGTAACATAACTAG,A299L,0.0017,0.0017,27,1328
TATACCAGGGCGCACG,F147T,0.0018,0.0018,27,1270
ACAAGAGCAACTACAG,E329T,0.0018,0.0018,27,1251
ACTCCTAAAGACGTCG,H115Y,0.0019,0.0019,27,1204
CACCGATAAGATCGAT,,0.0020,0.0020,27,1173
AGGATGGTTTGCACAG,D175G,0.0021,0.0021,27,1116
CCCATCCCTCATGTCG,N74P,0.0021,0.0021,27,1097
TGTTATGCGAAATTCT,G102V,0.0021,0.0021,27,1071
TGGTCAGAGCAGAATA,A202Q,0.0023,0.0023,27,1005
ATGAATGACCAGAAGG,,0.0023,0.0023,27,992
AATTCTACGGTCAAGG,C57L K161S D273S K291* H467A,0.0024,0.0024,27,972
CGGAGACGTCATAAGA,N158S,0.0024,0.0024,27,969
CGGTTGATTCAACTTA,E16F Y36F E100S,0.0026,0.0026,27,893
TGCTTACAACATGCTG,,0.0029,0.0029,27,783
CAGCTCGCATCCGAAC,L46S N146R N158S,0.0030,0.0030,27,760
CCACTTAAGACCGACA,E413K,0.0034,0.0034,27,685
TCAGCAGGTCTGTTCT,L51S K272T L479R,0.0034,0.0034,27,673
ACAATGATCTAGTTTG,L50Q A123G,0.0051,0.0051,27,455
ACTCCATCTACAGCCA,G64S Q165M,0.0053,0.0053,27,432
CCGAGACCGTTAAAGG,D317T,0.0054,0.0054,27,427
TATTCAAGAAAACTGT,V31Y,0.0060,0.0060,27,385
AGTCTAAAATCCAACG,D156I K272W R282N,0.0060,0.0060,27,383
AATAATAAAAAATAAG,S169M G206E T426L,0.0064,0.0064,27,359
ATCACTTTTTCGGTAC,N109A,0.0066,0.0066,27,351
CCGAAAAAACATTAAG,V5A M153Q G159H T190*,0.0066,0.0066,27,350
TAAGACACCCTCTGCA,W196Q Y278Q,0.0069,0.0069,27,333
TGTTTGAAGACCGCCA,V5S S111L,0.0076,0.0076,27,301
TGGAGTTAGCGTAGAC,R256I,0.0083,0.0083,27,278
ATAAGATGTATACTAG,P145V G160L G277A K488R,0.0089,0.0089,27,258
CAATAAAACTACATCA,A39V E308P D347G,0.0090,0.0090,27,255
ACATGCCGTGATAACC,F7V T108* M194Y G198C C364M,0.0106,0.0106,27,217
AACACTATTTCCTTCA,V183G T215F I361K,0.0107,0.0107,27,215
CCAAACCTACTTGCAC,F399N,0.0108,0.0108,27,213
CAAAATTACTCTGGAT,L266D C364L,0.0113,0.0113,27,204
AACTAGTCTAGCACCA,K161*,0.0116,0.0116,27,198
ATAGATGAGCCAGTTC,N409K,0.0117,0.0117,27,197
CGAATAAAAAAGAAGA,Y66T C364R,0.0122,0.0122,27,189
TAGATCCAAGACTCTA,N224V D432N,0.0122,0.0122,27,189
ATTATAGTACACCCCC,G2V V22F,0.0123,0.0123,27,187
ACCTACTTTTAATTAA,C57Y K488C,0.0129,0.0129,27,178
AAGTCTCGTTAAGTCT,G64Y L220P Q232R R314W,0.0136,0.0136,27,169
AATAAGATGCTAACGA,M1* Y129W Q335P P486D,0.0158,0.0158,27,146
ACTGACTCTCGGTATC,E104G S439E,0.0162,0.0162,27,142
TAAATAGTGACAGGAA,E104D Q232*,0.0173,0.0173,27,133
TCAACCTCGACCCCAT,A123I,0.0174,0.0174,27,132
TAACCACCCAAAATAA,C41N L142E,0.0183,0.0183,27,126
TTCTCTTAACAGACCC,H374R K425*,0.0187,0.0187,27,123
ATCGAACAACACATTA,T108S Y419G,0.0189,0.0189,27,122
GAATAGCGTAAGTAAG,N209I L313P I443F,0.0200,0.0200,27,115
GCCTGGAGTAAGAATA,A152G H179D S389Q L394F F446A Y480T,0.0204,0.0204,27,113
AGTTTAAGCTCTGATG,A173H T263L V341A I411N,0.0207,0.0207,27,111
ATCCATTCCATCCAAA,M19N L103Q,0.0211,0.0211,27,109
TGGATGGATAGAACCA,S169I Q324T Q348L,0.0213,0.0213,27,108
TGACCGTAGATGCAAG,R235V K352L N373F I445V G460T W489*,0.0232,0.0232,27,99
AATCCGTTAACCAAGT,V28W C301G,0.0235,0.0235,27,98
ACCCCGCGAGGGATTG,G208S C212L Y219H,0.0235,0.0235,27,98
TGAATACTAGACCGTT,H92C Y129R H170* C385Y,0.0237,0.0237,27,97
ACCCGACATTATCCAC,T81N T87K D401F P427L,0.0319,0.0319,27,72
AAAACCCAAGATGCGC,F140R A343T,0.0359,0.0359,27,64
AAAACCGCGAAGTACA,,0.0411,0.0411,27,56
CACACCAGAGACACCC,F440Y G473T,0.0426,0.0426,27,54
TAAATTAGCCCTAGCG,N37F,0.0451,0.0451,27,51
GAAACAATGTGACTGG,Y480V,0.0657,0.0657,27,35
AAAACGTATACATTAT,W196R D273*,0.0821,0.0821,27,28
AATGTCCCTCACAAAA,A297S,0.0885,0.0885,27,26
GCATTTAAGAAAAACC,L245T Q405K V450Q,0.0885,0.0885,27,26
AGTCGGCATACAAAAA,T106G A202D G391S,0.0920,0.0920,27,25
ACTCCCAGATTCCAAA,G243M R256T K327E,0.0958,0.0958,27,24
TTGTACTACATCCCTT,M1I T110W A195Q Y219I,0.1046,0.1046,27,22
ATACATACTGAGAAGA,N37L D175L,0.1095,0.1095,27,21
CCATCTATAATTACCC,L29H G34R,0.1150,0.1150,27,20
GTCAGCTCGAGGCTTA,K125A T249P Y278N L442P,0.1150,0.1150,27,20
ACATAGGAATACTCCT,K368W T376R G478F,0.1211,0.1211,27,19
TACGTTTAAAATACAA,L120S K425L,0.1278,0.1278,27,18
ATGGACATCCTAAAGA,W264* N365P F440G L479I,0.1353,0.1353,27,17
GAAAGACTAAAGAGAA,H354P T377F,0.1353,0.1353,27,17
AATGAAACGCAAAGAA,W264G,0.1438,0.1438,27,16
ACCAAACCTATGCAAA,N74S I137K S143N,0.1533,0.1533,27,15
TTTTAGTTGTGAACAT,V5T R356*,0.1769,0.1769,27,13
AGGTGTTACTTAACTC,F262V P275H K291M,0.1917,0.1917,27,12
TAACGCGCTTACCTAG,L188F E404S,0.2091,0.2091,27,11
CAAGTAAAATTATCTG,,0.0003,0.0003,26,6749
GAGCAAGGACAATCAT,K339D,0.0003,0.0003,26,6568
TATGAAGCATAGGTAC,N79R,0.0003,0.0003,26,6489
TTTTAGCAGGAGGTGA,V47L H179K,0.0004,0.0004,26,5420
GCAGCCAGATATGTTG,N158F,0.0005,0.0005,26,4908
ATAGGCATTTAAACCA,T226R,0.0005,0.0005,26,4881
GCCGGCAACTCACAAC,E100N T190G,0.0005,0.0005,26,4576
GTGCCTAAAAATATGA,,0.0005,0.0005,26,4550
ACCTATCCTGTTTCAC,Y66I L71I,0.0005,0.0005,26,4439
TTGTAAAGTTGAATAG,K116N D273T,0.0005,0.0005,26,4272
GGTTCCTTCCTATTGC,,0.0005,0.0005,26,4085
CATGAAGCTAAAGCTA,T274M,0.0005,0.0005,26,4058
TAAGACATTCAGAATA,,0.0005,0.0005,26,4052
ATGAAGTTACACTCCA,R248T,0.0006,0.0006,26,3993
GAGTAACGAAACTGCA,K116C E287D,0.0006,0.0006,26,3990
AAGATGAATCAAATGA,T225S,0.0006,0.0006,26,3893
GAAACTAAGAAAAAAG,,0.0006,0.0006,26,3739
GTTGCGAAGATGAATC,T101A F233Y,0.0006,0.0006,26,3728
TCAGTACCCAACAATA,,0.0006,0.0006,26,3722
AAAAATTAATAACTCC,F157L P275L,0.0006,0.0006,26,3665
ACACTGTTAGTGTATA,L61N G197S,0.0006,0.0006,26,3664
CTTGGTATAAGATGCT,S171F,0.0006,0.0006,26,3559
CCCCACGCACATTAAC,K352Y,0.0006,0.0006,26,3465
GCCCATGATGAAATGC,T108V G271C,0.0006,0.0006,26,3450
AGAAACAGAAGACTTC,W210L,0.0007,0.0007,26,3348
GTATAAATGACTGTAT,M19L,0.0007,0.0007,26,3236
ATGACAACCTATAACG,I474V,0.0007,0.0007,26,3225
GACAAGCCTCAAGCAA,R379S L479T,0.0007,0.0007,26,3176
CAACAAAAAACTACGA,H124Y,0.0007,0.0007,26,3118
GCTGCAACAACAAAAA,,0.0007,0.0007,26,3115
AACCAGATGAACAAGG,K88S,0.0007,0.0007,26,3105
GAAGAATGAATGGAAA,Q165V V487I,0.0007,0.0007,26,3053
TCTGCTTGTTTAGATT,,0.0007,0.0007,26,2985
TTCTGGACCAGAACTG,G378R,0.0007,0.0007,26,2968
CAATGGCACCCAGGAC,,0.0008,0.0008,26,2918
ATACCCAGTGAGAGCA,F8I,0.0008,0.0008,26,2863
TGAACTAAAGCTTGAC,,0.0008,0.0008,26,2733
GTGTAGTGATCTAAAT,V298I I337S,0.0008,0.0008,26,2700
TTTATCAGACTAAGTA,,0.0008,0.0008,26,2699
GTGAATTACTCAAAAT,N390K,0.0008,0.0008,26,2688
ACTTGAGTACAACCTC,,0.0008,0.0008,26,2682
AACATATGTAATAACA,T215G,0.0008,0.0008,26,2675
AGAGTAACACCCTGAA,G243L M420L,0.0008,0.0008,26,2657
TTGCTAAAAATGAAGG,H93S I112S A184N T380N,0.0008,0.0008,26,2642
TCCGCTGAGATTAAAA,,0.0008,0.0008,26,2622
AATATATAGGAAAATG,,0.0009,0.0009,26,2591
GGCGAATAGCTCTGTA,K63R,0.0009,0.0009,26,2548
AATTTGAATCTACGAA,,0.0009,0.0009,26,2545
ACGCTGTTAAGTACCG,L35C,0.0009,0.0009,26,2540
GCGACCCTCGAGCAGA,Q247L,0.0009,0.0009,26,2520
ACAAAGCAAGCTTCAC,Y200F G208A,0.0009,0.0009,26,2491
TGATACGATTATACAA,,0.0009,0.0009,26,2483
TTCAGTTCAAAAAAAC,,0.0009,0.0009,26,2439
TGGGGCCTAGTCAACA,E72N Q218S I334T,0.0009,0.0009,26,2376
CACCCATCACTTATAT,,0.0010,0.0010,26,2329
ATTGAAATGTAAGCGC,A343N,0.0010,0.0010,26,2309
ATCGAGGTGCACTGGT,,0.0010,0.0010,26,2301
TAGATCTCAATCCAAC,,0.0010,0.0010,26,2301
TAGTCATAGATTTATC,,0.0010,0.0010,26,2273
TTCTATAGCCGGAATA,N209D,0.0010,0.0010,26,2245
GCTATATGAAACATCG,G271T,0.0010,0.0010,26,2243
TCGTGTGAAATCCCTG,,0.0010,0.0010,26,2220
TATCCTTAGGCCTTCA,Q335L,0.0010,0.0010,26,2174
CAAAAAACACGCGAAA,G260R,0.0010,0.0010,26,2160
CAATGCGCGCAATCTT,,0.0010,0.0010,26,2120
ACTCCAGGCTATTCGT,K161G R250A A297V,0.0011,0.0011,26,2076
TAAGGACGTCGATCAG,G294C,0.0011,0.0011,26,2075
CAATCAATAACAACTA,V450L,0.0011,0.0011,26,2010
TAGACACGAGTTAATC,L68M N209I I221F,0.0012,0.0012,26,1902
AGGCTACTGCCCAGGT,N99V N390M,0.0012,0.0012,26,1862
TAAGGCACGAGTTGCG,S216Y G360L,0.0012,0.0012,26,1844
TGCTGAAATATAAGAT,,0.0012,0.0012,26,1836
TCATTGGAATGCATTT,,0.0012,0.0012,26,1835
TACCCGATACGAATCC,H93S A152L D175L,0.0012,0.0012,26,1808
TAACTAAAGAACACAC,D268A,0.0013,0.0013,26,1762
TCATGGAAGATCCCAG,Q149T I286L L442G,0.0013,0.0013,26,1760
TAATAAGCAATAAGTC,S135N,0.0013,0.0013,26,1735
AGTCTACCACACACTA,K272D,0.0013,0.0013,26,1675
TGAAGAAAACTGAGTC,L50S E421S,0.0013,0.0013,26,1651
AACTCTACATGAGTAA,V44L R207G,0.0014,0.0014,26,1634
TCTGTAACATGCACCC,L315V K481M,0.0014,0.0014,26,1582
AACGCGCATACGAATG,H305A H398F,0.0014,0.0014,26,1568
AGGGCTCCAACGCACT,M420S,0.0014,0.0014,26,1547
GATACACATGAAATCG,,0.0016,0.0016,26,1427
TAAAACAGAGACATCT,S60D L168V Q482L,0.0016,0.0016,26,1426
AAATGACGTGGATGTA,,0.0016,0.0016,26,1422
CGATAAGCTTTAAGGA,K126V N302L,0.0016,0.0016,26,1370
AGCCGGGACTATTATG,L133K,0.0016,0.0016,26,1362
CGGGTTGAAACACGGA,L120T,0.0016,0.0016,26,1349
ACAAGGTTCTACGCAA,Q232F,0.0017,0.0017,26,1322
GAAAATCCCTCTACAT,L78M,0.0018,0.0018,26,1253
AAGCCTCCTGGACGTT,,0.0018,0.0018,26,1199
CATCAAGTAGCTATAA,D251S,0.0019,0.0019,26,1192
CAGACCAGGTCTAACG,S60M N167T P486Q,0.0019,0.0019,26,1152
TGACACCTCGAACTTT,V65C F318W,0.0019,0.0019,26,1150
CAAGCTACTTAGCGAT,T215I,0.0019,0.0019,26,1144
GACGAGCTAACAATGG,T59L G391D,0.0020,0.0020,26,1102
CGAATACATAAGAACT,,0.0021,0.0021,26,1068
GCTGGTAACTGGCGAA,K481Q,0.0021,0.0021,26,1053
GACATTAAACCTAGGA,N224K,0.0022,0.0022,26,1026
GGAGGAAAAAGAACTT,E76M S199G T375L,0.0023,0.0023,26,981
TCGATCACATAGAACG,S143F,0.0023,0.0023,26,958
TTGTAACCATCACAAG,G42P C57Y D229L,0.0023,0.0023,26,957
AGGAAAACGTTACACT,,0.0024,0.0024,26,906
AAGGAGTGAGGCATAG,Q3N A328H,0.0027,0.0027,26,814
GGCCAGGTGAACCGGA,G484Y,0.0030,0.0030,26,746
ACTGTTTCACAAGGGT,A173L,0.0030,0.0030,26,743
CATTAATAATTATACC,V341I,0.0033,0.0033,26,662
ACAAAACTTGTATAAA,L52M F157T,0.0035,0.0035,26,624
CGGCTTGTTAGTTACA,F117G N338K T438S,0.0036,0.0036,26,622
ATAGTAGGCTGCCATA,K33L,0.0037,0.0037,26,601
ATGAGTGTGTAAGTTC,,0.0040,0.0040,26,550
AATCTCTTCTGTAAAG,T77K D130F,0.0046,0.0046,26,478
GACATTAATCACCACC,M153H S199A,0.0048,0.0048,26,460
AAATACTATGCTATAT,M80E S171I S400H,0.0050,0.0050,26,440
TAAATATCAATACGAA,L84S S199C C301Q,0.0056,0.0056,26,396
CTGCTCGTCTAAACTT,L133P W196L,0.0067,0.0067,26,331
TACGTGCATAGCTGCA,T59C Q69R G181S,0.0068,0.0068,26,328
CATACAGTCCAAGTAG,I201S G206I L244S M332G,0.0069,0.0069,26,321
ATCTCAATTCTTATTA,N89R A152* W196S S439M N470Y,0.0070,0.0070,26,315
CATGGCCAATAACCGC,L61M H179V Y217P T281W G378L,0.0071,0.0071,26,314
GCGATCTACTCGGAAT,N109L,0.0071,0.0071,26,314
ATAGGGTAAACACATG,D401R,0.0071,0.0071,26,313
GACACGTACTTACATA,L258D E308A,0.0072,0.0072,26,307
GTATTGCAAGAAAAGG,N148D H455S,0.0072,0.0072,26,307
GCACTCGATCATCCTC,G98K T139A I239L T261C,0.0072,0.0072,26,306
GATGACATTGCACAAT,S56M V164M,0.0074,0.0074,26,301
TACAGTACAGATCACA,Q149V G159F S169E N390K,0.0075,0.0075,26,297
CTCCTTTGGTAACCTG,K88R T281A A407E,0.0079,0.0079,26,282
TGTGGTTTCTCCCGTG,L61K L120H D211E,0.0081,0.0081,26,272
ATAAGGCAAGCACATT,L52P Q335T,0.0086,0.0086,26,258
AATGATGTAATAACGT,L35P V341P,0.0090,0.0090,26,245
AGCTAGTTATTAAAGA,L29K G198S S444P,0.0093,0.0093,26,239
AATAATACTTCATTGG,D268I N295*,0.0093,0.0093,26,238
CACAATTACAGGACAA,E67S M80V F147P G197L,0.0093,0.0093,26,238
ACTGCTTCTCACAGCA,K33S E228T,0.0095,0.0095,26,232
ACGTACAAAATGTCAA,E404G K481L,0.0098,0.0098,26,227
ACGAGGCAACCATCGT,K63L I137L I452A M472T,0.0104,0.0104,26,213
TGGCCCAGTACTGTTA,K88L Y363M K488D,0.0104,0.0104,26,212
CTTTCAAGAACCCTCA,Q69T Y150A S205D C475E,0.0105,0.0105,26,211
CCTCATCTACCAGTTA,S85D H374L,0.0108,0.0108,26,206
AATACATAGCATGTCG,Y150L Y200C I222K F318L,0.0117,0.0117,26,189
TCAGGGCATACGTGTA,Y150T W196Q C463L,0.0118,0.0118,26,188
TTAATAAACCATTCCA,E308T S333Y Q482L,0.0118,0.0118,26,188
AAGAAGCCAAAGAAAA,H92N D306K G478R,0.0126,0.0126,26,176
GACAACTTAGTAGCAA,D156I I162T T261V,0.0131,0.0131,26,169
AAAGCATTAAAAAATT,T87S N127R F262V D347Y N390L,0.0133,0.0133,26,166
GTAGATAGGTTTAACT,N99H E404R N409L,0.0152,0.0152,26,146
GACTTCAAGACGCTGT,S111E L220N,0.0154,0.0154,26,144
TACCTAATTCGCTCGT,E100S H170K Q405R,0.0157,0.0157,26,141
AAGAATGTTGCAAGCG,N79R I337L N373S,0.0162,0.0162,26,137
AAAGGTCGTGATAAAT,C279L Y393L,0.0163,0.0163,26,136
TATATGGACCACATCC,K88S K161L A297P,0.0164,0.0164,26,135
CATGCTGTTATGAGTT,G42K N146E G429* Y480L,0.0176,0.0176,26,126
GACACATCTCGTCATA,S111Y T375L,0.0179,0.0179,26,124
TGCAATGGGTAATAGG,Q3Y,0.0179,0.0179,26,124
TACCTCACCAAAACCC,C53*,0.0180,0.0180,26,123
TCGCTCGCAGTAAGAG,A132C M153H,0.0183,0.0183,26,121
AGAAGATCATGAAAAC,F38A D122N Y172S W196T,0.0186,0.0186,26,119
CCCAAATCAAATTACA,N209F L355* Y393I,0.0193,0.0193,26,115
TAAGAAAATCAAAAAT,K33L A407M,0.0209,0.0209,26,106
AGACATAAAGAAAAAA,G206S,0.0217,0.0217,26,102
TAATATGATTGGGACT,Y166M,0.0217,0.0217,26,102
TACATCTTGTACATAT,V47Q,0.0219,0.0219,26,101
TTGTTGCGTTCTCTTA,D268N,0.0233,0.0233,26,95
ATTTATCGGAATTCAT,N37G,0.0241,0.0241,26,92
ACGGCAACAGATGCCA,G98K N185T S199L S216M N319P,0.0264,0.0264,26,84
GGACTCCAACATGTTA,F7L I112Q S163L W196T M214K N224A F316*,0.0270,0.0270,26,82
GACGATGCTACATATT,S143H H179Q P486N,0.0280,0.0280,26,79
TGATCCAATATTTGAA,N37V G159M,0.0280,0.0280,26,79
CATTACCGAGAATTAA,F157G F191L,0.0321,0.0321,26,69
AATAGGTCTCAAATGG,P12V W196M M284Y Y363S,0.0331,0.0331,26,67
AACTCAGGGTAGGCGA,D306N N365T,0.0382,0.0382,26,58
AAGGAAAGCTTATACT,K327P,0.0426,0.0426,26,52
ATTAAGCCGAAGGCAC,E16* S381I,0.0568,0.0568,26,39
TTGTACATGAAAATAT,I95W L107V I136S,0.0738,0.0738,26,30
CGAGATGCTTCCAATG,G54I Y62N K126H T182N R256* D306* C364M A407P,0.0764,0.0764,26,29
CGTCAGATTGCAATTA,T48S T261N C292G M332F S400F,0.0764,0.0764,26,29
TAACCGCGCTTGATCT,I201* I286D,0.0886,0.0886,26,25
CCGCAGATATCATAAA,H179S Y200I Y219N T249F S439I,0.0923,0.0923,26,24
AGCAACAGAAGTAGCC,I361S V388W V459P,0.1007,0.1007,26,22
GTAAGTCGACCCGATC,S56L,0.1007,0.1007,26,22
TTTCCTATACAATAAT,E100F N167K Y278L P466L,0.1055,0.1055,26,21
CAGAGTAACGTAGATG,D317I S389*,0.1107,0.1107,26,20
TAGATGCTGACTCACC,E76V A184N G277P I361D,0.1166,0.1166,26,19
ACGCACACAGCTAGTA,G98V L103*,0.1231,0.1231,26,18
CAACCTGGACATTTGA,Q3R T81L G98F M134P A173V T377H G484R,0.1303,0.1303,26,17
TAACGAAGATAAAGCA,I4H R207G Q232K S437A,0.1303,0.1303,26,17
TACAATACGATTATTA,L50K S169C H179Y F262S,0.1384,0.1384,26,16
CCAGCTCTACTGAGAG,L50V T274N H457T,0.1477,0.1477,26,15
TTCAACGTCTGAACAC,L46G M214E G271W K300S N346P,0.1477,0.1477,26,15
GAATACTAATAAGCGT,M312R T377P,0.1582,0.1582,26,14
AATTATGGATCACCAT,I443T I452R,0.1704,0.1704,26,13
AATGACGAGATTACTT,C41L M192K F262I,0.1846,0.1846,26,12
CCCTTTGTCTATCCAG,A132Y K384E,1.0000,2.2150,26,1
TGCCCGTATATTCTGA,A176V L290N V388H,1.0000,inf,26,0
AAGTCAGACATATACC,,0.0003,0.0003,25,7992
GAAAAAGCAAAAAAAC,K125M D204S S267R,0.0003,0.0003,25,6497
ACTCCAATACACTATA,,0.0004,0.0004,25,5956
GCTGTATCGAGCTTTT,S85Y,0.0004,0.0004,25,5954
TTTTTGCCGGAGTTTA,I201F,0.0004,0.0004,25,5891
TCACTATAACAGCATG,D156V,0.0004,0.0004,25,5188
TAAAGACATGATAAGC,T70E K272E P483V,0.0004,0.0004,25,5187
ACTTCTAAGGGTTTCG,I254T,0.0004,0.0004,25,5096
ATCCCAACCAATAAGT,H398W,0.0004,0.0004,25,4891
GCACAACCGGAATTGA,G98Q,0.0004,0.0004,25,4819
CGGCACTTTAGGTGGC,T101D,0.0005,0.0005,25,4732
CAATTGTGTTAGCCTA,T226L,0.0005,0.0005,25,4727
TCACTTCAAAGGAATC,,0.0005,0.0005,25,4601
AACTTGAAACCAAACC,,0.0005,0.0005,25,4580
TAAGCGAAAGGTAGCA,,0.0005,0.0005,25,4544
ACCTGTCTATTCTAAC,,0.0005,0.0005,25,4480
TGCGTTATCCCAATTC,V11M L142T I474V,0.0005,0.0005,25,4449
GTTTATAATACTAGGC,I286S,0.0005,0.0005,25,4359
GGAACCAACGAGACGT,K339N,0.0005,0.0005,25,4343
TAAGCACTGGCTATAT,Q218M I252G,0.0005,0.0005,25,4315
GACCGAAGTGATTCAC,N409F,0.0005,0.0005,25,4222
CTAAATGGTTATGGAC,A30G K125S,0.0005,0.0005,25,4219
AAATAGTACCATTACT,T226W,0.0005,0.0005,25,4046
TCAGACTACCACTCAA,L133R N409S,0.0005,0.0005,25,4044
TCAATTTAAGTCACAA,D268T,0.0005,0.0005,25,3999
ATGTCCTTAAAGCGGA,,0.0006,0.0006,25,3837
GGCTCGCATCCTCACT,T261K,0.0006,0.0006,25,3832
GAAACGAAATTTAGGT,K161S Q232P,0.0006,0.0006,25,3748
CATTCCAGACTACTAG,,0.0006,0.0006,25,3642
GAACTATCAGCCACTG,T225V,0.0006,0.0006,25,3639
TCACTGATAAGCAAAA,S135A N209I,0.0006,0.0006,25,3544
GAAACCAGAAAACGTA,G160M H471S,0.0006,0.0006,25,3471
CAAGAGTGGTCTAATA,N178C,0.0006,0.0006,25,3429
CTTAGATGCATAGTAC,W196V,0.0006,0.0006,25,3414
TGGATTCGTGTCCCTA,Y217F,0.0006,0.0006,25,3372
AGTCGGTTCATTAGAC,A132Y S199V,0.0006,0.0006,25,3345
ATCCCTAAAAGACTCA,K126L,0.0006,0.0006,25,3345
ACGGCTGTGCTGTGCT,M214Q,0.0006,0.0006,25,3291
GGAAAACATTCCTGTA,Y363S S462A R491K,0.0007,0.0007,25,3264
AGACAAGGCTTCCACA,K272A,0.0007,0.0007,25,3193
TATTGAGAAGTATATA,,0.0007,0.0007,25,3169
GAGTCCGCAAATAAAA,,0.0007,0.0007,25,3138
GTTTCTCACAACATAG,,0.0007,0.0007,25,3114
CGCCAGAACTCTTAAA,S389I,0.0007,0.0007,25,3060
GACTGAGTTGCTTTAG,S60Q,0.0007,0.0007,25,2945
ATAACCATACTGTAAG,A173V,0.0008,0.0008,25,2793
CAAATCATTTAAGAGG,T108K I358Y,0.0008,0.0008,25,2756
GTCCGATACATGTTAC,Q3S,0.0008,0.0008,25,2708
CCACATAATCTATGGC,D251T,0.0008,0.0008,25,2700
AGACTTTGCCATAAAT,F38S Q321L,0.0008,0.0008,25,2658
ATCCGAGGTCATATAC,T377N,0.0008,0.0008,25,2643
GGGCACCGATCTAAGA,A177P F316Y,0.0008,0.0008,25,2620
TGTCGAGTTCCATTCC,Q223A I334V S462I,0.0009,0.0009,25,2489
CAACAATAGCAGGTTT,N90S F117S D122S Y129I L447F,0.0009,0.0009,25,2471
ATCATAAGCCACACGA,W196L I334S G391Q,0.0009,0.0009,25,2455
TTGAGCAGACCGTGAG,,0.0009,0.0009,25,2446
ACGAGTTATACATAAT,,0.0009,0.0009,25,2422
GTCCCATTTACTACAA,,0.0009,0.0009,25,2419
CCCCCTACGCCCGATC,S154R E228S D273R,0.0009,0.0009,25,2394
CTATCAAATTTAGAAA,,0.0009,0.0009,25,2357
CTAACCGCTGAGACAA,W227F E303Q,0.0009,0.0009,25,2353
TGCAAAATGCTAGTCT,V31W H131E D273E,0.0010,0.0010,25,2193
ACAGCATAACCGAAGC,V65M,0.0010,0.0010,25,2189
ACTATTGACGATTGAA,R193L,0.0010,0.0010,25,2164
CTCAGTTGACATTCGA,,0.0010,0.0010,25,2158
AGTCAGCGAAAAATGT,G260Y,0.0010,0.0010,25,2150
GCTCCGCCACTGCGCC,,0.0011,0.0011,25,1994
ATATCAAAGACTTGTT,Q331T,0.0011,0.0011,25,1957
ACGTGATCATGCAATG,M472K,0.0011,0.0011,25,1925
ATGTCCCGAAATGTTC,F7Y H374M,0.0011,0.0011,25,1912
TATATTAGATTTAAGT,,0.0011,0.0011,25,1909
GGCCTGTTAGTAAGCC,,0.0011,0.0011,25,1907
CTCTAGATAGCTAGTA,L105M I162M N209T,0.0012,0.0012,25,1849
AGGTAATGGGGGATGA,M153F,0.0012,0.0012,25,1824
GAAGAGTACTGGAGTA,N338R V435M,0.0012,0.0012,25,1812
TAATTGACGCAAGCAA,S216T,0.0012,0.0012,25,1810
CACGCCAGCAATAATC,T182A G206D,0.0012,0.0012,25,1803
GAAATACGTAAATACT,L50T T108A,0.0012,0.0012,25,1794
TTGCAGACACTTTAAC,I21N K272M,0.0012,0.0012,25,1761
GCCGAGGTTGAACTAT,,0.0012,0.0012,25,1744
GCTTACGTGTTTACAC,E100R D229N D408N,0.0012,0.0012,25,1737
GTGCAAAATCACAAGT,L35S A173L,0.0013,0.0013,25,1673
GAGCATGTACATCGGA,,0.0013,0.0013,25,1649
CATAAATTTCGTCGCC,,0.0013,0.0013,25,1631
GCACTCTAATAATACC,N338V,0.0013,0.0013,25,1609
CTAAGACCTCTCGGCA,,0.0014,0.0014,25,1542
GTTTAAAGAGTGTCAC,D122L,0.0014,0.0014,25,1515
CCAAATATAGCACTTG,D251A,0.0014,0.0014,25,1481
GGATCCCACAGACATG,,0.0015,0.0015,25,1399
AACGTATCCTGCTCTA,Q331L,0.0015,0.0015,25,1390
TGTTGGTAGTTATGAC,,0.0016,0.0016,25,1369
ATCAGTTATAAAACGC,E76F,0.0016,0.0016,25,1350
AGGTATTATAAGAATG,,0.0016,0.0016,25,1338
CTAACATGGCCCAACC,L259Q K384N,0.0016,0.0016,25,1338
GAAGCGATAAGCTTAC,L120V,0.0016,0.0016,25,1329
TACCATACGCAGTTGA,H92T,0.0016,0.0016,25,1315
GGTGTAACACAATGGA,L336S,0.0017,0.0017,25,1274
AAGGATGAATGCATTC,,0.0018,0.0018,25,1191
GCGAGGAACTATATAA,D273V,0.0018,0.0018,25,1159
ACTATTTTAACCAAAA,T182G T375Q,0.0019,0.0019,25,1125
ACCTTGGCCAAAAACA,M134A A343V,0.0020,0.0020,25,1076
AGGATAGATCTAAACA,S389L,0.0021,0.0021,25,1020
TTATATACTTTGACTC,N224L G271D K339M,0.0022,0.0022,25,987
TCCGGTTCTAACAACA,Q69L,0.0023,0.0023,25,940
CTGAAAACTACAATTC,Y172A W264V,0.0023,0.0023,25,937
AAGACGCTTGGTGAAT,H131E S216V,0.0024,0.0024,25,899
AGCAAAAAAAGAACTG,M134L Y200F N373S,0.0024,0.0024,25,880
ACGAGACAAGAAGTTC,S205C S267L,0.0025,0.0025,25,853
ATCTAGACAATATATT,G484Y,0.0027,0.0027,25,785
AACACCTGACAACTGA,,0.0029,0.0029,25,733
CCCCCCCTCACTAAAA,N178G R235M S437I,0.0030,0.0030,25,707
GTTGGTGAGCCTTGGT,D402Q,0.0030,0.0030,25,704
GGATTAGATAAGCTGT,N74C,0.0031,0.0031,25,690
GTGATTTAGACATTGT,A123Y I361F,0.0032,0.0032,25,663
AGTTACGTATATTTCT,T87R G197Y,0.0033,0.0033,25,641
GACCGTCTATTAGTTC,,0.0037,0.0037,25,576
AGTATATTTTGAAAAA,L447I,0.0038,0.0038,25,565
GAGTATCAAGAACTAT,V164A,0.0039,0.0039,25,548
ATGAGTTGCGTAAGAC,V14M,0.0042,0.0042,25,508
AACGGCGCTATACCTA,F7L Y129G V298L,0.0042,0.0042,25,503
AAATGATATTCAATTT,T108Y H179I S381F,0.0044,0.0044,25,485
TCGTCAGGAAAACATA,C41W Q348P,0.0044,0.0044,25,480
AGTATATAATAACCTA,N295I,0.0055,0.0055,25,389
CCACTCGGTAAGATAT,I4V E10G,0.0058,0.0058,25,370
CTGTCGGGCGCACCGC,S462I K481L,0.0058,0.0058,25,369
TTGCAAATACATACAC,Y36H H230S T375S,0.0060,0.0060,25,356
AAGTAGTGGCTAAAAA,F157S G260T,0.0062,0.0062,25,341
TGTCCATGCTACGTAT,N74* C212D F316L,0.0064,0.0064,25,334
ATGAAAGACACCTTAT,M75S G260S,0.0067,0.0067,25,320
CCTGATTATGTCGGTA,G429Y,0.0067,0.0067,25,317
CAATTATAATCGTTAA,E100V V164E V183M,0.0075,0.0075,25,283
TTGCTGACAACTATCG,Y393S N470S,0.0076,0.0076,25,280
CGTTGAACAGCAGATT,D402C H448R,0.0080,0.0080,25,265
TTCTCTGCAGGAACCA,F7M L120Y S143N Y172W,0.0082,0.0082,25,260
AATATCTTACCGAAGT,M134I C475*,0.0083,0.0083,25,258
CCCACATTACCTGGAA,L50* D130H H179M Q189L G197V,0.0089,0.0089,25,240
CAAGCTACGCAACTTT,F7Y D401N,0.0089,0.0089,25,239
CACATTAGTCCCTGAT,L349C C475*,0.0091,0.0091,25,235
AGAACGGTTATATCAT,C155T,0.0091,0.0091,25,234
CTGTTATAACGCAGCA,N37Y L103M Y166H,0.0094,0.0094,25,226
CCGAAAGTTACCGTTC,E104T I137G R207K E396S V431M,0.0100,0.0100,25,214
ACGGGCATGTTGAACA,C279N,0.0102,0.0102,25,208
TCATGGATAGAAACCC,N224I V341L,0.0102,0.0102,25,208
ATATATCGGGTTGCGT,S267I A340M F436C,0.0103,0.0103,25,207
GGGTGCAACGATCCAC,K88N K161R T438C V459H,0.0105,0.0105,25,203
TCTGGATTCATGTAAA,T40Q I334F,0.0107,0.0107,25,199
ACAGCTTACAGACTAA,S267*,0.0109,0.0109,25,196
GATATGTCCTTAATGG,I445R,0.0109,0.0109,25,196
TAGTCCTGGGACAGTA,V341E,0.0109,0.0109,25,195
ATTACGCCAAAGATCC,L52T G186I S476K,0.0110,0.0110,25,193
ACCTGAATCCCGACAA,Q69K T376R W386V,0.0112,0.0112,25,191
CGTCCACTGTAGACAC,P427N,0.0113,0.0113,25,188
ATATTTACAACCTCTC,E151D L242S,0.0114,0.0114,25,187
TCCGTAACACTAAATG,L51S K272T,0.0118,0.0118,25,181
AGTGAAAAGCAGTAAA,S60I L107H Y253H,0.0118,0.0118,25,180
CTATGACTAGGGGGTG,F157R,0.0131,0.0131,25,162
ATGAAATCCATGCTTC,V5I L428Y,0.0134,0.0134,25,159
CCATATTAAACTTAGA,N119H H141G P238F G429S,0.0134,0.0134,25,159
CGTCAGTCGCAACGGA,E10S,0.0135,0.0135,25,158
GGCATAAATATCGAAT,F7A L73Q G98N R207C N390K H398V,0.0144,0.0144,25,148
TTTTTCACTATGCTAA,T108L R235L,0.0148,0.0148,25,144
ATATAATCAACTAAGA,V47M R193T S216K S389P,0.0150,0.0150,25,142
GAGAGGTGGCAAAATT,T139F M194Y S216L,0.0154,0.0154,25,138
GATCAGGTATAAAATG,M75S T108Q Q406P,0.0158,0.0158,25,135
GATTTTCGATGACTAA,F8S C53E R282E P483V,0.0159,0.0159,25,134
CGATTACAGCAGCCTC,L68R H93I,0.0160,0.0160,25,133
TGTCCCAAAATAGCTG,Q189S D204*,0.0160,0.0160,25,133
TCCGTACGCCATAGAA,C279F E287W K490E,0.0172,0.0172,25,124
AGATTAGAAATATCCG,M1T T375L N470V,0.0173,0.0173,25,123
CATAGAAAACAACAGA,S60V S216G E418R,0.0175,0.0175,25,122
CACTCCTTACCGAAAA,L258N Y371K,0.0176,0.0176,25,121
GACAAGACACACGTCA,G243K,0.0179,0.0179,25,119
GTCGAATACACTGTAG,A195I T265N,0.0182,0.0182,25,117
GTGTCAAATGAGGAAA,R282P M312T N395I K417Y,0.0185,0.0185,25,115
GAAGACCAAAGGGCCA,S121* D156K W264R,0.0192,0.0192,25,111
ACCGTTGAAAACCAAG,T6V,0.0194,0.0194,25,110
ACTCGTAAATACTCAA,S91D G240H,0.0195,0.0195,25,109
TAAACACTGAAGTGAA,H455K,0.0195,0.0195,25,109
ATCGCATTCCACGACG,T215G G260L K425S,0.0211,0.0211,25,101
CTTCCTCGAATATTAC,G2M D175T,0.0211,0.0211,25,101
ACTCAGCATGTTCCTA,S199L N390R F440T,0.0229,0.0229,25,93
AAGACAAACAGTTCTT,T59Y W196P T274P K368L Y441N,0.0239,0.0239,25,89
GAGTTGCAGCATCCTC,Q69M Q189L E307T D432Y I445E R456N,0.0242,0.0242,25,88
GTTCGCAATGAAAATT,A177T C279T,0.0245,0.0245,25,87
ATAGTATATAATCTCC,Q232K H467F S476L,0.0251,0.0251,25,85
ACCAACGTCGATCAGA,E16L L220C L449M,0.0270,0.0270,25,79
CGCAAGAAGTTCAGCA,T40M V341H G460P L479P,0.0300,0.0300,25,71
AATTAAAAGTACCTGA,T77C N409I G478S,0.0344,0.0344,25,62
CTGAATAAGATCTTCT,Y278I C292Y K304L I334F,0.0380,0.0380,25,56
AAAACCCTTACACGAA,K33G N158Q G276V,0.0387,0.0387,25,55
TCCATCATAAAAAGTA,Y200I V341D,0.0387,0.0387,25,55
GAATAACATGCAAGAA,G102* C118D N158P I411K,0.0410,0.0410,25,52
ACCTAAAAATGAGCCA,A330N D357M V485A,0.0495,0.0495,25,43
CGGTAATTCTGCTGTC,H179V H230I,0.0687,0.0687,25,31
AGGATTACCTTGCCTC,C86L K126A V187S F293K G391V S439I,0.0789,0.0789,25,27
ATCACCTGCTTAAATA,L105I Y278F L415N,0.0852,0.0852,25,25
ATGGACTATAGACGCA,K352G G360Q,0.0887,0.0887,25,24
AGAAACGTACTTCATG,Q9* S163Y E329Y Q406P K490*,0.0926,0.0926,25,23
CACGCCGTTAACAAAA,C57Y S169G,0.0968,0.0968,25,22
CGGAACTGAATCTCTC,T274D R422T,0.1014,0.1014,25,21
CTTGCGAATCCATGCC,F309S,0.1014,0.1014,25,21
TACCTTCAGAATAACA,F157S I201M T426M,0.1014,0.1014,25,21
ATACAGATTCCCTATT,G159K R235F L258M,0.1065,0.1065,25,20
CTGACCCTCAATGTGA,A176C Q189S H457I,0.1065,0.1065,25,20
AGCTAAACAACTTACA,P83T G159V W227T L433Y,0.1121,0.1121,25,19
AAGAATTTCACATACT,G34H L52F N89L,0.1183,0.1183,25,18
ATAGCTGATATAAATA,A30D A343T,0.1183,0.1183,25,18
GAAAATTTTCCGAACG,G198D N302C,0.1183,0.1183,25,18
GGGACAACCACCTAAA,E17G L73V D156H S389H,0.1183,0.1183,25,18
TAGCCAGAAGAGCATA,R248W R257S,0.1183,0.1183,25,18
TGGTGCGAGCAGTTAA,R250M P466S,0.1183,0.1183,25,18
ACCCAATCTCAACCTA,N185* T281F C292I,0.1253,0.1253,25,17
ACCGAAAGGGTATGCC,R456G,0.1253,0.1253,25,17
ACTTAAAGAAATACAC,A123H F140V S237R,0.1253,0.1253,25,17
AGCATCCCCTAAACTT,V28* K33* C301H S400V G484N,0.1253,0.1253,25,17
TCAGTGATTAATGGCA,T108A C118R,0.1253,0.1253,25,17
TTACGACCGTAACTAA,F8G I15K R325M,0.1253,0.1253,25,17
ATCAAATCAATAAGAG,V28N T81P G186Y A328Q,0.1331,0.1331,25,16
CGTTACGATTAAAAAG,E17M A152W H170M,0.1331,0.1331,25,16
GATTCAAAACACTGGT,A177* G197P I286T D402N,0.1331,0.1331,25,16
TAGCAACAACCGGTGT,A39L L84D T375Y,0.1331,0.1331,25,16
AGATGGCTTGAATAAC,G240D M332N,0.1420,0.1420,25,15
TGTTTATTATAATGTC,N89D R193M I403*,0.1420,0.1420,25,15
AAAAAACACAACGCAA,Y62E A132I N319P Y363S,0.1521,0.1521,25,14
AAAATAAAGCAATAAG,Y66Q Y172L T426E S476G,0.1521,0.1521,25,14
ATCAGTCATATAACTA,Y66L C231N,0.1521,0.1521,25,14
TCCACATTACATTGTA,Q3S V28P Q247G I286L Q348L D432T,0.1521,0.1521,25,14
ATTAAGGTTTGGAAAC,S56L,0.1775,0.1775,25,12
ACGTTCAGTGAGGCCG,I112D R207D K425E T438* R491P,0.1936,0.1936,25,11
ATGTATAATCAAAATG,L285K F318I,0.1936,0.1936,25,11
CTTCTAAAGACCCAGA,E16F M134F A202T L442D,0.2130,0.2130,25,10
CTAATGAGCGGATTAA,N178L Y363S E404L,0.2366,0.2366,25,9
TCCATTTAAAAACTAG,N470M,0.2662,0.2662,25,8
GGACCTCTAGAACACC,A123S N178K,0.0003,0.0003,24,6301
AGGTGCGATTTCGATA,N178T N390D,0.0003,0.0003,24,5951
AGATAAACCCAACAAC,V183G,0.0004,0.0004,24,5278
GCCACATAAATGCATC,T225F I286Y S389L,0.0004,0.0004,24,5126
TACGCACCGTATTCAT,,0.0004,0.0004,24,5120
CAGAGTTTCTTCTTAC,,0.0004,0.0004,24,5117
ACATTCTAAATACCTC,F8I I112S,0.0004,0.0004,24,4881
CGACTGGCGATAGTGC,L336M,0.0004,0.0004,24,4769
CCAAGACATCTAAGTG,,0.0004,0.0004,24,4700
TTACGTCCCTCGAGTA,,0.0004,0.0004,24,4627
AATTTACAGACTACGA,I213M R250H N390F,0.0004,0.0004,24,4580
CAAAAGTCACAATCTC,,0.0005,0.0005,24,4536
AAAGACAATATATTAC,I221L,0.0005,0.0005,24,4460
AGACACTTTGCTTCAT,Q232K,0.0005,0.0005,24,4315
GACTACAGCTAAAAAT,N342M,0.0005,0.0005,24,4241
TTCTCTCATTAAAACT,K461E,0.0005,0.0005,24,4239
TTGAAGAAGTTAGTGG,R207L,0.0005,0.0005,24,4193
GTTCCAGGCCAAATTA,G208W,0.0005,0.0005,24,4172
ATTCAAACAAACATTT,V65L,0.0005,0.0005,24,4151
AGCAGTAGAATATTGC,S111E I201T,0.0005,0.0005,24,4100
TCTAAAAAACATAGGA,S205V,0.0005,0.0005,24,4082
CAATTGAGACATCATA,,0.0005,0.0005,24,4068
AAAGCAGTTGTTACAA,V5A L128I,0.0005,0.0005,24,4015
CGCGCCCTCCAGGAGT,,0.0005,0.0005,24,3904
GTAATAGCGGATAACC,A184G,0.0006,0.0006,24,3696
TGATGACTTTCCTATG,,0.0006,0.0006,24,3651
CCCCAAAGATAAACGT,,0.0006,0.0006,24,3604
GCACCCTTTGACCTGC,A299L,0.0006,0.0006,24,3578
AGTCCAGCTGCAATAG,V97I,0.0006,0.0006,24,3536
AAGAACTAATTCTAAA,T225I,0.0006,0.0006,24,3519
TTGCTTTTTGAACATG,,0.0006,0.0006,24,3473
CAAATATTGGATCAAC,P486A,0.0006,0.0006,24,3446
GTCATCTAAGTAATAT,,0.0006,0.0006,24,3411
ACTAAACCTTGTAGCA,T281K,0.0006,0.0006,24,3382
CATTCACAACCATACC,V187A E303L,0.0006,0.0006,24,3370
TGACTTATAGGTTTTT,,0.0006,0.0006,24,3323
CTTCGAAGGACTCAAT,,0.0006,0.0006,24,3320
TGAAAAGTCAAAAACG,L128T,0.0006,0.0006,24,3303
AAGTTCCAGGCTGTAC,M332K,0.0006,0.0006,24,3244
CCAGAATGTCCTAAAC,,0.0006,0.0006,24,3223
TCAGACCAATGTCAAG,,0.0006,0.0006,24,3199
ATACGAGTATCATAAT,S439T,0.0006,0.0006,24,3191
CCAAACACAAATCAAT,,0.0007,0.0007,24,3088
TCAAATTTCAACTTTT,S439V,0.0007,0.0007,24,3072
CTTATGAAGGTGCCCC,,0.0007,0.0007,24,3065
TTCACTGCGAAACAGT,,0.0007,0.0007,24,3026
TAACAAGTAGAAAAGC,,0.0007,0.0007,24,2963
TCGGTTATGTTCTTAG,G160S H179T,0.0007,0.0007,24,2956
CATAATTTAAATGATT,S154T,0.0007,0.0007,24,2935
CGGATTTTAGTACGAC,S199M G378A,0.0007,0.0007,24,2925
TAAGTGATCATTGATG,,0.0007,0.0007,24,2890
GACAATGATTATATAA,L290Q,0.0007,0.0007,24,2882
AGTTATCATGAAACCC,A343F,0.0007,0.0007,24,2812
CCACTAAGAACGTAAC,D204L,0.0007,0.0007,24,2771
ACTAGACAAGCCGCCA,,0.0008,0.0008,24,2701
CGCCACGTATAAAACA,G181E Q223M,0.0008,0.0008,24,2699
GCCATAGTGCCTACGC,G197V,0.0008,0.0008,24,2607
ATTAAAATGAGAAGTC,G160V,0.0008,0.0008,24,2578
CATATAACAGTATGGT,N302V,0.0008,0.0008,24,2562
ATCACTTAAACTAGCA,,0.0008,0.0008,24,2560
AGAACGGGCAGAGTTA,,0.0008,0.0008,24,2549
AAGATTAAAGGAAGAA,,0.0008,0.0008,24,2547
TATGAGCGCTACATGA,M80L G460D,0.0008,0.0008,24,2532
ATAAACAAAGAGAGCA,T261M,0.0008,0.0008,24,2521
AACAGCACTAACTTAA,N158L T215G,0.0008,0.0008,24,2488
ATAGTAATCACCAACA,P275Y,0.0008,0.0008,24,2484
TAGACTGGGGATCTTA,G181E E307S,0.0008,0.0008,24,2478
AGACAATAGGTTAAAC,,0.0008,0.0008,24,2462
CGGCTATCGCGGTTGA,R250A,0.0009,0.0009,24,2368
TATTATATAAATAACC,,0.0009,0.0009,24,2355
TTAAAATGAGTGCATA,T190S Q223H,0.0009,0.0009,24,2350
TACAGTCCACAGTACT,A184V,0.0009,0.0009,24,2328
TCGTCACTATATTACT,,0.0009,0.0009,24,2323
CCCAAAGTTACATTAT,G208V,0.0009,0.0009,24,2258
CAGACTGAAGCTGACA,,0.0009,0.0009,24,2250
TGAGTAATTGACGATT,P486S,0.0009,0.0009,24,2218
GGCAATAGCCTGAAGG,,0.0009,0.0009,24,2216
AAAGAAAACCAATAAT,,0.0009,0.0009,24,2188
AAGAGATGGTTTGAGA,G181D,0.0010,0.0010,24,2134
AAGTCTTTCATGTTTT,,0.0010,0.0010,24,2121
ACCTGCGAGGATATAG,,0.0010,0.0010,24,2120
GCAAGAATCCACTCCA,G378Y,0.0010,0.0010,24,2098
GACAATAATTGACATA,G186E V485H,0.0010,0.0010,24,2085
TTTACGATCACTACCT,F440I,0.0010,0.0010,24,2083
GACATATAATCCCAAA,M96I N395I,0.0010,0.0010,24,2067
CAGTAATTAGTCTAAA,H131F,0.0010,0.0010,24,2060
GCAACGACAAGTTCAC,,0.0010,0.0010,24,2021
CCTAGGGTACCGAGCG,G360D,0.0010,0.0010,24,2015
CAGAAACGATGCGCTT,L105M S255V,0.0010,0.0010,24,2011
CTAAAGAAACATTCAG,N167L Y172H,0.0010,0.0010,24,2005
TGAATAACCATTACAC,T87K,0.0010,0.0010,24,1994
ACCCACTTCTTTGCTG,V97M S138Y,0.0010,0.0010,24,1975
GGTTTCTAAGTATTAA,,0.0010,0.0010,24,1960
AGGGCATAGTATTGCC,N114D F399L,0.0011,0.0011,24,1942
GGAAACGGTCTCACAT,G276L,0.0011,0.0011,24,1934
CTTTATATTGACTCCC,L35V,0.0011,0.0011,24,1931
GCCTCCATCTCGTTCC,V11L,0.0011,0.0011,24,1931
ACAAAGTATTTAAAAC,W196V,0.0011,0.0011,24,1891
AAAACGATGAACCCGT,,0.0011,0.0011,24,1863
TTCATTGATACCTCAT,Q348N M414F,0.0011,0.0011,24,1851
CATTATTCGACCAGAT,,0.0011,0.0011,24,1824
CCAAGTACAGGCGAGA,T225L,0.0011,0.0011,24,1806
TGTGACTAGCTCACGC,F7Y D273S,0.0012,0.0012,24,1759
CTGAACGACCCCTAAG,S60M S246M N470S,0.0012,0.0012,24,1733
CCGGGACTACACCACC,D229H,0.0012,0.0012,24,1704
AATCCTGGGGTACTAG,E16C D122E I201M,0.0013,0.0013,24,1631
GTATAATATTATGTAA,Y219F,0.0013,0.0013,24,1623
CTGGAACAATAACTAT,,0.0013,0.0013,24,1597
AACTTTCACAAATTTG,L78M,0.0013,0.0013,24,1594
CGGTTCTTTAACTAAG,,0.0013,0.0013,24,1590
CCGAGAGACACACCTA,A322V,0.0013,0.0013,24,1580
TAGTTCTGAACATAGA,S111V Q232H,0.0013,0.0013,24,1579
GACAAATCGATCATCG,G186N,0.0013,0.0013,24,1573
GACAGCACACTATTAT,E421D,0.0013,0.0013,24,1571
CAAGGTCACTACAAAG,Y172H A407L,0.0013,0.0013,24,1548
ACAAATCCTTTTCTAT,,0.0013,0.0013,24,1525
CAAGTCAGGTCGACAT,E289G K417Y L449I,0.0013,0.0013,24,1524
CCAACATCGACATTGG,,0.0014,0.0014,24,1509
TTATACACACGAATAT,K384Y,0.0014,0.0014,24,1491
AATCAAAATCGATCAA,D273H,0.0014,0.0014,24,1480
TATAACATACCGAGAA,S56C,0.0014,0.0014,24,1455
TCCCCGCCGTAGACTG,,0.0014,0.0014,24,1436
TTGTAAACTTTTATTA,K490L,0.0014,0.0014,24,1429
CACATGTAAAAAAACC,G198T R379L,0.0015,0.0015,24,1365
GTGCATAATCCTCAGA,V18W,0.0015,0.0015,24,1358
TCTGAGGTATCCATAG,S205T S439F,0.0015,0.0015,24,1348
AATGCTACAAATCTTT,E100G T274W,0.0015,0.0015,24,1328
AAAGGGAATAGTTTAA,N167K,0.0016,0.0016,24,1303
CCACGCAGAAGATCCA,V65D H398L,0.0016,0.0016,24,1284
AAAATAGAACAGTGAA,V31S W227Q V450L,0.0016,0.0016,24,1279
GTAATGCTGGACAAGG,D273G,0.0017,0.0017,24,1188
TACAAAGGACTTAAAG,,0.0017,0.0017,24,1181
ATTAAGGTACCTGACT,H13G R55T S171A,0.0018,0.0018,24,1119
CACACGGAACGCACAT,K63I S163V,0.0019,0.0019,24,1099
GTTATAAGGAACTATC,,0.0019,0.0019,24,1092
TCCACAACTTTTTACG,V187M,0.0019,0.0019,24,1089
CACAACTTACGACACG,C41S G198K,0.0019,0.0019,24,1061
ATGATCTTATACACTG,,0.0019,0.0019,24,1056
TCTGGATTACAAATTC,T58M,0.0020,0.0020,24,1002
GCAATTTTACCGTAAA,S60W G181E S199Y,0.0020,0.0020,24,998
AAAAACGCGTCACAAT,G484E,0.0022,0.0022,24,944
CAGACTCGAACTAAGA,N167Y,0.0023,0.0023,24,908
GGCAGAAAACAACCGG,,0.0023,0.0023,24,891
AAGGACAACGTTACGA,,0.0023,0.0023,24,876
TCTAATGACGTTAACA,E418T,0.0024,0.0024,24,869
AAAACGGATCCCAAAG,N37H,0.0024,0.0024,24,863
AAAACAGTTTAATTTT,I112V S255I N409Y,0.0024,0.0024,24,850
ATAGAAGAGCCGGGTC,D204K,0.0024,0.0024,24,846
ATTAATCCTCTTCAAA,,0.0025,0.0025,24,816
ACACTAACATCTGAAG,A152R,0.0030,0.0030,24,680
GTAAGAGAAGGAAGTA,R379V S439F,0.0031,0.0031,24,670
GGGTCAACCCAACAAC,M134P,0.0034,0.0034,24,608
AATTAGGTATAGTGAT,G391*,0.0034,0.0034,24,603
ACCATACAGTGCTTCC,M284A Q416W,0.0034,0.0034,24,603
GGTCATTGTCTTCCCT,I21L G478H,0.0036,0.0036,24,571
AAAGAAGCAAAATCTG,Q416M,0.0036,0.0036,24,568
GGCCGGTTGGCTTGTC,D251R,0.0036,0.0036,24,568
AATAGAACACAGCTAA,F7L I213P,0.0036,0.0036,24,567
CAACGTCGTAAACTGA,H170P T225S,0.0036,0.0036,24,567
TGAAAGTCAGACGGCA,G198V N409I,0.0037,0.0037,24,552
ATTTGGTGATCCTTAT,A297V,0.0038,0.0038,24,544
CTACAATTAACATCGA,N99H T226L,0.0038,0.0038,24,538
CGCTAGAAAAATACTC,P486S,0.0038,0.0038,24,534
TTTAACTAATTAACAT,D229L H305W V388T,0.0039,0.0039,24,523
ATCTCTGGGAGGTCGA,M153N G186P K304L Q331P S439A,0.0041,0.0041,24,495
ATGACGGGTCCGAACA,Q3S R55H,0.0043,0.0043,24,473
GATCGACATATTATCA,Q223E S255E,0.0044,0.0044,24,461
AATATAAAAAGCCACC,L259Q G276L T377D D408G,0.0047,0.0047,24,437
TAACGACTCTTACATG,L128S N319D,0.0047,0.0047,24,437
TCAACACTTGTCTATT,C180D,0.0048,0.0048,24,430
AATTATTCAGCACTAG,N99S R248S N373E,0.0049,0.0049,24,416
TGCTTAGTGCTCAACT,L32S F157L W264R,0.0050,0.0050,24,410
ATAGTGGTTACTCCAG,G478W,0.0050,0.0050,24,409
CGAGTATACTGGTTAT,F157C K490E,0.0052,0.0052,24,394
ACCATTAAGCTTACAT,M153F E303R F436C,0.0053,0.0053,24,388
GCCTCCGACAATCATC,C155V R257Y E289T,0.0053,0.0053,24,388
TGGATGCTAAAATCTC,Y129T I201N,0.0055,0.0055,24,373
AGCCGCATATAGCTAC,V65L T261A,0.0058,0.0058,24,350
GAAACTAAAACAATAG,H93A G243V,0.0060,0.0060,24,343
CGAGATCTGAAAAAAA,S400L Q405S,0.0061,0.0061,24,336
ACTGGAAAAAAATTTC,S234M I239L N295T K339F,0.0064,0.0064,24,318
ATTCCGCTGTAAACGG,E16S A173N L203Q,0.0064,0.0064,24,318
TCAGATGTTTTGGTCG,R193M N224Y L280H K339R,0.0065,0.0065,24,315
CAATGACGCTCCGCAT,Y363L,0.0067,0.0067,24,305
GAGTATGGATGAGAGA,N127L,0.0067,0.0067,24,304
TGATACAATCCAACCC,N109H V164F,0.0067,0.0067,24,303
ATCGTAAATATACACA,E76F V298S I361F,0.0068,0.0068,24,302
AGATCCCAAGTCCCTA,D122I W196S T261D,0.0070,0.0070,24,292
TAACGAAAAAGCAATT,R55L H179L M214* R456K,0.0071,0.0071,24,286
ATCGTAACACCTGTAA,V22C Y62C A132H W386R K417H,0.0072,0.0072,24,283
CTAGATCATTCACGTG,Y217W N319D V388C,0.0083,0.0083,24,246
AATCCCAAAATCATTA,E404A,0.0090,0.0090,24,228
ACCGTCCACACCAATT,K63R C364E,0.0097,0.0097,24,210
ATATACCATTTTTGAG,S267P G277I S333L,0.0098,0.0098,24,208
TGGGGAGTTTTAGTTC,E16L F293L K417S,0.0099,0.0099,24,207
CCTAAGCCCGCCGGAT,T40R K490R,0.0099,0.0099,24,206
CACAACGGGCAGAACA,E17S L68A L315I,0.0101,0.0101,24,202
GATTGCCGACGTTCCA,V5P N79A K116F I474L,0.0103,0.0103,24,199
ATTTTTCTAAGGCATT,F309M C475L,0.0104,0.0104,24,197
TGCAGACATAATTCAG,E307K,0.0106,0.0106,24,193
GTAGTCCCACAGACTC,N89L P362I,0.0106,0.0106,24,192
ATCCTGTTATTGTATC,V44L C364D S476P,0.0107,0.0107,24,191
GGGTTCACAAATACCA,F191E,0.0107,0.0107,24,191
CATCTTAGCAGCTTAG,T81R L128R P238S M410K,0.0111,0.0111,24,185
GAGCATCATACGGACC,L220C L245V F436V,0.0118,0.0118,24,173
ATAAACACACGAGTGA,W210*,0.0119,0.0119,24,172
GAAGGAGAATTCGTCG,T139M D311N,0.0120,0.0120,24,171
AACACAGCCGCTATTA,L107*,0.0122,0.0122,24,168
ACAAAACAAAACCGAC,D273C C301E H374S,0.0122,0.0122,24,167
TAATTCTAATATTATA,I21G K481S,0.0124,0.0124,24,165
GAAATGGAAAAATACA,G174L M192P,0.0135,0.0135,24,151
TCTCTCGTAATATTGG,S91I S171Y,0.0135,0.0135,24,151
ACCCTGATACTGCCTG,Q3G T182F Q247K,0.0144,0.0144,24,142
CCCAGACCAAAGCATC,K33S C57F C118D G277D V459Y,0.0149,0.0149,24,137
ACGCCATTTCTACCTG,E100N T139I R207T F446S,0.0157,0.0157,24,130
GTAATGCAACTCCACT,I21H G198Y T226S E289K E421T,0.0160,0.0160,24,128
TTAGAAGATCCGCCCA,L23T L103F P483S,0.0162,0.0162,24,126
CCTCCTCTCCGAGTAC,I15N C155P I361L P486S,0.0166,0.0166,24,123
TGTTCACGAATTAATT,L107T S138N G160V C231N R248S,0.0172,0.0172,24,119
AACTTAGAATATATAA,T226Y N470Q,0.0173,0.0173,24,118
TATCTCTAATAAATTA,T70V H115I F140Y M153L Y217R S234* Y241S,0.0175,0.0175,24,117
CCGACCCGACCAAATA,G64* T106V K125L,0.0179,0.0179,24,114
CTGAGTGAAACCAATA,C477G,0.0188,0.0188,24,109
CAACTACAGAGATCCA,L103H R379*,0.0202,0.0202,24,101
CGAAACTGATTATTCC,E151S W264K L285M L415V,0.0204,0.0204,24,100
CTATTCTCACTATATA,I136W Q149T Y217Q T274S E396N,0.0204,0.0204,24,100
AACCAATTAGGTTATC,V47L C155R N167S D175M M192* Q218P,0.0215,0.0215,24,95
GGAGGATAATATCTGA,C180E,0.0225,0.0225,24,91
ATAAGAGACCATGTAA,V47T V65M V164A T377S G460C,0.0246,0.0246,24,83
AACGTTTCCAGAAATC,G186W R207G H230I D273M,0.0249,0.0249,24,82
TTGCTTACAGTCCTTC,L68V A152V N319A V485M,0.0273,0.0273,24,75
TTCCTTAATGGGCTCT,N99A L387*,0.0292,0.0292,24,70
GAGCTGTGTACAGAGA,M82V S154R L203M Y419E,0.0639,0.0639,24,32
GACAATGGAATTGCAA,L46* Q69K E308N,0.0682,0.0682,24,30
CAGGATATAACAAGAA,A25F E287M G473L,0.0730,0.0730,24,28
AATCTAAGTCCCCTCG,L52E L105I Q223K,0.0757,0.0757,24,27
ATCACAAGACTAATAT,G160V H170N T281L D311L,0.0786,0.0786,24,26
GACCATAACATGCCAC,S154L W227Y D408E N409S L430R,0.0786,0.0786,24,26
GAAGCGTGTTTTCGAT,G277S Q406I K461*,0.0852,0.0852,24,24
TTGTATATCCATATAT,Q3S M82W R282C G294R,0.0929,0.0929,24,22
GAGCAAGCTGCAATAA,A152* V183M F318* P464R,0.0974,0.0974,24,21
TCTTTCGAAGGTATAG,C212P F434I,0.0974,0.0974,24,21
AATATAAATTCTCGTA,L442E,0.1022,0.1022,24,20
AGTAAATCATTCACTA,S85N M312L I337S,0.1022,0.1022,24,20
AGTCTCGACCCTTCCC,L430Y F446S,0.1022,0.1022,24,20
GTGTAGCACCGATTGA,H230P D347G D401A,0.1022,0.1022,24,20
CTACCTTTGGGACTAA,L245P K339G K465A,0.1076,0.1076,24,19
TCGGCAATACACATAA,G2H A132I R207S T377I,0.1076,0.1076,24,19
AAGTCACGGTGAATTC,I15K P83T,0.1136,0.1136,24,18
AATAATATTCTATATT,A297S K339L,0.1136,0.1136,24,18
AGGTTAAAAACGGAGC,L23R Q69E C212L,0.1136,0.1136,24,18
ATACCACCAATCACAC,A132S Y278*,0.1136,0.1136,24,18
CTTAAACCGTCAGTGC,Y66S S255L,0.1203,0.1203,24,17
GAACATAGCAGTGCAA,T58W Y129L W370S,0.1203,0.1203,24,17
AACATCTGCTCCTCAA,V47R,0.1278,0.1278,24,16
ACACCCAAAGTGCAGA,K33A F318R I345N M414F C463Y,0.1278,0.1278,24,16
AATACCAAACTACCCC,V22M A152Y A177V W489L,0.1363,0.1363,24,15
CTCGATGTATATTTAA,N90V F316L P464S,0.1363,0.1363,24,15
AATATTACTACAGAAT,A184T L280T D401Q P464T,0.1460,0.1460,24,14
TGAAAGATCACATTAT,I15K A202W K368V,0.1460,0.1460,24,14
ATCAAACCATAATTCA,I24F L344R,0.1573,0.1573,24,13
CCACACCCGTAAAAAA,I15V G360A Y366F,0.1573,0.1573,24,13
ACCGCCTGCCCGCTAA,S138Y L442H,0.1704,0.1704,24,12
CATGACAATATAGCTA,N37H A173R P275F A343S,0.1704,0.1704,24,12
GCGAGACGAAATAAAA,N20L V164L D401F V485G,0.1704,0.1704,24,12
TCGACGAGTAGAAATA,V28L Y94A L133R L387Q,0.1704,0.1704,24,12
TGCTGTTGGACCCCGA,T182A C475F,0.1704,0.1704,24,12
AGATCAACACAATTAA,I445L,0.1859,0.1859,24,11
CAAAACATCAAATAAA,T225I R248V C364Y,0.2045,0.2045,24,10
GACCTAACGGTTCACC,V183S W196R I222L,0.2045,0.2045,24,10
TAGTAAAGCGTAATGC,V65* Y166S V183K,0.2045,0.2045,24,10
CACAATTATCACATGC,A177M Q348L L430P L469*,0.2272,0.2272,24,9
GACAAAAGATAACAGT,E17L T190E M312H,0.2272,0.2272,24,9
GATAAACTTTTCCGGG,K33T G34D L259M,0.2272,0.2272,24,9
GTTAATTACAACGTTG,F49R E67S R282I E308D,0.2272,0.2272,24,9
TTATGGTCTCACGGTA,E76* N167R,0.2556,0.2556,24,8
GGACAGCCCCAGGAAG,G160R,0.0003,0.0003,23,6932
GAACAGCCCCCGTGCA,,0.0003,0.0003,23,6051
AACAACTAACCTCCTT,K116I,0.0003,0.0003,23,5870
CCAGAAACCTAACTAC,,0.0004,0.0004,23,5430
CCTTGTTAAAATACAC,,0.0004,0.0004,23,5162
CCAAAAAGGGACACAT,S171L I221Y,0.0004,0.0004,23,4861
TTCACATTAGCCGCCC,T101E V450I,0.0004,0.0004,23,4668
GCCCATAGGAACTGAC,,0.0004,0.0004,23,4522
TAGCTATAGCGTGATT,,0.0004,0.0004,23,4501
GATATACTATCCAATC,Q331E,0.0004,0.0004,23,4361
TACGATTCGATGCTAA,A202E,0.0005,0.0005,23,4340
CTAGGAATTTTGGTGC,A123S I252T,0.0005,0.0005,23,4326
TCCACACTTTCCACAA,,0.0005,0.0005,23,4324
GCCGGAGAATAACATG,,0.0005,0.0005,23,4295
GACAAAACATGAAAGA,,0.0005,0.0005,23,4101
CAGCGCTCGCAGTTGA,L128T G198T,0.0005,0.0005,23,4100
AATCACATATTTAAGA,L35A,0.0005,0.0005,23,4080
TTTCGCGAGACAATTC,S91N,0.0005,0.0005,23,4046
ATCAACCCGGTAACTT,A343I,0.0005,0.0005,23,3956
TTGTGCATACAAATAC,W210V,0.0005,0.0005,23,3901
TGAATTCTAACCGCTA,G174I,0.0005,0.0005,23,3881
CCATTACTCAAGTTTA,,0.0005,0.0005,23,3870
GCACCACATTAAAAAA,,0.0005,0.0005,23,3868
TTTTGCACACCTTCGA,F233I,0.0005,0.0005,23,3851
TAGCATATAGCCAGCG,D229T,0.0005,0.0005,23,3779
CCCCAAGATCCAAAAA,,0.0005,0.0005,23,3660
TCGAACTTTTCGCAAT,,0.0005,0.0005,23,3641
TGGTCCTAATATACAA,K161Q,0.0005,0.0005,23,3633
CTCCTAAAAAACAAAG,,0.0005,0.0005,23,3613
ACAATTATCCAGGCAA,,0.0005,0.0005,23,3604
CATTGACATATACCGT,,0.0006,0.0006,23,3544
GCAAGAATATTTACCA,T215A G276M E287Q,0.0006,0.0006,23,3505
TGAAGCACTTAGGCCC,,0.0006,0.0006,23,3476
TAAAATGCATAAACGG,L355I,0.0006,0.0006,23,3433
CAGTTAACTTCGTCCC,G208S,0.0006,0.0006,23,3402
TACTATAGAACTTGGT,,0.0006,0.0006,23,3394
GATTACTACTACCATC,N295S,0.0006,0.0006,23,3333
AGGCAAGGCTATTGAT,N146L,0.0006,0.0006,23,3315
TCCCATCGAATAGGAA,T215D,0.0006,0.0006,23,3279
GAACTATCTACTAGTT,,0.0006,0.0006,23,3156
CATTATACGCAGTTGA,,0.0006,0.0006,23,3132
CTCTTGTGGAAAGTAC,,0.0006,0.0006,23,3065
TTCCCGAAAAATAAAC,H305L,0.0006,0.0006,23,3064
GAAAAACACTCAGCAA,G198A,0.0007,0.0007,23,3008
CAATATATTAGTAATG,,0.0007,0.0007,23,2994
AAAGACAAAAAGGAAA,R250W P483H,0.0007,0.0007,23,2979
ACACGTTTCCGACAGG,K368Q,0.0007,0.0007,23,2854
ACACACACTCTCAACT,,0.0007,0.0007,23,2778
AACATCACGCCCAACA,,0.0007,0.0007,23,2759
TGCGCCGACAGTATGT,,0.0007,0.0007,23,2757
CCGCGCCTTCTGTCCA,I252V S389E Q406E,0.0007,0.0007,23,2746
GCGTCGTTGGATAATC,,0.0007,0.0007,23,2732
ACCACTATGAACTTAG,L128S F399M,0.0007,0.0007,23,2718
AGAGTATATCATAGAC,L168C D211N N224Q L245Q,0.0008,0.0008,23,2559
AGACTGACAATCACGA,G360A,0.0008,0.0008,23,2558
TAACCAAAAGTGGATA,T226S,0.0008,0.0008,23,2545
ATGAGTATTGTCGCAA,,0.0008,0.0008,23,2537
TTCCGACCATCAAAAA,,0.0008,0.0008,23,2536
AACTTACCTAAGTAAA,L387K,0.0008,0.0008,23,2518
TAAATGAACTTCTTCG,G186K,0.0008,0.0008,23,2516
GAAGAGGTTCGCGCCA,N146V W210S,0.0008,0.0008,23,2504
CCGACTGCTCCGCGTA,,0.0008,0.0008,23,2502
ATGCTTGAAATCATAA,D268G,0.0008,0.0008,23,2467
CCACTGAACCCTTCCT,,0.0008,0.0008,23,2453
CTAAATCAATTTAAAA,,0.0008,0.0008,23,2363
ATCTGCCCACAGTGGA,S56T A152L V459R,0.0008,0.0008,23,2354
AGAACAATACGTATTT,Q69K G174R,0.0008,0.0008,23,2326
CATACATTTTTCACTT,Q189L,0.0009,0.0009,23,2302
ATCATGGAACTGAAAG,R207P M312V,0.0009,0.0009,23,2267
TTCGATAAAACTGTCT,I137A I213L,0.0009,0.0009,23,2239
TCTCAAACGTCAGATA,L285V K490E,0.0009,0.0009,23,2228
CACACCGTGGAAGTCA,,0.0009,0.0009,23,2209
TTAGACGAGACAGTAG,,0.0009,0.0009,23,2209
TGGGATGAACACTCTT,G198V A407I,0.0009,0.0009,23,2202
AACATCACTGTGCCGC,,0.0009,0.0009,23,2181
TGTTAAATGAGGAACT,,0.0009,0.0009,23,2167
AACATTGTACACATCC,N209I I458H,0.0009,0.0009,23,2150
GTAATGTCCACACAGC,Q406F,0.0009,0.0009,23,2136
TACAAAGACAACCATT,N109R,0.0009,0.0009,23,2092
GGCTTAACAGAAGGTC,Q232G W264F,0.0009,0.0009,23,2087
AGTAACTCTATCGTGC,,0.0010,0.0010,23,2048
TCTTAAAGATTAATGA,H93N,0.0010,0.0010,23,2043
GTCCATTCTTATACTC,G478R,0.0010,0.0010,23,2033
GCACACAACAGATAAA,D273S D432E,0.0010,0.0010,23,2031
TCCAATTGCTCCCAAA,A407V,0.0010,0.0010,23,2024
AGCGTATCCTTACGAG,T77W K327T,0.0010,0.0010,23,2023
GATGGACTACGCGTTG,S138G Y200F H354L V435I,0.0010,0.0010,23,2020
CCGTCTCGGATCTCAA,,0.0010,0.0010,23,2008
AGATCTGCACATGCAC,E100D H448V,0.0010,0.0010,23,1995
GAACTCAATATTATAA,D273F D432E,0.0010,0.0010,23,1937
CTGCCATCCACCCCCT,,0.0010,0.0010,23,1913
AGCAGCAGACTGCAAA,D229R V459S,0.0010,0.0010,23,1912
CTTAATTAACAATTCT,T59D T77D,0.0010,0.0010,23,1898
AAAATGTACATTCTTT,,0.0011,0.0011,23,1801
AGAGCTAGTGAGGCGA,Y36* N89L N390V S400R,0.0011,0.0011,23,1769
TCAAAATCAAAGAAGA,A177Y T274F,0.0012,0.0012,23,1674
GATACCTCTGCGTACA,N90D Q149H Q189S F233T,0.0012,0.0012,23,1667
TTGGTAGAAACATATG,,0.0012,0.0012,23,1664
AGTGTCACCGCTCAAA,F38V,0.0012,0.0012,23,1642
ATAGGCTCTGATCATA,E421L,0.0012,0.0012,23,1590
TAAAGACAAATGTCAA,T48L,0.0013,0.0013,23,1551
CAGTTGAGGAACATAC,,0.0013,0.0013,23,1550
CTCGATAATTCTACAT,,0.0013,0.0013,23,1497
CTATTGAATCTCTCTT,N148P,0.0014,0.0014,23,1439
TATCTTAACATTACAT,,0.0014,0.0014,23,1407
GTAACAATCTGTAACT,K88W,0.0014,0.0014,23,1380
GCTTCGCCTGTCAAGC,S169P I358V,0.0014,0.0014,23,1366
GGACCTAACGATGAAA,G54T L78F,0.0014,0.0014,23,1357
CCACTTAGAAAACCCT,N167R,0.0015,0.0015,23,1344
GACACGCTGCCAACTC,G198I,0.0015,0.0015,23,1307
CCGATATACGCGCTAG,,0.0015,0.0015,23,1279
CAATGCAATATTTTTT,,0.0015,0.0015,23,1276
CCCCGGGACAAAATTG,E151H,0.0016,0.0016,23,1258
ATAAGGATCTAGGTAG,,0.0016,0.0016,23,1205
GTGGAAGACCAACCCC,,0.0016,0.0016,23,1199
AGATAAAAAAGAAGCA,,0.0017,0.0017,23,1166
ATTGACTTGTATACCA,L128I T226Y,0.0017,0.0017,23,1150
ATGCGCAACGTATTGA,T376C,0.0017,0.0017,23,1139
CAGACTAATCAGACCA,E151D A288F,0.0017,0.0017,23,1139
CTATTATCTAAAAACA,,0.0017,0.0017,23,1129
CTACATGTACACCTTT,W264S,0.0018,0.0018,23,1117
ACGTAGCATGCCTAGA,F262G,0.0018,0.0018,23,1114
GGAGAAACGTCATATT,V298C K481T,0.0018,0.0018,23,1086
GCGCACCAAACAGAGG,N158R N209K,0.0020,0.0020,23,974
CAGTGGTCCTTTACCA,G271N,0.0020,0.0020,23,963
CGCATAGATGTCGGAT,Y253G,0.0021,0.0021,23,923
GATACTTCATATAGCA,Q247R,0.0022,0.0022,23,898
GACGTCATAGATCAAA,E413G,0.0022,0.0022,23,894
ATAGCAATAATTCTCA,G206Y G260Q,0.0023,0.0023,23,860
TGCGGTTCTAAAGACC,S111A D204V,0.0023,0.0023,23,854
CCTCTTCCTGGATTCG,Q9H,0.0023,0.0023,23,849
TCCCTAACAGATGTTA,L107M,0.0024,0.0024,23,812
TTCAATATCTTAGCTT,L23T,0.0025,0.0025,23,790
TAATTGTTATACTAAA,T281V,0.0025,0.0025,23,785
AAAAACTCATAACCGT,,0.0025,0.0025,23,780
TATATTACCTTGCAAG,F233Y,0.0025,0.0025,23,779
AAATCCTTAGACATCC,,0.0026,0.0026,23,765
TTTTATCGAGTCATGT,K116W A176N,0.0027,0.0027,23,733
GGAGGGCTGCCAGCTG,R55S,0.0030,0.0030,23,663
ACAAGATGACAAATTT,D408S,0.0030,0.0030,23,645
ACAGACCTGTCCTTCA,L46A S199P,0.0032,0.0032,23,622
AGAATCAACGAATCAA,L285V,0.0033,0.0033,23,599
GCTTCACGATAACCGT,K161R,0.0034,0.0034,23,570
GCACGATTCGATTCGT,V44F M410E,0.0040,0.0040,23,489
TTATCCTTGGGAAGTT,N158G A176L L355T Y366C K425N,0.0040,0.0040,23,485
CGCACAATACTAGACC,G160S K161G G294R,0.0041,0.0041,23,479
TAAATCCCCGAACTTA,H230Q,0.0044,0.0044,23,445
TGAAACAAAATCTCTA,V47F S111A G198E,0.0046,0.0046,23,430
TAACCTTTACGATCTC,,0.0049,0.0049,23,402
TAACATATTACTGCAG,S267N P362S H457R I474T,0.0052,0.0052,23,374
GTCCCACGCCTGGCTG,I21S N99P Y219F,0.0053,0.0053,23,369
CGAACCCGAACTCGCT,G197L S237L,0.0054,0.0054,23,364
TAATAACAGACCCGCA,V11M,0.0055,0.0055,23,354
CTAGATTTAATCGAGT,S163G R282S Y363E,0.0056,0.0056,23,352
TGACCAAGGGGCACAA,A343T G460M,0.0057,0.0057,23,345
TCCGTATAACAGACAA,W227S P464N,0.0060,0.0060,23,329
CCTTATCAGATTATAG,L71K G276F C301S Q321W K339T,0.0063,0.0063,23,309
CAGTTAATGACCATCA,M96R I445V V487R,0.0064,0.0064,23,305
AGTGCGTACCGTTAAA,L107R M134C F318V,0.0065,0.0065,23,302
CCAGTAAGAGTCATAC,L46E E76H L188I F262G L326T F440T,0.0074,0.0074,23,264
CAAGTTGCCTTTAACA,I21A H179A Q232L C301L W489V,0.0085,0.0085,23,230
GAATAAGACCATCCTA,G186Q W386M,0.0088,0.0088,23,223
GAACCTGAAAGTCCAC,G98R A195I C212S,0.0089,0.0089,23,220
AACCACTCTTCCATCT,G102R E151L A184H I411T S437F K490*,0.0091,0.0091,23,216
CTGAATGTACCATAAT,P12E M19L,0.0091,0.0091,23,215
ATTCGTGAAGTATAGA,M19* V65* Y166H E404G,0.0092,0.0092,23,213
TGGAAAATATATCAAA,G64M K451E,0.0096,0.0096,23,204
ATCTGAACAATTCTAA,C310T,0.0098,0.0098,23,200
AACCGCCATCACCTAT,G98L L107T A195L S199I P275R S462Y P483A,0.0098,0.0098,23,199
TCTCACGCACAAGCAC,N99Y L103I S199N L245M L355F P383E Y441L,0.0099,0.0099,23,198
TTGACAGCAACCAACA,Y129S I136V S143T A297Y,0.0100,0.0100,23,196
GAGACCTACTGCCACT,L84K,0.0101,0.0101,23,194
CAAGTGAAGCTCACCA,E418*,0.0105,0.0105,23,186
TGAAAAAACTGCTACC,C212R,0.0107,0.0107,23,183
TGTAATGTCAACAGAT,S246E Y366A L469A,0.0107,0.0107,23,183
ATTCAGAGAATAACAT,D175T Q218Y I334S E396Q,0.0108,0.0108,23,182
CTATTCAACGATCTTT,Y278H L280F,0.0109,0.0109,23,179
TGCTGACCCGCTACTT,,0.0109,0.0109,23,179
CGTACGGCGTCATCAA,R282I C364Q H471L,0.0112,0.0112,23,175
GGCGGATTCAAGTAAC,C475N,0.0126,0.0126,23,156
TAATCAACACACTAAA,S85K R248V L258E,0.0126,0.0126,23,156
AAATAGACATAGGCAA,L32W K384V,0.0131,0.0131,23,150
TGCAGATACGCCTTAC,W227L F436R Y480S,0.0144,0.0144,23,136
GCCTGTTGTTTGAAGA,E104K N119S Q149A M192S S199W,0.0148,0.0148,23,132
TCACACATTCATGCCG,V187M Y393F,0.0154,0.0154,23,127
TTGAAAATTTGTTCGT,P453S,0.0156,0.0156,23,126
AGAGTGTTCTCAGGAG,C231F T249A R314P S367Y C385S,0.0157,0.0157,23,125
AACTTCCAGATCACGA,L61V C212D Y253* A297V T438A,0.0159,0.0159,23,123
GAGATGAAAACCTACG,S85L Q324P D401Y,0.0165,0.0165,23,119
TGTATTAAAAAGAATG,V5I T375M N390R,0.0169,0.0169,23,116
GAGTATAGCGACCACC,K125L W264L P486H,0.0170,0.0170,23,115
TAACTAGAAGCCAGTT,E17S L46M L245P H455E,0.0172,0.0172,23,114
GCAGGATAGATAGACC,I21A T77C T87A S154N,0.0175,0.0175,23,112
AAAGTTCAGGAACCTC,F140D L382S Y480M,0.0181,0.0181,23,108
CGGATGGCGCAAATGC,R314M A328P,0.0194,0.0194,23,101
CTAGCATTTTACCTGA,F7P,0.0194,0.0194,23,101
CCGACCCGATTCTTCA,E289K L394F M472T,0.0196,0.0196,23,100
CTTACGACAAATGAAA,Y172P C463Y,0.0204,0.0204,23,96
TCGATTCTGCCGAAGA,T70R R456N,0.0204,0.0204,23,96
TCGGAATATCAACCAA,Y219*,0.0223,0.0223,23,88
CTTACCCCATAATATT,N185T S439I G460P,0.0225,0.0225,23,87
GCATGTTTCCAACATA,N74K C86T I95Y G198Y L220Y P466H,0.0225,0.0225,23,87
GCTATCCAATATAGAT,H13S I112F Y371G R379C,0.0225,0.0225,23,87
CGGCCGTGGACCATAG,S389Y H455R,0.0236,0.0236,23,83
TTTGACCTCATTACTT,E289S N295Y L336R,0.0251,0.0251,23,78
TAAGGACGATATCATA,E404S F434K,0.0254,0.0254,23,77
GCCACAGGAGCGCTCA,L73K W196T H398S,0.0265,0.0265,23,74
AAATGCAAAAAAGTAG,Y62C G206D D357Y,0.0276,0.0276,23,71
GCCTCCACATGAACGA,L442P,0.0316,0.0316,23,62
AAAGCGAATAACGCTT,G2C R235D N295Y,0.0332,0.0332,23,59
ACTGGTAAAATCTAGT,T48Y C212Y N224G I411R,0.0338,0.0338,23,58
GAACATCACATTATAT,A39Q L120Y H230I S400R,0.0726,0.0726,23,27
TTCGAGACGCGAGCCC,Y129T A173V G260R Q331N I445V,0.0784,0.0784,23,25
CAGAACGTAGATCAAA,G160N T412K,0.0816,0.0816,23,24
CTGCAATCAGATTAGG,C57I C279S C477D,0.0816,0.0816,23,24
TTAGTCTCAAATCTAA,L107S G181A A343I S389G,0.0852,0.0852,23,23
TATGAGTACAATAACC,K33E T101R W264P,0.0891,0.0891,23,22
TAACCTTCATGAAACA,I162H A173L D408N,0.0933,0.0933,23,21
TAAGAATAGTCTCTAT,N20D H374D,0.0980,0.0980,23,20
TGCACCTAGCCACAAA,V28G S56T M214E G294R A343V Y419L,0.0980,0.0980,23,20
AAGAGTAGACTTGCTG,K304E I323R N395K,0.1031,0.1031,23,19
GGAGAGTTACCGAACC,Y166C S171V Y363M,0.1031,0.1031,23,19
GGAGGAAATACTGTGT,C41R S199D Y278H L442K,0.1031,0.1031,23,19
TTATCAACATTATATT,Q69S P466I,0.1031,0.1031,23,19
AAGCAATAAACAGTTA,N338T K481*,0.1089,0.1089,23,18
CGAAGGGCATGTTATC,G2Q K126T F233N A343V,0.1089,0.1089,23,18
AGCGTCCAGCGAGTTA,G54*,0.1153,0.1153,23,17
ATCGATTCACGAAATA,S60D I113E G159C G276V S462I,0.1153,0.1153,23,17
CTTCCAGAAAACAAAC,K88* P275M,0.1153,0.1153,23,17
AATCTGAAACAACACG,T6* G197T H374Q,0.1225,0.1225,23,16
ATGCAAGCATAAAATT,G277I T296R N342D,0.1225,0.1225,23,16
GACTGGACCAAATTAT,T77A L107S G240T,0.1225,0.1225,23,16
AATTAGTTGAACCCAG,D122Y V298G,0.1306,0.1306,23,15
ACCATGAAAAATATCC,F157K D408W,0.1306,0.1306,23,15
TCAATGTCAATGCAGT,Q149E V298L C475R,0.1306,0.1306,23,15
CAACCACACGATACAA,C477I,0.1400,0.1400,23,14
CACATGCGCAAATCGG,N20P A184N K272M K465S,0.1400,0.1400,23,14
GATTAAATGCTCATGA,F191R L315* W370S,0.1400,0.1400,23,14
ACTCTATCAAGAAAGC,D156I E396* S444A,0.1507,0.1507,23,13
AGCACGCGTTAGGTTT,S27I L84T Q331A N373W W489A,0.1507,0.1507,23,13
CGATAACCCCAGACAA,S135L G277R Y393L,0.1507,0.1507,23,13
CTTAAAAATATTCACT,E104R M194E,0.1507,0.1507,23,13
CTTGACCCATAAATGT,L142N C292S E418S,0.1507,0.1507,23,13
ACATGTAGTCGAGGGT,L32P L103R L430Y,0.1633,0.1633,23,12
GCAAAAATTGCATTGT,L73K E303F Y363P,0.1633,0.1633,23,12
TCGAGAATTCAAGAGC,Y217S T225L L285R,0.1633,0.1633,23,12
TGAACTTATGCTACCC,E104* L336P S444R,0.1633,0.1633,23,12
GTAAGCGTGACGCACT,W283R,0.1781,0.1781,23,11
AAAATAAACCAAGCAT,M134V N302A S437W Q482L,0.1959,0.1959,23,10
AATCTTGTAGATGAAC,K33R S169L R282H N390S F436A,0.1959,0.1959,23,10
CGGCCCGCAGCTTCAG,L84S,0.1959,0.1959,23,10
CCGAAGCTCTAGAACA,Q149L D357N P466T,0.3919,0.3919,23,5
CCCAATGTTTTCCATG,G243F S462T,0.0004,0.0004,22,5264
CCGGACTACATGGAGA,R193Q T215N,0.0004,0.0004,22,5161
AACCAGACAAGAACCT,W227M,0.0004,0.0004,22,4800
TCAAAGACAGTTATTT,S154I I252N,0.0004,0.0004,22,4590
CAACAATTGAGCAGTG,M96Q K488S,0.0004,0.0004,22,4352
CCCAAAAATTGTATTA,V44L I252T T261A,0.0004,0.0004,22,4313
CATAACTTATGCAATG,A173T A177M,0.0004,0.0004,22,4290
GATGGACAGGAATCAT,,0.0004,0.0004,22,4285
GTACTTAATTAAGGGA,,0.0004,0.0004,22,4185
GATACTTAGTGAACTT,Q218N G240S,0.0004,0.0004,22,4168
TTAACCCTAACAGACC,G159A,0.0005,0.0005,22,4144
TTTCCTCTTACTGTAC,,0.0005,0.0005,22,4123
ATCGAACAAGAAATTA,K161N G181K,0.0005,0.0005,22,4086
CGCTACCCTTGAAAAT,R250L K352V,0.0005,0.0005,22,4078
CGCCGTATGCCAATAA,T249N I474R,0.0005,0.0005,22,4073
CTGGTGGAAAAAATGA,,0.0005,0.0005,22,3976
CCGCAATGTATTAATG,,0.0005,0.0005,22,3966
AAGAATCTTCATCAGA,D402T,0.0005,0.0005,22,3962
CATACGTTCTCACAAA,,0.0005,0.0005,22,3831
ATATGGGCTTCCACAC,E100M,0.0005,0.0005,22,3765
TGCTGAACCGGTAATA,N146L,0.0005,0.0005,22,3735
TCATGGTCATACTTGG,,0.0005,0.0005,22,3674
TCCGGTACAAAATCAT,F316L K481C,0.0005,0.0005,22,3672
AGAAATTTATATCAAT,T110L T225I,0.0005,0.0005,22,3588
ACACCCAGAACTAACG,,0.0005,0.0005,22,3567
GCTAATATATCGACAT,N178S S367R,0.0005,0.0005,22,3534
GACCGATAAATACTGC,,0.0005,0.0005,22,3449
CTAGCGAGATGCTTAC,E72K R207K,0.0005,0.0005,22,3418
GATCCTATGAAAGGTG,,0.0006,0.0006,22,3386
AACTGCAATTCAGATG,K126E S205F E228T,0.0006,0.0006,22,3227
TGGCCTAACAATTGAT,T40G I201V,0.0006,0.0006,22,3217
ACAGAGCTAGTACTAT,,0.0006,0.0006,22,3131
AGTTATCTATTAAGTG,,0.0006,0.0006,22,3073
TTCCTTACTCAATTGG,W227L,0.0006,0.0006,22,3067
AAACGCGAAGTCTCAG,K125L G378S,0.0006,0.0006,22,3008
GAAATGAAGGCAAGGA,,0.0006,0.0006,22,2993
CACGGTATAAATCTTC,D273S,0.0006,0.0006,22,2949
CTCCCTCATATTACTC,F440I,0.0006,0.0006,22,2896
TATGGTTATTAATATG,L103M,0.0006,0.0006,22,2885
GAAATTATATGCTACC,S199L,0.0007,0.0007,22,2834
TGAAGTGGACTAGACA,Y172N V183D,0.0007,0.0007,22,2722
TGCAGCTGAACATACG,M332I,0.0007,0.0007,22,2692
TATCAAGGCAGACAAT,A173F D251A R282N,0.0007,0.0007,22,2678
ACAAGCGTTTTATTTG,,0.0007,0.0007,22,2674
TTTCAAGTAAAATCAT,,0.0007,0.0007,22,2650
AATCGTAGCTTCTACA,,0.0007,0.0007,22,2570
AATGAGAAAATAGGGC,,0.0007,0.0007,22,2555
AGATTACACCCCCTGC,E67K,0.0007,0.0007,22,2551
GAATGATGAGGCCAGC,I112N K125A,0.0007,0.0007,22,2529
TACCTAAATACACCAA,F7I,0.0007,0.0007,22,2515
ACATAACTGCCTGAAT,A123T A297C,0.0007,0.0007,22,2514
TAACGTTCGTTCGCGG,,0.0008,0.0008,22,2478
GGACATATAGCTACCA,,0.0008,0.0008,22,2476
CCTATAGAACATCAAC,A173S,0.0008,0.0008,22,2474
AAGCAACTGCTGAATT,P483W,0.0008,0.0008,22,2457
ACGAAATTATTGGTTG,L103V A343T H398M,0.0008,0.0008,22,2451
TACAGCAAGTTCGTTC,,0.0008,0.0008,22,2384
ATAGCTAAAATGTGTT,,0.0008,0.0008,22,2383
CCGAACTGCAAAATCC,,0.0008,0.0008,22,2374
TGGTCAATACATTTTT,L245I,0.0008,0.0008,22,2276
TTTCTATTAAGTATAA,,0.0008,0.0008,22,2268
TATGGAAGTCCCATTA,F157V,0.0008,0.0008,22,2262
TGCATATATTACAAGT,,0.0008,0.0008,22,2250
CTCCCTAACCCCTTAT,T261K,0.0009,0.0009,22,2201
CAATTGACGAAGTCAT,H170N,0.0009,0.0009,22,2151
CAAAAATAGAATTGCT,,0.0009,0.0009,22,2142
TATTTAAACTCTTTGC,N224S,0.0009,0.0009,22,2135
TGCAGCCAGAATGTAC,S163T,0.0009,0.0009,22,2107
GCTATTGCAACGTCTA,,0.0009,0.0009,22,2090
AATTTGTAAAAGTCAG,,0.0009,0.0009,22,2078
GCACTCATTTGAGTGT,,0.0009,0.0009,22,2059
GGCGTCCAATGTGGCC,I112F G208Q,0.0009,0.0009,22,2033
TCGTTCTTTCCATCAT,L142R,0.0009,0.0009,22,2030
GTAAAATTCCCAATGT,N99C,0.0009,0.0009,22,1996
CCACGTTACTAACAAT,,0.0010,0.0010,22,1847
TTTAACAACATGATGA,,0.0010,0.0010,22,1828
TCACTGTGAGCAAAAA,K125E G181D,0.0010,0.0010,22,1822
TTACATTCTACCGACC,,0.0010,0.0010,22,1822
GCGGATCTCCCAGAAG,A343V,0.0010,0.0010,22,1812
TGAACTTCTAGGAATC,,0.0010,0.0010,22,1797
TAGAATAAATCGCTAA,T376V,0.0011,0.0011,22,1777
GCTTAGAAATGGGAAG,M19S S163N,0.0011,0.0011,22,1769
TCACAGTATTAAAGAA,,0.0011,0.0011,22,1763
ATTAACTTAGCGAAAC,,0.0011,0.0011,22,1731
ACGCGTACGCTAAAGC,T48S G260D,0.0011,0.0011,22,1716
CTTAGAAAAAACTCGA,R207D,0.0011,0.0011,22,1698
TATATACCAGTCAAAC,G198Y I252L M332S Q406L,0.0011,0.0011,22,1669
AGCCGACATATCTATT,E228V,0.0011,0.0011,22,1639
AGTAGCAAAAATATAT,,0.0011,0.0011,22,1630
AGACCTCGACATGTAC,A30V D130G K300E,0.0012,0.0012,22,1613
ATTTCAATCCTGCAAC,,0.0012,0.0012,22,1613
AAATAATAAGCCCATA,,0.0012,0.0012,22,1598
TTACGGTAAAAAGCAT,F147G T296I N338D,0.0012,0.0012,22,1572
GGTTATCCGAACCAAT,A132T G174E R248S,0.0012,0.0012,22,1568
CTCGGCCACTCTTGTA,T397R,0.0012,0.0012,22,1566
AAAATAATAGCATGAA,,0.0012,0.0012,22,1555
AATCAGATAGACCCAC,,0.0012,0.0012,22,1544
CTCACTCCACTTAGTA,Q3A H448M,0.0012,0.0012,22,1541
GTTGCAATAAAGATCT,,0.0013,0.0013,22,1490
CTAAGAAGTGCATATT,,0.0013,0.0013,22,1448
GGACAGCTCGGGGTAT,S246M,0.0013,0.0013,22,1444
ACCCGCAGTTAGGAAT,D229I A328N,0.0013,0.0013,22,1441
CGACCTGAGTATTGCC,,0.0013,0.0013,22,1438
AAACCTTGCACTATCC,,0.0013,0.0013,22,1426
CACTCCCAGACAGAAT,E67A K461T,0.0013,0.0013,22,1425
ACAGAACCTACAGCAC,M82T I361F E421N I458A,0.0013,0.0013,22,1424
AGATGGTCTCATCCCC,,0.0013,0.0013,22,1418
AAGACCCTCGAACTAA,M192E,0.0013,0.0013,22,1410
GATGGACCGAGTAAAT,S154C S437N,0.0014,0.0014,22,1316
ACAGTTTTCTGGATAA,T426L,0.0014,0.0014,22,1314
TAGATGAGGAACTCCC,K272H,0.0015,0.0015,22,1281
GATACCATTGCCAAAG,,0.0015,0.0015,22,1271
CGACTAAAAAGATCCA,S199M L479G,0.0015,0.0015,22,1240
TGTTTCCTATGACACT,F7M,0.0015,0.0015,22,1225
AATTATAATGATTCTT,,0.0015,0.0015,22,1217
TCTGTATCCAGCGAGT,S199L,0.0015,0.0015,22,1217
TAAAACCCTAGGGTTC,A177H,0.0015,0.0015,22,1214
ACAGAGCATATTTATA,A132L K304M K481S,0.0016,0.0016,22,1209
TGCTTAAAAATTTAAT,Q348C,0.0016,0.0016,22,1196
AGTAATAATTTTCACT,S121N,0.0016,0.0016,22,1164
CCAACATAGAAGGGGT,R356L,0.0016,0.0016,22,1144
TTGTGTGTATCACTAG,,0.0017,0.0017,22,1128
TAATCCTTCTAACCAA,G206C S400W,0.0017,0.0017,22,1097
GTTACTCTTGTAAGCA,Y241I D273V,0.0017,0.0017,22,1095
CTTTAGATAACGAACG,,0.0017,0.0017,22,1093
TTAAGGCACCCCTTCA,G198V E228T,0.0018,0.0018,22,1042
ATACAACTACACCATT,A132F I334N,0.0019,0.0019,22,996
ATCCGCCGTCAAAAGA,,0.0019,0.0019,22,992
TAGACGATATACGAAA,T59Y D229T G276L,0.0021,0.0021,22,910
TGCTTATACTTAAAGA,,0.0021,0.0021,22,909
ATGACACAAAAAATAA,Q405A,0.0021,0.0021,22,897
ATCTAATATCTTAAGC,T375S,0.0021,0.0021,22,893
ATATATACTGACTGCG,F117M W196S L326V,0.0022,0.0022,22,857
GTAAAAAATCAGCAAG,S205R,0.0023,0.0023,22,832
TGAAACCCATCTACAC,N209Y D306L,0.0024,0.0024,22,780
TGTCATCATAACTAAT,,0.0024,0.0024,22,772
CAATACGTTTACGGTA,,0.0025,0.0025,22,746
CAGAAGGAAATTGGAA,D273G L449V,0.0025,0.0025,22,742
TGGTAATAGGTCAAAC,L43S,0.0026,0.0026,22,734
TGACCTTAGATACGAC,E270G,0.0026,0.0026,22,720
TCAACACAAAAAAATC,H124N,0.0027,0.0027,22,689
CTCACAACCTGAATTT,P12S E76S Q232F,0.0030,0.0030,22,624
AGGATCGCTGAGTCCT,G160D N185D,0.0032,0.0032,22,586
TGAACTGAAAACTGAT,Q69L,0.0033,0.0033,22,575
AGGGTGTTTCGACCGT,N185S K368R,0.0033,0.0033,22,572
GTTACACTTGAACTAC,L43T L61E I221Q,0.0034,0.0034,22,554
ATGGCTGAGTTACAGA,F147M D211I,0.0034,0.0034,22,551
ACGATTAGCAAAGAAA,E151N I201T N409S,0.0036,0.0036,22,520
AAACAAGATCGAATAC,S216K,0.0036,0.0036,22,515
CCTGGCATCCAAATTC,R325D,0.0036,0.0036,22,515
TATGATCAAAAAAAAC,E17L,0.0037,0.0037,22,512
TCAGAGGCCTCAATTG,L52K L259M,0.0037,0.0037,22,502
GCATCGGTTAAAGCCA,L133G V183M S199F S267Y H374N G391Y,0.0039,0.0039,22,486
GAACGGAAACGTACAT,S121I,0.0039,0.0039,22,475
CACAGGATCTCCGGAA,N295D E413V,0.0040,0.0040,22,471
CCATCTAGACAAAAAA,I136T D211N S333L,0.0043,0.0043,22,437
GACCAGAGAATCAATT,E76V S121T C180N,0.0043,0.0043,22,431
TGCTATGAAAGGGGGC,G54T T274Y,0.0048,0.0048,22,387
TAAGAACAACTGTGGC,E329A,0.0052,0.0052,22,360
ACTATGATCTCAGAAA,S234R I358Y D408M,0.0056,0.0056,22,336
CGCTCCTATTTCGACT,Q149K F440S,0.0057,0.0057,22,331
CAACCTCTTATAAACA,I144N E151M D251S K304I,0.0059,0.0059,22,319
TAATCATTGGAGGTCA,N302G T375M,0.0059,0.0059,22,316
GAAAGGTGCGTTGGAC,K33Y,0.0062,0.0062,22,303
TAGAATATATCCATAT,G378E,0.0064,0.0064,22,294
AATATAGGGTTGATCA,T48Y L220H Y393H,0.0067,0.0067,22,281
ATCTGTAATCCATCTA,L46A S60* Y366H,0.0075,0.0075,22,251
ATTGCAATATCCACAA,G2Q Y129T S135Y L242T,0.0076,0.0076,22,248
ACTTTGAAAGACTAAA,H93T G98Y T225S,0.0081,0.0081,22,230
ATGTGCGCTAAGCGTG,E307G S392E Q423Y L430F,0.0083,0.0083,22,226
TACTTCGAAGCATATA,M1W G276P,0.0083,0.0083,22,226
TGAAAGCGGAGATATC,Y94T V164Y,0.0086,0.0086,22,219
TTAAAGCAAAAAAAGC,N79M T101L H170L G197A G271T Q482E,0.0089,0.0089,22,210
AATTAAACTTATAGAT,T6D N89R E289R K488F,0.0091,0.0091,22,205
TACATCACGCCGAGGG,W264R,0.0094,0.0094,22,200
AGCTGAGTGCCCCTTT,Y166T G260L,0.0096,0.0096,22,195
CCATTTACCAATTGAT,T110R M192I N224S,0.0103,0.0103,22,182
AGGAGATAGTATACGA,L84T N342T E404A,0.0104,0.0104,22,181
GCGATTCAATAAAAAC,G34C G181K S199A T380G,0.0104,0.0104,22,181
TCATTTGAAGAAATCC,C212Y Q331R,0.0104,0.0104,22,181
TTTCCACAATACAATC,K272P K461M L479F,0.0114,0.0114,22,164
TATGGTCATAGCACCA,A173I G198D G240I N295F E418F,0.0125,0.0125,22,150
AATGTCATAGCAGGAC,G34H D401G,0.0128,0.0128,22,146
GACGACAAAAGAGGTT,C463N,0.0129,0.0129,22,145
CTTCAGCTATCAAAAC,L120* G160H,0.0132,0.0132,22,142
TCTCGGTCAATAGTCT,,0.0134,0.0134,22,140
TAATAGCCCACCTAAA,T59G M192L E418L,0.0139,0.0139,22,135
TACAAAACAACCACAC,I323Q,0.0140,0.0140,22,134
TGTAAGGATCAAACCA,A195V S333R I452R,0.0143,0.0143,22,131
TAGCTTCAAATTCAAC,L120N S154M T182H N319D,0.0144,0.0144,22,130
AAGTATATAGGCTTGA,S111A E308Q,0.0146,0.0146,22,128
ACCGCTCACGCTGTGC,S169R M410R C477N,0.0146,0.0146,22,128
ACGACAGCAAGGCACA,Y166T D251K M414T,0.0150,0.0150,22,125
AAACGATGTTTTTCCC,C118H S135R V187L,0.0156,0.0156,22,120
ATCACACAAACAAGTG,G2S L142P G159F G276C T377Y,0.0156,0.0156,22,120
CTTAGAGCTTCTCCCA,C53W L61A A176L M214V,0.0160,0.0160,22,117
CGACAGACAAATGCAA,N89L,0.0162,0.0162,22,116
ATTCGTCGGATACTAT,R207E I443H P464T,0.0164,0.0164,22,114
ATTTGCAACTGTGATA,M312L Y371S,0.0166,0.0166,22,113
GAAAGAAATAAGATTC,F8N,0.0166,0.0166,22,113
CGAACACCACAACAAA,F117P Y371S K425*,0.0167,0.0167,22,112
GGAAGGGGGTAAGGGA,V22G T101W N114T E287P,0.0167,0.0167,22,112
TCGCAACTACTATGAA,L78M Y278N L479V,0.0169,0.0169,22,111
CGACAAGAAAATTTGA,F49E,0.0170,0.0170,22,110
TCCTGTATAATGCTGT,C57Y L73E N89T,0.0172,0.0172,22,109
AGAAAAACGTAATTTT,G2S G277T G473L G478I,0.0178,0.0178,22,105
GAAGACAAATGGCATG,A152C S333L,0.0182,0.0182,22,103
GGATATTGGGAAATCG,H13D L52M M75V N373S,0.0186,0.0186,22,101
CGTAACGTAGTACTTA,Q9K V14M,0.0189,0.0189,22,99
ATAATATATCGCAAGC,C118L R207K D251L V298F Y393N H467L,0.0191,0.0191,22,98
CGTCACTGTGTTTTAC,L29R T438D,0.0195,0.0195,22,96
GTGAACCAGCCAATAC,V5L T59D G360C S381R I474P,0.0195,0.0195,22,96
TTGCTATTCTACCCCG,I15K I252G,0.0195,0.0195,22,96
CATTAAGCCCCCTAGC,G98A S111F I443M,0.0197,0.0197,22,95
GGATCACAGTGGCTAT,K88A N99F E104L I361S N395K T412R,0.0197,0.0197,22,95
TTCCGATAGGGAGAAA,Q247H T265M T375L,0.0202,0.0202,22,93
GGAGACTGACACAATA,I201C Q223D P236L,0.0204,0.0204,22,92
GGCGTACAATAAATAT,V31N L120A,0.0208,0.0208,22,90
TGGCACAAAAAGAATA,N99S Q405R,0.0208,0.0208,22,90
ATACTGCCTCATACGT,E303*,0.0218,0.0218,22,86
ATGAACTCTAGTACAT,Q232L G260R S367Y,0.0272,0.0272,22,69
ATGCTCTCTACTTCCT,S163N H170L Y253L M414I,0.0280,0.0280,22,67
CGAAACAAAAGGAGCA,L32S F440S,0.0288,0.0288,22,65
CCATATTGAAATCAGT,L107N G294H F399H V431N S476F,0.0323,0.0323,22,58
AAACCTTCTGCGTGGA,I221L L387M P466W,0.0329,0.0329,22,57
CAGATGCTCTCGAAGA,E16N C57* G208V Q223Y C364A,0.0329,0.0329,22,57
GGCCCTTAAAGTGGTT,L46V E404M,0.0669,0.0669,22,28
GAAACATGGTTTAAGT,A202C R282H,0.0721,0.0721,22,26
CAATTACACCGCAAGA,L120D Y166C K352I L428R V487P,0.0750,0.0750,22,25
GGTCTAGCTTTAACTA,L290P I323Q,0.0750,0.0750,22,25
GAAGATAGTATTGTCC,V5* F147M D156E A173P K320I K481M,0.0781,0.0781,22,24
GGCACGTTTCGCCACA,N20T N99S E418Y,0.0781,0.0781,22,24
CCCACTTGATACGGAT,N99Y T225A C279G,0.0892,0.0892,22,21
CTGAGACGCCATCTCA,I4Q S439R,0.0892,0.0892,22,21
ACGCGGAACAAATGAC,H92T D130Y G160*,0.0937,0.0937,22,20
CATCCAGTAGTTTATA,K126D F147E W386S,0.0937,0.0937,22,20
CTAAAATAAGGTGTAT,A297T N470T,0.0937,0.0937,22,20
GACAGACAGTTAATAT,G208E G294R G429C C463L,0.0937,0.0937,22,20
TGGAAAAAAACGACAA,Y62I S199*,0.0937,0.0937,22,20
AATTCCCAGTATTTGT,V44M E76I N146V V487*,0.0986,0.0986,22,19
TATGCATCCATAATAT,V97Q H230N D268E T377N,0.0986,0.0986,22,19
TTAGGTAATAAAGTGC,I24R G160W,0.0986,0.0986,22,19
AGTCACGGGTTGGGGC,N109C T274H,0.1041,0.1041,22,18
GATATACAACAATTTA,A184I T438R,0.1041,0.1041,22,18
TACAATTCGCCGTCAC,R256I R379H P486L,0.1041,0.1041,22,18
TACTGCTGCAGAATTT,E76N G260L L433W,0.1041,0.1041,22,18
TGAGTAATTATGACTT,Q405K R422P,0.1041,0.1041,22,18
ATCGTCGTATCAGTGT,L220P T377L,0.1102,0.1102,22,17
ATTATTGCCTAGAGTA,Y36* K63R L469*,0.1102,0.1102,22,17
CCCTGGTACTCATAAA,I323R L394S,0.1102,0.1102,22,17
AAAAAGCTACCATTAC,L105* P275T G277V,0.1171,0.1171,22,16
ATCACAATGCCAATAG,Y172M T377S S444Y,0.1171,0.1171,22,16
CTGTAGCCTATTCCCT,F49I C180S Y200* F262S,0.1171,0.1171,22,16
TACCCGGTACTTAGGC,C477L,0.1171,0.1171,22,16
TCTAAATTCCAATGCC,N119S N148R H374M,0.1171,0.1171,22,16
ACCTCCCACCACCGAA,I21R I334T T377Y,0.1249,0.1249,22,15
ATAGAAGGTTTTCATA,K291W,0.1249,0.1249,22,15
GAAGTGACAATACGAT,K126A T190I L336V N365I,0.1249,0.1249,22,15
AAAATAACTGTAATAG,L103S T215P,0.1339,0.1339,22,14
ACATCGATAACAAAAC,A173K L242V D273E,0.1442,0.1442,22,13
CTATGTACCACTAACA,K339* H448R,0.1442,0.1442,22,13
TCACTGCCAACACTTT,H305R R456V,0.1562,0.1562,22,12
AATCTAGCCATAGCGG,N148V T261Y I337D,0.1704,0.1704,22,11
CAATGCAGTATAAACA,S27N M75E,0.1704,0.1704,22,11
TGTGAAGTTCTAAACA,Y36N L120E L245V,0.1704,0.1704,22,11
TTGATCAAATAATCGC,L430S,0.1704,0.1704,22,11
GAAAATAACCCGGCAA,T6R S154L I286M I403H,0.1874,0.1874,22,10
TCGAGAGATAAATATC,M153G,0.1874,0.1874,22,10
TGAGCCATGCCAACAT,S255W,0.1874,0.1874,22,10
AAGCTAGTGCAATTGA,N79M M284I,0.2082,0.2082,22,9
ATTCACACGTAGCTTG,N146W D175E L245W F399W,0.2082,0.2082,22,9
CACCCTGATAATTAGC,L35T T190N,0.0003,0.0003,21,6113
AACCCAACATCCACTG,G64D,0.0004,0.0004,21,4846
AAAGAATAGAGTTACC,A195Y,0.0004,0.0004,21,4785
ACTTTTATCCCCAGAT,,0.0004,0.0004,21,4731
CGATCTTGAGGTCCGA,T110W Q149S,0.0004,0.0004,21,4669
GTAAAGAAAAACAATT,S389I,0.0004,0.0004,21,4595
GCCAATTTCTCTGCCA,N395S,0.0004,0.0004,21,4236
CTTAGTTAACGAATAA,L326V,0.0004,0.0004,21,4176
GTTCTAATTGTACTAC,V47A E76*,0.0004,0.0004,21,4166
AAATATTACCCATAAT,M214T K488I,0.0004,0.0004,21,4131
TAATATCCGCACGTGG,,0.0004,0.0004,21,4004
GCAGAAGATGGTAGCG,N119H N158D,0.0005,0.0005,21,3946
CACTCGAGCCTTCAAC,H448L,0.0005,0.0005,21,3892
ACTTCCCTACCAACAC,T87W,0.0005,0.0005,21,3891
CATTACGCTTTAAAAA,,0.0005,0.0005,21,3865
GAAATCCATAATGACA,,0.0005,0.0005,21,3740
GGCAGAGACAGTATTC,N158D Q247S,0.0005,0.0005,21,3707
CTGAAAATGCAACAGT,S333V,0.0005,0.0005,21,3705
TAACTTTCCATCCACT,A39V A173I,0.0005,0.0005,21,3619
ACAATACCATTAGTGC,T87N,0.0005,0.0005,21,3567
TTCTCCTTTAGATACA,G294V,0.0005,0.0005,21,3461
AAAACACTCGCTTAGT,M194Y Y200I,0.0005,0.0005,21,3446
AGGCCCTTAGAAATGA,G197D,0.0005,0.0005,21,3376
CGAAGACCCATGAGTC,S121G,0.0005,0.0005,21,3375
CAATACTCAGTCAAAG,G186E S392R D408T,0.0005,0.0005,21,3350
CTCACCAAGTAACGTA,,0.0005,0.0005,21,3341
TAGTGACTACCAAACG,,0.0005,0.0005,21,3320
TTGTCTCTAGCGTTCG,,0.0005,0.0005,21,3304
CAGCCTAAATAGGCCA,E67V,0.0005,0.0005,21,3301
TTATAGCTAAATACCA,L73W,0.0005,0.0005,21,3255
GATAAATCCATCTAGT,G174V,0.0006,0.0006,21,3243
TATAACCACCCGCTGC,N209Y D229G,0.0006,0.0006,21,3138
TTTAACAATCTTTCGA,N158I,0.0006,0.0006,21,3115
AAACTTATCAAAAGCA,K161Q F436S,0.0006,0.0006,21,3114
TTGCACACTAAACGTC,F233M,0.0006,0.0006,21,3079
CCAGAACGGCAAAGGA,S199V,0.0006,0.0006,21,3075
AGTATGCAAATAAGAA,,0.0006,0.0006,21,3074
GTATTCCCAGAAGAAA,G198A D211R,0.0006,0.0006,21,3040
AAGGTCTGCGAATTTA,K125G,0.0006,0.0006,21,3019
AAAAAAATACCTCACA,V187M,0.0006,0.0006,21,3004
AAAATTGACTGGCAGA,R207P K481N,0.0006,0.0006,21,2989
ATCGCCGGCGTAGCTC,,0.0006,0.0006,21,2952
AAAAACATGAGCAGAT,T438L,0.0006,0.0006,21,2951
GTCTCCGATCGATGTA,Q232R,0.0006,0.0006,21,2919
CGACGTACGACGCCAA,,0.0006,0.0006,21,2911
ATTCTTAAAAATGTGA,,0.0006,0.0006,21,2899
CAATAACCACTAACAA,A177W Q189S,0.0006,0.0006,21,2893
TGAGTATAAATTTATT,,0.0006,0.0006,21,2883
ATATCTGAGAGATTCC,N178M,0.0006,0.0006,21,2840
TGACCTAGACGTCTTG,R207K M472H,0.0006,0.0006,21,2791
GAGCCACAGCCAAGAC,E228M,0.0006,0.0006,21,2761
AACAGCATTTCTGGCG,,0.0007,0.0007,21,2751
TCAAAACAGTCTCTCT,T101F,0.0007,0.0007,21,2743
ATATATACACTAGTTA,T438S,0.0007,0.0007,21,2728
GGTTACCATTCATATT,I252Q K481H,0.0007,0.0007,21,2710
GGAAAAGCGGCAAAAC,A173C E287T,0.0007,0.0007,21,2639
TAGGAAACACACATGC,T263L S400T,0.0007,0.0007,21,2515
ACCCGGCGAAGCTATG,,0.0007,0.0007,21,2491
TCTCATACATACTGCC,G271A,0.0007,0.0007,21,2461
CTTTTAGCATAATGAA,,0.0007,0.0007,21,2443
CGCTTCCTCAAAAACT,,0.0007,0.0007,21,2421
GAATATAAATCATTAG,,0.0007,0.0007,21,2417
TTGACGCAGCACTGAT,H398Q,0.0008,0.0008,21,2381
GTCTACTTGGACACTC,M472C,0.0008,0.0008,21,2275
AGCAACCTAGTCACTA,G159E N390M,0.0008,0.0008,21,2266
GTACTAAATGTCTCAT,T87N,0.0008,0.0008,21,2206
CCATCAAAAAGGAATA,,0.0008,0.0008,21,2177
CAAACCCTAAGGATGA,W210P,0.0008,0.0008,21,2157
AAACAGCCTTCTGGAA,T58S V485A,0.0008,0.0008,21,2152
TCCATATATCAGCCCC,F38W M96L,0.0008,0.0008,21,2109
GATTTTAAGTAAGAGC,,0.0009,0.0009,21,2098
ACGACCTTTATTACAG,,0.0009,0.0009,21,2086
CTCCTACACTCGAAAT,L442S P486S,0.0009,0.0009,21,2072
GTAAGGATTCTTTAGC,E76Q,0.0009,0.0009,21,2051
GAAAAATCTGACTAGT,,0.0009,0.0009,21,2030
ATTCCCGTGTACCGTA,,0.0009,0.0009,21,2024
ACTCTGATAGCTCATT,T281I,0.0009,0.0009,21,1999
CTTTTAAAAAGATAAA,,0.0009,0.0009,21,1999
CAAAAATAAAATATTC,S246G,0.0009,0.0009,21,1995
CACGTCGCCATAGGAT,G198S A407V,0.0009,0.0009,21,1987
AACCACCTGGCGTTGG,,0.0009,0.0009,21,1974
GCCGCACAATAAGCTC,N127M V485P,0.0009,0.0009,21,1962
GTTATGTGATAAGCCA,Y278H,0.0009,0.0009,21,1944
TATGGAATTACGGACA,N99I C155Q S199*,0.0009,0.0009,21,1943
TTTACATATTCAAAGA,T274H,0.0009,0.0009,21,1928
GGAACTCGAGGGTCCT,L120F S138I,0.0009,0.0009,21,1889
CTGTCTCTCCTCTGGA,L35S F157Y E396T,0.0009,0.0009,21,1884
AGAGAAAAAACAACAA,E228M,0.0010,0.0010,21,1848
TTGCTCACAATCAGAC,N302T,0.0010,0.0010,21,1826
GCTGCTCATGCATAGT,N158S,0.0010,0.0010,21,1824
GGTATTATGAAGAAAC,,0.0010,0.0010,21,1823
GTCTTTACCACTAATG,,0.0010,0.0010,21,1799
GGTCGTGGATGGATTC,,0.0010,0.0010,21,1792
CATAGGGTAGACAGAA,T110A E289K,0.0010,0.0010,21,1784
CGATCTAATCACAATA,M82T,0.0010,0.0010,21,1736
ATGATATTGCTAAAAA,M80I G391D,0.0010,0.0010,21,1704
CTAATCGTCTTCGGAG,S169M S199W,0.0011,0.0011,21,1689
CAACGTGACTATCAAG,,0.0011,0.0011,21,1684
TACAATTGATCAGCTA,,0.0011,0.0011,21,1672
TTCACACGTAGCAAAT,I222L,0.0011,0.0011,21,1670
TTAGCACACTATAACT,,0.0011,0.0011,21,1650
GGATAAGATTTAACGA,,0.0011,0.0011,21,1628
AAAATTATAACCATCT,H305K,0.0011,0.0011,21,1612
CCACATCGATTGAGCA,S121G G181A N390L,0.0011,0.0011,21,1600
TAGACCTCAGCACCCT,E228L,0.0011,0.0011,21,1599
ATGTTTTTAACAAATG,,0.0011,0.0011,21,1597
CTTACGAACAGTACGC,,0.0011,0.0011,21,1589
AAAAGCTACATACTCT,V44L,0.0011,0.0011,21,1578
GGTCTGCATGTCAGGG,,0.0011,0.0011,21,1573
AGAGCTAGGATTGTAA,M332G I358S,0.0012,0.0012,21,1536
TCACGGAATCAACTAG,A39T T296H,0.0012,0.0012,21,1528
TAACTGCGTAGTCACT,S169N Y278L,0.0012,0.0012,21,1500
ACACAGTCACACACAA,,0.0012,0.0012,21,1499
TGGCAAGCGAAGCAAC,,0.0012,0.0012,21,1493
CTGGCCACTAGATCCT,,0.0013,0.0013,21,1431
GCGAGATCTTTCAGAG,H230N,0.0013,0.0013,21,1427
TAAGCCACTACAGCAA,L245Y,0.0013,0.0013,21,1427
AGGTATAGACAACAAT,,0.0013,0.0013,21,1422
TATTATCTGAGCGAAT,E100W I239L,0.0013,0.0013,21,1397
TAGGTCCGGGAAGCGT,K384V,0.0013,0.0013,21,1348
GTAACTCCATATGTTA,V18W,0.0014,0.0014,21,1295
AAATTTCATCCATTAT,T225N,0.0014,0.0014,21,1281
ATTTGTGGCACTCTAC,,0.0014,0.0014,21,1279
TACACGGGGTTGAATG,G181K M284F,0.0014,0.0014,21,1277
CGAACTGAAATCCAAT,A177I S237A,0.0014,0.0014,21,1276
GAGACAAAAAGAGGTT,S216C,0.0014,0.0014,21,1248
GGGCGCTGACCTTAGG,,0.0014,0.0014,21,1245
GACCCTCAAAACAGCA,,0.0015,0.0015,21,1215
GATGTTAGGAACGTAC,F147M E289M A343T,0.0015,0.0015,21,1198
AGAATCCAAAAACACA,G45L N114D,0.0015,0.0015,21,1196
TAGATGTTGCGTATGT,G391H N470S,0.0016,0.0016,21,1147
AGGAATAGATCATTAC,G208S,0.0016,0.0016,21,1140
CATGATTATCCAAACA,W210C,0.0016,0.0016,21,1130
AGACTAAATTTATATT,S246I,0.0016,0.0016,21,1095
TAACAAAACCGCTACA,A184V,0.0016,0.0016,21,1094
TTTACAAATAGACCGT,Q223I H374M,0.0017,0.0017,21,1082
GAGGGATATAATGAAA,,0.0017,0.0017,21,1080
CTGTAATCCAGGTTAA,S267T,0.0017,0.0017,21,1078
ATAACTATCATTTTTC,Q69T H179R,0.0017,0.0017,21,1052
AATTTTATTCCAGTTT,S199M D211E K291L,0.0018,0.0018,21,995
TACCCAAAAGAAAATT,F147V L168I G198T K461T,0.0019,0.0019,21,967
GTTGGTCACATTTGAA,I21C N390R,0.0019,0.0019,21,964
ACCCGTTTCCTATTAT,,0.0019,0.0019,21,952
AGCTTTCTATGGAAAA,N158P N390S,0.0019,0.0019,21,938
TTTTGGGAGTCTAATG,V28F R248G,0.0019,0.0019,21,937
CATATCACCATATAAA,R325T,0.0019,0.0019,21,935
TTTACACCATCGTAAG,H230T S462R,0.0019,0.0019,21,919
TACATAACTCGGTACC,H92I,0.0020,0.0020,21,911
CGGGTTCAAATCCTGA,I24V S60M N167S F262T,0.0020,0.0020,21,882
CCCATAAACAACTTGC,K300L,0.0020,0.0020,21,878
TACAGGGATGAAACCC,Y278A,0.0021,0.0021,21,854
ACATGGCTATTTCTGT,M82W,0.0022,0.0022,21,825
TACGATAACAACAGGC,,0.0022,0.0022,21,804
AATGATCGGCTTAAGC,S389M L479E,0.0023,0.0023,21,795
ATTAACAAAAAGTACA,F157E,0.0023,0.0023,21,792
AAAAATATTTGTTACA,,0.0023,0.0023,21,782
CAGCGTCCTTTCAAAG,L46A K368V,0.0023,0.0023,21,778
GCAAATAACGCATCCA,T101C I252L R356W,0.0024,0.0024,21,758
CTTTGATTTAAAAATA,,0.0027,0.0027,21,670
TAATAATCCGATGATG,W227L E413M,0.0027,0.0027,21,669
ATGAAAAACGCAAAAG,L280I N470D,0.0027,0.0027,21,666
GCAAAATGCACTCCGT,G186S N302F,0.0027,0.0027,21,653
TTGGGGCCGATTCCAG,Q331C,0.0028,0.0028,21,635
CCATTAAATTAATTAA,M312T,0.0028,0.0028,21,628
CACAACAGATGTTTAC,,0.0029,0.0029,21,624
CACAAGATCTTACCTT,D122E I252M L290G S476T,0.0029,0.0029,21,622
GAATTGTTGAACCTGA,T87F,0.0029,0.0029,21,611
CTTGTCAGCTAACATG,T40V,0.0030,0.0030,21,606
CATGACCGTAATTGAG,N158L,0.0033,0.0033,21,547
GATGTCTCAACCGACC,V298F E329S V485S,0.0033,0.0033,21,540
CGTATCCCCTGCATAA,H115R K451W,0.0034,0.0034,21,532
TATTAAGACGTTGTAG,,0.0034,0.0034,21,527
ATGAGACGATACCTTA,E67L L142T Q405H,0.0035,0.0035,21,508
GCCTTCTAACGCGCGG,T139P C180V Q247M,0.0038,0.0038,21,471
ATATAAACATAACATA,S143H,0.0039,0.0039,21,461
CTCCGCGGAAAAGATC,Y129V,0.0040,0.0040,21,449
AGGCACAATAACCGTA,E67R N114K R256P P483A,0.0043,0.0043,21,413
CTTACCTTCTGACGAA,C155R E289S N346S H467S,0.0046,0.0046,21,391
TTAACCCGCCGCCCCA,E16V G198N K461M,0.0046,0.0046,21,385
AAAATAAAGTACGCAT,H124P W489V,0.0048,0.0048,21,371
TTAAAAGTCCTGAACG,T108R N148Y Q482R,0.0049,0.0049,21,368
TGCAGTCGTTAAGTAA,E308N D401C Y441L G460D,0.0049,0.0049,21,367
TGTAGTAATGTGTCGC,E17G M284S,0.0049,0.0049,21,367
GAACTCCAGCCCCGCA,D402H K481R,0.0049,0.0049,21,363
GAATATTGCAATAACA,I221H E228P,0.0051,0.0051,21,352
AACCGATCCTCACTCT,S205R L344Q,0.0052,0.0052,21,346
CATGTGTGTAATTCAG,L107W S138N C385N,0.0058,0.0058,21,306
GGCGAATTGGTCGTAA,N295P,0.0059,0.0059,21,301
GGCGATGATCTCTCTA,F49* S255F N346P,0.0060,0.0060,21,297
TGATACAACATATATA,A328D I452T,0.0063,0.0063,21,284
GAAGACGCCAGGAACC,L387S Q406C H448A,0.0063,0.0063,21,283
CACGCCGTTGTTTTTA,L120D H131E,0.0064,0.0064,21,281
ATCGCAACGTTCAGAA,G271V,0.0065,0.0065,21,275
GGACCTACCTTAATGG,E104* K304A,0.0069,0.0069,21,259
AGACTTTGCCCATTCG,I137N,0.0069,0.0069,21,258
ACTGAATCTGGGAAAG,,0.0073,0.0073,21,246
GATGCCACATCCAGCC,V28F T40A D130N G174H N338*,0.0074,0.0074,21,241
CTGAACCACACCGGCA,Y253N E270D,0.0077,0.0077,21,232
AAGGCCAAAAGCTTCG,A123D T182K Y241P P466V,0.0077,0.0077,21,231
AACAGAATTACTCCGG,S216L E289K,0.0078,0.0078,21,228
CAATTCAAGACAACAG,W283P,0.0080,0.0080,21,223
TAAGTATGGGTTGTCA,N109F,0.0081,0.0081,21,222
ATTGTAAGAAGTATAC,V11E,0.0081,0.0081,21,221
AATTCTCTGCATCGTT,S85H Y200P,0.0081,0.0081,21,220
ACTTCACTAAGTCCAA,Q9G I221L M414V,0.0085,0.0085,21,211
AACGTAGAAACAATAT,L35F Y129D,0.0085,0.0085,21,210
GAGATATGAAACCTTC,A30W T296K,0.0086,0.0086,21,209
GGAGCATCCAGCATTC,Y219K,0.0086,0.0086,21,207
ATACCGTATGTTCCTA,F147N A288L,0.0088,0.0088,21,204
ATAGATAAAATATTCA,F38V D204N S392K L447P,0.0089,0.0089,21,201
TTTTGCTATTCAGAAA,N99S L259A T376Q,0.0091,0.0091,21,196
ACATTCGATGCTATAA,N148F E287S N295F I334*,0.0093,0.0093,21,192
AATAAACAAAGCGTCA,S135F G159V R193D,0.0095,0.0095,21,189
TCAATCATAGTCCACC,S27V L50S Y62R I137K,0.0096,0.0096,21,187
AAAGTCACCAAGCGAT,N79V R193K H230S D268G A288N,0.0098,0.0098,21,183
AACGTGTAATGATACC,G197M S367W S444G,0.0100,0.0100,21,179
ATCTCTACGAGATGAA,I222F,0.0101,0.0101,21,178
AATAAATGAGTACAAT,C118Y G208A L244* E413W,0.0107,0.0107,21,167
GGCGTACAATTCTAAC,G181*,0.0108,0.0108,21,166
TATTATGCCCTTAGCA,C155P,0.0110,0.0110,21,162
TCCTGAAAGACTCTAC,F49K S121I S163L T215S T265A A328P I358L,0.0111,0.0111,21,161
ACGATTTCAAGAAGTA,L78Y Q149L Q232L,0.0114,0.0114,21,157
TAAGTTCATAAAAACC,V18R L61M D156N N178S G186V K352N R491Q,0.0116,0.0116,21,154
TCACAAGAACCTTATA,L61N R257N I334V,0.0118,0.0118,21,152
TAATAGCTCCCGAATG,M1* E10I A39Q M472K P486*,0.0120,0.0120,21,149
AAGCACTAGGTACTCC,V5A C118P H230I,0.0134,0.0134,21,134
CAATACAAGATCTAGC,W283R K320N,0.0138,0.0138,21,130
CATCCCATTATACGCC,S91P,0.0139,0.0139,21,129
GACCCATGCTCCTCAC,Q69L C118H,0.0143,0.0143,21,125
CCTAATCAATTATAAC,V18T V97E T190F H374*,0.0145,0.0145,21,123
GTAATCTGCTACTCAC,H179N S381P,0.0145,0.0145,21,123
CTCGACCCCGAACCAA,L50M L349F,0.0147,0.0147,21,122
TGTTCTAGACAATTAT,Y441T,0.0147,0.0147,21,122
TTCAGGTCCTCCTCGA,I24G V28L I334P,0.0147,0.0147,21,122
TTGGCACAAAGTATAT,E303P T377N,0.0147,0.0147,21,122
ACCCGTAACGCGTATG,I15N E228F,0.0148,0.0148,21,121
CCATACTCGAGATAGC,S91N D401E T426N,0.0150,0.0150,21,119
GATGTAGATATGGACT,S444N,0.0152,0.0152,21,118
TAACTACGATTAACGA,G34H G45V L285Q C475F,0.0152,0.0152,21,118
ACCCAACTACCACAAC,S60D N409I S444N,0.0164,0.0164,21,109
ACCTTTGTGTTCTTTG,L71V Y217H I222S,0.0164,0.0164,21,109
AACATGCTTTAACACT,E67R M82Q F316E K352Q,0.0170,0.0170,21,105
AAGACTCGAAAATTGT,L285Q,0.0172,0.0172,21,104
CGAATACTTTTAATTA,P12M H131I M192* L220P I334S,0.0172,0.0172,21,104
AACCCTCGCATAAGAT,Q3E K352T,0.0175,0.0175,21,102
AATAGGTGGGTGGACT,C385L M414F,0.0177,0.0177,21,101
AATATACTGGAGTCTA,F49L V459T,0.0177,0.0177,21,101
TCGTGGTATATTCCAT,N167I A340N,0.0179,0.0179,21,100
CACCAAACTTATAATG,Y94L D268Y T274Y,0.0181,0.0181,21,99
AACCACCCTGGATTTT,C155L,0.0184,0.0184,21,97
GATGTCAAAGTTAACG,I95Y N353S K461T,0.0184,0.0184,21,97
TTACGCCACCGTAACC,N20A A202K Y393A,0.0184,0.0184,21,97
GAATTGGACCCTACAC,L68M F309L,0.0192,0.0192,21,93
ACAACAAATGTGGCCC,T426S,0.0203,0.0203,21,88
AGATGCAAATTTAACC,E307T R456L,0.0213,0.0213,21,84
GCAAAAAGACTTGAAA,I162* S255V G429S,0.0218,0.0218,21,82
CGGGGTACAAACGTTA,V5I F399C L428H,0.0221,0.0221,21,81
AGGCCACTAACCGTAC,H141I E228I L280G,0.0229,0.0229,21,78
CTGAAGTCTCCACACA,T48E S91G T376P V485G,0.0308,0.0308,21,58
AGCCTACCCAATAAGC,D211R F446L,0.0314,0.0314,21,57
TCGGCATCCGGTGGTT,N99D Y129I,0.0617,0.0617,21,29
AAGCAAGGTAGCCTAC,G159L Q416K N470I K481Y,0.0639,0.0639,21,28
AGAAATTTGAACTGTT,L32V Y66A M80T F191V S389G,0.0639,0.0639,21,28
ACACACGAAAACGTTT,E303S W370C,0.0663,0.0663,21,27
TATCGATGGAATTGAG,S135Y E418S,0.0716,0.0716,21,25
AAAAATTACAACATAA,Y62S Y66K,0.0778,0.0778,21,23
ACCTAACGCTCAGCCT,S169K A195R D357L,0.0813,0.0813,21,22
GAAGTCACGCCATAAA,E76N E413*,0.0852,0.0852,21,21
AGAACATAGATATTAC,L23Q E404I,0.0895,0.0895,21,20
CTTTGCGAATACAACA,C53Y A123P A173F Q405G,0.0895,0.0895,21,20
GATGTATGTAGAAATA,R256I,0.0895,0.0895,21,20
TAATACGATACAGTTC,M1I N99* G186S T375L,0.0895,0.0895,21,20
TGAGATACAAGAACAA,M75W Y217S W227*,0.0942,0.0942,21,19
CGATAATTACAACAAT,N302K E404V,0.0994,0.0994,21,18
CTAAGCAATCATAATA,T215K,0.0994,0.0994,21,18
AAAAAGTCTCGCCATT,L78C N409T R456I,0.1052,0.1052,21,17
ATATGATTGATACAAA,Q3M T81P A132L Q218L E307*,0.1052,0.1052,21,17
ATGACCTTTTATAACG,H170N E270R G460D P466L,0.1052,0.1052,21,17
GAAAAGCCAAATTAAT,A25V C57F T59P T106C G473F,0.1052,0.1052,21,17
TCCCCCCACTTCCCCG,N99H G198D E404F,0.1052,0.1052,21,17
TTCGTAGATAACTAAA,G271H A299S D432F T438G,0.1052,0.1052,21,17
AAAACGGATGGTGTAA,G2M T59N G198I E307*,0.1118,0.1118,21,16
AAGAACCGCAACTACT,L51V Q247H L259H,0.1118,0.1118,21,16
CGCATATAAAACGAGG,L68R G181V A322S,0.1118,0.1118,21,16
ATATCGTGGTGAAAGT,G2N,0.1193,0.1193,21,15
TGCAAATTTCTATATT,C53F F140A,0.1193,0.1193,21,15
TTATAATCCAGAACCT,R55A E151G V341Q,0.1193,0.1193,21,15
CTCAGATAGATGACGG,K63R V164L L479*,0.1278,0.1278,21,14
TGGAGCTATATCGCAT,E104Y C155S A195G Q331T,0.1278,0.1278,21,14
CAAGAATATCAAAATT,S27V D175T Y200S R314M N390H S439F L479R,0.1376,0.1376,21,13
CACGATGAAAGACTAC,T59E G159N V431R S437G,0.1376,0.1376,21,13
CGCCAGCGCCCACACC,T139K D408I C463K,0.1376,0.1376,21,13
CTTTAGAGCAATATTT,L32E,0.1376,0.1376,21,13
GACGACATTCCATCCC,G240R T261Y,0.1376,0.1376,21,13
GTCTATTAGCAAATCT,F140S L433*,0.1376,0.1376,21,13
TATGCGATTTAAAACA,G277S H398D L415R,0.1376,0.1376,21,13
TATGTACTCCTCTGGA,Y172E L355C,0.1376,0.1376,21,13
CAAGCTCAATTGTAAA,S91R D156* L315R D401I D432T,0.1491,0.1491,21,12
TGCCTCGTGGGGACGA,H92D C180I K481L,0.1491,0.1491,21,12
GAAATCAATGTGTTAT,E104* T106F A177F Y278P T426E,0.1626,0.1626,21,11
GATATTTACGCATTGC,G2P I144H,0.1626,0.1626,21,11
TTGAGACTCCAATAGC,C301W Q416M,0.1626,0.1626,21,11
ACCACTTGGTATTTTC,H92I D122A,0.1789,0.1789,21,10
ATAATCCGAAAATTAA,L43T L50P E100D A322T G360V K451L G460A R468P,0.1789,0.1789,21,10
CTCAGAGCCAACCGCG,E270T I443E,0.1789,0.1789,21,10
TTAACGGTACAGCGAA,F233M S400V Y441E,0.1789,0.1789,21,10
AGAAACCAAATATCTC,N146V E308P I361R F399L,0.1988,0.1988,21,9
TGGCCGATAAAGGAGT,D306K T380I N409L,0.1988,0.1988,21,9
CTGAAATCCTATGTCC,T190Y,0.2236,0.2236,21,8
TATCCAAAATACTGAA,D347H N373R H398N,0.2236,0.2236,21,8
AATGACCGTACCGACT,H131R K320*,0.2982,0.2982,21,6
CACATCGAAGTTGTTC,C118L A340V M351I,0.2982,0.2982,21,6
CAGTTGTTATAGGATG,Q406L,0.3578,0.3578,21,5
TAAAATTCTAACTCCC,V31Q C310R,0.5963,0.5963,21,3
GTTCTCAATTGCACGC,,0.0003,0.0003,20,4968
AGTCAGCGAGCTACCC,M153V,0.0003,0.0003,20,4946
ACAAGTTCAGAGGAAG,I201M M472F,0.0004,0.0004,20,4747
TGAGTCCACATCCTAC,,0.0004,0.0004,20,4623
ATACTGACTGATTACT,W283S,0.0004,0.0004,20,4613
ATTTAGTTATATTGAC,,0.0004,0.0004,20,4556
GCGTAACAAACATCCT,T59H K272R,0.0004,0.0004,20,4549
CGTTAAACGGGACCCG,,0.0004,0.0004,20,4535
TTCTTCTTAAATGCTA,L142M G206V,0.0004,0.0004,20,4212
GACCAACTACAACAAA,H354R,0.0004,0.0004,20,4129
CACGGCACAACACTCC,G54R,0.0004,0.0004,20,4082
GACTGCTCAAGTTATC,,0.0004,0.0004,20,4064
TTATAGTACACACCTA,F8M G206W V298I H398L,0.0004,0.0004,20,4022
TCAGACTAATTTTGCT,,0.0004,0.0004,20,4001
TGTCTTAACTTGGTAC,,0.0004,0.0004,20,3961
CCACCTTTACGGGAAG,F7M S60R L168D,0.0004,0.0004,20,3867
TGCACCTAAATATAAA,,0.0004,0.0004,20,3841
AACTTGACCCTATGCT,,0.0004,0.0004,20,3812
TGCTGGGCAACACCCC,T101H,0.0004,0.0004,20,3796
GGCATTTCATAATTAT,,0.0005,0.0005,20,3745
TCCTAGTACCTCTTAT,I112Y R207S,0.0005,0.0005,20,3719
ATTCGGAGAAGGCTTA,,0.0005,0.0005,20,3635
ATGGATATAGTTCAGT,,0.0005,0.0005,20,3623
AATAACTTCGGTGGAA,L107I,0.0005,0.0005,20,3613
AGTCACGGGATGAGTC,,0.0005,0.0005,20,3588
AATTCTCATATCCCAC,L120M W227Q,0.0005,0.0005,20,3502
ATAGCGTTAATAATAC,T101N T139S,0.0005,0.0005,20,3467
AGTAACTTACCCAACA,A176I,0.0005,0.0005,20,3410
CAGTCTGCTCCGGTCG,,0.0005,0.0005,20,3400
AGAATTGTATCCTCCT,,0.0005,0.0005,20,3393
ATATCTCTAACAATTA,K126H S400V,0.0005,0.0005,20,3322
CGCTTTAAATTGATGG,,0.0005,0.0005,20,3295
CCAGAATAGATCAACG,I252V,0.0005,0.0005,20,3216
ATATTCCCTAAGATAG,G174V,0.0006,0.0006,20,3095
CGACAACAAGGACCAT,G181D T274D,0.0006,0.0006,20,3095
CAAAGTATGTCAAACA,D175P I252W,0.0006,0.0006,20,2993
AAGTACCATTTATAAA,,0.0006,0.0006,20,2990
ACCATTCCATAAAAAA,T296S,0.0006,0.0006,20,2977
AACAAAGATGATTTAA,S60G,0.0006,0.0006,20,2928
GCGCATACGAGCTATT,V47S,0.0006,0.0006,20,2919
CTCACTATCACGTCGG,,0.0006,0.0006,20,2918
AATAAAATCGGATGAG,R193K Q232S,0.0006,0.0006,20,2881
CTAGTATAAGAAAGCG,,0.0006,0.0006,20,2871
TTCGAGGAAAGTTCCA,K116Y,0.0006,0.0006,20,2853
AAGCGCTTTTGTCTAC,G159S,0.0006,0.0006,20,2844
CCTATTGAGACACCGC,E76L,0.0006,0.0006,20,2841
AGCTCACGACATGCCA,,0.0006,0.0006,20,2814
TTACATCTAATGGACA,,0.0006,0.0006,20,2812
ATAAGAGTGTGAGTTT,G294M,0.0006,0.0006,20,2797
CGTATCCACAATGCCA,T40S,0.0006,0.0006,20,2797
ATTACCACAGTGTGTC,D268T,0.0006,0.0006,20,2792
GTTATACCTTCCAAAA,,0.0006,0.0006,20,2773
TGTTGATACAAGGCTG,,0.0006,0.0006,20,2767
TCGTAGGAACAGTGAG,N224R,0.0006,0.0006,20,2748
GCATTCGATGAACACA,E418L,0.0006,0.0006,20,2743
GACATCTACACCGATA,Y62I H170N,0.0006,0.0006,20,2707
ACAAGCTCCACCCGTA,L344V,0.0006,0.0006,20,2695
TAAAAACTTGCTAGTG,,0.0007,0.0007,20,2606
AATAGAGCGGAACCGA,T377Y,0.0007,0.0007,20,2569
GAGGGAATTGATACAA,,0.0007,0.0007,20,2532
CTCACTACAAGTTAGA,K481Y,0.0007,0.0007,20,2490
GTATCAAAGACCATAG,C212M M332H,0.0007,0.0007,20,2487
CTCTTCGAGTCATTAC,Q324V,0.0007,0.0007,20,2483
TTGCGCAGAATTATAA,A123S H471L,0.0007,0.0007,20,2476
GAAACCTGGAATTCTT,T77R,0.0007,0.0007,20,2407
TATAACCTCTAAACAA,K352T,0.0007,0.0007,20,2371
ATCGAGATGGCCTTAA,G391H,0.0007,0.0007,20,2340
TGATACACCCGCAAAC,N167G V487L,0.0007,0.0007,20,2302
GTATGGCCTTTGACAA,V5N M192Q,0.0007,0.0007,20,2301
AGGCAAATGAATACCA,,0.0007,0.0007,20,2283
AAAAAGAAAGCGAAGC,W283L,0.0008,0.0008,20,2257
GTTTTCTGAAAGTTGA,Q416L,0.0008,0.0008,20,2238
CTGTGCAATTAGATAA,R207S,0.0008,0.0008,20,2237
AGATTAACGACCCTTG,,0.0008,0.0008,20,2232
TCAGCACTAGTATCTA,F157L,0.0008,0.0008,20,2228
GTCCTGAGTAAATACA,T426L,0.0008,0.0008,20,2225
AATCGGAGGTGAAATA,I213E,0.0008,0.0008,20,2176
TATTCAACTCGATAAA,,0.0008,0.0008,20,2157
CCAGTCCCCTGTTACA,S392A,0.0008,0.0008,20,2119
AACTGGAATCCAATCT,,0.0008,0.0008,20,2096
ATTAAATATCGGAAAG,,0.0008,0.0008,20,2092
GCCGAATAATGCTGTA,Q324L G360E,0.0008,0.0008,20,2088
GTGAAACCGATCCGTA,N74K,0.0008,0.0008,20,2077
GAAATATGATCTTCAT,N148H D211L,0.0008,0.0008,20,2075
AGGCCCTGACATAGTT,,0.0008,0.0008,20,2059
AAACGAAATTAAAACC,A39L,0.0008,0.0008,20,2049
ATGGCTGAATGTCAGT,G181Y,0.0008,0.0008,20,2021
AAATAGACATAGGCAT,R250T,0.0008,0.0008,20,2009
ACCGAAGGGGCCGACT,V164I T225G,0.0009,0.0009,20,1999
TAGATATCACGAATTC,,0.0009,0.0009,20,1980
TCTGACCCAACCGGTA,P486L,0.0009,0.0009,20,1964
TGACGTAAGATATACT,V5L N390F,0.0009,0.0009,20,1962
TTTTTTTAATGATACA,,0.0009,0.0009,20,1946
TTGTAGAGAAATCGAT,Q9C L61M A184S S333G,0.0009,0.0009,20,1925
TATGCAGAAGTACTAA,,0.0009,0.0009,20,1913
CTTAACGATCAAATGA,,0.0009,0.0009,20,1909
GAAAGCCTTAGTACAT,G174S S205P M214L,0.0009,0.0009,20,1892
TCGTAAAGACTTAAAT,S216R,0.0009,0.0009,20,1879
GTCTATCCAAATTCTG,K272R,0.0009,0.0009,20,1843
GAAAGCCACGTCGATC,E72G,0.0010,0.0010,20,1774
TGGTTCAAAACCAAAT,I286G,0.0010,0.0010,20,1756
GTGCGAAAACTAACGA,D130S,0.0010,0.0010,20,1752
AGTGAGCCGCACCTAA,A195C,0.0010,0.0010,20,1749
AAGCAAGAAATCAACA,G294D,0.0010,0.0010,20,1706
CATTTTAAAAAGCCCT,A195Y I443T,0.0010,0.0010,20,1706
CAGGCCGCTTTTACAA,D229N F233S,0.0010,0.0010,20,1657
TCCTAGTCAAATTATG,S333M,0.0010,0.0010,20,1655
GCCTCGCTCCCTGGGA,,0.0010,0.0010,20,1648
CAAAAAAGTATTGCAA,G206I S246G S367L,0.0010,0.0010,20,1635
TATACAGAAAAGTCAT,K63L G206I,0.0010,0.0010,20,1630
ATTGCAGATAGGGTGA,,0.0011,0.0011,20,1617
CTTCCAAGTCACCCAA,G98E,0.0011,0.0011,20,1590
CACACCGTATAAACCT,,0.0011,0.0011,20,1566
CAAAGAAAACAATTTA,,0.0011,0.0011,20,1538
CAGAATTAACAGATTG,I201T,0.0011,0.0011,20,1522
ATGGATCTTCCTGTAA,G34T S199L,0.0011,0.0011,20,1521
CACTCACATTAGAAAT,Q247M,0.0011,0.0011,20,1502
GAATTAGTAAAACTCA,N89D E100L S267N,0.0011,0.0011,20,1502
GTAAAACTGTCACATC,,0.0011,0.0011,20,1496
TAGATTCAAATGAGGA,K481M,0.0012,0.0012,20,1475
TTATTTTCTTACACTA,R207P I213T,0.0012,0.0012,20,1473
GCAACCAACGCCACTA,,0.0012,0.0012,20,1454
AATTAAGCCCCATCAC,,0.0012,0.0012,20,1453
ATGTCACGACATTCCA,T40C E104M,0.0012,0.0012,20,1448
CTAACAGACGCGATCC,S171C D306G R379D,0.0012,0.0012,20,1443
CATACTAAGACAATTT,G186A T261S,0.0012,0.0012,20,1434
CACAGGCCCCTAAGAC,,0.0012,0.0012,20,1421
AATACCCGAGAGACCG,,0.0012,0.0012,20,1396
CACCGAGGACGGAGTT,S199P,0.0012,0.0012,20,1383
ATAAAACATCTTCTAG,L245Q,0.0012,0.0012,20,1377
GGATACAATCTTACAT,S138F N209R Q232R,0.0013,0.0013,20,1314
TTGTAAAGCCATAATC,D408V,0.0013,0.0013,20,1312
TCATTCTAGACTCTAG,N79K,0.0013,0.0013,20,1299
CCTTGTACTACCAGCC,F7T,0.0013,0.0013,20,1281
GTGCGGTTAAAACCAA,D122F N158I,0.0013,0.0013,20,1275
CACAGTCATTACTTCG,H230Y T249I Q416S,0.0013,0.0013,20,1263
AAAAAGTATGGTAGGA,,0.0014,0.0014,20,1255
ATTAAGAGTGACATTA,G206S Q218Y,0.0014,0.0014,20,1251
ATCACTACAGTCAAAC,G64S,0.0014,0.0014,20,1236
ATACGAAAAAAAATAG,T182I S389L,0.0014,0.0014,20,1196
TCCATGTAAGATCCAT,M192T T225R,0.0014,0.0014,20,1190
CCACCAAATCCTAAAG,A330D K481T,0.0015,0.0015,20,1167
TATCTGAGACGAGGGT,V47S A330C,0.0015,0.0015,20,1167
TAGTTTCCCGATATAG,F309I,0.0015,0.0015,20,1127
CACGAAAGTAGAATAC,G174N E307G,0.0015,0.0015,20,1120
AGTGTTGTTCGATATA,K481R,0.0015,0.0015,20,1119
AGGGTACCAGCATAAG,I21V,0.0015,0.0015,20,1110
TCGTCGCGCTAAGTGC,A39S,0.0016,0.0016,20,1084
GAGCCCATCGCCAACT,N90A L433S K490E,0.0016,0.0016,20,1074
ATTTTGAGATACAATT,F233N G460D,0.0016,0.0016,20,1073
CGTTAGTAAATATGTG,,0.0016,0.0016,20,1062
GAATGAACATATGTTC,S60K K125E,0.0016,0.0016,20,1045
TCTTTTGAGAAACATA,D273Y,0.0016,0.0016,20,1045
ATAATTGAGGCATAAC,L23V,0.0016,0.0016,20,1040
ATACTAAGTATCGACC,G277S,0.0016,0.0016,20,1033
AATAAAACTCGCCGTG,,0.0017,0.0017,20,1031
AATGCCCTACTCATTC,E303K,0.0017,0.0017,20,1031
CAGAAGACAGTCAACA,,0.0017,0.0017,20,1030
GCCCCACGAACACGAA,V388L,0.0017,0.0017,20,1030
ATCGCAAATATGAGGT,,0.0017,0.0017,20,1023
AGTTCCACGACGCCGG,Q348L,0.0017,0.0017,20,1007
CTAAAAAAGCAATGTT,G102R R379K,0.0017,0.0017,20,979
ACTGTTTGACTAAACA,W283N V341M,0.0018,0.0018,20,972
AAAAACCCGCTAACAA,W210R,0.0018,0.0018,20,970
ACGATACAGTAACGCG,S27I S60F,0.0018,0.0018,20,964
ATTCGGAAACGATAAG,T70L,0.0018,0.0018,20,932
CTACATGGATTTAGCA,R207K N342V,0.0018,0.0018,20,925
AATCACTCGATGTCGA,I24C,0.0019,0.0019,20,881
ATAATGAGCTACACCT,A177R,0.0019,0.0019,20,875
AAGAAAGACTGCACTC,,0.0020,0.0020,20,834
TACACGACTCGGATCT,L52Y T182S,0.0021,0.0021,20,814
TTTATATGACGAAAAA,K88L N127P,0.0021,0.0021,20,814
GCTAAGAAAACTGAAT,R325M,0.0022,0.0022,20,784
TTCGGAATCACGTGGA,T225L L428I,0.0022,0.0022,20,776
TATATCGCGAATTACC,,0.0022,0.0022,20,760
ATGTGCGATTCCGTTA,D156V I201H R207I,0.0022,0.0022,20,758
AGACATACAAAGACGC,Q223L,0.0023,0.0023,20,745
GAAGAATGATTAGCCA,W489F,0.0023,0.0023,20,737
AGGTCACCTCAAATGA,N224Y,0.0024,0.0024,20,702
CAAGCAATGGAACAAA,T87S S169L,0.0025,0.0025,20,680
ACTCAAACGCAAAAGA,S400K,0.0026,0.0026,20,663
CCACAGGTGCTGGCAC,W196L N319D,0.0027,0.0027,20,638
ATACAGGAGCGGAGAC,,0.0028,0.0028,20,607
TGACGTGCTCAAGTAC,,0.0028,0.0028,20,606
TGCCCGTTCGCGTAAC,T182Y N342M,0.0028,0.0028,20,600
AGTGTCATAAACCGCG,K417M,0.0029,0.0029,20,597
AAAGGGTCGCATAGAG,D156S S439A,0.0029,0.0029,20,592
TCAAAAGTGGTCGATC,E421G G484V,0.0029,0.0029,20,590
AAAAACGCCTTTCCTT,,0.0030,0.0030,20,568
TAGTAATAAAATGAAA,L259Q,0.0032,0.0032,20,537
AAATACACAGTGTACC,M82T,0.0032,0.0032,20,529
GAAATGTATCTAAAGG,Y66L K481L,0.0037,0.0037,20,458
ATCAGACATGATACAT,H124T,0.0039,0.0039,20,434
CTATGCCAGTGGTTAC,N295L P483L,0.0040,0.0040,20,427
GAGATTCCTAATCCCA,H115Y V183K,0.0041,0.0041,20,415
AATAATAACTGGCGGA,S135E I252L,0.0043,0.0043,20,400
CTCCACACAACACATT,M420E,0.0043,0.0043,20,398
GTGCGCGCTAGTAGCA,H141K,0.0044,0.0044,20,391
TTCTCTCGCATTGGTT,S199R L280W S389T,0.0044,0.0044,20,388
ACAGATTCGGTCGGTG,,0.0049,0.0049,20,347
GTACTATTATAATATT,R55E N373L,0.0049,0.0049,20,346
TATTTCAGAAACAGAA,M1A C155S I213F,0.0050,0.0050,20,341
TACATCGGCCGGTGCT,Q69R F309S,0.0050,0.0050,20,340
GATGAAAGAAAACCAA,A195G Y219V,0.0052,0.0052,20,326
TCATAATATAACTTCA,T106D S143F Y172W H179N E396S,0.0055,0.0055,20,312
TGTGGGGCCCGAATCA,L35V L52T,0.0056,0.0056,20,306
GGCATTCCGCTGCCAA,V11E E17R G34D I162R R248K R282N L313*,0.0058,0.0058,20,296
ACTCAAAATAAACGCC,,0.0058,0.0058,20,294
AAGACATCGGAAGTTA,H124I G460M,0.0061,0.0061,20,281
GACGCCACTGTTTTTC,V450K,0.0061,0.0061,20,280
AAAGCTCATGCAATAA,N37S G98F,0.0063,0.0063,20,272
AACAATAAGGCTGACA,S135D N373D,0.0064,0.0064,20,267
TCAATCCGATTCGGTT,N90V H179S F399L L428K,0.0066,0.0066,20,259
CGCGATGCCCTACGCT,F8S A299W,0.0066,0.0066,20,257
AAGTTTGGCTAAATGG,M1F S205A M414Y,0.0075,0.0075,20,228
CCCTGATAATCTTAAG,E16K Q69H G378* D432M,0.0075,0.0075,20,227
TCATAGGGCAATCAAA,L26P,0.0075,0.0075,20,226
CAGTACCCAAATCTAC,V187E,0.0076,0.0076,20,223
TCATAAGAGGCACCTA,T263Y Y363L N373C,0.0076,0.0076,20,223
CTGAGACCGAAGCAAA,K425D,0.0078,0.0078,20,218
ATCATTGATAAAATAC,M134K S462L,0.0079,0.0079,20,216
TATCACTCTTATAAGC,M1L V388P,0.0080,0.0080,20,214
AACAAAGGCCAGATCT,K33S,0.0080,0.0080,20,213
TGGGGCATCCTTAGCT,G473S,0.0080,0.0080,20,213
ATGTACACTAAATTAA,G206I S381W,0.0085,0.0085,20,201
GTACCATTAAATAGAA,G198L L242I C301T,0.0087,0.0087,20,196
ATCATGGGCATACGTG,D156V S169W E404G,0.0087,0.0087,20,195
TATCTAGAGAAAACGC,S135V,0.0088,0.0088,20,194
CTAGACATACCAATAA,I113C,0.0089,0.0089,20,192
TTTTCAACAAAATTGC,R422G,0.0093,0.0093,20,183
TGCACAATTACTGCTC,Q3T D156M I221V Y253L N338M R491K,0.0094,0.0094,20,181
CACTCTGTGCTTAATC,D156E T377I E421K,0.0097,0.0097,20,176
AATTGTAATAAAAAAA,S27A T454H,0.0097,0.0097,20,175
TCAAAAATAGGAAACT,S60I G260L K291M,0.0102,0.0102,20,167
TACCTGATAATGTTTA,M1N G45H,0.0103,0.0103,20,166
GAATATTGAAATATAT,L78W G206D R235K,0.0109,0.0109,20,157
ATGTGATCGCTGCTCA,L43R,0.0121,0.0121,20,141
TGCATCTGTATCCTCC,L120* I213C,0.0122,0.0122,20,140
CGCGTGAAAATTCTAA,S462*,0.0125,0.0125,20,136
CTATAGAAATTAAAGC,Y172N,0.0125,0.0125,20,136
AGATCGGGTAATTGCA,G277N,0.0126,0.0126,20,135
GCAGAACACAATGTAC,N20F H93P N390R,0.0130,0.0130,20,131
TTAGCATCATTTATCT,Y480G,0.0134,0.0134,20,127
CCCTTATGAATAGGGG,I112F I350F,0.0135,0.0135,20,126
AGCGTACAACAGTATT,H170C G277R,0.0140,0.0140,20,122
GTTAAAAAACAATAAG,P145N G159R A202K F316Y,0.0140,0.0140,20,122
ATCAAACGTAGCTCCT,T40L M192G,0.0144,0.0144,20,118
GAGACATAGAAGACAG,L244Y D401N Y441R,0.0146,0.0146,20,117
AGTCTGATTAAGGGTA,N90S W196G M359H T412S,0.0152,0.0152,20,112
GGGAAAAACGCAATAA,R456M,0.0159,0.0159,20,107
GAAAGCAACATAACAA,V47W G378F,0.0161,0.0161,20,106
ACCAGAACTTGAAGAC,W210R P427M,0.0162,0.0162,20,105
GAATTTGAGTCCTGGA,Y253C A328R N470G,0.0164,0.0164,20,104
TCCATAATTTGAGTCG,L61I L259K S333L,0.0172,0.0172,20,99
CATGCACCAGCGCTAC,H92E N338L D401L,0.0177,0.0177,20,96
ATAAATTGTAGTCTTT,S121K S163W A177C T182N,0.0179,0.0179,20,95
CTCGCCATCGAAGGTC,L32Q I213N,0.0179,0.0179,20,95
AAAACCAAACTACACT,K33* L71F S333N,0.0181,0.0181,20,94
TTTGCGAAAAAGTCCC,,0.0181,0.0181,20,94
GATCCCATACACCCTA,C57K C86E S169I,0.0183,0.0183,20,93
TACGTAAATATCCGGG,Q189R S437V,0.0185,0.0185,20,92
ATCAGATAGTGAATCC,K116I N353G,0.0189,0.0189,20,90
AAAAGGAGAACCTAAG,E104D A132S P427K,0.0191,0.0191,20,89
GCTGTGCAAGCGCTAG,N37T A176M G240S G260R,0.0194,0.0194,20,88
AGTCCAAATAAAACAT,L168P,0.0200,0.0200,20,85
CACGAAGCCTCGTGGC,A330G K451V,0.0221,0.0221,20,77
GAATGGCTAAGAAGGG,F7L S269I A299P S389I F434Y,0.0221,0.0221,20,77
GAATACAACTAACACA,L32H G208V,0.0227,0.0227,20,75
TAGTAACAATGAACAA,Y66* E413V,0.0237,0.0237,20,72
ACAACGCACACCCTAC,C118G C180V F309* C475H,0.0243,0.0243,20,70
TGTGCTGTCATTTGTA,G2N L61Y S439Y,0.0243,0.0243,20,70
AAGCTTATCTCAATAT,G98L I345T S462Y,0.0247,0.0247,20,69
CGTGGGCCCCAAGAAT,S205* C301I,0.0247,0.0247,20,69
GTTTTCAAATAAGCTA,I21G G174R Y200L V431K,0.0254,0.0254,20,67
TGGCAAAATAACATAA,S135W L142S V450R C463V,0.0258,0.0258,20,66
TCCTAAAACCATAAAC,M82K W489A,0.0299,0.0299,20,57
ACAATAACAAATAGCA,H131Y E396*,0.0363,0.0363,20,47
AGTAGCAAATCTTATG,W370P,0.0363,0.0363,20,47
TGCGGCTCTGTCCGAT,L245A P427M L433K Y441C,0.0370,0.0370,20,46
AATGAACACGAACACC,N209V C279Y,0.0379,0.0379,20,45
GATGTTTAATTGGATC,T58L M153R,0.0437,0.0437,20,39
AAAAGCCTTACTTGAA,G34T D347L,0.0682,0.0682,20,25
AAGTGCCAACGCAAAA,T6F G54S Y66M K126I,0.0682,0.0682,20,25
ACACAGATGATAATAA,C180I,0.0710,0.0710,20,24
TTACCGACACCCACTC,E16K N295I,0.0710,0.0710,20,24
AGACAGGAATTGTTGC,S60T T77* Y200S W210L C310Y,0.0741,0.0741,20,23
CCTCCAAGGGGTTAGT,A297P Y480F,0.0741,0.0741,20,23
AACCCATGAATAAGGA,D122A Q165S F318Y S476R,0.0811,0.0811,20,21
ATAGAATGTCCGCATA,H131Y L203Q E418G,0.0852,0.0852,20,20
TCGCAGAAGCATTTAT,E104L I443Q,0.0852,0.0852,20,20
TGTGGTAATTAACACA,G277R S367R P453N,0.0852,0.0852,20,20
GAGCCGATTCATTACA,T101D D251N A322T R422W P486I,0.0897,0.0897,20,19
TAGTACAGGGGCGAGT,R356I,0.0897,0.0897,20,19
TCTGAATTAGACATTA,K33* W264A G276I,0.0897,0.0897,20,19
ATAACACGAAACGCAG,W196E C212L F446*,0.0947,0.0947,20,18
AACATACGACAGTTTG,T77A P238L G276M,0.1002,0.1002,20,17
ATGAAAACCGCACAAG,M134T E396L,0.1002,0.1002,20,17
ATTGCGAAACTTAGGT,N109D Y241L,0.1002,0.1002,20,17
GACACACACGCGGCGA,R314C,0.1002,0.1002,20,17
GCAACGGGCATATTAC,S56Q M134V S199V M332G,0.1002,0.1002,20,17
TCATCGATGCTGATAA,Y172C S216C S234H Y253Q,0.1002,0.1002,20,17
TGCGTACCGAAATTAA,I112K I162T H230Q K488P,0.1002,0.1002,20,17
TTTAACAAGCTGTGCA,E151V K425H,0.1002,0.1002,20,17
AAAACACTCCTTGTCA,L32H,0.1065,0.1065,20,16
AGACCTTACACGTACG,G54*,0.1065,0.1065,20,16
ATAAGCCCATATGCGG,S85* A299K Y366D,0.1065,0.1065,20,16
TATACCCTGAACGCAA,L51W N295Y K488S,0.1065,0.1065,20,16
TGAACAAATTTGTGCC,H93V M194S G260K,0.1065,0.1065,20,16
TTAAATGAGGCTCATC,C364T,0.1065,0.1065,20,16
AACAACACCACGGTAA,L78E S444H,0.1136,0.1136,20,15
CTTGGAGTCTCAGCGG,F8L V65R N148Y W489*,0.1136,0.1136,20,15
GCATAACAAGACTCAT,L50F S85Y T215E,0.1136,0.1136,20,15
GGCAATTCAATATGCT,A202L Y480S,0.1136,0.1136,20,15
TAGTACAAAGGGGTAC,T106I N114C L430C,0.1136,0.1136,20,15
ACTACGACATACGAAA,L61Y Y66S,0.1217,0.1217,20,14
CAACTTGGATAGATCA,P83R S91I,0.1217,0.1217,20,14
TACAGAATAAACCACA,T87* M214S F293Y R422L G460S,0.1217,0.1217,20,14
AAAAAATCGATTGTTT,F140Y C385D,0.1311,0.1311,20,13
ATACTCTCACACCATT,W386* F440S K490*,0.1311,0.1311,20,13
GATCGTCAGGTATAAA,Q3R V187D S269L Q335S,0.1311,0.1311,20,13
GGATGAGCTTCCTAGT,A123H I201M H230S,0.1311,0.1311,20,13
TTAAAGTCAAAAAAAT,D156N K300P,0.1311,0.1311,20,13
TTAATCAAATTGAAAA,Q3S P12C,0.1311,0.1311,20,13
ACCAAGGCCAAGACGA,M82E Q165E C212G,0.1420,0.1420,20,12
CATAAGCGGTAACAAT,C212F,0.1420,0.1420,20,12
GAACAGTGCTACAAAA,Q3G S246W N395S L433R,0.1420,0.1420,20,12
TTAGGTACTAGTCATC,S163P M192T H305Q,0.1420,0.1420,20,12
ATGAATTCAAGGTCGA,T70S L449E M472K,0.1549,0.1549,20,11
CTGGGCTTGCCCAACA,C86T A123G,0.1549,0.1549,20,11
GATCCGGACAAGTTAA,Q3R T274S G473L K490R,0.1549,0.1549,20,11
TACAAAATTGGACAAC,L32W W196L,0.1549,0.1549,20,11
TACCAAATTAATTACA,S237I,0.1549,0.1549,20,11
TGAAGCAAGACCGCTA,K425L R456F,0.1549,0.1549,20,11
ATAGTACTATGTGTAA,E17F L133D C155A T190I K291N,0.1704,0.1704,20,10
CAAAAGCGTTTTGAAA,Y219K K417N,0.1704,0.1704,20,10
CAGACCATTAACTAAG,M75Y E100D M153L P464Q,0.1704,0.1704,20,10
CGCTACTAGCAATTTG,T139I N342V L442S H457T V485M,0.1704,0.1704,20,10
GGGGTTTTAATCTTCC,K88E S462*,0.1704,0.1704,20,10
TAGCGGCTCTGAATGT,L290P D402T,0.1704,0.1704,20,10
TCTGCGGGCTAACGCT,V97L I201M S246K K327*,0.1704,0.1704,20,10
TGACAGGATATCTGCC,H467Q,0.1704,0.1704,20,10
AGACATAACTAGCCTA,M194K,0.1893,0.1893,20,9
GGCCCTGCATACATGC,L142V W386Q,0.1893,0.1893,20,9
ACATACACACTGTACC,N20A R193M,0.2130,0.2130,20,8
ATCGTAGAAATAACCC,,0.2130,0.2130,20,8
TAAGAGGATATGTCTA,K488P,0.2434,0.2434,20,7
TCATACTTCTAATATA,R468C,0.2434,0.2434,20,7
TGAGGTGCTAAATCAG,F49V E104R M192E S255T W283N M351K,0.2434,0.2434,20,7
GACATTTCATCCCTGA,V28T H115T Q223L S367L Q406T,0.2840,0.2840,20,6
CACACCGGATAACTAT,M134V,0.0003,0.0003,19,5370
ACTTAACCAAGAAATG,S135G Q218D,0.0003,0.0003,19,4933
CGAGACCCGATCCCAT,N99R,0.0004,0.0004,19,4616
CGATTAAACCTGTAAA,K339G,0.0004,0.0004,19,4456
GCGAACCCAAGGTTGT,,0.0004,0.0004,19,4445
TGTAGGCGAGGCTAAC,D211L M214E R248T,0.0004,0.0004,19,4350
TAATGACCCATTGTGT,,0.0004,0.0004,19,4285
TACCAAAGAACGAATA,K126Y,0.0004,0.0004,19,4228
CTACAAAAAATCGTTC,,0.0004,0.0004,19,4082
TCAATATCACGAGGAA,T296S,0.0004,0.0004,19,3927
GAGGTAATGCTAAAAA,,0.0004,0.0004,19,3904
AAATTGTGCAACACGG,G208R,0.0004,0.0004,19,3848
AAATCAACCGACTGGA,T81S S171N E228Q Q232G K481N,0.0004,0.0004,19,3821
AGGCACATTGTGAAAC,,0.0004,0.0004,19,3797
AAATCTGATAGAATTC,,0.0004,0.0004,19,3720
TCATACAAGCCTCGCA,W196I Q247M,0.0004,0.0004,19,3632
TGACACCTGGTCAACA,,0.0005,0.0005,19,3530
CTCGATATTTTAAGCA,,0.0005,0.0005,19,3451
CACCAAACTAGACAAC,T48I R282C H471R,0.0005,0.0005,19,3441
AGACTGTCCACGTTCA,Y219F I452V,0.0005,0.0005,19,3427
ATCAGGGCCTGAATTA,,0.0005,0.0005,19,3405
CCGGTCTTTCACAAAC,L259M,0.0005,0.0005,19,3337
ATATTAAATTCTAAAC,N146R H179M A184V,0.0005,0.0005,19,3221
GGGCAACGAAACAACC,W210A K488I,0.0005,0.0005,19,3201
TTCAACTTAACTATGA,,0.0005,0.0005,19,3119
ATGTAACATACAAATT,E289V,0.0005,0.0005,19,3068
AAAAACCACGATAGAA,S476R,0.0005,0.0005,19,3067
TACGCACGGACCTTGC,,0.0005,0.0005,19,3053
GAAATATCTTTTAAAG,,0.0005,0.0005,19,3006
GAGAAGTTAATGACAC,,0.0005,0.0005,19,2968
TTCGTTTCTTGATTTA,D130R W283S N390E,0.0005,0.0005,19,2958
TTAACCAAAGAGCGGA,D273Y V459K,0.0006,0.0006,19,2878
ACTCAAAACAGAGTGC,,0.0006,0.0006,19,2767
ACTCAACAATCAGCCA,G174S,0.0006,0.0006,19,2736
TGGTGGACAGCTACAT,A152T S163C M284V,0.0006,0.0006,19,2724
TACCATCAAACATAAC,,0.0006,0.0006,19,2717
GAGTATTACCACTGTT,W227S,0.0006,0.0006,19,2704
TGCTATCTATGCCGTG,,0.0006,0.0006,19,2699
AACTGTCACCCAATTA,,0.0006,0.0006,19,2684
ATCTTACATAATAAGC,M192S,0.0006,0.0006,19,2637
ATATGTAAAATGAGTA,G208M,0.0006,0.0006,19,2635
ATAGAAGACTATAAAT,,0.0006,0.0006,19,2562
AACGTTCACAAATGAC,,0.0006,0.0006,19,2547
TTCATTACAACAATGT,M359L,0.0006,0.0006,19,2537
ATTCTCCAATGTAACT,,0.0006,0.0006,19,2534
GCGTACATACTAAGAG,I286M,0.0006,0.0006,19,2530
CAAATCAATAGCAGCA,,0.0006,0.0006,19,2513
GACCTAATAATTATCA,,0.0007,0.0007,19,2489
GAGCGAAAAAATTTAA,,0.0007,0.0007,19,2467
ACGATTTCTCATGCTC,D251L,0.0007,0.0007,19,2457
GATCATAAGAATAATG,N90I,0.0007,0.0007,19,2435
GTTTACCCTAACTTAC,T296K,0.0007,0.0007,19,2402
ACTGTCAAAACCAGCA,S163C,0.0007,0.0007,19,2357
CAGGCAAATTAGCAAA,L433T,0.0007,0.0007,19,2341
TTAATAAGAACAGAAA,Y253F N395T,0.0007,0.0007,19,2336
AAAGCTTGTAGGACGA,,0.0007,0.0007,19,2326
ATATTTTATAGCCAGA,T397Y,0.0007,0.0007,19,2315
TAACGATTAAAGATGG,I24L T296I,0.0007,0.0007,19,2313
AATGGTTGCAGTTTGG,,0.0007,0.0007,19,2306
GATTAATCCAGAACCT,,0.0007,0.0007,19,2305
GCCGACAAGATAGCAA,,0.0007,0.0007,19,2305
GAACTTTGTACATTGC,G102T T376A K481N,0.0007,0.0007,19,2275
AACATCAAATATCTAT,T274G,0.0007,0.0007,19,2257
AACACCAATTAAGGAT,D306S,0.0007,0.0007,19,2247
AACAGTCAATGACTAA,I112D,0.0007,0.0007,19,2239
GGGGCTACCATTTACC,G208S,0.0007,0.0007,19,2231
TTTTACACCGTATCAG,,0.0007,0.0007,19,2231
GGCAAAGAGCCCGATC,N167D S199G,0.0007,0.0007,19,2220
AAACTAATCGCCAACA,S60E,0.0007,0.0007,19,2210
CTTCAAATTGCGAACT,,0.0007,0.0007,19,2195
TAAGTCCAACTAGCAT,M414T,0.0007,0.0007,19,2185
ATGCACACAAGTAGCA,L50C,0.0008,0.0008,19,2135
GGAAAAAGGAGCCAAA,E413A,0.0008,0.0008,19,2123
AACTTAAACCAACTTG,,0.0008,0.0008,19,2112
CAATATCAAGTACACG,K116S T261M A328G,0.0008,0.0008,19,2110
ACGGGACAATCATCGC,Y363S,0.0008,0.0008,19,2056
CTACAACGCTATTTCC,,0.0008,0.0008,19,2051
GTTACGGGATGATGGG,E100V,0.0008,0.0008,19,2051
AGTACTCATACACCCC,T101I H448A,0.0008,0.0008,19,2046
GGGCTCGTGAACTCGC,S60V R491D,0.0008,0.0008,19,1998
ACAATAAGATGATGTT,Y217M,0.0008,0.0008,19,1982
AGTCAAAATAATAGCT,,0.0008,0.0008,19,1975
CACGAATGACAACAAT,Q149M I443L,0.0008,0.0008,19,1950
TCCATGTTAAAATCAT,,0.0008,0.0008,19,1946
GAGATCCCTGAAAGCC,V183L,0.0008,0.0008,19,1934
ATGAAACTGTCTAATG,D347N,0.0008,0.0008,19,1920
TACTAAATGCAGGCTA,N338L,0.0008,0.0008,19,1918
TGCCGTACACTGCTGC,,0.0008,0.0008,19,1917
GAAAATCTAAATACAT,,0.0009,0.0009,19,1879
TGATGTTAATCCGGTA,H179G S234Q,0.0009,0.0009,19,1853
CGTTTAAACCGGAGTA,A39V N158L T274C T397A,0.0009,0.0009,19,1843
ATGGGAAGAACCCTAG,,0.0009,0.0009,19,1827
ATGTAGATTAACGTCG,I286V,0.0009,0.0009,19,1820
CTATATCCACAAGCGG,,0.0009,0.0009,19,1813
ACTAGGCCACGAAAAA,Q324H,0.0009,0.0009,19,1807
TTTTAATAAAGTATAA,,0.0009,0.0009,19,1804
CCTGTCCGTTTACAGT,F233S,0.0009,0.0009,19,1785
CATGCACAATAACTAA,I221S,0.0009,0.0009,19,1757
AGTAGGCCTTGAACTC,Q406V,0.0009,0.0009,19,1752
GTTTTTGAAACCCGCT,,0.0009,0.0009,19,1749
TTAATTTCCAACGAGG,K161M I334G,0.0009,0.0009,19,1737
CTAGCCTACACACAGT,A123G,0.0009,0.0009,19,1726
ACAAATCACATTGAAG,E104A S163I,0.0009,0.0009,19,1721
CCACAGGAGCGTGGCA,I350L,0.0009,0.0009,19,1713
ACTTTTAAAAATAAAG,G197L,0.0010,0.0010,19,1701
TAACTGGCGCAGCGCA,,0.0010,0.0010,19,1668
TTGGTCCTAAAGATAT,T261R R356S,0.0010,0.0010,19,1662
TCCTCGAAGAACCAAA,,0.0010,0.0010,19,1658
TACCCGATCTCATCCA,R282K,0.0010,0.0010,19,1654
TCCCATTAAACTATAA,I252W,0.0010,0.0010,19,1646
AACAACATAATTGCTC,L61V D122F G159K H170L,0.0010,0.0010,19,1629
AATCATTGCAGAATGG,N99E,0.0010,0.0010,19,1625
ATCATCTCAAACAAGT,,0.0010,0.0010,19,1591
TTTCACATCAACGTAT,,0.0010,0.0010,19,1590
ATAGCACCGCAACAGC,,0.0010,0.0010,19,1564
CTTCAAGAACCAGTGC,G181S,0.0010,0.0010,19,1550
AAAGAAACATTCAATG,G54S,0.0011,0.0011,19,1532
AACGGACAGAAAGATT,F157L,0.0011,0.0011,19,1529
ATGGAGATACTATAAC,,0.0011,0.0011,19,1515
TAAACAGAGGAAGCTT,A343W,0.0011,0.0011,19,1505
TCCCGAAACTCCGAGC,L266N,0.0011,0.0011,19,1491
ATCTTAAATCACAGGA,Y172I,0.0011,0.0011,19,1480
TGGTGTGTAAATCCGA,D204V,0.0011,0.0011,19,1460
AATCGAAATCTGACTA,T108R,0.0011,0.0011,19,1453
CCACACCAGTCATAAT,,0.0011,0.0011,19,1449
AAAATATCAAAAATAT,L442Y,0.0011,0.0011,19,1430
TTGATATAACTCATAC,V44K K161M,0.0011,0.0011,19,1428
GTTTACTCGGCACCAG,S169Y,0.0011,0.0011,19,1424
CCGCAAGTAAGTTCAA,E67V,0.0011,0.0011,19,1412
ACTATAATAAAAGTCA,,0.0012,0.0012,19,1398
TTATATCTAAGTAAAA,V47I H170L E270G,0.0012,0.0012,19,1393
AGCGGTAAGACTTAGC,T40G,0.0012,0.0012,19,1389
TATAAATACGAACTCA,G271R,0.0012,0.0012,19,1380
AAATAATTGGCCAAAT,K126G Q189G I443T,0.0012,0.0012,19,1358
GCTCTTACATATTTCC,N185V,0.0012,0.0012,19,1347
CATCTTTCCCTCATAG,R235A,0.0012,0.0012,19,1336
CAACGCATACACGTCA,,0.0012,0.0012,19,1329
AGACGGGAAAAAGCGA,E307V,0.0012,0.0012,19,1320
TGTCTATCGTCAAGTA,,0.0012,0.0012,19,1313
TAGAAATATTCACCAA,D130I,0.0013,0.0013,19,1267
AGTTCACGACCAGTAG,,0.0013,0.0013,19,1261
CATGGATAGTACTCCC,,0.0013,0.0013,19,1260
CCGCACCCCTCAGGCT,F399Y,0.0013,0.0013,19,1260
ACAAAATGAGGTGATA,,0.0013,0.0013,19,1249
GGCTGAATGAAGTTAG,T261D,0.0013,0.0013,19,1249
ATTAGAGAGTACGACT,K490N,0.0013,0.0013,19,1244
TCCTAACGGTATTCCA,N90F,0.0013,0.0013,19,1241
GACGAACTTCACGGGA,M192V,0.0013,0.0013,19,1238
ACGGCCGATAAAAATT,W210E,0.0013,0.0013,19,1230
AGACCACATACATTGT,K161Q,0.0013,0.0013,19,1212
GTCTTGGAGCATATCT,H170R T380L,0.0014,0.0014,19,1182
AATTACGCGAACAAAA,,0.0014,0.0014,19,1160
CTCCAACATACATATT,R235N K490S,0.0014,0.0014,19,1160
AAAAAATAAAGAGTTC,K488N,0.0014,0.0014,19,1148
CTAGCCACCAGCGTGG,D211I,0.0014,0.0014,19,1141
ACTTAACGAGAAAACT,G98S E104A G198I K300L,0.0014,0.0014,19,1139
CGAGGACCCTCGAACA,Y419Q,0.0014,0.0014,19,1128
ATTAATCAAACGGACA,T110G G197D,0.0015,0.0015,19,1110
ACAGGATCATATAACA,,0.0015,0.0015,19,1103
AGGGCTTCTCAATGAT,T376A,0.0015,0.0015,19,1094
TTACTGCAGAGAGGGA,V14L H179N,0.0015,0.0015,19,1092
CCGACACGCCTGAAAC,,0.0015,0.0015,19,1084
GATTTCCAAGATTAAG,,0.0015,0.0015,19,1074
CTCTCGCAATTCATAC,D306Q,0.0015,0.0015,19,1062
GGAGCCACTTTGCGAA,L133M G197L,0.0016,0.0016,19,1044
TCTATTATTATTTTAC,G42N H92V E100V,0.0016,0.0016,19,1036
ATATCACATTACACGA,,0.0016,0.0016,19,985
ACTGAATCTCTATAAG,E287F,0.0017,0.0017,19,951
CCTGACAAGGTCCCTG,E100S M312I,0.0017,0.0017,19,944
ATCAACTTAGAGTCAT,K33N,0.0017,0.0017,19,943
AGGGACATCGTGAGCA,,0.0017,0.0017,19,939
CCTTGTTGGTACTATC,N99V,0.0017,0.0017,19,936
AGTGGAACTGGAGTCC,Y129W,0.0017,0.0017,19,934
CAAAGTTGGATAGACA,Y200P,0.0017,0.0017,19,932
CCAAACATCAATAGAA,N79R S476G,0.0017,0.0017,19,928
GTGCATAAGAGCAGGA,E151D,0.0017,0.0017,19,928
AAACTTCGGAATGGAA,K272F K304W,0.0019,0.0019,19,867
AGAGCATGACCCGAAT,G198Q,0.0019,0.0019,19,852
AGCTTGAACACGATTA,K88S,0.0019,0.0019,19,845
TGACGGTTGAACCACT,,0.0019,0.0019,19,834
AAAACAATATAATCCA,S60W S246V,0.0020,0.0020,19,794
GATAAGTTACGTAACA,D175R S267L,0.0022,0.0022,19,749
TAGCTATGAACAACGA,,0.0022,0.0022,19,720
AATCAGCATCAGACAC,M312V,0.0023,0.0023,19,718
CCATGGAACGCTAATC,E289S,0.0023,0.0023,19,715
TATAAAGCTCAGCTTA,S163M E396M,0.0023,0.0023,19,696
TCGGAGAGGTCAGACT,A176R N185T,0.0023,0.0023,19,690
ACATGAGAGCAGTAAA,I213T Q232T,0.0025,0.0025,19,656
GGAACGTTAGCTAGTG,T40K H141L,0.0025,0.0025,19,648
GTCCTATGAAGGAGAT,A152T A322T,0.0026,0.0026,19,616
ACCATTTGAACATAAA,N99W N319L,0.0027,0.0027,19,593
TTTAGGCAATTCTCGG,L43V G208A T226F K465T,0.0027,0.0027,19,591
ATTCTCCACTTTTTAG,K451W,0.0028,0.0028,19,582
TCAGATCGCATGACAA,H93R G391A,0.0030,0.0030,19,547
AATATTAACACAAGGC,Q406H,0.0030,0.0030,19,537
CAAAACCACGAAAATC,S121F T274Y,0.0031,0.0031,19,522
GACCACGACACGAAAA,A152Y Q223W,0.0032,0.0032,19,499
TACGTAAGCCATAGAT,V187I L479N,0.0033,0.0033,19,493
CACTGCGTCAGTAATC,F7M G271S K300I,0.0033,0.0033,19,488
AAGTTAGTTCTCAATT,T59R S111T Q247R K384T,0.0034,0.0034,19,475
ACTTGAGTGCAAAAGT,L68H F436R,0.0038,0.0038,19,431
ACATCATAACAAAGCA,R248F,0.0038,0.0038,19,429
ACCGATGACTGAAAAC,E287Y S444C,0.0038,0.0038,19,427
TCAGGCTCCATCTACT,F318I L442T,0.0038,0.0038,19,425
TTTATTTGTTTGCGGC,A299T,0.0039,0.0039,19,417
GACCAACCACGGTTGA,,0.0042,0.0042,19,389
CCTCCCTTATGCCAAG,,0.0042,0.0042,19,387
AGATAACTTGGCAATA,E307G,0.0042,0.0042,19,382
CGCTTAAGTGAAATAG,N79T L290Q M332I Q416L,0.0044,0.0044,19,369
AATAGCAAAGGCTGAA,S121P S154A,0.0045,0.0045,19,363
TCCCGTATAACAACCG,G45P T101I Y253S,0.0046,0.0046,19,353
GAGGTTACAAATATAA,D156G H179I A330V,0.0048,0.0048,19,335
AGTTCAAAGCGCTGTC,C292S,0.0050,0.0050,19,325
GTGTCGTACAAAATTG,M82S,0.0050,0.0050,19,324
TATATCTAGGCATCAC,I350L I361L,0.0050,0.0050,19,323
AGCCTGACATGGCGTA,E100S F191L N470D P486S,0.0052,0.0052,19,313
AAAGTTTAGAACAGAA,S85R N224S H448P P483S,0.0052,0.0052,19,311
TTTTTGCATCACTATC,M134S Q149D,0.0053,0.0053,19,305
ACTAAAAAATCTAAGA,D204N Y278G,0.0055,0.0055,19,293
TACATCCCTATAGACA,G102R,0.0055,0.0055,19,293
TACTACCTGCTGAAAA,I4F D130C,0.0056,0.0056,19,290
ATACTCAGGCTCATAG,S91A,0.0056,0.0056,19,289
CCGCTACTTCAAGAAG,H93D T106F E228R D251I,0.0056,0.0056,19,288
AACGACACACCTTGAA,E228N G240Y G276Y I334T I443D,0.0057,0.0057,19,282
ATATCAAGACGAACAA,L107C Q165* I474L,0.0058,0.0058,19,278
TCGTTACACTATGCAT,L71H G206A F293L T377F V487H,0.0058,0.0058,19,278
ATTGTGTATGTCCCGT,A30P T40L G206R P466M,0.0060,0.0060,19,270
GAGCCAATGAAATCGC,Y217V D311H,0.0063,0.0063,19,256
GGGAATTACAGCGTCG,V164L G276L L442V,0.0064,0.0064,19,254
CACGATGGTGACCTTA,K63V F233C R379V,0.0067,0.0067,19,242
ACCGAAAATGATATAA,I137L T249I V485*,0.0069,0.0069,19,235
GGGGGTATAATACCAA,H179W N185T L258R,0.0071,0.0071,19,228
GGTTGGATCCGGCATG,L120S,0.0072,0.0072,19,225
AGCAACCTTTCAAATA,,0.0072,0.0072,19,224
GATTAAAGTCAATTTA,L103S T261S,0.0073,0.0073,19,222
TTCCGATGACATGCTA,L61P C231L,0.0075,0.0075,19,217
GTATCCAGTATATAGC,R250* H467V,0.0075,0.0075,19,216
ACCCTAAGCGACAATC,L50M Y217F D402P,0.0076,0.0076,19,212
TGACACGACTCTTCAA,I24W L105P D156G K161C A195W V341T L449Q,0.0077,0.0077,19,211
GTAGCGTTTAAACCTG,S138Y,0.0078,0.0078,19,207
CAAGATGATTACGTAG,V47* V183M K320S N338S,0.0079,0.0079,19,206
GTTTCCAATACGAAAA,W264H C475S,0.0079,0.0079,19,206
CGATTGTATAACCCTT,C41N T58V N99R K116F L133Y L220V G240V G243C D401R,0.0079,0.0079,19,205
ATGCCCAGAACATACA,N89G A328V K368T,0.0080,0.0080,19,203
GTGCTACAGTAATATC,L61C L105S N119P N302M G460D,0.0080,0.0080,19,203
GTGGAATCAATACGCA,S205F I286P,0.0081,0.0081,19,201
AGCAACAAGGGGAATA,N390T,0.0085,0.0085,19,191
TAAAGCCTGCTAAGGC,N89K K300N H354D N373C,0.0085,0.0085,19,191
GGATAAAGCCATTGTT,G2R,0.0085,0.0085,19,190
CATAAGACTTCCTTCG,,0.0089,0.0089,19,182
GAGGCCACCGCACAAT,Y66M A195G,0.0099,0.0099,19,163
CGTGCACTTATCAACC,E16L G271S,0.0104,0.0104,19,155
ATACTAAACCTTATGG,E396G,0.0109,0.0109,19,148
ATAAAACTGCAATACC,S199K,0.0117,0.0117,19,138
TATCATACCTACGGAT,T249D I474G,0.0119,0.0119,19,136
TTTAGCGATCATTTAA,L71E A299T,0.0120,0.0120,19,135
AACAGATGTATCTAGG,Q3E,0.0123,0.0123,19,132
GACAAATACTCCAAAA,G2S Q69M S400V,0.0125,0.0125,19,130
ACTACTGTGTAGCGAA,T6L E100M N346T,0.0126,0.0126,19,128
CAATTAAACATCAACG,Q149R G197R D311Y L447F,0.0126,0.0126,19,128
ACCGTGCCTATCTTGA,I15Y L73H L84Y S91K C475S,0.0129,0.0129,19,125
AGAGAGGAGTAACCAT,L73Q A297C K490V,0.0129,0.0129,19,125
CTTCGTCTCTTTATTC,K352R F440K,0.0135,0.0135,19,120
AGCGACTGCCTGCAGC,T139Y Q149*,0.0136,0.0136,19,119
AACTGAGCAATTGAAT,K63* Y150M C155N A195W C212Y,0.0138,0.0138,19,117
AGCAAATTGAAAAAAA,E76N L220V F318H T426C I443M,0.0140,0.0140,19,116
AACGATATAATTACCC,V18K S163T F309L,0.0141,0.0141,19,115
CATACGAAACCGAGTC,Y94H N158Y L344Q I445S,0.0142,0.0142,19,114
ATAATGCTTCCGACAA,G260N L280F L290P K425R,0.0143,0.0143,19,113
CTGTTTATATTAGTTA,I213K K339Y Q482Y,0.0143,0.0143,19,113
AATTGCTCATATCCAT,R193N L313P I323Y,0.0145,0.0145,19,112
CAGTCAATAGTGAATA,L50K S135F,0.0147,0.0147,19,110
ACAGGTAGTCGGTTCA,A177I K384T G460L,0.0148,0.0148,19,109
GCAACATATACTGAAC,E100T M134F D204Y C477V K481F,0.0148,0.0148,19,109
TGGTTTTGCCACCACA,L29W T139L Y200* S205A,0.0148,0.0148,19,109
TTACATTACCAATGCA,F38L T58* N127R N146T S154* C231W,0.0148,0.0148,19,109
GAACAGCGTTTATCCA,L50P,0.0151,0.0151,19,107
CCGATTCATCGCAATC,M1L H141A A184P G277V,0.0153,0.0153,19,106
TTAAATAATGCAGGCC,F157S,0.0153,0.0153,19,106
ACCTCACGAAATAAAT,S56F,0.0156,0.0156,19,104
TGTGGAAAATAGGACA,A202T P238Y M332N,0.0156,0.0156,19,104
GACAATGAAGTCTACC,G64N S143W A322H H374R P486K,0.0162,0.0162,19,100
CCAGTCTTTGTCACCA,T40S S400Y Q416E L447C,0.0163,0.0163,19,99
TAAAAATTAATACAGA,I286H N409L F434L,0.0163,0.0163,19,99
TGTAGGTACTAGGTCA,M1L,0.0163,0.0163,19,99
ACGGATTCTGATGACA,C118S I137N G174I Q218M,0.0167,0.0167,19,97
GGTTTATCTAACCATA,K126L F293N,0.0167,0.0167,19,97
CATAATTCGAAAGCGT,N119Y L290R W489Y,0.0174,0.0174,19,93
CTAGACGTAAATAATT,F157* A328V S333F,0.0178,0.0178,19,91
GTGAACGTTCAAACTA,L103S G260P,0.0182,0.0182,19,89
AAAGTAAGATGGAATT,I286C Q331V C475N,0.0184,0.0184,19,88
ATTAAAACATTGTCGG,L280D P486A K490*,0.0200,0.0200,19,81
CCTGTATAAGCGTATG,E100* F191A W196S W210V,0.0208,0.0208,19,78
AACAAATATGTACCTA,M134K I337T,0.0210,0.0210,19,77
GTATTATAAGGATTAC,Y219*,0.0225,0.0225,19,72
GCTAATAGAACAGGAA,E228L T426F,0.0235,0.0235,19,69
CCGCTGTAACTATGAT,L51I A173N P236R I403F,0.0253,0.0253,19,64
AATAGGTATACGCATT,S56R K272T Q321R S389Y,0.0265,0.0265,19,61
CTGCGTATCCCACCCC,K33V C231P M312L,0.0279,0.0279,19,58
GTGAGGCACAAGGCAT,L285R,0.0289,0.0289,19,56
CGCGATCTACGAGGAT,E16I G198S T438S,0.0450,0.0450,19,36
TTAGACCGGCAAAGTG,T87E D401N,0.0506,0.0506,19,32
CCCTAAGATCGCTGTA,Q3F A30S K339Q,0.0647,0.0647,19,25
TCAGGTACAAGAGAAA,A288R,0.0647,0.0647,19,25
GGTATAGCGTTCAACC,S381F,0.0736,0.0736,19,22
TACTCACCCTCGGAGT,C118V Q247H F399*,0.0736,0.0736,19,22
CACCTTGCTCCTCCCA,N90Y N99L E151S E307V D401I,0.0809,0.0809,19,20
GAAAAGGAGCACGAAA,G98Y T215M,0.0809,0.0809,19,20
GTTATATATTGTTCCG,G54I Y66K Y129L Y166I I254R P427*,0.0852,0.0852,19,19
TATGCAGACGTGCGGT,A176N C463R,0.0852,0.0852,19,19
AGTAGTTGCGGACGCG,N20L N119T Q331T,0.0899,0.0899,19,18
ACACAATAAGACCTGT,T101* S234V G277S,0.0952,0.0952,19,17
CGTTGAACCTTTACCT,H124S A202L P238T,0.0952,0.0952,19,17
CTCTGGATGTACTTCA,L68F A123H S163Y M332Y,0.0952,0.0952,19,17
CTTACTCAATAAGACA,L68R,0.0952,0.0952,19,17
GGGGCGATAATGTGAT,T6H K88P S111R Y253M K272M L479I,0.0952,0.0952,19,17
GTACACAGTCTAATCC,Y129P S135I L430F,0.0952,0.0952,19,17
TGATTTAAAGAAATAA,L168T H457R,0.0952,0.0952,19,17
CAGTACAACAGAATTG,C41L A152T,0.1012,0.1012,19,16
TTGTAAACTAATGAAA,G2Y L142T M194L,0.1012,0.1012,19,16
CAATCTGAGTGCTCAC,S27N N127E,0.1079,0.1079,19,15
TTTGATAAAGCTTATG,E17K N395L,0.1079,0.1079,19,15
AATAGCTAATTAAGTG,N295V S437F,0.1156,0.1156,19,14
AGATGAAATTGTGCTG,I15N L46R,0.1156,0.1156,19,14
GAGATAGAAAATCATT,N89L Y200V Y480L,0.1156,0.1156,19,14
GAGGCGAGCGTTTGCG,L103T K352R E413S,0.1156,0.1156,19,14
TAGTATATTGATTACG,L103R R193N L336Q N470M,0.1156,0.1156,19,14
TTACACGCGACAATGC,T110L M192G L220* T274M S389G T412A,0.1156,0.1156,19,14
AACCGATAATATTCGC,S27H S267M M472N,0.1245,0.1245,19,13
AAGCTCAAGAAAGAAG,C118I,0.1245,0.1245,19,13
GATAAGCCAGGTTGAC,N209Y Y419N,0.1245,0.1245,19,13
GGTAAGAAATCATCAA,D311L,0.1245,0.1245,19,13
TACGTGAGCCGTAGTA,Q3* G45E,0.1245,0.1245,19,13
TGAGCGCAAAAAAACA,L43K L50S C155Y T274K Q321A Y393*,0.1245,0.1245,19,13
TGATCCTGTATGACCT,W489*,0.1245,0.1245,19,13
AAATGAATTGATGTGA,T40F E67F I443L,0.1349,0.1349,19,12
AATAGAATTAAAGAAT,N167Y N319V,0.1349,0.1349,19,12
ACTTGACTGGTGTTGC,H115D I137T T375L Y419C,0.1349,0.1349,19,12
CACAGTCCATTCTCCA,M19R L266A,0.1349,0.1349,19,12
TCTAATCATCGAACCG,L73Y H93I Q331R E413T,0.1349,0.1349,19,12
AAAACATAATAAAAAC,N295D N319V,0.1471,0.1471,19,11
CTGGAAACGAAAATAA,I358L F399C,0.1471,0.1471,19,11
GAAAAGTCCGAAGAGC,K33D S121N S199D T376W,0.1471,0.1471,19,11
GAGGGGTAAGTGAAAG,Q416* K465V,0.1471,0.1471,19,11
GTACAAAAAACCCCAT,A322T I334C V459K,0.1471,0.1471,19,11
AGGCAACTCTCGAAAC,,0.1619,0.1619,19,10
ATCAAGTCTTGTTGAG,G294C C301P V341G Q405L,0.1619,0.1619,19,10
CAACTCTGAAGGTGTA,I323S,0.1619,0.1619,19,10
CAGCACATCGCATGGT,T48F Q247M F262V Y278R L394I,0.1619,0.1619,19,10
CTTCAAGACAACTCAC,W489V,0.1619,0.1619,19,10
GTTCTCAATGAAAGAC,N209K E308R F399V L479V,0.1619,0.1619,19,10
AAATTTAAGCACTTGG,G54W S169T Q232Y,0.1798,0.1798,19,9
ACGCTACGCATAAAAC,G378C S476* V487L,0.1798,0.1798,19,9
ACTATAATACGACCCA,G98I,0.1798,0.1798,19,9
ACTCTTACTCCAGAGT,G34Y S199F,0.1798,0.1798,19,9
CGATTACACTGATACA,K339M T377K,0.1798,0.1798,19,9
CTAAACAAACATGTCT,L50* H230D P383Y I474R,0.1798,0.1798,19,9
CTAACACCGTCATAAG,N224I N295F E307N I334A,0.1798,0.1798,19,9
AAAACTTATATAGTTG,Y66S S169K,0.2023,0.2023,19,8
TCACAAAAATATACCA,E72K T412C G424S,0.2023,0.2023,19,8
CACTGAGTCAGTATTG,F157V K161Q A202K F233S,0.2312,0.2312,19,7
GCCACTAACGGAAAAA,L50M M332I S367G,0.2312,0.2312,19,7
AGCTTTAAGCACCCAT,T58R S111M Y200L L336W,0.2698,0.2698,19,6
ATCCGACATAAAGACC,G277L A297M G460Y,0.2698,0.2698,19,6
CCATACGATACCGAAT,F49S S121L,0.2698,0.2698,19,6
GACTGGTAATAGTACT,D130Q W264R D311S,0.2698,0.2698,19,6
ACATTCGTTCAACAAT,G473*,0.3237,0.3237,19,5
GGAATTCAATAACTTC,G102M A132D P275H Y363D K490T,0.4047,0.4047,19,4
GGACAGCATGAGTAAG,,0.8093,0.8093,19,2
GAATCACGGTGGAGCT,K126V,0.0003,0.0003,18,4878
ACAATCAATGCTTCCA,Q149L,0.0003,0.0003,18,4502
TAGAGCTTAACTAAAA,,0.0004,0.0004,18,4354
ATCTGAAACCAGTAAA,I252S,0.0004,0.0004,18,4208
CGTGTCAGTGTCTTTT,L479I,0.0004,0.0004,18,4185
GAGAGGAACGAGTGAC,T101Q,0.0004,0.0004,18,4180
CAAGAGTAGTTAGCAC,H131T S199H,0.0004,0.0004,18,3970
GGTCTTTGACCCAAAA,K116L,0.0004,0.0004,18,3968
TAGCACCACACACATT,F147W H179Y,0.0004,0.0004,18,3928
TCAAAAAATATCTAAA,,0.0004,0.0004,18,3907
TTCACCCATAGATGAG,I252Y F262L,0.0004,0.0004,18,3840
CAAGTGACAGACTCAA,M80P E151N M351L,0.0004,0.0004,18,3812
ACTAGTCATATCTGTA,,0.0004,0.0004,18,3772
CATTAAAAACAGGATC,,0.0004,0.0004,18,3695
CGCAACTGCGCAATCA,,0.0004,0.0004,18,3677
ACGATACCATAATTAA,,0.0004,0.0004,18,3625
GCACCTCGTCGAAGTG,N127Y,0.0004,0.0004,18,3616
TTACGGGCTTAACCAT,T101V,0.0004,0.0004,18,3580
CCTCAACTCACTACAC,,0.0004,0.0004,18,3527
TTTCAATAGTTATCAA,,0.0004,0.0004,18,3457
ACAGGGGATGTTGAAA,S476G,0.0004,0.0004,18,3426
ATTCTCATCTTCCGCC,,0.0005,0.0005,18,3367
TCCTTCTACCGTCAAG,E67R,0.0005,0.0005,18,3321
GCAACGAAATCCCGAA,K161S,0.0005,0.0005,18,3267
ATCAACTGCAAATAGG,D268N,0.0005,0.0005,18,3242
CACTTATATGTCTCCT,,0.0005,0.0005,18,3205
GTTCCCAAATAGAAAC,,0.0005,0.0005,18,3157
TCTAGAAACCATACTA,L35C,0.0005,0.0005,18,3152
GACACAAAGATGTACG,,0.0005,0.0005,18,3150
ATACTCAATTTATGAT,L258I L433S,0.0005,0.0005,18,3093
TACCTGCTATATTTGT,S163Q,0.0005,0.0005,18,3078
ACATTGAGCAATACCC,G98N,0.0005,0.0005,18,3077
GAACTATTAAAACTCA,Y363S K481R,0.0005,0.0005,18,3049
ACTCACGAGCCCAGAT,V97F R379T T397K,0.0005,0.0005,18,3038
AATTAGGCAAATCCTA,,0.0005,0.0005,18,3012
TAACGAGTCCTATTAT,T110F,0.0005,0.0005,18,3010
GCAGACCTAAACAACA,N470D,0.0005,0.0005,18,2990
ACACCCTCTGTGCACC,,0.0005,0.0005,18,2946
TATGAACACCGACGCA,,0.0005,0.0005,18,2931
CTAAGCGATTACGTAA,H131A,0.0005,0.0005,18,2897
AACAATAACACATCCA,L259M P362N D408N,0.0005,0.0005,18,2895
TGTGCAGATTTACAGT,,0.0005,0.0005,18,2792
ATCCTGGTGCTGTTAC,N319Q,0.0006,0.0006,18,2758
AGAAGCTAAGCAATTC,,0.0006,0.0006,18,2726
ATACTAAAATTCTAAT,S121N,0.0006,0.0006,18,2725
TCAACCTGCCTATATA,F191Y,0.0006,0.0006,18,2724
ACCCTACTGGAAGGTA,A184T P236Y,0.0006,0.0006,18,2718
ATGTACAGACTATTTT,P236V,0.0006,0.0006,18,2682
TCGAAAATCTGTGAAC,V44C,0.0006,0.0006,18,2675
ACGTTAGAATGGAATA,M214C,0.0006,0.0006,18,2653
AACGTATAACTATAGA,,0.0006,0.0006,18,2651
TGCAAATAAAACACCA,,0.0006,0.0006,18,2649
TGAATGCGAAGTCGCC,T249E S392L,0.0006,0.0006,18,2640
CGCGGAATATCCTCAA,Q149H G174R,0.0006,0.0006,18,2622
ACGATTCCAGACCTTA,S199H,0.0006,0.0006,18,2614
AATAAGCAATGAAAAG,G181Y,0.0006,0.0006,18,2591
ACAGCAACCTTAAAAA,R193Q R325S,0.0006,0.0006,18,2590
TACGATTCGTCGACAA,S163N R379L,0.0006,0.0006,18,2584
GTCACCCGAGAAATAA,,0.0006,0.0006,18,2571
CGTGAACCAACTAATT,A343H,0.0006,0.0006,18,2569
CCTTTAAAATTAAGAT,,0.0006,0.0006,18,2548
CGGGAAGGGAGCCATC,I239L,0.0006,0.0006,18,2539
CGATCACAACTAAAGA,N119I,0.0006,0.0006,18,2528
AGTAAGAGCAGAATAA,,0.0006,0.0006,18,2513
GAGTAGGATACCTAAA,E228N,0.0006,0.0006,18,2504
TGCACTCATCAATGAA,S111V T376L,0.0006,0.0006,18,2488
CTCAACTTTCTAATAT,,0.0006,0.0006,18,2461
CATTTGCGTCTCATTT,E228L,0.0006,0.0006,18,2438
TACAATCCTTGGAAAA,G159W G186S I334L,0.0006,0.0006,18,2438
GAACGTTTAAAAATGC,,0.0006,0.0006,18,2390
AATACACACAAGATAG,T59K,0.0006,0.0006,18,2388
CCTCAAACAAATGACT,R248P,0.0007,0.0007,18,2330
CCATCATCGTACGCGC,,0.0007,0.0007,18,2282
CGCTGATATGTAACTA,A195G R491C,0.0007,0.0007,18,2282
AAGAAGGCGATCCACA,,0.0007,0.0007,18,2278
GCACTGATTTATACCT,,0.0007,0.0007,18,2259
TGACCCCAACTGATTA,G198R L326T,0.0007,0.0007,18,2215
CAGTCGGATATGTAAA,,0.0007,0.0007,18,2208
GAAAAGTTTTACACAC,M214I F233L,0.0007,0.0007,18,2170
GAACCCACATAAGAAT,,0.0007,0.0007,18,2142
CTGGACCCGCAAAACG,Y217T,0.0007,0.0007,18,2140
GGTGAAACCAAAATAA,L142M G391R,0.0007,0.0007,18,2139
TAACAAGGTCGGTGCG,,0.0007,0.0007,18,2129
CTTGTGATTAATGAAC,,0.0007,0.0007,18,2096
TTCTGGTTAGATTGAA,G484V,0.0007,0.0007,18,2095
TTTGGTCCCTTAATAA,,0.0007,0.0007,18,2061
ATAATGTACATTGATA,D211E T225S A328N,0.0007,0.0007,18,2048
CATACAGACTCATGGT,T40S M134R,0.0008,0.0008,18,2043
TTATATGTAGACCAGT,V65M W210L,0.0008,0.0008,18,2042
CGAATAACCTTCCTAT,H354G,0.0008,0.0008,18,2029
AGGTTTAAAAACATCT,V435A,0.0008,0.0008,18,2025
CACTCAGTGCCACATA,S199E,0.0008,0.0008,18,1982
ACCGAAATTAACTTAA,F436W,0.0008,0.0008,18,1977
GATTTATCGACACAAG,F140V,0.0008,0.0008,18,1969
TCGTGAGTTGTTAGTC,A330F,0.0008,0.0008,18,1920
ACATACTCTAGTAGAA,I411*,0.0008,0.0008,18,1903
GCATATTAAAAATTTA,,0.0008,0.0008,18,1900
ATTACGATTCAGGCAT,S216K,0.0008,0.0008,18,1866
ATTGCATATAATACAT,M214T,0.0008,0.0008,18,1860
AACGTTGAGTGTTCCA,I112T,0.0008,0.0008,18,1853
CAATACCGCATACTCA,,0.0008,0.0008,18,1809
GGATCTTCATTAGACA,,0.0009,0.0009,18,1793
ATGACTTGAAGGAGCT,W283S,0.0009,0.0009,18,1777
ACGTTATCGAGTCAAA,,0.0009,0.0009,18,1769
CACGACAGATAAAATA,,0.0009,0.0009,18,1766
AGCTCAACTGTACATT,D122E K339M,0.0009,0.0009,18,1763
TGCTCGACCTACAAAG,,0.0009,0.0009,18,1756
TGACAAATAACTGACC,A177K,0.0009,0.0009,18,1738
AAATCGGACAATTCAG,D156E,0.0009,0.0009,18,1730
AACTGAGTTTGACAAA,H471T,0.0009,0.0009,18,1704
ATAAAGAAATCACTTC,D175N,0.0009,0.0009,18,1700
GACATCTTAACAACGA,,0.0009,0.0009,18,1690
CTGCCTCATATGTCCA,E308S K451V Y480W,0.0009,0.0009,18,1666
CCTGATTTTTAAGGCG,T70M,0.0009,0.0009,18,1663
CATTACCAGACTTTCA,N90D,0.0009,0.0009,18,1660
CTTCACTTTTACCTCC,L61S,0.0009,0.0009,18,1659
GGGACAGTTTGCCCAG,N209E E289R,0.0010,0.0010,18,1612
AAGGGCTATTCTGATT,G98R,0.0010,0.0010,18,1603
CACAAAAGTGACCAAA,M96N E270Q,0.0010,0.0010,18,1599
ACGACGTAATTATTCC,,0.0010,0.0010,18,1583
AGGCCCCAGTCTTACA,R491P,0.0010,0.0010,18,1565
CGATCAGGTAGAAGCA,I201Y H374L,0.0010,0.0010,18,1562
TAGCTTACGCAACAAG,T263L D273F,0.0010,0.0010,18,1544
TACCCAAAAAAATAAG,Q189C,0.0010,0.0010,18,1543
GCCAAACATGATAAGC,E104V G159K,0.0010,0.0010,18,1540
TGGACTTGAACATTGT,,0.0010,0.0010,18,1533
TATTGCGATTTGGAAA,T77R,0.0010,0.0010,18,1525
AATCCCTACACCAGCG,H230K,0.0010,0.0010,18,1502
ACACTAACCTAAAGAA,L61V V183G,0.0010,0.0010,18,1501
CCACCACACCACTACA,D175S,0.0011,0.0011,18,1450
AGCTCACAAACCAAAA,H93Y,0.0011,0.0011,18,1448
CCGACCTTAAAAAGAA,,0.0011,0.0011,18,1444
TGACCAGATATTAAGT,S169E H179L,0.0011,0.0011,18,1434
GCGCATGTAAAAATAT,L29V,0.0011,0.0011,18,1415
ACTTCGAGCAAGAAAA,,0.0011,0.0011,18,1414
TTCCAATTCAAAGCAA,E104C R248W,0.0011,0.0011,18,1397
ACGAGGTACGAAGGAG,G102N,0.0011,0.0011,18,1393
TATGATAGATGGAGCG,E17Q,0.0011,0.0011,18,1386
TTTATGATACCGATAA,K88A,0.0011,0.0011,18,1385
CTAAGCCCTGATGACT,A195T T281S,0.0011,0.0011,18,1384
TAGCTGCTCGACCGTA,,0.0011,0.0011,18,1366
GTGATACAGTTAATAG,W227R,0.0011,0.0011,18,1346
CCCCAATACGTACGCT,A288L,0.0012,0.0012,18,1326
CGTTATCGAGCACCAC,I24A T101D A195T S267E,0.0012,0.0012,18,1292
TTGAACTGTTAGCAAC,I162V M332L,0.0012,0.0012,18,1269
CCAAACCTCGTAACTA,G64K,0.0012,0.0012,18,1264
ACTTATAGCACAGTGA,E228K,0.0012,0.0012,18,1241
TAATAATTCCATACAC,,0.0012,0.0012,18,1236
CAAGCACGTAACTGTC,S199R K272S K327S I334W,0.0013,0.0013,18,1226
ACAGCTGGTCCTTACC,N79T,0.0013,0.0013,18,1218
TGTCGCCTCAAGGGCG,,0.0013,0.0013,18,1206
TCTACGATAGCACAAT,,0.0013,0.0013,18,1191
TGTTGATATTGTTAAC,N148F N470T,0.0013,0.0013,18,1176
CTGAAGTTGATTAAAC,S267M,0.0014,0.0014,18,1135
AGTCCATCATGGCTGT,S154I,0.0014,0.0014,18,1126
GGGAAGTAAAATGCTT,S269M V485M,0.0014,0.0014,18,1120
AGGTATAGTTCTTACA,,0.0014,0.0014,18,1102
ATTACACTTCAAACAG,T261Q,0.0014,0.0014,18,1095
ATATATTAGACATACA,N390A,0.0014,0.0014,18,1090
ACCGAGAAGCATTTCT,S255A,0.0014,0.0014,18,1071
AAGTGTTCAGCACTTC,A340C,0.0015,0.0015,18,1026
ATAAACCAAGCTACAA,,0.0015,0.0015,18,994
TAAGATCGAGTCAAAA,Y200M,0.0015,0.0015,18,992
AAATTTAGAAGGCGTA,S143N,0.0016,0.0016,18,984
TCTTTCTTGACCAAAT,V183R D268P R325L,0.0016,0.0016,18,983
CTTCTAAATGCCGAAT,H354M,0.0016,0.0016,18,982
AACTTCGAATTCAAGC,R314S,0.0016,0.0016,18,974
GAATTGAACGCGACAA,,0.0016,0.0016,18,965
ATTCTTTATAACGGTC,G260L,0.0016,0.0016,18,953
AACAGTCAAGATCCAC,T249S S437T L479I P486K,0.0016,0.0016,18,938
ACACAATTATGCCCAG,,0.0016,0.0016,18,936
TTAAGAAGGGTAATTC,G174I S199G,0.0017,0.0017,18,915
ACAATAATTCTTACTA,,0.0017,0.0017,18,905
ATAGTTGAAGGCATTT,V28L R314K,0.0017,0.0017,18,892
TCAAATGTAAATGTTG,,0.0018,0.0018,18,873
TGAATAACCACTTACA,,0.0018,0.0018,18,852
AGGTTGTCACCAGGGA,Q189V N209Y,0.0018,0.0018,18,848
CCTCGATATATGGGAT,,0.0018,0.0018,18,840
ACAGACAACGTCGCCA,M332S,0.0018,0.0018,18,835
TAATGAGGTACGCGTC,E307L,0.0018,0.0018,18,829
AACAGCTTAATCACAT,T376E R491F,0.0019,0.0019,18,826
CAACAAGTCAACTATC,N114F,0.0019,0.0019,18,824
GACAATTATCTTGGAT,,0.0019,0.0019,18,824
GTAACTCATAACCACA,I445M,0.0019,0.0019,18,811
ATCAAGAGCATTCAGA,T274G,0.0019,0.0019,18,806
GTAGAAATCAAACAAC,Q165S,0.0019,0.0019,18,792
ACCTTACTTGTTCACC,E413L V459C,0.0020,0.0020,18,777
CTACGAGAATTGGAAG,A39R E329V I337V,0.0020,0.0020,18,777
AAGATAACCCCGTTCT,,0.0020,0.0020,18,773
CTCAATATAACCATAA,T110S,0.0020,0.0020,18,769
AAAGCGTGACCGTAAC,R248V P483V,0.0020,0.0020,18,767
ATAACACTCTGGCCGA,,0.0020,0.0020,18,755
CTCCACGACCGATTAA,L51C I334V N395T E418D,0.0020,0.0020,18,752
TTCCCAGTCTATAGTC,E104H P486S,0.0021,0.0021,18,734
GACTGAACACGGACTA,V435M,0.0021,0.0021,18,724
CCGCCCGTCCTTCCGA,G198D D204I A328N,0.0021,0.0021,18,716
ACCATTACTCAAGAAA,N178K V298M E303N R379W,0.0022,0.0022,18,685
AGCTCAAATCAGCAAC,I411F,0.0022,0.0022,18,685
TGTCGAACTCGGACTT,G64V E270V,0.0023,0.0023,18,673
TATATCACAAAGCGGA,S85I G174R G206L,0.0023,0.0023,18,665
AATAATGCCAAAGCTA,G243S G271S F293Y,0.0024,0.0024,18,645
GGAAAAGGATCAATAC,S60H I137L M153I P275F L442I,0.0024,0.0024,18,638
TCTCTCGCATATCCAA,C53L,0.0025,0.0025,18,613
GCACACTAACGAAGTG,H354V,0.0025,0.0025,18,612
AACATAAATTGTTCAT,H13S L61F I286S,0.0025,0.0025,18,602
CCGCGGTACCATCAAA,H13Y L349Q,0.0026,0.0026,18,598
ACGTTAAGCTTGATCT,K125G E421A,0.0026,0.0026,18,593
GCACCAACTGAAACGT,L220C,0.0026,0.0026,18,589
CACTTACGCGCATTTA,H179N R248L M472R,0.0026,0.0026,18,588
ACGCCCAATGGATTAC,D251K,0.0026,0.0026,18,586
GCTAAGAACCAAATAT,M153C Q218S,0.0027,0.0027,18,578
TACAACAGTTATACCT,,0.0027,0.0027,18,560
GACCACATGCACGCCA,I361S,0.0028,0.0028,18,544
ATCCTCGACCCAAACA,L46W I136W T274F,0.0028,0.0028,18,539
GTTTGAATGAAAGCGT,N209S,0.0028,0.0028,18,539
AGAGGAGAATCTTAAA,L68F F399E D402V,0.0029,0.0029,18,522
GATAGTATACAAATCC,A39N S333H,0.0029,0.0029,18,521
CTCCAAAGTCGACATG,Y129W I144M G197E N224K,0.0030,0.0030,18,509
TTAATAGTCTCTATCA,L188G,0.0031,0.0031,18,502
CGGCGACAGCGTATAC,L26Y A30V,0.0031,0.0031,18,497
GTGCCAGCAAATTGCT,F147S G260N,0.0034,0.0034,18,455
TACAAATACGCTTGCC,,0.0035,0.0035,18,434
AACCTAGGGTACTATT,S392T,0.0036,0.0036,18,429
CCAGCGTCGAAATCCA,Q232I Q335F I403F,0.0036,0.0036,18,424
GGGCTAAGTTACTACA,,0.0036,0.0036,18,421
CGTTTTGATACAGCCC,T377K,0.0037,0.0037,18,417
GTAGTACCATATTCCA,S143K,0.0038,0.0038,18,405
AATTGTGAAACACCTA,F38Y N127T Y278W,0.0040,0.0040,18,388
ATAAATGACGGTATAC,V187N S269W K304I,0.0040,0.0040,18,384
CTAAGGCTATGCCAAC,N342R S444R,0.0040,0.0040,18,380
CAATAGTGTGAGAGAG,,0.0042,0.0042,18,366
CTTCTCCATATCCACT,G198F T226R,0.0043,0.0043,18,358
TCAAAGATCAAAGGCT,N319H,0.0043,0.0043,18,358
GATCTGCGTTCTCTAC,C180P G208R C212N I252L,0.0043,0.0043,18,357
TCGTGATACGACTGGG,,0.0043,0.0043,18,356
GCGAAGTCCTTACACG,S476L,0.0044,0.0044,18,351
CAATCTAAGAGTGAAT,E10N R257Q,0.0044,0.0044,18,346
CAAAAAAATTTCGATT,I4L A297Q,0.0045,0.0045,18,341
TTTTCGTGAATGTCCA,G54V,0.0045,0.0045,18,341
CTCTCAATAGATCAGT,E16D Q69R E100K,0.0046,0.0046,18,333
ATTGTCCACAGACCGA,I113F G186* G460R G478V,0.0046,0.0046,18,332
CTAACCACCCGAGGGG,L78W H124N K300E,0.0049,0.0049,18,312
ATCTGCTGTTTAGCGG,E72N T454N,0.0049,0.0049,18,310
CAATCGAGAGTTTACT,L336Q,0.0051,0.0051,18,299
TACGGGTGACTCTCCC,N146L T225P C279L,0.0052,0.0052,18,293
ACCTTAGCGAATAGCC,V187F S444K,0.0053,0.0053,18,289
CGCAAGCAAGTGACAT,,0.0055,0.0055,18,279
AAAGTGCCATTGACCA,D122M L344P,0.0056,0.0056,18,273
CGAACCCCGGACGACT,I361H,0.0056,0.0056,18,272
TGACGAACAAATACCA,G2V,0.0057,0.0057,18,269
TTCTTAGGCCAAAAGT,L430F,0.0059,0.0059,18,261
GGTGAAGTTTTAATCA,I136L,0.0059,0.0059,18,260
GCCCCATCACCGCCCA,K417I,0.0059,0.0059,18,259
TCTCGCACCCCAACCA,T296Y K327S,0.0060,0.0060,18,257
CTACACTGACTATCTA,G64* T190Y,0.0060,0.0060,18,254
GGGAGTGAATCTAGTT,L394F L415K,0.0069,0.0069,18,222
TAATTCCTCTCCAGTT,G208* I213G H455Y,0.0069,0.0069,18,222
GCAATACGGCGGCGAA,H92V D156K G174T N209G S237*,0.0071,0.0071,18,217
TAAGACACTGATATAC,L68S G98V,0.0071,0.0071,18,216
TGAGGCAATTAGAACA,Q348R N390F,0.0071,0.0071,18,215
GCTCTTACTGAAAAGT,M75L N99K T225C T249S E303P H471E,0.0072,0.0072,18,214
ACTTTGTAAAATTACC,D432K,0.0074,0.0074,18,208
GTCAACGGTAGCAAAA,A173D G186D,0.0074,0.0074,18,206
CAACCTAGCTTCAAAC,L35A F49* L120V C155I A177T E307T T412S,0.0075,0.0075,18,205
GCATTATTCGTATAAG,N470C Q482F,0.0075,0.0075,18,204
TTCAGCAAAACACGAC,N470I,0.0076,0.0076,18,203
GAGTCAAATTAATCGG,E17A I113N S199R R248V,0.0076,0.0076,18,202
AGGTTGTCACCCGACG,T190L,0.0078,0.0078,18,197
GACTCAAAGATTGTAT,G186T A343P,0.0079,0.0079,18,195
CATGATTACCCACGAG,,0.0080,0.0080,18,192
CATGTAGAAAAAGACA,Q9S V18I S135C,0.0080,0.0080,18,191
CTGCAACGACCCAATT,R207I T215Y R282N E396V H448T K465H,0.0082,0.0082,18,188
TCAACCTTCGGAATCA,E303A I411K,0.0082,0.0082,18,187
CCGTCTGACGGAACCA,G243K C279L G478S,0.0084,0.0084,18,183
CCTGAGCACCGCAACT,T48K K161R S389D S462Y C475N,0.0084,0.0084,18,183
TTGAAGATCGGTCAAA,K116F Y369S,0.0085,0.0085,18,180
AGACGGTAACCCGTGA,L35S S199G T261A N295Q L394Y,0.0086,0.0086,18,178
AACCGGTAACCGGAAA,Q9V L51Q A173F F399Y,0.0087,0.0087,18,177
AAAGCCTCAAAGACCC,T40Q M134E,0.0087,0.0087,18,176
GAAAATATAGGTAAGA,E303D,0.0087,0.0087,18,176
GATCCGACCGCGACTA,K33F A184D,0.0089,0.0089,18,173
TTATCGCCGTACCAGC,M19E L32T M80L,0.0089,0.0089,18,173
AGTAGAAAGCAGAGGA,,0.0090,0.0090,18,170
GCATAAAGGTAGCATG,K63P T70V N209A F293V,0.0091,0.0091,18,169
ACTCAAGATTGAGGTC,E308M,0.0092,0.0092,18,167
CAGGTGCAACGATACA,H179D G208L W370V,0.0093,0.0093,18,165
ACGCGTCACACGAGGG,N109A Y441S,0.0094,0.0094,18,164
GGTAGACACTAACATG,D311N S333Y M351N P383S,0.0094,0.0094,18,163
TTGTTTTCTATACGAT,T110* Y129F A288L,0.0095,0.0095,18,161
AAACCAGTAGAAAGAA,L52A,0.0099,0.0099,18,155
TATAAATGAGCCTCGA,V22R G34D,0.0104,0.0104,18,148
CCCAAATGATTGGTGT,N185Y S439M,0.0106,0.0106,18,145
TGAAGTTAGTTACTTC,C385G,0.0106,0.0106,18,145
TCTCTTTCCTTTCTGA,R282F N409K,0.0117,0.0117,18,131
AACAAGGGTTGAAGCT,V341M D401R,0.0119,0.0119,18,129
TATACGATTTTATTTA,P12K N302H M359L,0.0122,0.0122,18,126
AGCACACAGTTATAAT,Y66E,0.0124,0.0124,18,124
ATAACTTCATCAGTAA,M1Y E151I G159A,0.0125,0.0125,18,123
TGATGGAACGGTTAGT,S255L,0.0129,0.0129,18,119
ACAGTTGGCGTTTGAA,R193S R256C Y371F R491E,0.0130,0.0130,18,118
TCACAAAATAGAGACA,C310S,0.0130,0.0130,18,118
CCATTCCGTGCCCGCC,V28C D156G S216F N365*,0.0131,0.0131,18,117
TAACCCAAAACTTCGA,,0.0132,0.0132,18,116
GCATCCATGAGCTGTA,G2M Y363M,0.0133,0.0133,18,115
CGACAAAGATTATCGC,L103D N365A,0.0138,0.0138,18,111
TAATGACTTATACCTT,C53V K125D S135R,0.0138,0.0138,18,111
GAGACTCTATTCGTCC,H131Y F157L C292G P383* L430S,0.0141,0.0141,18,109
ATTATGCACCGACAGA,Q69I,0.0142,0.0142,18,108
TCAGTCTTAAACCACT,C41P I337V M472I,0.0142,0.0142,18,108
CGCAACTAAATACCTT,V187P A202T L428G,0.0143,0.0143,18,107
ATACTGGAATCAGAAT,Q69K T226D K300N Q348C S389Y,0.0145,0.0145,18,106
AGATTAACGTATACCT,M75* R314Q,0.0146,0.0146,18,105
CAGTGACCAAACATTG,L43K L428*,0.0147,0.0147,18,104
TGCAATGTTAAATGTA,Y172* A176Y,0.0147,0.0147,18,104
TTTAATAGTCAAAAAA,F49R A132N,0.0147,0.0147,18,104
ACGTACTCTGTACCTG,M82K I162M Q218K N302Y,0.0149,0.0149,18,103
GAATTAGCCCTGTGAG,C86R C155H C231S Y366F S476P G484H,0.0149,0.0149,18,103
GGATGATCCAGGCACT,K417L V450R,0.0149,0.0149,18,103
TGGTATTCGCTCATTA,G42W T139G,0.0150,0.0150,18,102
ATCTTGCATGGCTTCT,V341D,0.0152,0.0152,18,101
CACACAAGGAAACTAA,L203M Q247W L259T C475W,0.0152,0.0152,18,101
TGTTCCACGCTTACAA,L133H R248G Y393L,0.0155,0.0155,18,99
ACAATGCCATCCCCTT,H92S A173R,0.0156,0.0156,18,98
ACTCAAAGTTAAACAA,G98S T263*,0.0156,0.0156,18,98
TTGAAACTAACCAGCA,T87W L387P R491E,0.0158,0.0158,18,97
CCTTAGCATGGCTTAA,F191C,0.0163,0.0163,18,94
CGTGCAACCCCGAAAT,S439I,0.0163,0.0163,18,94
AAGATCCCACGTTTTT,D156K F293D,0.0169,0.0169,18,91
AACATGACAATAAAAT,S27C Y150T L382I,0.0172,0.0172,18,89
TGCAATCGATAAAAAA,C475S,0.0183,0.0183,18,84
TGCAAGATATTACCAA,A25E N148Y D347K,0.0194,0.0194,18,79
ACAACCAATAAAAGCT,D317R,0.0199,0.0199,18,77
ATACAGACCTGATGAA,S85E W264K F399S G478N,0.0202,0.0202,18,76
AGCTAGTCTAATTCTA,R235S D251S G484P,0.0204,0.0204,18,75
CCACAACTAAGGATAA,E67S N158L R356N W386* L449G,0.0204,0.0204,18,75
ATTGCTGATCCCAAAT,M82R V97S M214T D273F V388W,0.0207,0.0207,18,74
AGAGTAAAGGGCGCCC,M1E K33W C53A L73V V97K I213N,0.0210,0.0210,18,73
AAAACTATATATAAAA,Y172S K272S D347C,0.0226,0.0226,18,68
GCTTCAGGAAGATAAC,N470L Q482N,0.0247,0.0247,18,62
GGTTTATACATCATCT,G240D V298L K339T E396D S444C R491*,0.0269,0.0269,18,57
GAATCGATGTTGAGAG,N185K,0.0357,0.0357,18,43
TCCTGCAAAAATCACC,L78N F140L A173K,0.0438,0.0438,18,35
TCTCGTTGGAGTCAGG,R193K D204A C212F Q232F Y393C,0.0511,0.0511,18,30
AACCTTTTAACCATAC,T48F F309Q L313S,0.0590,0.0590,18,26
TATCTTAGATCTTTTA,D402P,0.0613,0.0613,18,25
ATATATCAGAAGACCA,F140S C212Y S255H A297L D306T,0.0697,0.0697,18,22
CCCCGATATTATCTTA,T296E F434A C475F Y480V K481N,0.0697,0.0697,18,22
TCCGGGGATATCACAT,V28N,0.0697,0.0697,18,22
TGGTCTTATTCATCCT,L32P S135M S216T L313S,0.0697,0.0697,18,22
ATTCGACTTCATTATA,L51P H398L,0.0767,0.0767,18,20
AAAACTCAAGATGCAA,N20S F157Y I213N S237E,0.0807,0.0807,18,19
AAGTTAGAGAGGCTAT,A340Y L415H,0.0807,0.0807,18,19
ACCCGAAGTATACTGA,C385S,0.0807,0.0807,18,19
ATAGATACGAACTAGT,W264K P427Q,0.0807,0.0807,18,19
TGATGTTTCAGAGCGT,Y150* T226V,0.0807,0.0807,18,19
GCACAACAACCTTATC,I162M L188F W489N,0.0852,0.0852,18,18
TTAAAAGATTGATGTG,G197* N209T N353S P427L,0.0852,0.0852,18,18
AATCCACTTCGAAATA,C180F F191I I213M P383G T397V,0.0902,0.0902,18,17
ATCTCTCAAAAAGTTC,L103H S439A C475A,0.0902,0.0902,18,17
CCTATTGTGTAGAAGT,P12V L428V L469* Y480T,0.0902,0.0902,18,17
CGGACAGGATAGGGCC,K327H I411K,0.0902,0.0902,18,17
GCTCTGCAAATACAAT,G206Y G240Y R248I,0.0902,0.0902,18,17
AGATGAAAGCTAAATA,F147T L469M,0.0958,0.0958,18,16
CTGAATACTACGTATA,D156G A184V L285C V298M,0.0958,0.0958,18,16
TACCATCCTTATCATA,A30N F436I P483D,0.0958,0.0958,18,16
TTACAACTGTAGCTAC,T108I D156* H230S G260R,0.0958,0.0958,18,16
GACAACCGTATTTTTC,L107R A132T S216G,0.1022,0.1022,18,15
TGTCTGTCGATTCAGG,L336R E396F,0.1022,0.1022,18,15
ACAAAAGCTAAACATA,G34R V459R P464W,0.1095,0.1095,18,14
ACAATACGTCTAACTT,E16L Y150S R314L D357N,0.1095,0.1095,18,14
ACGCCACATACTACCA,L35R I112M C231E,0.1095,0.1095,18,14
GAACTACTCACCATCC,W370V,0.1095,0.1095,18,14
GGATCACGGGTCGTGA,Q223P K481L,0.1095,0.1095,18,14
TAAGCAGTGCCTAGAC,N127R Q348L,0.1095,0.1095,18,14
TAGAAGAGAACAGAAC,E10F T59L K304R L372R,0.1095,0.1095,18,14
TGATAATTTTTTAACG,K300L R422L G478E,0.1095,0.1095,18,14
CAGAGGAGTTTTCATT,I15S I24S A195Y,0.1180,0.1180,18,13
CATCTACAGAATGAAA,N114L F316N T375F,0.1180,0.1180,18,13
CCTCAGAGAACTAAAG,G34W N146S S163P F191*,0.1180,0.1180,18,13
GCACACTAACTCAACG,N185R P453R,0.1180,0.1180,18,13
TGCATACTATCTGACG,H170G V183R G391*,0.1180,0.1180,18,13
ACGGGCCTGTGGGTGA,T110P G181L W264C C477L,0.1278,0.1278,18,12
AGTGACCTATCTTGAG,F140D,0.1278,0.1278,18,12
CCAAATAGCGCACAAT,V5Y L372M R468Q,0.1278,0.1278,18,12
CTGCAATCAATGGTAA,L142S P453L N470R,0.1278,0.1278,18,12
GTGTGAATGACAGCAT,S135* Y369F,0.1278,0.1278,18,12
TAAAACCTAAGTATCA,T106H S255Y,0.1278,0.1278,18,12
AATGTTATTCATAACT,I4F N37L L142G W489N,0.1394,0.1394,18,11
AGCCAAAATTAACTCA,L78P G208T E418Q,0.1394,0.1394,18,11
AGCGAATGGTTTCCCT,Y369* Y480K,0.1394,0.1394,18,11
CACATAAGCGATTCCT,A39L S56C F147L K300N R422L I452G,0.1394,0.1394,18,11
GAGAGACATAAGCAGG,N224T S234V,0.1394,0.1394,18,11
GGTTTAAAACCTAGTA,H457K,0.1394,0.1394,18,11
AGATCATCCATTCACA,C57S A343T E418Y,0.1533,0.1533,18,10
TAACGCACGATTAAAA,C292G,0.1533,0.1533,18,10
TTAGTAACCAGCGATC,S27K M134L N158Y R422Q L430F,0.1533,0.1533,18,10
CAATAATGAAGAGACA,F8M L46K E287W K461W,0.1704,0.1704,18,9
CCGCTGACTCAATACG,K88T H124S,0.1704,0.1704,18,9
GAAGACTTTCATCTAG,P466C M472A,0.1704,0.1704,18,9
AATCATGCTAACATCC,E151I D311V H471C K481R,0.1917,0.1917,18,8
AATGCTGGTATATGTC,R256W,0.1917,0.1917,18,8
AGAGTTGAGTGAATCA,Y150V H170L W264R P275I K327C M351I,0.1917,0.1917,18,8
GAAAGAAGATTGAAAA,Q3I A25E E151V D273F I286N,0.1917,0.1917,18,8
TACCATAATCTATGAG,L50F K88A R250C S389V,0.1917,0.1917,18,8
TCTAACGTTATCAAAT,I221H F316R,0.1917,0.1917,18,8
TGTTTGCCATAAAAAA,H179Q L266Y F293T,0.1917,0.1917,18,8
TTGTGAACCCGCTTTA,F8N A123N R207F E308L L326E,0.1917,0.1917,18,8
GTGCAATTCCCTCAAA,P83S T274S,0.2191,0.2191,18,7
AATGTAGATGGATAAC,L23R E404R,0.2556,0.2556,18,6
ACAAGACCTAACGCCA,S56L,0.2556,0.2556,18,6
AGACGGTCGTCGCAAC,Y66Q I201D E303M L428P,0.2556,0.2556,18,6
TCCCACCTGCACTTGT,F440K,0.2556,0.2556,18,6
AATGGCCCCTAACTAC,C212L Q324N,0.3067,0.3067,18,5
AGGTTCTACCATACAG,T375W,0.3067,0.3067,18,5
CGCCCCAAAAACCCCG,V14R L313S M332H,1.0000,inf,18,0
ACCTATAAAAGCTAAA,,0.0003,0.0003,17,5334
GTTAAACGCACAGTTT,Q149Y,0.0003,0.0003,17,5191
TTGCGACGACCATAAA,,0.0003,0.0003,17,5094
ACAATAATCGTGCATA,K126N D268N,0.0003,0.0003,17,5067
TATGAACAAATAACAT,A202S,0.0003,0.0003,17,4774
TCATGTGGTCGGAGTA,Q149D,0.0003,0.0003,17,4182
TGTACAAAACAAAAAT,H92A,0.0003,0.0003,17,4159
CAATTACCATCCTCTA,Q149R M472L,0.0004,0.0004,17,4030
GATAAGACTAATACAT,D175F,0.0004,0.0004,17,4030
TTGTGGCAAGAACGAG,L32M H230N Q331R,0.0004,0.0004,17,3882
ATGAAATATGACCATA,Q69H V164L M192T,0.0004,0.0004,17,3693
TACGCAGGTACCTAAG,,0.0004,0.0004,17,3684
CAATGCGGAAAAAAAC,,0.0004,0.0004,17,3627
TCAAAAATAAATTAAA,,0.0004,0.0004,17,3618
ATGGTCTATACTACAC,Q232R,0.0004,0.0004,17,3579
ACACGATAAACTTAAA,H131N Q331H,0.0004,0.0004,17,3393
GCCTCATAGCACTGTA,G181C R207D,0.0004,0.0004,17,3306
AATAACACACACGAAA,D229N,0.0005,0.0005,17,3179
CTAGGCACCGGAAGCC,S85I,0.0005,0.0005,17,3153
TGGCTATCACTCTAAT,T182C,0.0005,0.0005,17,3074
AAATGACCGGCAATGA,S255G,0.0005,0.0005,17,3008
CCGCGCCCGGCTGGGC,A288G,0.0005,0.0005,17,2983
ACCACGATACAAACTT,N395P,0.0005,0.0005,17,2929
CTAGCGGATAGTCTAG,,0.0005,0.0005,17,2869
TGTTCGTATGCACAGG,,0.0005,0.0005,17,2865
CAAGCGTGCATATTCT,,0.0005,0.0005,17,2848
GGAAACAGTACACGCC,A132Q,0.0005,0.0005,17,2843
TGAACGACAAGAGACT,E303G G378H,0.0005,0.0005,17,2842
TGTCGCAGAAATTAGT,,0.0005,0.0005,17,2798
CCATCACCAAGATCAA,M351I,0.0005,0.0005,17,2752
AACAGCAGAACACATA,D156N,0.0005,0.0005,17,2691
GGGAAATGGGCCGAGA,G208M T225C A328W,0.0005,0.0005,17,2680
TATCATCATAAATTAT,,0.0005,0.0005,17,2670
TTCCCAGGCTTGCGTA,,0.0006,0.0006,17,2627
ACCACGGCATGTACAA,,0.0006,0.0006,17,2624
TTGCCTGTATTAGGAC,I474L,0.0006,0.0006,17,2622
CCGGCCCTCGTAACAA,,0.0006,0.0006,17,2550
AACAAAATGAACACTG,,0.0006,0.0006,17,2471
ACCCAACAGTTATCAA,L128I E270M N373E,0.0006,0.0006,17,2457
GTTACACCTGAAAATG,,0.0006,0.0006,17,2453
ATAGGAAAACTCTTCC,S269G A330Q,0.0006,0.0006,17,2422
GACTACTGATAACAAA,K417A,0.0006,0.0006,17,2376
TTGATAGATCAGCTCG,,0.0006,0.0006,17,2345
ATCAAACGATGGGGCC,,0.0006,0.0006,17,2344
CAATGTTTCGTTATAT,G159D V183I T296L A330V,0.0006,0.0006,17,2328
CTAGCGTTCTTCAGAA,I337F S437C,0.0006,0.0006,17,2326
ATAAACCCGACTGGCA,T274Q,0.0006,0.0006,17,2319
CAAACAAAACAACTAT,A39S E67Q,0.0006,0.0006,17,2294
TTGAGTTTTGTTACTA,,0.0007,0.0007,17,2170
TAAGTGAAGAACTGCC,V14A,0.0007,0.0007,17,2144
ATACAAATATAGTTAC,L447S,0.0007,0.0007,17,2110
GCTATAAGACATACAA,,0.0007,0.0007,17,2101
GATTGCCCCCTCACGT,,0.0007,0.0007,17,2100
AAAAGACCACCTCCCT,,0.0007,0.0007,17,2089
ACCAATAGAGACTCTG,,0.0007,0.0007,17,2087
ATAAGCCTGACTACAA,K88G G198Y Q324F,0.0007,0.0007,17,2073
AACCTAAGAATTACAC,,0.0007,0.0007,17,2068
TAGCCCCTAGTAGTAG,L71T,0.0007,0.0007,17,2068
GTGTCAGAATGTGCAG,,0.0007,0.0007,17,2060
ATCTCTAAGCCCATCA,,0.0007,0.0007,17,2055
CAGCGAATTACTAGAG,G159Y G208N,0.0007,0.0007,17,2051
AGTTAGGGCGTACTTT,N79I S269V,0.0007,0.0007,17,2035
CAGTTAGCCAAAGCCT,K161I W210L,0.0007,0.0007,17,2026
CTCGAGTAACCCATAC,,0.0007,0.0007,17,2016
TCCGACAATACGCACT,R379K,0.0007,0.0007,17,2014
AGACCTATCAAAGTGA,N158Q,0.0007,0.0007,17,2012
AATGCGGCAACAATAG,,0.0007,0.0007,17,1963
GAATTCAACCAGGTAT,,0.0007,0.0007,17,1961
CATTGAAAGCGTCACA,S199I,0.0007,0.0007,17,1944
AGTCACGACGAAACTG,,0.0007,0.0007,17,1941
TTTGATACTACCCTGA,F38S D175S,0.0008,0.0008,17,1926
ACATTAAGTCGCATGT,V31D N74Y D130S M420L,0.0008,0.0008,17,1921
TCACCTTCCACCGATG,T110Y W227L,0.0008,0.0008,17,1918
TACCTCTATTTGCATA,K327E,0.0008,0.0008,17,1915
AAGACAGTCGTTAAGG,A30S,0.0008,0.0008,17,1881
ACAATACAAACATGCT,L71I,0.0008,0.0008,17,1879
TTTCTATACATTAGCA,D408V,0.0008,0.0008,17,1844
CGCAATATAACATATA,,0.0008,0.0008,17,1832
AATTGCTTTCTCCGAT,L51S,0.0008,0.0008,17,1831
CTTACATTCAGAAAAT,G181L,0.0008,0.0008,17,1820
TTCATTTATCTCGAGT,V14F S246V,0.0008,0.0008,17,1792
AAAAACGAAAGCTAAC,I345L,0.0008,0.0008,17,1768
ATTCAGGGGCCCACCA,,0.0008,0.0008,17,1738
GTTTTCACAAACCATA,H179R M351I,0.0008,0.0008,17,1737
TATAAATAATCTGATA,,0.0008,0.0008,17,1737
AAACATTAATACCACA,Q223M,0.0008,0.0008,17,1725
CCTCTTTTTACGTAGC,H354W,0.0008,0.0008,17,1707
CATAATCACCTGAGAA,L258M,0.0008,0.0008,17,1706
ACACTATTTTAGAAGA,,0.0009,0.0009,17,1674
AGCTCGGCACGCGAGG,,0.0009,0.0009,17,1674
GTTATAATGGACGGCT,,0.0009,0.0009,17,1671
TCCTTTATATCAAGGA,D130Y,0.0009,0.0009,17,1670
ATTAGAAAATATCGCA,,0.0009,0.0009,17,1667
TCCAACGCACATTCTA,K465R,0.0009,0.0009,17,1663
AGTTGACGAAAAGCGT,N178K,0.0009,0.0009,17,1627
TTTCATAAATAAGAAC,T274S,0.0009,0.0009,17,1606
CCTCACGAGGGGGGCG,L107M,0.0009,0.0009,17,1605
ATAAAAAAACCAAATA,D175S,0.0009,0.0009,17,1584
CGATAACAGGGGACAT,,0.0009,0.0009,17,1579
TGAACTTCTCAGGTTA,,0.0009,0.0009,17,1574
ATAGTCATCAGACAAT,,0.0009,0.0009,17,1567
ACAAATATAACAAAAC,,0.0009,0.0009,17,1565
TACCACATTGGCCGAA,T59E L336T,0.0009,0.0009,17,1540
TGCTAGTTGTACCCGA,,0.0009,0.0009,17,1540
ATATCCAATACCGTCG,S389M T426L,0.0009,0.0009,17,1536
GGGATGTATAATTTCA,,0.0010,0.0010,17,1522
AGGGTCAGCTGACGAA,S135D F157T,0.0010,0.0010,17,1501
AACATGCCAGAAACAG,,0.0010,0.0010,17,1450
CCAATAGATAGTATAG,Y253H,0.0010,0.0010,17,1450
ACGAAATCTAAGCTAA,L32S,0.0010,0.0010,17,1448
CATATTTATCCCGGAT,D273V Q482M,0.0010,0.0010,17,1448
CAGTTATTCAAGTTAT,,0.0010,0.0010,17,1441
AACTCATTCCCAAAAA,G198A R207N F262Q Q335T,0.0010,0.0010,17,1422
GTCTCACTCTAGCCGT,V298I K304L,0.0010,0.0010,17,1392
TAACTACCATTGACAG,F436M,0.0010,0.0010,17,1384
GAGTTAAAAAAACCCC,L203N,0.0011,0.0011,17,1371
CGGACACGAAACCACG,,0.0011,0.0011,17,1358
GAACAGCACCTAACCT,,0.0011,0.0011,17,1357
GATGGCCCCAGCGAAT,K461F,0.0011,0.0011,17,1352
ATACACGAACAATTGC,T81S I474E,0.0011,0.0011,17,1349
AAGTGCCGAGAATATA,,0.0011,0.0011,17,1329
ACCTTCATGTGCCACC,,0.0011,0.0011,17,1326
CTCTTTCAGGTGAACA,H131M S199Y,0.0011,0.0011,17,1324
TGGCGGAGTTAGATAA,I221V E228M,0.0011,0.0011,17,1320
ACAGGAGGGTCGTGTG,,0.0011,0.0011,17,1304
AGGGAAATATCCGGCC,A173G,0.0011,0.0011,17,1278
TCGATGGAAAATATTA,,0.0011,0.0011,17,1269
TTACACGAATGGCAGA,,0.0011,0.0011,17,1268
TCAGAACAGGGTTATA,Y200S G240T,0.0012,0.0012,17,1252
AGCAAACAGCACTAAT,,0.0012,0.0012,17,1249
TAAGTGTTAAGCAAAA,M284L,0.0012,0.0012,17,1248
AACCCCACACCAGTAT,V22M,0.0012,0.0012,17,1236
TTCGATGACCGCACCA,A184V P486S,0.0012,0.0012,17,1222
AACATAGACCTAACAA,D229L V431M,0.0012,0.0012,17,1203
TAGCCCTCAATTTTTA,M19V S163L D175S T438L,0.0012,0.0012,17,1168
GAGTAGACGAACGTTC,T87L N99R A177S,0.0013,0.0013,17,1149
CGCAGTAAATTTAGAG,S333C Q406V,0.0013,0.0013,17,1141
GAGCCTGATATAGTGT,,0.0013,0.0013,17,1137
ATTAAAGTTAAACCAC,G208S I213M,0.0013,0.0013,17,1118
TTATGTGACGTTACTT,N99P I113M H374T,0.0013,0.0013,17,1109
CAGAAAGAGAAAAATT,D211V,0.0013,0.0013,17,1099
CATCCCGAAACGAAAT,,0.0013,0.0013,17,1095
AGAAAAAAAATAAGCG,N109D K481N P486S,0.0014,0.0014,17,1070
TCATACGACTATGAAT,G174N,0.0014,0.0014,17,1062
TTGTCTAATACATTTC,A152H T380K,0.0014,0.0014,17,1060
ACGAAATAAGACCCGA,,0.0014,0.0014,17,1057
CTCCAGAACCACTTCG,L315V,0.0014,0.0014,17,1034
TGGGTAAAGCGCGTAA,L35I I403L,0.0014,0.0014,17,1025
GACTGCGTCATAGAGA,,0.0015,0.0015,17,987
TACCCCATAAATATAG,,0.0015,0.0015,17,983
TGGACCTATTGGTAGC,D229N S400M Q416E,0.0015,0.0015,17,976
AATACCTTAAAGCTGT,T139N K488D,0.0015,0.0015,17,973
TCCACTCATGTACTGA,G484Y,0.0015,0.0015,17,972
CCAGGGTGCTCGCGCT,W283L S389G,0.0015,0.0015,17,971
GTAGAATTTAGATTCT,L442A,0.0015,0.0015,17,961
GATTTGTAGAAATCAG,S476N,0.0016,0.0016,17,930
TCAACGAGAATACCTG,M82Y D402E,0.0016,0.0016,17,925
ACGTCGCTTTCTGGAC,,0.0016,0.0016,17,918
AGCACTGAATCGGATG,F233L,0.0016,0.0016,17,915
ATTTATCCCCGCTCTT,R356M,0.0016,0.0016,17,912
CCAGTGTATATCCTGA,,0.0016,0.0016,17,911
GTGCAGTAATAACAAT,S111N I443L,0.0016,0.0016,17,911
TCTTCTAAGTCTTCTA,,0.0016,0.0016,17,900
TTCATCCAAACGGCGG,,0.0016,0.0016,17,889
TGATGAGAACTGCTTA,,0.0017,0.0017,17,874
CTTTCGAATTCCTGCG,V298F,0.0017,0.0017,17,868
TAAAATAGGAAACATA,,0.0017,0.0017,17,867
TGAGAGGTTTTCCAAC,T101H N178F,0.0017,0.0017,17,859
ATCAACCGGGCGCATA,G160L,0.0018,0.0018,17,804
GACCAATTCTCTAAGG,G181V Q223I,0.0018,0.0018,17,797
ATTTGGCACAGCACAG,,0.0018,0.0018,17,795
ACTTGCAACTTCGCAA,S154M,0.0019,0.0019,17,776
ATGGTGGCACTTTCCC,V5F I113M S216N E287Q L433Q,0.0020,0.0020,17,730
CTTGCAATATTCAATC,,0.0021,0.0021,17,699
GTATTGAAATGGGTTC,G276S P453K,0.0021,0.0021,17,699
GAGAAAGAAAGTCGGG,A123S V164K K368E,0.0021,0.0021,17,688
ATCAGTATGACGTCGG,L103F,0.0022,0.0022,17,670
TAGGTCTACTAGATCC,T48F M96T,0.0022,0.0022,17,669
GGTCAGTGCGTTGATG,M96W I337T,0.0022,0.0022,17,661
AGTAAGGCACGCATTT,S267G K352L,0.0022,0.0022,17,647
TAATCAAATAGTATCT,K451L,0.0022,0.0022,17,645
AAATATTGTTAATACC,S135A G484D,0.0023,0.0023,17,643
GGGACTACCAACTTTC,,0.0023,0.0023,17,642
CCCTGACAGAACGCAA,L61F,0.0023,0.0023,17,641
CACACCCTGGAGAACG,F8M F38T I213A,0.0023,0.0023,17,639
TATCTTATCAATATAA,,0.0023,0.0023,17,634
AGACAATGGGGGTGAT,N148Q K481F,0.0024,0.0024,17,605
CCCCCGACGCCTCAAT,,0.0024,0.0024,17,603
CCAAACATTTTGAAAG,A123F,0.0024,0.0024,17,602
GTGCCCAAATAGCGAA,Q482K,0.0024,0.0024,17,599
GCACCACAGTTTCCAT,M1W R248S,0.0024,0.0024,17,593
CGCTCAGGAGCCCCTG,,0.0025,0.0025,17,569
CTGGATTGTTCCATAA,H131A,0.0026,0.0026,17,560
TTAGATGAAATCGCTT,A297E,0.0026,0.0026,17,560
CTGAATTTAGAGATAT,I201S H230D P483M,0.0026,0.0026,17,549
AGAATCGAGTCGGAAC,L105T H179T D401H,0.0028,0.0028,17,509
GTCCGAAGATCACAGG,W264V,0.0029,0.0029,17,507
TTCTGCGGGATACAAA,N148H R193E,0.0029,0.0029,17,506
GCACGCCGAGTTATGA,Y172N T215L E303A,0.0029,0.0029,17,500
CTGCTCATTCCTCTAA,A343P,0.0030,0.0030,17,484
CCAGATAGAACTAGCT,W386P,0.0030,0.0030,17,480
AATTACCGTTACGTCC,H354K,0.0030,0.0030,17,478
TGAAATATAGTTTATA,G64F,0.0031,0.0031,17,471
GAAACCAATATCTGAC,G174F,0.0031,0.0031,17,469
ACTTGATCTCCCACTA,D175V H179Y L285M,0.0032,0.0032,17,455
AGTACCAAGCAGAACC,N74A Q232N,0.0032,0.0032,17,453
CTCAGCTCTCGCTGAC,Y94I V164E M214* I337T,0.0033,0.0033,17,437
ATTGCTCCTTACTTGA,F157V K339D,0.0034,0.0034,17,431
TGCCATGATATTATTG,N79D I445C,0.0034,0.0034,17,427
TGAATAATGATAACCT,I403M L469V,0.0034,0.0034,17,424
GGAGGATTGACGCTTC,S85F Q189M D229V K291L,0.0034,0.0034,17,423
TACGGGCACCAAGTAT,K63I I201S K304M I323L,0.0036,0.0036,17,400
CCATGAACCTGTTCCA,R250S F440V,0.0038,0.0038,17,379
ACGACCTCGACTTGCT,C212R,0.0039,0.0039,17,369
TGAACGATATAATACC,L105I,0.0042,0.0042,17,348
AAGGACCTCCACCAAA,C53I M134V T397A,0.0042,0.0042,17,343
ATATTAGACCGGGGCA,H93Q,0.0044,0.0044,17,328
AAGAAATATATACTCA,N178D W264A C385I,0.0050,0.0050,17,290
TTCAGAGCAAGTAGGT,K33M S138G,0.0050,0.0050,17,287
GAACCCAACTTATACC,N302M Y371S,0.0051,0.0051,17,282
CTAATAGACCCATTGC,M153L D229P F446*,0.0052,0.0052,17,277
CTCCCTAGACAGGTAT,W264Y V435L,0.0052,0.0052,17,277
AAGGTGTCCAGAGGTT,W196Y T376H,0.0053,0.0053,17,275
ATCCGAATTAGCGCAC,,0.0054,0.0054,17,267
GAAGTCTATTGTAACA,L220P G240E C279I S367R P483L,0.0055,0.0055,17,264
GCACTCACAGATAACT,D251T L442F,0.0055,0.0055,17,264
ACAAACAAAATGTCAA,N90T T182D V187D I252S G271A K481H,0.0056,0.0056,17,257
ACCTCCAGATCATAGA,,0.0058,0.0058,17,250
AAGCTCAAAGGATGCG,T6A W196I C301K N346*,0.0058,0.0058,17,248
CCCCTACGCGAGTATC,Q9H L415Y,0.0059,0.0059,17,247
CCCGGGCCTACAGAAG,C57K,0.0060,0.0060,17,243
TCGCCCAACAAAGAAA,L355D L442W,0.0062,0.0062,17,235
CGGCCTGGGGGTCATC,Y62H L349E,0.0062,0.0062,17,232
CTGTAGCAAAAGTTTT,F38W V164M D175L Y200S R207V D347R,0.0062,0.0062,17,232
AGTACCACGAGTCGGG,I4R G378K,0.0065,0.0065,17,223
ATGAATCGATGATAAG,A202L,0.0066,0.0066,17,220
CAAGGCAAAGACTGGC,K272E L344R,0.0066,0.0066,17,219
GCCTAATCTCCGAGCG,G98S K126S I136L D156S S163Y E329T M420L,0.0067,0.0067,17,216
TACCGCGCAGGATAGC,N148A,0.0068,0.0068,17,214
ATGACGAAGGCATGGT,M82L Q321C C385L,0.0068,0.0068,17,212
ATAGGCTAACGCGAGT,C212R Q348M G484*,0.0069,0.0069,17,210
CCAGCTGACTCAGTAC,T101R W196R K272M V298D V341K T397H H457P,0.0069,0.0069,17,209
CAAAAAATCTGTGGCA,A39E G159R,0.0070,0.0070,17,207
CAGCTCATACCACTAT,M80Q Y419S,0.0072,0.0072,17,202
GAGAAAAAAAGAAATC,T261D K384S F399Y,0.0072,0.0072,17,200
ACCCGCAATATAATAT,M192L P383C,0.0074,0.0074,17,197
TGCAAAAATAGCCAAT,L46T N119G Y366L V431M,0.0074,0.0074,17,196
GCTTTCCAAACATCCC,A39V E67R G360R,0.0074,0.0074,17,195
ACCCTGACGTCCTGTC,N37Y,0.0077,0.0077,17,188
CTCTCAGCTTTAACTG,L107S,0.0077,0.0077,17,188
CAGAATTTAGTATTTC,V11* N353M N390H,0.0078,0.0078,17,185
AAGAGCACCAGTATTT,N148G,0.0079,0.0079,17,183
TCCCTACGAGAAGCGG,I445R,0.0080,0.0080,17,182
ACATTTTTGCAACCTC,L120Y I213W,0.0080,0.0080,17,181
ACTGCACAGACCTTTC,H141P A343S V388L T454C,0.0081,0.0081,17,179
TGCCGGATATATATAA,Q3I M192T,0.0081,0.0081,17,179
CATAACAAAAGTCCTG,V22W W196K,0.0082,0.0082,17,176
CGATTGTGACGCCGAA,F157R I201T Q232M M410P,0.0082,0.0082,17,176
TTATGTTAATAAAAAA,Y363T S400L V435E,0.0086,0.0086,17,168
AAAATCATTCGCACAT,V47D D273S N319S L449P,0.0089,0.0089,17,162
ATTAACCTACTCTATA,T59H T438R,0.0097,0.0097,17,149
TTGGTGCGCTAGCCTC,Q3L G34A,0.0100,0.0100,17,145
AAAGAATAAATTAAAA,L84F S381R G391F,0.0101,0.0101,17,143
AGAAATAATGATGGAA,L355A,0.0103,0.0103,17,140
CATTGCTTACCTACGT,V44S C212S,0.0103,0.0103,17,140
TACAATTAATATACAT,N79T K125F D268A M351T K481V,0.0104,0.0104,17,139
CAGTACCGTATTCTTA,E67M S255F L447W,0.0107,0.0107,17,135
AAGTTAAAAGTTAGCC,A297S,0.0109,0.0109,17,133
ACACTACGCTACAGCC,W264P A407V,0.0109,0.0109,17,133
GACTATATAATTAAAA,Y200L N346D W370F,0.0111,0.0111,17,130
ACTCATCCACTTTATG,Y172*,0.0112,0.0112,17,129
TAGTCCCCTCTTAACG,S111W T190* S199F W489L,0.0114,0.0114,17,127
TGTGTATCAATTAAGA,W196V N373F,0.0115,0.0115,17,126
CAGAAACCTCTCGTCA,L142Q L344Q I361V N373R S381T F436S,0.0116,0.0116,17,125
CATTACAGCATCCGCC,L29V I144N,0.0116,0.0116,17,125
CGTAACAGGAATTGAA,E67Y T225I S267V I337N L442R,0.0116,0.0116,17,125
TTGGATATGGAACATG,V5D G277L,0.0116,0.0116,17,125
AAAAGCAATTTTATAT,M1R V485L,0.0118,0.0118,17,123
TCTATGGCAAATATTT,L73W L355G,0.0119,0.0119,17,122
ATTGTCACATAGCGCT,W386M,0.0120,0.0120,17,121
CGTTTAACCATGATAG,V5R F8H Y393T Q405S,0.0123,0.0123,17,118
TGGAACTCTGCTTAAG,C57G D130L K291R,0.0123,0.0123,17,118
ATCACTGACAACTCAT,G271R A299I P486T,0.0124,0.0124,17,117
CACGATAGATGACAAA,S27N Q223Y R257* K417P P486A,0.0124,0.0124,17,117
CATAAATTTCTTTCCG,V47* L336M,0.0125,0.0125,17,116
CGAGAAACTGGACTAG,G98N S111H T225R L469I,0.0126,0.0126,17,115
GGGCCAATTCAGGCTA,E308L G378*,0.0129,0.0129,17,112
GATGATATAAACATTA,R356N Y366P,0.0130,0.0130,17,111
TTGCTCGGACCAAATC,Y200C R235L,0.0130,0.0130,17,111
AAGAGGTTCACTGCAA,S27Y G42S,0.0133,0.0133,17,109
GCTGAATCCAAAAAAA,S216R F399I Q405A S476G,0.0133,0.0133,17,109
TTAACTTGCAGATAAA,T377A G460R,0.0134,0.0134,17,108
GTAAGCGCTTGAAAGT,I112F G260L V435S,0.0135,0.0135,17,107
GTTCATAAGCTACTTA,I252M V298P N338G,0.0135,0.0135,17,107
TCATGATACTTCCAAT,L73R H115L,0.0135,0.0135,17,107
TCGAAATTAAACGAAC,M1R E270M,0.0135,0.0135,17,107
CTACTAACGAAAATTC,D175P P427G,0.0137,0.0137,17,106
CACATTCTCACCAAAG,I15* L51M S205Y,0.0138,0.0138,17,105
CCTTAATACCTTGAGA,N90* Q218L G391K P483R,0.0139,0.0139,17,104
GCAAGGGGCCGAAATT,S246I K291P T426Y,0.0139,0.0139,17,104
TCATCATAGGAATGAA,S91I,0.0139,0.0139,17,104
TTGCGACATAGACCTT,V47A I254G L415M,0.0139,0.0139,17,104
CTATCTGGTTCCTAAA,L46F T58M F140D M214I,0.0141,0.0141,17,103
CAGATCAGAGGATGCT,S205R R235G I411A,0.0145,0.0145,17,100
ATCACGGGTCTGGGAC,L52P L344W E396L,0.0146,0.0146,17,99
GTACCTGTAATAACAT,L258E,0.0146,0.0146,17,99
AACCTATAATCGAGTG,V14G W210K,0.0148,0.0148,17,98
AGAGTAAAATCATCAT,F446T,0.0148,0.0148,17,98
GAGACCCACTTAGGCT,K126Y T190N,0.0148,0.0148,17,98
GGTAATATTAATCAAT,L105Y N319S Y480T,0.0148,0.0148,17,98
GTAATGAATGTATAGC,M82* N319S,0.0149,0.0149,17,97
TACCTTTAATAAGACA,L73M L78T I221L N390R P453A,0.0151,0.0151,17,96
GCTAAACCGGAGAATT,Q232G S237F G260S,0.0154,0.0154,17,94
AAATCGATTCAAATGC,T274S H455S,0.0156,0.0156,17,93
AAGTCAATTCACTCCG,D273N R356Y R468T,0.0156,0.0156,17,93
ATATGACCTAAACGAA,F49H I162T G378L Y419T,0.0156,0.0156,17,93
ACGCCGCCCTAATACA,F117D T215M T281C G429S H467Q,0.0157,0.0157,17,92
TGTTAACTACCCACCA,N74P M420S V487F,0.0157,0.0157,17,92
CGGGGATACGCCCTCT,L43R C155N V164I A202V D229S,0.0159,0.0159,17,91
GACACCCAAACCATCA,T58M D204C K368Y P486S,0.0159,0.0159,17,91
ACACTTAAAGCTTTAA,G174C L258T,0.0163,0.0163,17,89
GCCCATAAATCTTACG,V298A L433*,0.0163,0.0163,17,89
TTTCTTGCGAGCACGT,W370N Y419F C463N,0.0163,0.0163,17,89
CCAAACGTTACAATGG,Q335Y Y363A Q406N,0.0166,0.0166,17,87
AAACCGAAAACAAACT,A202T F233G L349R,0.0172,0.0172,17,84
ACCAAGCTCCCGAAAA,M1R A25L L46E L128N E287*,0.0174,0.0174,17,83
AACCAAACGTGGCACT,T106W C180* C231W,0.0177,0.0177,17,82
AAAATTTTGCAACAAA,L84R K88D F140C T375R L382S,0.0179,0.0179,17,81
CTGGTAAAGCAATTGC,K425C,0.0179,0.0179,17,81
CTTGCGCAACGTATTA,I337R,0.0186,0.0186,17,78
AAGTAAACGTTTAAGG,Y166E L313Q,0.0207,0.0207,17,70
ACGTAAGCACTCGCAA,R256K,0.0223,0.0223,17,65
GTTGCATCTAAGAAGA,N224S M312S M332Y,0.0234,0.0234,17,62
ATCGTAGAACACTGGG,T215I Y369H,0.0237,0.0237,17,61
TCACGTTTTATTCAGA,H374F F434G,0.0245,0.0245,17,59
TCGCAATTCAATAGAA,F38Y E67Q F440R,0.0259,0.0259,17,56
CTTGTTAATTAAACAC,G54T W210S N346F H354R,0.0290,0.0290,17,50
GTTATAAAAAGCTTAT,G45K K88Q I113E C231F I337L M359T,0.0290,0.0290,17,50
ATTAGGATTGACCTAC,S91F A132V K339* H455I,0.0453,0.0453,17,32
GGCCTTATCGTACTCG,V5A V450P,0.0499,0.0499,17,29
TATTCTGGTAACCCAT,M19N A132M L133V H179F,0.0603,0.0603,17,24
GGACCGTAATGGTAAC,G277A A297C K465F,0.0658,0.0658,17,22
AAGGCAGCGAAGGATC,N90I S199L W386V,0.0690,0.0690,17,21
GTTTGATAATTTACGA,F309A,0.0690,0.0690,17,21
AATCAAATGTACTCTT,L68V S267P S437Y M472L,0.0724,0.0724,17,20
ATACGCTGAACACTCG,C57Y Y253H L382D T412H,0.0724,0.0724,17,20
GCTACAGACTACACCT,G197V L469N,0.0724,0.0724,17,20
ACAGCAGATACGTGGT,L73P Q149C,0.0762,0.0762,17,19
AGCAAAGTCATTTCAG,N319G,0.0762,0.0762,17,19
CCATGTCCGATTCCTT,P464H Q482S R491K,0.0805,0.0805,17,18
ACGTCTCATATCTAAG,C475Q,0.0852,0.0852,17,17
TCAAGAAACGCTAGCT,F446P,0.0852,0.0852,17,17
AACCAAACATTGGGAC,P238H A297N,0.0905,0.0905,17,16
ACTGTAAGCAATAACG,N158R N167V G276S Q321T,0.0905,0.0905,17,16
ATGTATTTAACCACCC,I21R,0.0905,0.0905,17,16
CCAATGCACTTGATTT,G34K E72F L128P Q165G,0.0905,0.0905,17,16
TGCGACTGACGTTACA,E10S L43G Y62H T249I L280V,0.0905,0.0905,17,16
AAAAAAAGGATTATCA,I334M L430G,0.0965,0.0965,17,15
AATAGAGATGCGGGCT,P236R D347L D401R S476W W489R,0.0965,0.0965,17,15
ACGGAGGTTCCTAAAA,S135Y L259E W489* R491K,0.0965,0.0965,17,15
AGACAAGAACCTGGAT,I21N K33R I144V R379W,0.0965,0.0965,17,15
ATAACATGTAACAAAT,V18M L23I H230F E308T,0.0965,0.0965,17,15
CACGCTGACATACCGG,C477S,0.0965,0.0965,17,15
CTAACCCACACGTGTG,L61P K125S N148F I239D,0.0965,0.0965,17,15
CTCTGGCCTGAACCCA,T226N I337M K417L S476T K490L,0.0965,0.0965,17,15
GATAACATTACCAGAG,N37A N295T,0.0965,0.0965,17,15
TGATTCTACAAATTAG,E329*,0.0965,0.0965,17,15
ACATACGCCAAAATCT,L203P E418K,0.1034,0.1034,17,14
AGACCTTGCCTTCCGC,G2T R207G S389I,0.1034,0.1034,17,14
ATATTGCTAAGTTGCT,L51G T375P I411E,0.1034,0.1034,17,14
CCCTTGAAAGAATGCA,D204A T375Q P466F,0.1034,0.1034,17,14
CGAATATGGACACAGA,L415Q,0.1034,0.1034,17,14
GGTAATCTATACACAC,M80E L120S M134L E151T C301H K304N,0.1034,0.1034,17,14
TCGACAGCTAAAATTA,I4M T110C M153Q I222R M284V F318G T376K,0.1034,0.1034,17,14
CCACGAGAAAAGTTAC,L107G I136* D156G,0.1114,0.1114,17,13
CCGAAATCAACACTAC,E307G R468C,0.1114,0.1114,17,13
CGTTTACGTCAAGCAA,V183M N209E F399V E404L,0.1114,0.1114,17,13
CTAATATCAAATTGCC,G42E F49M N395Y,0.1114,0.1114,17,13
ACACAGATCCTATAGA,E100T K272G I345Y N409R G460Q,0.1207,0.1207,17,12
AGCGACAGCTATACGG,E76T S169V T225Q R257G S267C S389R,0.1207,0.1207,17,12
ATGCGTCCATCAATAA,Y36P V65G C475A W489*,0.1207,0.1207,17,12
ATTGTTCGAAAAATGA,L266I P383*,0.1207,0.1207,17,12
CATATTCACTGAAAAT,V44M M75V N346R,0.1207,0.1207,17,12
CTCGATCTTTACACTT,I136C A322R L449M,0.1207,0.1207,17,12
GTATAGTCGGGACCGT,T6N T263A,0.1207,0.1207,17,12
TCAACAGTTAATAAAA,H455R,0.1207,0.1207,17,12
TCAACCGCCGCGACTC,Y129* L349*,0.1207,0.1207,17,12
TCATAACACCCGCAAT,Q3R T48S I112P D122W S246C,0.1207,0.1207,17,12
AAGGCCCCTTGCGCTT,Y129L I137Y L242F,0.1317,0.1317,17,11
AGCTCGGTCGAATTAA,P466N,0.1317,0.1317,17,11
AGTGCTAAAGGAAACA,K320L H467Q,0.1317,0.1317,17,11
GAGCCAGCCCCTTAGA,V18E R193*,0.1317,0.1317,17,11
GATGGGATTATTCAAA,Y253Q M420F D432Y,0.1317,0.1317,17,11
GCTGGTTAATAACCTT,W227V I350T,0.1317,0.1317,17,11
TTATATAAGACCACCC,T6V K320Q D432L K465W,0.1317,0.1317,17,11
AAGACCGATTACATTG,I15*,0.1448,0.1448,17,10
ACGGATACCTTGGAGT,L84Y Y371V,0.1448,0.1448,17,10
ACTATACCTCTCAAAA,G2L N99L,0.1448,0.1448,17,10
AGGCTTTAACATTAAA,G42I G64S,0.1448,0.1448,17,10
ATTAATCGAGAAGCCA,S91G I361T Q406C,0.1448,0.1448,17,10
GACAATTTCACCGGTC,E100L V164G V435W,0.1448,0.1448,17,10
TACAAAGTGAAGGATA,N185A C279P L447I,0.1448,0.1448,17,10
TACAATTTAAGAAAGA,W370* T377I,0.1448,0.1448,17,10
AACGTACTATGAAACA,Y66* G206V W227L,0.1609,0.1609,17,9
ACTAAACCTCTTTACC,T48F Q247M F262V Y278R L394I,0.1609,0.1609,17,9
ATGACTTGCTCTGCTA,S237N N346Y E396V,0.1609,0.1609,17,9
CCTGAAAGCAGGAGAA,K33S Q405L,0.1609,0.1609,17,9
GAACAATCACACCCTA,Y253S Y363D,0.1609,0.1609,17,9
GGCCCTCTAAAAAAAG,L23T S169E E404* F436W,0.1609,0.1609,17,9
TACCGAGATTTATGAC,Y241L R248C S269G A328L Y393G,0.1609,0.1609,17,9
AATAAAATTCTTCAAT,T108R M312K N346T T375R S381*,0.1810,0.1810,17,8
CCCCGACTGATCATCC,G159R,0.1810,0.1810,17,8
CGGAAATGAAGTCACT,L50N L244W,0.1810,0.1810,17,8
CTTTATCCGCTATTTG,,0.1810,0.1810,17,8
GATATGTGCTTTTCGA,L46P D317V,0.1810,0.1810,17,8
GATGACTCAATTAAGA,L32Y S199A S476Y,0.1810,0.1810,17,8
GCTGTAAAGGACCAGA,M19W L120E T226I M351R N373Y,0.1810,0.1810,17,8
GGAAAAAAACGCTATA,I4L A123V S205T W264M,0.1810,0.1810,17,8
TAAAACTCCGATGACT,N90S E100A L128R S135V S163G L188K P383Y,0.1810,0.1810,17,8
TACACGCTTCAATATA,L46F G102V N158S G484T,0.1810,0.1810,17,8
TCATCATAGCTCAGAA,Y217C Y278K N365T,0.1810,0.1810,17,8
AACAAGTTTGCTAACT,T261N L344R P486L,0.2069,0.2069,17,7
AAGTTAAACACGGGAA,L258S G484V,0.2069,0.2069,17,7
AGAGACGTAACTAAAA,G243M L382R,0.2069,0.2069,17,7
GACGTTGGGACACCAT,Y66P V187I R282F G360Q V450I,0.2069,0.2069,17,7
ATAAACAAATCCACAT,G2* A340W R491V,0.2414,0.2414,17,6
CAACCAGATAATGAAT,V5A F157S,0.2414,0.2414,17,6
CGCAATTTACCAACAA,N20I T274*,0.2414,0.2414,17,6
GGTTGTGCAGAACAAA,L349M C364E Y371N,0.2414,0.2414,17,6
GATGCGAGCACATAGC,S143L,0.2896,0.2896,17,5
ATATAACCAGGCAGGG,Q321* S437I,0.3621,0.3621,17,4
TGATAAGAGTAGATAC,V44Q L242Y L259R Y363L,0.3621,0.3621,17,4
TTTACTGGCAATATTA,,0.0003,0.0003,16,5239
ACGAATCCATATTTTG,M472L,0.0003,0.0003,16,4336
CCAAAATGCTATACAC,F157M K488V,0.0004,0.0004,16,3764
CTGTCTCAAAGCATCA,,0.0004,0.0004,16,3584
AGATATTCGTCTGACT,,0.0004,0.0004,16,3398
CTGTGCCAAACGGAGT,L120W,0.0004,0.0004,16,3368
GAGGCGATAGTGACGG,,0.0004,0.0004,16,3367
GGGCTAATCTATGTAG,G186F,0.0004,0.0004,16,3293
CGAGTTGTCTTTAAAA,,0.0004,0.0004,16,3236
AACATGTGGAATCACT,L78* T215S,0.0004,0.0004,16,3189
TGCTATACAAAATCAC,V97F,0.0004,0.0004,16,3116
TAGACATCCTTGAATC,,0.0004,0.0004,16,3071
AGTCCAATTTTTTACA,,0.0005,0.0005,16,3021
TCATTGTGCTAGATGA,L105I K339T Y369F,0.0005,0.0005,16,2979
TCATCACGTAGAACAC,A177C,0.0005,0.0005,16,2916
CATGATGATTGTCCAA,,0.0005,0.0005,16,2915
CCAATTATTCTGACCC,,0.0005,0.0005,16,2911
TATCAAATTATTCAGG,R207T E307N K488S,0.0005,0.0005,16,2883
GAATTTTATAAACTGC,G478R,0.0005,0.0005,16,2871
CAGTAAAAAGTATCTT,,0.0005,0.0005,16,2817
CTAACACTCCAAAATA,G45S,0.0005,0.0005,16,2718
GATCATTAAGAGCAAA,S154I S199Y,0.0005,0.0005,16,2670
TAATCAAACATCCACG,,0.0005,0.0005,16,2658
TTTAGCCGGTAGTCAC,I136L A195Q,0.0005,0.0005,16,2614
AAAAAATACCTCAGGA,G181P,0.0005,0.0005,16,2572
GGAGGGAACCGAATCA,,0.0005,0.0005,16,2571
CAATGATTATTGGAAG,G181F Q406A,0.0005,0.0005,16,2534
CACATCACGACTCCGA,,0.0005,0.0005,16,2528
AACATCAATTTAAAGT,,0.0005,0.0005,16,2519
GATGCCAGCCTAAATA,,0.0005,0.0005,16,2486
ATAATTTTGAGGGATC,,0.0005,0.0005,16,2485
ATATCTGGTGACATGA,,0.0005,0.0005,16,2482
GGGCGAGTTGGTGCTA,K300L,0.0006,0.0006,16,2475
CAAAACGCAATATAGC,,0.0006,0.0006,16,2461
GACCCCAAATTCATAA,M332H,0.0006,0.0006,16,2453
GTTAAAAAATCAGCCT,E151D,0.0006,0.0006,16,2410
TAACAGTGGTGCCAGC,F147M,0.0006,0.0006,16,2384
CAACAATGCATATCAA,N90T I201V N209L,0.0006,0.0006,16,2372
TTAGGAACTCAATACC,N146F,0.0006,0.0006,16,2340
CTATATTATATGTCAG,H170S V298M,0.0006,0.0006,16,2337
AATCAGATCCTTACAT,G271L,0.0006,0.0006,16,2312
ATCAGGATCAGAGGTT,A173S Q335V,0.0006,0.0006,16,2259
CGAGTTAAAGGACTTG,Y217Q,0.0006,0.0006,16,2236
CCACCCTCCAAATTTA,T281H K425V,0.0006,0.0006,16,2202
TACCAATATTATAAAA,S216I,0.0006,0.0006,16,2198
CGTTTATAACATTATT,,0.0006,0.0006,16,2193
AACAAAGCTATAGAAT,,0.0006,0.0006,16,2172
GTTAATTTCGAAAACC,,0.0006,0.0006,16,2167
GAGAATCTATTTACCC,,0.0006,0.0006,16,2132
GAATCCAGCGAACAAA,,0.0006,0.0006,16,2127
AGATCCCGTAGGTGCA,Y200I,0.0006,0.0006,16,2118
TTACCCATGAATGGGC,,0.0007,0.0007,16,2088
CATACGACGATCTAAC,V47I,0.0007,0.0007,16,2077
AGTATTTTTGTAACTC,S389T,0.0007,0.0007,16,2053
GATGATATTACACTAA,Q482C,0.0007,0.0007,16,2053
TATCCACTAAGAGTAT,,0.0007,0.0007,16,2042
AAGTGATAGAATTATT,F191I,0.0007,0.0007,16,2038
CTCAAGAACTATTGGA,M359L,0.0007,0.0007,16,2034
ATCGAGTAAATAGAAA,S389D,0.0007,0.0007,16,2025
ACATTTACTATGACGC,S171H D204N N338K,0.0007,0.0007,16,2015
TTGAGTGGCCATTTAC,R55S D211N,0.0007,0.0007,16,2008
GATGCCGCTAATGGAC,K291E G294S,0.0007,0.0007,16,2005
CAAATCGTGACAAATA,,0.0007,0.0007,16,2001
ACTTACCCTGCAACAT,N209P A340C,0.0007,0.0007,16,1993
TACATCCTCTACTAAA,M194W H374E,0.0007,0.0007,16,1984
TTAAAGAAGGTCTGAT,,0.0007,0.0007,16,1976
CGGTGTCAGACCCGCC,Q232W,0.0007,0.0007,16,1969
AGTTAAGAATTAGTCA,H398V,0.0007,0.0007,16,1958
AACAATCCGTGATCAT,Q9R M19V R248S,0.0007,0.0007,16,1945
GGAACATCATAATTGG,F157L,0.0007,0.0007,16,1938
TCTTCACTGCAACTTA,K161M D204N,0.0007,0.0007,16,1906
GAAGAGAAAAATCCAA,K272R,0.0007,0.0007,16,1902
CTTTGGATAACCAAAA,,0.0007,0.0007,16,1899
ACCCATTTAAAAAGTT,,0.0007,0.0007,16,1887
ACCAATTTTCGGTAAG,N99T T296L,0.0007,0.0007,16,1873
ATATGCCTCTATATTA,I136L,0.0007,0.0007,16,1852
TATCTGAACAATAGCT,,0.0007,0.0007,16,1852
GTCTTGAGAACTCAAA,,0.0007,0.0007,16,1835
ACAGAAACGGATCCCT,S389R,0.0007,0.0007,16,1823
TAACCTGACAGTAAGA,K272S,0.0008,0.0008,16,1807
AACATAAGAGCAGGAG,,0.0008,0.0008,16,1803
AAGATCCAGAGTAAAA,G45S Q416L,0.0008,0.0008,16,1782
TATAAAGGAATGATAA,,0.0008,0.0008,16,1748
TTAAGTAAACAATAGG,,0.0008,0.0008,16,1724
ATAAACCTCAGCGGAT,P275G,0.0008,0.0008,16,1711
AAGTTCGCGGAGGAGT,K272R,0.0008,0.0008,16,1688
AATATCAATCATAGAA,I201L,0.0008,0.0008,16,1666
TAAAACCTATATACCC,,0.0008,0.0008,16,1652
ACTTAGTAGTTGATGG,G160Q,0.0008,0.0008,16,1644
ACCAAAACCCATAAGG,K417L,0.0008,0.0008,16,1641
CCCGATCCTTAAAAAT,,0.0008,0.0008,16,1625
ATTCTCTCACACTCTC,I15L N178Q E228I,0.0008,0.0008,16,1611
GAGAACTAAAATTGCC,,0.0008,0.0008,16,1611
ACATTATGAGTTCACA,,0.0008,0.0008,16,1610
AAATTTAAGTACTTAA,A152V N178F,0.0009,0.0009,16,1589
AACTTGACGCCAGTAG,M192T N209M,0.0009,0.0009,16,1578
GTTAAGCGATACAAAA,H93Y,0.0009,0.0009,16,1574
AACGTCGACCATTATA,E100T G174Q L336S,0.0009,0.0009,16,1566
GAATATTAAATCACTA,,0.0009,0.0009,16,1565
TCCGCTAGTTGCACCA,,0.0009,0.0009,16,1564
AGCGGCATGTTCGCCT,Q405F,0.0009,0.0009,16,1555
AAGCCAACAAAGGTGC,K451E,0.0009,0.0009,16,1528
TACGACAAGAACGATT,T376N,0.0009,0.0009,16,1516
CCAATTTTGGTTTAGT,S246I P486V,0.0009,0.0009,16,1512
CACGGCTATTCACTGC,Y172T,0.0009,0.0009,16,1511
TTTGTACATGGTAAGG,D156A W264F,0.0009,0.0009,16,1509
ACTTAGACATGCAGAC,I358R,0.0009,0.0009,16,1505
CCTCATTATTCATCCA,,0.0009,0.0009,16,1504
GAAAACCAAACATAAC,T296P,0.0009,0.0009,16,1503
ATGTCTTTTACGTAGG,Q149N S439F,0.0009,0.0009,16,1502
TACCATTTAAGGTAGG,G159R Y217A Q331T,0.0009,0.0009,16,1492
AAAATAACCTTCATAC,A340M,0.0009,0.0009,16,1481
TATAGATAGACTTGGA,S171I L220I E303Q,0.0009,0.0009,16,1478
AAATAATGTGGTCAAC,,0.0009,0.0009,16,1477
TCAATGCATGTCACTA,Q416L,0.0009,0.0009,16,1473
AGAAACAAATGATAAA,I137L S269R L349M T412S,0.0009,0.0009,16,1470
GCCCTAATACACATTT,L84S N178L,0.0009,0.0009,16,1467
GAAGCGATCCTCAATT,N158T T377S,0.0009,0.0009,16,1453
CCGCTTGTGTCGTCCT,,0.0009,0.0009,16,1450
TAGCAACTTGTGTTTG,N90R L449M,0.0009,0.0009,16,1449
CCCATATAGCGTGCTG,M80K,0.0009,0.0009,16,1442
TAAAACCAGCGACAAT,G276P,0.0010,0.0010,16,1407
TCCCCTTCACACCAGT,L84M,0.0010,0.0010,16,1404
GATTATAATCTTCCGG,,0.0010,0.0010,16,1391
TTCTCTGAACAAATTC,,0.0010,0.0010,16,1377
CAACCTCACTTAAAGA,,0.0010,0.0010,16,1376
TGTCGGGCAAATACCT,T263S,0.0010,0.0010,16,1376
CTATACACTAACGTTT,G64Q,0.0010,0.0010,16,1364
TATTGAGCCCGAACTA,Q189T M332E,0.0010,0.0010,16,1355
TAGCAAATAGGAGCCA,G160F E307S,0.0010,0.0010,16,1336
ACGAGAAGGTAAAAAC,E228K,0.0010,0.0010,16,1332
TAGGAATAACTGATTT,G197L Q335M,0.0010,0.0010,16,1313
TAAATAGCTCATCTCT,,0.0010,0.0010,16,1299
AATCAAGGCTTACTGG,,0.0011,0.0011,16,1231
TTAGTATTAACACATC,L50F K327E,0.0011,0.0011,16,1206
AATGGATATCCCACCT,,0.0011,0.0011,16,1197
TGCGATTAAAGGACTC,,0.0012,0.0012,16,1180
AGAGTAAGCGACACAG,E72V G198L L259M,0.0012,0.0012,16,1164
ACACAATTGATGCCTT,M214F,0.0012,0.0012,16,1160
AGACCAAGTTATCCCC,S462I,0.0012,0.0012,16,1151
GGATTGATTAAAACCA,,0.0012,0.0012,16,1148
CTCATGAAACTAGCAG,A25C N90V R282Y,0.0012,0.0012,16,1140
AGAAAACACAACCCAG,,0.0012,0.0012,16,1118
CAAGCGGTATGAGTCC,T215I,0.0012,0.0012,16,1118
ACACAAGGAACTCCGC,G206W,0.0013,0.0013,16,1088
TACCTCTTACAGTAGC,M19V L26M L51T G208S,0.0013,0.0013,16,1080
CCCCAAAAGACCAAAA,,0.0013,0.0013,16,1074
TCATACATCTAACCCA,G160W D357N,0.0013,0.0013,16,1073
TTCGTTGAACGAAGTA,,0.0013,0.0013,16,1067
ACGTGATCGTAGAGAT,,0.0013,0.0013,16,1065
TCAAGAACGTTTGCCT,E76F N158F A173Y,0.0013,0.0013,16,1064
TAACTAATATTATATA,N178T G360S,0.0013,0.0013,16,1063
AAAACGGCTGGAAAAT,,0.0013,0.0013,16,1053
AGAAAAACCTACTCAT,,0.0013,0.0013,16,1051
CGCAATTAGGCACATG,S169T,0.0013,0.0013,16,1049
CCAGAACTCTTAAACA,W210G E303M,0.0013,0.0013,16,1045
TTTAATTAAAAAGAAC,E289L,0.0013,0.0013,16,1039
GTTATGTGCAGACCGC,D175N,0.0013,0.0013,16,1037
ACCCTAACAGAACATG,N158S I458C,0.0013,0.0013,16,1036
CATAAGACACCTATAG,,0.0013,0.0013,16,1015
TTTTTATTTTACATGG,V388S R491L,0.0013,0.0013,16,1015
ATATATCCCATACCAG,E421D,0.0014,0.0014,16,995
GCTCGAGCTAACACAA,G42R,0.0014,0.0014,16,977
TAGGGGTGAAAAATAA,N209M,0.0014,0.0014,16,969
ACTTATATGTTTTCTT,P486S,0.0014,0.0014,16,967
TAGTATCGACTTTGAA,E303M,0.0014,0.0014,16,964
TGTTAGCACATCACTA,N37G H131N T377S,0.0015,0.0015,16,937
TTTAGAACAAAAGCAA,,0.0015,0.0015,16,933
AGATAAGCGACTGTCA,,0.0015,0.0015,16,931
ATTCAAGAATAGAACC,,0.0015,0.0015,16,921
ACACAGAACTTATCAA,,0.0015,0.0015,16,920
AAACGCTAATCACCGC,,0.0015,0.0015,16,894
ACATCATAACGACGCC,L128V M194Y M351I,0.0015,0.0015,16,894
AGACCAGCACGAAACA,,0.0016,0.0016,16,873
CGCGTTAAAACGTTTG,R422M,0.0016,0.0016,16,866
AAAAACATTTAATTAC,H92L S205F,0.0016,0.0016,16,849
TCATTATACCACTTCC,H354Y,0.0016,0.0016,16,847
GCGTAAACAAAGACGC,,0.0016,0.0016,16,840
CGCGATACGGCTATTT,F140W,0.0016,0.0016,16,834
AACCGTGAAGATACAC,C53N,0.0016,0.0016,16,832
CTCATTGGTATCTCGA,I337S S389V N470G,0.0017,0.0017,16,809
CGCGAATACAATCAAG,,0.0017,0.0017,16,794
TCGGTCCCTGAACCGA,A30T,0.0018,0.0018,16,764
CCTTACGCATAGAATC,,0.0018,0.0018,16,757
GAACCCCATACCCACA,,0.0018,0.0018,16,742
TCAAAAACGTTATTGT,F233L,0.0019,0.0019,16,729
TTAATAGAATAACTAT,P145A,0.0020,0.0020,16,671
TTAGAAACGGTGAAAG,,0.0021,0.0021,16,655
TACTCAACGTATCGGC,,0.0021,0.0021,16,652
TATTAACTCAACATAA,L51T L168D D229V K304R,0.0021,0.0021,16,634
GACGCGTTAAAAAGTG,E228S,0.0022,0.0022,16,633
AAAACTTGAAGAATGG,N20T,0.0022,0.0022,16,632
AAGAAGATAAACTGCT,N99D N127T,0.0022,0.0022,16,628
AAGAGCAAGTCATCAG,N209S G378E,0.0022,0.0022,16,611
CTTTAAGTGTAGTCTC,M75T G159L,0.0022,0.0022,16,608
AATGCACCACATATGC,M351R,0.0023,0.0023,16,602
AATACCAAATTGTTCC,,0.0024,0.0024,16,573
AACGTTGTTTACTTTA,C180S C212D,0.0024,0.0024,16,572
CCAATGAGACAGTTTC,N390V,0.0024,0.0024,16,570
AAACATTGAAGCATAG,,0.0024,0.0024,16,557
ATCAATAACTCCAGTT,,0.0025,0.0025,16,554
TAATCAACATACTTCG,F191W I286L L315* L326P P483F,0.0025,0.0025,16,554
TCCATCCCGTTCTCGT,H374K,0.0025,0.0025,16,553
GAATATCTTTACTCAC,N114I N342L,0.0025,0.0025,16,548
AACCTGACAACAGTCC,L120R R207M G276T,0.0026,0.0026,16,526
TTCAAACTTTTAGCAA,N89K I113V F117L L280N T397W,0.0026,0.0026,16,523
ACTTACCGATAACTCA,,0.0026,0.0026,16,521
GGACTGAAAATTAGGG,G64I Y393D,0.0028,0.0028,16,484
AATTTGATACAAGAAA,Y166V,0.0029,0.0029,16,474
CGATTCACTTACGACA,F157* G484V,0.0029,0.0029,16,471
AGATCATCTGGCACCT,L50* P464I,0.0029,0.0029,16,465
AGTTTTACTATACCCG,F7S,0.0030,0.0030,16,453
ATTGACTCACCCATAC,V44R,0.0032,0.0032,16,429
GCTCGCCTAATTGCTT,,0.0034,0.0034,16,399
TTAGTCGGTAAAACAT,F157E S333N,0.0036,0.0036,16,383
CGAATCCTATTTCCAA,Q3N V450S,0.0039,0.0039,16,354
TCAAGTACCATCTTTG,L120S,0.0039,0.0039,16,354
TAAGTGTATTACGACC,K417F,0.0039,0.0039,16,347
CATAAAAGTAACCACT,N109Q K368E,0.0039,0.0039,16,346
ACATAACCCACTCAAC,F7M A25S G160S I222F,0.0040,0.0040,16,343
TCGCACAAATTAATGA,K63L H170L C212R P383M,0.0042,0.0042,16,326
TGATGGATGCAGTTAG,L244T G260E,0.0042,0.0042,16,325
CGCAGCCGCAGTATAG,C57S P145V S163Y A322P,0.0042,0.0042,16,323
CCACAAAACTAGAACC,S171V L188F G240L,0.0043,0.0043,16,318
GGAACAGTAACATCGA,E151L S269V E418K,0.0044,0.0044,16,312
CATATATGTTACTTGT,T108S N148T C212H,0.0044,0.0044,16,311
ACTTAGTTGTGGTAAT,M134V I252R,0.0045,0.0045,16,303
AGCACAACATAAACCC,C231L,0.0045,0.0045,16,302
TGAACCAAATATAAAA,E100V F157Y Y172F R248S,0.0045,0.0045,16,302
CAATGGCTATACAAAG,T87P W227R,0.0045,0.0045,16,301
ATTGCACCACTTCTAT,A343I M420C T454V,0.0045,0.0045,16,300
CGTATTTATTTCCAAT,L142G W227T,0.0046,0.0046,16,299
TTTAGCTTGGATAATA,Y94N Y419A,0.0046,0.0046,16,297
GACCCTAACTCGCCCA,Q482P,0.0046,0.0046,16,296
ACGTTCTAAGGAATAA,,0.0046,0.0046,16,295
CATCACCTTACGAAAA,I4M Y363* M410I,0.0047,0.0047,16,292
GTAAGTTTAGCATTCG,D317V,0.0047,0.0047,16,290
GGGTACTAAGTCCGCA,T225G A407W,0.0049,0.0049,16,276
GAAACAGATCTTACGC,G98N G159D R207E I213M E308I Q416* G473K,0.0050,0.0050,16,274
GATACAAATATTCATT,V14S,0.0051,0.0051,16,269
TAGGTAACCAACAGGA,K63A H455G,0.0051,0.0051,16,268
TGATTAGGGATAGGAC,L68V Y200L,0.0051,0.0051,16,268
TATAATAAAAATTACA,T296*,0.0051,0.0051,16,267
TAACACAATCCTTCGC,V44* N89V Y129L F157V,0.0056,0.0056,16,243
ACAACTGAACATCACA,H92K N109* K116M G208S,0.0058,0.0058,16,234
AAAATATGGCGTAAGG,Y166R M284S A297L M312L P427I P486M,0.0060,0.0060,16,229
ACACTTCTTAGAACAA,T58Y M96F S389L,0.0060,0.0060,16,229
TAACCCAGCCATAAAA,L133I T281D K320D V459G,0.0060,0.0060,16,227
CCGGGATACATAGCAT,T110A M192I,0.0061,0.0061,16,223
TAGCAGGGGCGAAGAT,N90T L120P Q223R S400R,0.0061,0.0061,16,222
GGCTAAGCCATTTACT,N158G N185L,0.0063,0.0063,16,215
AAGAAAACAAATACCC,I15R E67V K126L Q416* L430K G473N,0.0065,0.0065,16,210
TCTATAATAACCGAAA,N127H H305I F316S L394S,0.0065,0.0065,16,210
CTACGCACTGGTTGTC,L26E S85I,0.0065,0.0065,16,209
ACGGTGACCCGTGAAT,M214R V431L,0.0067,0.0067,16,203
GTTGATAATTTTAGTA,V22M P275T E396R,0.0068,0.0068,16,201
AGATATATGCAATCGG,R491G,0.0068,0.0068,16,199
ACAAGCAACCACACAC,Q3S L120I Y219L F316L I474H,0.0071,0.0071,16,192
ATTGTTTAAATCTTAT,S60* N224L,0.0071,0.0071,16,191
CAATTAACACCGAATA,,0.0071,0.0071,16,191
TTTTTACGGAAACAAG,L105V,0.0073,0.0073,16,188
CAAGGACATATGAGCC,V341M P383W K417R,0.0073,0.0073,16,187
AGGGGACTTTCTAACA,L29W L107W T139W G294E L469S,0.0074,0.0074,16,185
CAAGGTACCCCAAATA,N146V E270K D401L P464K,0.0074,0.0074,16,183
CACTACGCAGCGCTAA,L52E G197L A322G,0.0075,0.0075,16,182
GTCGTCCGGTTCACCG,N79K L128E L326* K368I P383L,0.0075,0.0075,16,181
CACGGAATAGCAACTC,N74F,0.0076,0.0076,16,180
GAATCGAGTCACTACA,Q348K Q406S,0.0076,0.0076,16,180
CAGAGAGAGTATAATC,T48L A152P F157N V164W I403L,0.0077,0.0077,16,178
ACGATTAAAGTGCAAT,P12H W370S,0.0077,0.0077,16,177
AAGTAATGAACCTAGC,E10S I24M,0.0079,0.0079,16,172
GCCGGATACACGTCGG,C118Y I239M T438S,0.0079,0.0079,16,172
TAGGTCTACTGGTAGA,M82S D156N,0.0091,0.0091,16,150
ATAGCGAATGTACATA,K33T A39V A152I H374*,0.0095,0.0095,16,143
ATCAATAAAACAATCG,S476D,0.0098,0.0098,16,139
AACTAAGAACTAAGAA,G160F P453A,0.0099,0.0099,16,138
CTGACATCAGATTATT,E100L T108R C292R,0.0099,0.0099,16,137
TTAACCCCCGGTCTGC,F446N,0.0099,0.0099,16,137
ATGGATGGGCCAAAAA,V5N N119L Y200L M410W,0.0102,0.0102,16,134
AATAGCACGTCTGACA,T438Y,0.0102,0.0102,16,133
AAGGAACCCTCCACAT,T40K L120* R314D G473C,0.0103,0.0103,16,132
CAGTACAGAGAACCAT,V97S V431T,0.0103,0.0103,16,132
AGATTGACGTTTCACG,T182M C231Q P427D F434I,0.0105,0.0105,16,130
AAGAGCCGTTACCAAA,F233L L372S,0.0106,0.0106,16,129
CAACAATACCACCGTA,L23P T77Y D251W A343N,0.0109,0.0109,16,125
CAATCTATTAGACAAA,Y217F C231N Q247I A288T T377N,0.0109,0.0109,16,125
CCACTCAACAACAAGG,T110Y C180N D357N,0.0110,0.0110,16,124
AACACAACACTACATA,W210* C301W,0.0111,0.0111,16,123
CCAAGTTGTATGGATT,G64L L103Y P236L M332S,0.0112,0.0112,16,122
TAGACTATAAGCCTAG,A25N L84T Y129F T226S P486T,0.0112,0.0112,16,122
CACAGACTGAGCTGCG,R207G R356S,0.0113,0.0113,16,121
AAACTTCATCCCTACG,T110D M153L T225V S237M I323G,0.0117,0.0117,16,117
AGCCGTGGATTCAAAT,T59S L103T A132T D408*,0.0117,0.0117,16,117
CAAGACTGTATTAAAA,W386V,0.0118,0.0118,16,116
CAATAAACCCAACCAA,N89S A299T M332C Y419F,0.0120,0.0120,16,114
ATTAGATAAGACATTC,H179Q L245H A299N,0.0122,0.0122,16,112
TCCTGACAACATCTCT,S60V N146W S169G Y253* N373E,0.0123,0.0123,16,111
GTATTCTCCCACTCGA,F157N D306Q,0.0129,0.0129,16,106
CTTGAACACAGACTAG,F309A,0.0130,0.0130,16,105
GATGGTGAGGCCTCAT,R250P K465M,0.0132,0.0132,16,103
GCTTCTGACCCCCTGG,T48Q,0.0134,0.0134,16,102
ATCTGCACCCAGACAA,C57Y H179Y,0.0135,0.0135,16,101
CCGTCACGCCCATACA,M19T R314L,0.0136,0.0136,16,100
GCTACTCCAAACTTGG,S439*,0.0136,0.0136,16,100
CAGCGATTAATTAGTA,D432V,0.0138,0.0138,16,99
CCGGAACCATTCAAAA,F157H D347Q,0.0138,0.0138,16,99
CATTATTTTCCAACGA,E151G S205I H230S Y441L,0.0139,0.0139,16,98
CTTTCGCGTTGGATTA,L107V C231*,0.0139,0.0139,16,98
AGTCTCCATTCATGAG,R282D E404L,0.0141,0.0141,16,97
ATCTATTACCATAGCG,N109L F316W,0.0141,0.0141,16,97
GAATGAACTTGGAAGA,L50S W196L,0.0141,0.0141,16,97
TGCTAAAATAACACTT,V47A I254R E418K K481S,0.0141,0.0141,16,97
CGATACGATATATCTA,L449F,0.0142,0.0142,16,96
TCTTTATCATTTACCA,A25F M75D C155S S269L I337M,0.0142,0.0142,16,96
TTAGTGATTCTTGTGA,G64N S381L,0.0142,0.0142,16,96
GTAGTCCGGGATCCGT,G478V,0.0143,0.0143,16,95
AAATGGTTGTCCTTCA,Y129R,0.0145,0.0145,16,94
AAGCGCGTATCAATCT,G98E V183M G391R,0.0145,0.0145,16,94
GATGTTCTCATACCCC,I162K,0.0145,0.0145,16,94
TCCTTAATTCTACGAT,S163H S237I G391H A407S,0.0148,0.0148,16,92
CTTATGCAAAAACAGT,F49L E303L,0.0150,0.0150,16,91
AGCTTAAATTATAACC,R193V D306E V435A,0.0151,0.0151,16,90
CCACCATTTAAATCCA,H124L Y200H W489M,0.0151,0.0151,16,90
CTTACAGCCAAATAAA,N89R L442P,0.0151,0.0151,16,90
GCGATAGTTTAGGACG,Q324P,0.0151,0.0151,16,90
AATCTACGAACGTATA,A30P Y200W,0.0164,0.0164,16,83
ATTGACGCTGATCAAG,L372W,0.0164,0.0164,16,83
GATTCCGTAAAAAAGA,Q247W Y363G,0.0164,0.0164,16,83
TGTCTCGTCGTAAAGA,G98C M214V K451S,0.0164,0.0164,16,83
GCACATATATCAAAGT,L23F T375G V388S,0.0166,0.0166,16,82
TACCAAAGATTAAATC,L26S F147D F233T,0.0166,0.0166,16,82
TCAACGAGTCTGCATT,C118P L142* Y371N,0.0166,0.0166,16,82
TGCTAATGACTTACCG,H354F G429L K451E,0.0175,0.0175,16,78
CATATAAACATCTTGA,L51E Q69R S199A T412S Y441S,0.0177,0.0177,16,77
GATTAAATTTATTTGA,I254T L415V,0.0177,0.0177,16,77
AGAATTAAACATATAT,C57Y E307M Q406V,0.0179,0.0179,16,76
CTGCGCGTGCTAAAAC,T6L R207T,0.0179,0.0179,16,76
TATACCCCATGACTGG,R55S I239N,0.0182,0.0182,16,75
GTTCTAGACACTCCGA,L68*,0.0189,0.0189,16,72
ACCAAGATTCAAACCC,K161E P427S,0.0192,0.0192,16,71
CGAAGTGCCCCGTCTA,S27Q H124L G181L K461R,0.0216,0.0216,16,63
AGGTTTGAGATTACCG,N185R,0.0227,0.0227,16,60
ATCCACCGTAAAAGAT,A176P E287Y,0.0235,0.0235,16,58
ACCGCCCATAAAACCG,M1S G98I S269P,0.0239,0.0239,16,57
AATAAGTCAATACGCA,W227A T375K L428*,0.0243,0.0243,16,56
GTAGCCATTTATTTGA,E67V R314A L394N H467V P486R,0.0426,0.0426,16,32
CACCCTTAGCCACAAA,F49E,0.0545,0.0545,16,25
ACATGGCAGATGACAC,K33I E329F,0.0593,0.0593,16,23
GACGTCAATTATAGAA,F49I N295Y N302H,0.0620,0.0620,16,22
ATCGAAGAAAGTAAAG,Q189* I239Q,0.0717,0.0717,16,19
ATGATGTTTCCTAATG,L103R R379K,0.0717,0.0717,16,19
CAACCAGACACCACAA,T101M Y166S,0.0717,0.0717,16,19
GACAGAAATAAAATGA,I15K,0.0717,0.0717,16,19
TCCATAGTACGTGACA,Q165*,0.0717,0.0717,16,19
ACGCTCTAAACTATAA,D156S A176N N390Y,0.0757,0.0757,16,18
AAGAGCATATATTAAA,T40A L71G N390T,0.0802,0.0802,16,17
CATAAACCAGGGCGGT,N37S Y200T,0.0802,0.0802,16,17
CGACGAATAATGATAA,K272R,0.0802,0.0802,16,17
TACATCAAAAGATAAA,D156W A176F D347E,0.0802,0.0802,16,17
TTGTGGACAGCGGAAT,G42Y L61C A123T,0.0802,0.0802,16,17
AATGCGAGTTCATACG,I162W I222Q W489P,0.0852,0.0852,16,16
AGCAAACAAACTTAGA,L442N C477Y,0.0852,0.0852,16,16
ATCAACATGATAAAGA,F157K H457P,0.0852,0.0852,16,16
CCCTCCAAAGTTCATA,N148T,0.0852,0.0852,16,16
TGGCCGCCAGAACAAA,R257L G478W,0.0852,0.0852,16,16
ACAAATCACGCAGACA,C364*,0.0909,0.0909,16,15
ATATAGAAGCTCTGCC,T106G E404K,0.0909,0.0909,16,15
CCAAGTCACGCCAAAT,R55G L242H,0.0909,0.0909,16,15
CTTACGCCGAACTATA,P83I G160S A343P D432K,0.0909,0.0909,16,15
GAAGACTCAGAAAAGA,I112R I254S R491G,0.0909,0.0909,16,15
ATAAGAAGTACCTGTA,C57Y G174T I213V Q416* C475E,0.0974,0.0974,16,14
ATCGATACGCAGTAAC,T110Y T261L L442R,0.0974,0.0974,16,14
CACAATATTACTCAAG,G160V H179P,0.0974,0.0974,16,14
CCCAGTAGCGATGCAA,L78A G181N A195D I403R,0.0974,0.0974,16,14
GACTGTTCACAATCAA,L84E W227* I239S R248W T376I,0.0974,0.0974,16,14
GTCTAAAAACCCGCCA,T215D L430T Y441S,0.0974,0.0974,16,14
TGAGCACGACTAATTT,I162* A176L K481R,0.0974,0.0974,16,14
TGCAGAATCTAAGATA,F38E S85P N99L L168R L387G P483R,0.0974,0.0974,16,14
AAAAATTAAGTAGAAC,M312*,0.1049,0.1049,16,13
AACATTTATGAAACAA,T48V L168P L336V,0.1049,0.1049,16,13
ACAATGATATTACTAC,N79S G186T S237L C475M,0.1049,0.1049,16,13
ACCCGTTTATGTTCGA,W196L I201L W264L K339L,0.1049,0.1049,16,13
ATACTTAACTACCATC,T412K,0.1049,0.1049,16,13
CCATCTACCTCGCAAC,R207Q V431D K481L,0.1049,0.1049,16,13
GAATCTTGTCAACTGT,K63L T139Y G277S,0.1049,0.1049,16,13
TCCTTTAAATTATTAG,C57K Q232L Y278E,0.1049,0.1049,16,13
AAGGTTTTAAAATGGA,V341L,0.1136,0.1136,16,12
AATCAGAAAATACCAC,V18L T81W E151G L349H T412G,0.1136,0.1136,16,12
ACAAAAATCAACTTAG,T48I G98Q S121H L244T S267N G424P,0.1136,0.1136,16,12
ACCATTCACTGAAACC,L344G,0.1136,0.1136,16,12
ACTACATCATCACACG,K291D R325V,0.1136,0.1136,16,12
ATACAAGTAGAATGTT,V11S N158H G198S A343V,0.1136,0.1136,16,12
ATTGTGGTTATTCCTT,L349Q S444V,0.1136,0.1136,16,12
CAAAGCAAGACTTGAA,S169* C212N R314D,0.1136,0.1136,16,12
CGCAACCGAGGCTTTC,L105* D156L,0.1136,0.1136,16,12
CTAAATGCTATTTCGC,S216E I252K Y393G,0.1136,0.1136,16,12
TGAACGTTTAGTTAGT,M153R A297L F440* K490L,0.1136,0.1136,16,12
AAGACAAGCTAACTTC,C180A Q223* Y480K,0.1239,0.1239,16,11
AAGGAAAAGATTAAAG,S367R E404K,0.1239,0.1239,16,11
CGTCGCATCAAAAAGA,Y94S K125* I136L,0.1239,0.1239,16,11
CTCCAGCCTCATTAGT,L355V F399S D408S V485R,0.1239,0.1239,16,11
CTCTAGAATAACTTAG,S267N G294L S333R E413K,0.1239,0.1239,16,11
GCATTGAAAGAATTGC,M75V,0.1239,0.1239,16,11
GGATCAATATGATAAT,T87I I213L G294N S367L L382C,0.1239,0.1239,16,11
GTGCCAGGGTTCAATA,Y36S D130P Q416L,0.1239,0.1239,16,11
TATATCATAGAAGAAT,S171C R207F D211V K272* L313R C385L,0.1239,0.1239,16,11
TTTTGCAGATATTCAT,G2N M153V,0.1239,0.1239,16,11
AAAGTCCGAAGCTCTT,C57R S111A W196V L442P H448K,0.1363,0.1363,16,10
AACAGCGGTCGCCCAA,P83T K327I D347F I458L,0.1363,0.1363,16,10
AAGGCTCACAACCCCT,H230Q P466S,0.1363,0.1363,16,10
ACTTATTATCAGTAAA,V44K N185G W210P L430R,0.1363,0.1363,16,10
AGAAGCAGTAAGGCAT,N209L S255*,0.1363,0.1363,16,10
AGCACAACTTTATACA,T6W N119C N390R,0.1363,0.1363,16,10
ATAATACTGTTACACA,C155D H467S,0.1363,0.1363,16,10
ATCCGGTTTCGCCAAC,G294Q L428P G478T,0.1363,0.1363,16,10
ATTGATACGTGTAATA,Q3K,0.1363,0.1363,16,10
CAAAGGGAATGATAAC,Q9W L103H,0.1363,0.1363,16,10
CCGCTGGCCACTTTGA,E67A Q223R E418W,0.1363,0.1363,16,10
CTATCCTTGCCACAGC,I201M I350*,0.1363,0.1363,16,10
GAATCCAACATAATAA,Q3K T263P M410T F440L,0.1363,0.1363,16,10
GTTAATGAGAGCCTTG,C231S,0.1363,0.1363,16,10
AATCCGGAAGCGTTTG,T48I C86L V183L S234I,0.1515,0.1515,16,9
AGAAAACCCATACAAC,K465C,0.1515,0.1515,16,9
AGCAGTGTTAACTAAG,A25F L51W N90L G160N Y166*,0.1515,0.1515,16,9
ATCGGAAACTTAACTT,G2V I213T I474L,0.1515,0.1515,16,9
CAATCATAATATCGAC,I15L G276M N470L,0.1515,0.1515,16,9
CAGGTAAAAGTAGATC,T58I E228Y Q331K,0.1515,0.1515,16,9
CCAAGCATGAAATAAC,P427S,0.1515,0.1515,16,9
GACTACTTCATCCATG,Y36H E67D D175V G198C,0.1515,0.1515,16,9
GATAAGATACAGTCAG,F140C T296K L442M,0.1515,0.1515,16,9
GCACACCCAATCCCTA,T110C D251V K339R,0.1515,0.1515,16,9
GTTGGGCGCTTTGTAT,Q9F L220Y P236A,0.1515,0.1515,16,9
TACCGTTTACTGCGCG,I15G,0.1515,0.1515,16,9
TATAAAAGCGACATGC,I286L I337F L394Q,0.1515,0.1515,16,9
TCTACAAATACAAGTC,G2V V28Y K465G,0.1515,0.1515,16,9
TTCGCAGTGGTAGAAA,,0.1515,0.1515,16,9
ACATATTGGCTCGTCA,R256V L387N,0.1704,0.1704,16,8
AGTAATTGATCTCTGA,G159E R235V,0.1704,0.1704,16,8
GAAACACCTCTTTAAT,G159A K339S W370V,0.1704,0.1704,16,8
GATCAATACAGATTAC,D347W S444F,0.1704,0.1704,16,8
GCCATCCATTAAAATA,I222T,0.1704,0.1704,16,8
GTTGAAAAAACTAGGA,L51S H92S E104H Q189M,0.1704,0.1704,16,8
TTATAGTATGAAAAAA,F8D Q149P,0.1704,0.1704,16,8
AACTAGGTTAATTAGA,C292R P464R H471Q,0.1947,0.1947,16,7
AACTTACCAGAAATAC,S27N M82*,0.1947,0.1947,16,7
ATAGCGAAAACTCCGT,G2V D306S,0.1947,0.1947,16,7
TACACAGGTACGCTTG,W264N,0.1947,0.1947,16,7
TATCGATAGCAGTACA,N89G E104M G478I,0.1947,0.1947,16,7
AAATATTGGTCATACC,I21A I136S P464G,0.2272,0.2272,16,6
ACTAACACTGTAAAAT,L73* G181S V298L,0.2272,0.2272,16,6
CATGATTATGACACCA,L52K Y66L G98D A328D K417*,0.2272,0.2272,16,6
CCAATGCTGAAAAAGG,T48A K126V M194Q G294D F309C C475E,0.2272,0.2272,16,6
CTAGTTCCAAAGCCAC,T225H C364I,0.2272,0.2272,16,6
GAACGAATAGCAAGTA,S111H T190F,0.2272,0.2272,16,6
GCCCAGAATTCTAAAA,L68E N109G G174P Y363E,0.2272,0.2272,16,6
TAACACTTATGCATTA,L51C M134A G260K I345L,0.2272,0.2272,16,6
TCAAAAGGGACAAATG,S255L H467*,0.2272,0.2272,16,6
AATACCCAGATCGGGC,C86W T190G I254D H448P,0.2726,0.2726,16,5
CTAGACCCCGGTAGAA,Y363L W489C,0.2726,0.2726,16,5
TAAATGATCGACATTC,T87Y C155R F440S,0.2726,0.2726,16,5
TGGAACAAAAATTGTC,K126D L313P Y363L W370V P466K,0.2726,0.2726,16,5
GAAGGCACTGTATGTT,T58K H374R,0.3408,0.3408,16,4
GGAGTATTATAGCCAT,R456N,0.3408,0.3408,16,4
TACAATTGTCGGCACC,S135K C301K S400H Q416L,0.3408,0.3408,16,4
TTCAACATTAGACACC,N90S Q218W N224S L315T H467T,0.3408,0.3408,16,4
AATAAGTTATCAGTCG,L52H,0.4544,0.4544,16,3
CGGACTAGGAGGCGAT,G240V K451E,0.6815,0.6815,16,2
GCGATGTACAAATAAC,S27I S85G,0.0003,0.0003,15,4689
GGTTCCCAAAACTAAT,,0.0003,0.0003,15,4174
CTACCCGACCAACAAG,S154Q,0.0003,0.0003,15,4005
CTTGGAACTAAATTAC,,0.0003,0.0003,15,3906
CAAATGTCTTATCTAT,L128V,0.0003,0.0003,15,3757
ACTAAAAGTCAAAACA,M420V,0.0003,0.0003,15,3745
CTTTTTGCGGCAAGAG,Q189V,0.0004,0.0004,15,3607
GGAATCATGAATGTAC,T261Y,0.0004,0.0004,15,3592
ACAAACGGACAAAATT,K126V G294D,0.0004,0.0004,15,3589
ATGTTACTATCTGGTT,A152L,0.0004,0.0004,15,3563
GTCTGCCTCAACCCGA,,0.0004,0.0004,15,3478
GATTAAGATTCATACC,V14L,0.0004,0.0004,15,3447
TGGCGGCTCACACGAG,S400G I474T,0.0004,0.0004,15,3433
AGGCCCAAGGATATTT,,0.0004,0.0004,15,3340
TTTGACATCTTATCTT,G98L,0.0004,0.0004,15,3333
TACGTGACTTACCTCC,,0.0004,0.0004,15,3289
GGACAAACTTGCAGAA,S169D,0.0004,0.0004,15,3274
AAATGGGCGTAGGTGA,I201D M472S,0.0004,0.0004,15,3109
TGTAAAAAGGAACACC,H131S,0.0004,0.0004,15,3013
CATGAAACTATGTCCA,S60V T110M,0.0004,0.0004,15,2993
AAAGAACGCTTCACCG,,0.0004,0.0004,15,2985
TTATAAAAATACCGCA,S333N,0.0004,0.0004,15,2984
ACTCTGTAAAACACAG,Y200L A288N,0.0004,0.0004,15,2977
CGGGATTTTACAGATC,,0.0004,0.0004,15,2967
ACTAAGACATATAACG,,0.0004,0.0004,15,2926
AGTAGACTCATTCATT,,0.0004,0.0004,15,2897
GACCCTGATACAGAGT,,0.0004,0.0004,15,2850
GCCATTAGCATAAAAA,Y200L,0.0005,0.0005,15,2808
AGGCTTGGGCACATTA,K161G F436A,0.0005,0.0005,15,2798
AAGCTCATTCTCTGTT,,0.0005,0.0005,15,2759
ATGGAGACGCTTGATC,T81S L128Y,0.0005,0.0005,15,2759
ATCACCCGAACAACAA,,0.0005,0.0005,15,2724
TCAGTTGAATCGTGTA,D251Y,0.0005,0.0005,15,2708
TCCATGTAAAGTTGTT,,0.0005,0.0005,15,2693
GTAGCAGGAGCTAAAA,,0.0005,0.0005,15,2659
AGAATAAGACCACCCA,,0.0005,0.0005,15,2605
AAAAATCCAGCAACCA,K490A,0.0005,0.0005,15,2588
TAAAGTTAAGACTAAC,,0.0005,0.0005,15,2578
CTATCCCTTCGGAATT,,0.0005,0.0005,15,2566
GTACACGATTCAGATC,,0.0005,0.0005,15,2536
AAGTAAATAAATAGCA,,0.0005,0.0005,15,2521
GAACGTTAATATTAAC,,0.0005,0.0005,15,2505
GATAGTGGACTTTGAG,T70A I222V L285M,0.0005,0.0005,15,2480
AAACATGGTGTCCCAG,N178W,0.0005,0.0005,15,2419
ATCATCCGCGACTGCA,,0.0005,0.0005,15,2390
TATTCTTAAAGGAAGC,L128S,0.0005,0.0005,15,2368
TGTGAACACGAACGAC,Q218I,0.0006,0.0006,15,2311
AGCGATATAACGCGTA,S255A Q331V,0.0006,0.0006,15,2308
TTATATACGGCTGTGA,Q69N,0.0006,0.0006,15,2296
GGTATAATTCTATGCC,D251G W283Y,0.0006,0.0006,15,2288
ACGCTAATCCTATAAG,W210R V341T,0.0006,0.0006,15,2261
CTTACAGGAAAGCGAT,R325C,0.0006,0.0006,15,2235
ATCCTGTTCTAGTGCG,,0.0006,0.0006,15,2184
CGTTTTACCTTGTAAA,Q406A,0.0006,0.0006,15,2183
GCCTACTGATCATTTC,L382M,0.0006,0.0006,15,2181
TGATAACGAAACCTAA,L51S,0.0006,0.0006,15,2178
TGACAATTTTGATCGT,T70N,0.0006,0.0006,15,2150
AGTAGGAACGACTAAG,E228N,0.0006,0.0006,15,2147
TAACTTCGGCGTAATG,M214W,0.0006,0.0006,15,2130
GCTCAACATTGGCTAA,T190S,0.0006,0.0006,15,2108
AAAGTCAATGCCTTCA,K161E A195V H448R,0.0006,0.0006,15,2093
GCCCAACCCACAACGG,,0.0006,0.0006,15,2083
GGGGGGAGGATATCTC,,0.0006,0.0006,15,2065
CGGTACAAAGAAATAT,,0.0006,0.0006,15,2064
ACCGGCAAAAACCAAC,N119S T249I S476V,0.0006,0.0006,15,2054
AATTCATAAATAATAA,N209Y,0.0006,0.0006,15,2026
CACCTCACATCATCCA,V47M,0.0006,0.0006,15,2015
CCTTTAGAAGTGTATC,E100Q A407M,0.0006,0.0006,15,2014
TACTCTAAAATTTGCG,L133F,0.0006,0.0006,15,2014
GGTACACGACTACTTA,E104A D122Y,0.0006,0.0006,15,1997
ATTGTTAGATCGACCG,,0.0006,0.0006,15,1993
GCCGCCTTAGACGAAT,V28L Y200F,0.0006,0.0006,15,1992
TCTGATTCTGGCAACA,,0.0006,0.0006,15,1983
CAGACACATAATCAGG,,0.0006,0.0006,15,1977
TCAGCTAGGTGTAAAT,,0.0006,0.0006,15,1970
TATTTAAAGCACCATT,E104S,0.0006,0.0006,15,1968
TAGAAATTGCCAACAA,,0.0007,0.0007,15,1957
ACGGATGGACGGTTAC,G42R N390Q,0.0007,0.0007,15,1951
AGCTTACATCTTCCGG,,0.0007,0.0007,15,1922
GCTATTACAAAGGCTA,,0.0007,0.0007,15,1922
AGTGAGGCGAGAGGTT,R207S,0.0007,0.0007,15,1913
TCTACCCGTCAAAACA,T106S,0.0007,0.0007,15,1893
CAAAAACTTAATTTGC,E100T,0.0007,0.0007,15,1872
TACTATTAAATAGCAA,G102S I337T,0.0007,0.0007,15,1869
CACAACTAAAAATGGT,N185S,0.0007,0.0007,15,1866
TTAAGACACCGGACAA,E228A,0.0007,0.0007,15,1851
GACCCCGAATAAGAAC,L349A,0.0007,0.0007,15,1831
ACAATTGTTTAGACAA,,0.0007,0.0007,15,1830
GTTTCAACATAGTGGT,F38L,0.0007,0.0007,15,1829
GGGAAAATGCAACTAT,K63N,0.0007,0.0007,15,1806
GAATTCATACGATCAT,,0.0007,0.0007,15,1796
TAAGAGTGTACCAACA,,0.0007,0.0007,15,1790
CCATGAGCCTGCATAG,G484F,0.0007,0.0007,15,1785
CACCTCATCCCATACA,,0.0007,0.0007,15,1758
ATCTACAAGCCGGCGC,,0.0007,0.0007,15,1746
GCCACTGGATGTGAGA,,0.0007,0.0007,15,1745
TAGTACAAGCAGTTGT,L61H W196A,0.0007,0.0007,15,1727
GACGAGCAGAGCGATA,T101L,0.0007,0.0007,15,1723
GGTACTTAGCTCCGCA,,0.0007,0.0007,15,1720
AACATGGTGTAGAAGA,M192A N390L,0.0008,0.0008,15,1692
CCTCTATTCCATATCA,G186D,0.0008,0.0008,15,1684
ATACTTAAGATTAATC,I15F,0.0008,0.0008,15,1675
ATACTAACGCTAATCA,I201G,0.0008,0.0008,15,1651
AACGTTCCAGAAATTA,M420V S476H,0.0008,0.0008,15,1639
CAACGCAATTAGCACA,I144V R207V,0.0008,0.0008,15,1612
CTTGCTATTCGTACAC,Y278L,0.0008,0.0008,15,1601
TACGTTTAAATCTGTA,T70Y K300S,0.0008,0.0008,15,1580
AGATAAAGTTCACTAA,S135F D175T,0.0008,0.0008,15,1570
CGACTATACTTCCCGG,A340C,0.0008,0.0008,15,1568
AACATTTTAAACAACA,G206L,0.0008,0.0008,15,1542
TTGATGAATGTGTCAC,Q335N K488V,0.0008,0.0008,15,1542
AAATCAGTATCACACA,,0.0008,0.0008,15,1537
TCACCTTCTGTTCATT,,0.0008,0.0008,15,1521
GATTCGACCGGAATCA,P483L,0.0008,0.0008,15,1515
TGTTTCGATACACCTA,,0.0008,0.0008,15,1514
TGATAACAAACGCCCA,,0.0008,0.0008,15,1506
AAAGTCAAAATGCTTC,G174D,0.0008,0.0008,15,1505
CTCAATATAGGACCTA,Y200N,0.0009,0.0009,15,1501
GATATCGAACTGTAAA,I334L,0.0009,0.0009,15,1496
TAGGGCGAGAATATAT,,0.0009,0.0009,15,1467
AGCCAATATCAAGTAC,,0.0009,0.0009,15,1461
GCGTAGTTCTGTTTTG,I213V,0.0009,0.0009,15,1432
AACTTTATTTAGAACA,Q232L H398Y,0.0009,0.0009,15,1422
CTTTATGGAATAGCGA,K320R,0.0009,0.0009,15,1418
CAGACTGTTGAATTTA,S60L,0.0009,0.0009,15,1411
CAGTGACGAAATACGA,L133F N158H,0.0009,0.0009,15,1401
TATTACAACAGAATCC,,0.0009,0.0009,15,1379
AACCGAAAACGTAAGA,,0.0009,0.0009,15,1377
GCATGATACCAGTAGA,Y369I T375D,0.0009,0.0009,15,1371
TTATTCCAAATGTAGA,I21L T110I,0.0009,0.0009,15,1366
TCCATAGGAAGATATT,,0.0009,0.0009,15,1363
GTTAAGGCCTTATCCG,I323T,0.0009,0.0009,15,1362
CAGTCTGGAACTTTAA,M192S L349M,0.0009,0.0009,15,1348
AACGCAATCTCTTAAT,V97A I222F M472G,0.0009,0.0009,15,1347
ATATGTAAACATTCTA,D130P R248T A288F,0.0009,0.0009,15,1347
AAGCAATCGAACGACT,,0.0010,0.0010,15,1341
AAGAATATTTTACCAC,N79S,0.0010,0.0010,15,1322
GATAACCCCTCAGCAC,,0.0010,0.0010,15,1319
ATCCACTATTACCCTA,Q3T L105M R379T V459A,0.0010,0.0010,15,1311
ACGCACTACCCAAGGA,,0.0010,0.0010,15,1290
AAGTGACACTAGTAGT,V28G,0.0010,0.0010,15,1276
AATTAAAATTTTACAA,,0.0010,0.0010,15,1275
GTAGATACTGAGAAAT,A123H T226K I254-,0.0010,0.0010,15,1268
AGGAATTTAACACACT,F316L,0.0010,0.0010,15,1265
CGATGCTGATACAATA,K88T G174N Y200L,0.0010,0.0010,15,1263
ACGGAAAGTATATGCG,,0.0010,0.0010,15,1262
AGGTACAAATCTTTCG,K339N,0.0010,0.0010,15,1260
CCCACGCATTCGAATG,,0.0010,0.0010,15,1258
CGCAATGCGATCCAAA,G64R K116E N158S,0.0010,0.0010,15,1254
TGAGTTCCATGTGAGA,E287A,0.0010,0.0010,15,1249
ATTCTCTAACTAATGG,,0.0010,0.0010,15,1247
AGACTAGATTAACTAA,A39L L479W,0.0010,0.0010,15,1237
CAGGCTAGTACTCCAG,,0.0010,0.0010,15,1224
ACACGATAAAAGTCTG,N114V L142P Y200L G240S,0.0010,0.0010,15,1222
CGTTTCATGAGCCCAC,P236Y,0.0010,0.0010,15,1220
CCAGGAGCTTTACCAG,S269L,0.0011,0.0011,15,1211
CGATTAGTCTAGTGGA,S60R,0.0011,0.0011,15,1208
AATACTTGTGCGAGAA,,0.0011,0.0011,15,1205
GTTGAAAAAGGCCAGC,Q3G,0.0011,0.0011,15,1189
CATGTACGAACGAATT,,0.0011,0.0011,15,1174
AAATGGAAGTGGCGGC,K461L,0.0011,0.0011,15,1162
GGAAAAGGAGCAAAGA,,0.0011,0.0011,15,1159
TTTAAGGAGAGTACAT,,0.0011,0.0011,15,1156
CTTAAAATTACGAAAG,K126Y D229E,0.0011,0.0011,15,1145
AAACAGTAAAAGTCCA,,0.0011,0.0011,15,1144
TTAGTCGCAAGCACGG,D211L,0.0011,0.0011,15,1140
TGATCATCCGATGTTT,G206Y,0.0011,0.0011,15,1138
CACTTGACAGACAACA,M192D,0.0011,0.0011,15,1135
AGCACTTAAAATGACT,E303R,0.0011,0.0011,15,1127
CATAAAACACATCTGA,M96K I452F,0.0011,0.0011,15,1121
TGGAAATGACGGGCAA,F117N A299H,0.0012,0.0012,15,1110
AAATATACTTGGGCAA,T182A I213M,0.0012,0.0012,15,1101
AATAATGCAGACGTTG,K63R,0.0012,0.0012,15,1088
CCGCTTATATAACCCC,Q149N I201N E287S,0.0012,0.0012,15,1063
GTCCTTACGGAAGGGA,,0.0012,0.0012,15,1062
TCTTTGTAAATTCAAA,N74S,0.0012,0.0012,15,1029
CTGCTTGGAACCGAAG,,0.0012,0.0012,15,1028
GACGTCAGCCCGACTT,H124Q,0.0013,0.0013,15,1019
TCAACCTAGATCTGTT,E270S,0.0013,0.0013,15,987
ACAGGAGTAGATTTGT,,0.0013,0.0013,15,986
AGTATTAACGTTAAAG,,0.0013,0.0013,15,973
GTATCATAGCTACCTT,M153P,0.0013,0.0013,15,960
ATAGAGTTTCAATACT,E76S,0.0013,0.0013,15,955
ATGCTTTTCTTACGCA,Y172L A343V,0.0013,0.0013,15,955
GTGCACATACGATGAA,,0.0013,0.0013,15,950
GCGATATCCAAAAGCA,L344M,0.0014,0.0014,15,945
AATATCAAAGGTCGCG,,0.0014,0.0014,15,942
GACTTAATAAAGACCG,S60M D251Y G260K,0.0014,0.0014,15,931
ACTAAACTCGACCTAA,,0.0014,0.0014,15,925
TACCAAACTTAATGCG,I136L,0.0014,0.0014,15,922
AGAAATAAACCCGGAG,K368M,0.0014,0.0014,15,914
AAGCGATCTTATATAA,,0.0014,0.0014,15,913
CCGAAACTCCAATTAT,H374L,0.0014,0.0014,15,906
TGAGTTGACACGAAAA,,0.0014,0.0014,15,899
AATATAACACTCCAGA,,0.0014,0.0014,15,886
ACCATAGCCTCACAAC,Y441F,0.0015,0.0015,15,860
GCTGATATACTTGAAA,T377L,0.0015,0.0015,15,858
ACTGAATAGGTTAAAT,,0.0015,0.0015,15,857
TGCAGTCGTAAAAATG,,0.0015,0.0015,15,855
CCCGAAACCCACAAAA,Q149M P236S,0.0015,0.0015,15,836
TATACATCATAAATAA,F7V,0.0015,0.0015,15,835
AGTCATAATTTGCAAC,,0.0015,0.0015,15,831
CCAGTCTCAAAGTTTT,N79L,0.0015,0.0015,15,829
GATCAGCATTAGCGCA,L133C,0.0016,0.0016,15,824
TTATTAGATCCTCCCG,G294W,0.0016,0.0016,15,824
ACAGCAGCACTCGAAC,K161L G181I,0.0016,0.0016,15,820
CAACAGTGATTAACGA,,0.0016,0.0016,15,815
CTGACGTGAGCGGCGA,N119L S267Y,0.0016,0.0016,15,807
TAAAGTACGATATGAA,,0.0016,0.0016,15,802
TGTTCAGATCGAAATA,Q189S G294V,0.0016,0.0016,15,801
TCTCCAACTTAACAGA,,0.0016,0.0016,15,795
AGAAAGGAATAAGGGG,D357N,0.0016,0.0016,15,780
TTGTCAAGCATCATAA,T59S,0.0017,0.0017,15,768
TGCAGATGACGTAAAA,G102V,0.0017,0.0017,15,742
TCTAGAAGGAGTTACT,,0.0017,0.0017,15,734
ATCACTTACCCAAATA,E100Y F147H V183K,0.0017,0.0017,15,731
CTAGCGAATATGTGGC,G260D,0.0018,0.0018,15,711
ATATTATCGTTCAGCA,E72Y,0.0018,0.0018,15,710
CCTACCTAATTGTGCT,L29F K125Y,0.0018,0.0018,15,709
TATATTAACACTCAAC,,0.0018,0.0018,15,700
ATCATTATCTAAGCAA,L479I K490S,0.0019,0.0019,15,688
AACGGAAGATATTAGT,M410V,0.0019,0.0019,15,681
CGTTAAAAATTACTGA,L29F,0.0019,0.0019,15,671
CAGCGCGAGTCTGGGG,V65T,0.0019,0.0019,15,662
CCCACTAATGAGAGCC,L245K,0.0020,0.0020,15,650
CTCGACCCCTAGGCGG,L387T,0.0020,0.0020,15,649
TTTTACTGAACCCTCT,F147D G208R,0.0020,0.0020,15,641
CGAGTTTACCAACTTC,A173T S234V L290F,0.0020,0.0020,15,639
ATAAGAATCACAAAAA,E104V,0.0020,0.0020,15,636
AACACAATGAGCAACT,N185A N209M,0.0020,0.0020,15,631
CTCTGAAACTACTAAG,H13G H131N,0.0021,0.0021,15,612
TACGCAGACAGAACAG,I221S,0.0021,0.0021,15,611
GATTCACTGTATTCAT,M472L,0.0021,0.0021,15,605
CGTACAGGCATGTGTC,H230T Y278W,0.0021,0.0021,15,601
AAAGACCTGTGAAACC,N99L G159N H170T V435L,0.0022,0.0022,15,586
CCCGCAAGATACGAGT,Y393L,0.0022,0.0022,15,571
CTAATACCACACCTAC,Y172F G271A M420H,0.0022,0.0022,15,571
AAGTGACATGGTAAAT,,0.0023,0.0023,15,559
CAGCATAAATCAAAAC,W196R,0.0023,0.0023,15,553
TCGAGGGGCGAAATGC,H230F T376I,0.0023,0.0023,15,546
GTTAAAACCCAGAAAG,G42S S199N,0.0024,0.0024,15,539
TTGCCCAAAAAGAGAG,N146E,0.0024,0.0024,15,538
AAAGATGAAGGAATGA,Y62S,0.0024,0.0024,15,536
GCTCCACACGAAGTTC,G240T,0.0024,0.0024,15,525
CTATATCCGGTATCTC,H179N Y441N,0.0024,0.0024,15,524
GCCGTCGAAAAAATTA,V459P,0.0024,0.0024,15,522
TGGGGTCAAATAGAAC,,0.0025,0.0025,15,519
TATATGCACCCGCGTT,L242V,0.0025,0.0025,15,517
AAGCCTGCCAGATCCA,D408Y F434V,0.0025,0.0025,15,510
TAACGAAGGTGATAAA,,0.0025,0.0025,15,510
CCATTAATTGTAGACT,L51F D268G N395F,0.0025,0.0025,15,505
AAAGAGCAAAAAATCG,V44R T225N,0.0025,0.0025,15,504
AGCCGAATCATGGAGG,S246F,0.0025,0.0025,15,503
GCATGCGTTTAAAATC,D211A L349G Y369F,0.0026,0.0026,15,499
AATCGATAAAATAACA,Y129S,0.0026,0.0026,15,489
ATACGATATTTTAATT,Q165M S169T T376Y,0.0026,0.0026,15,487
ACAAAAAGGACCCCGT,G159Y K481T,0.0027,0.0027,15,477
TAACACATTTACGTTG,R207W,0.0027,0.0027,15,471
AATTATGGATTCTTTA,Q223R,0.0028,0.0028,15,462
TGCGGCCTACAACACG,Q9R,0.0028,0.0028,15,457
TGGTTAAGTTATCAAA,W210C E308S,0.0029,0.0029,15,448
GAACAATTTCGAACGA,L133C G360S,0.0029,0.0029,15,445
GATCTGTTTTCTTATG,Q3L,0.0029,0.0029,15,440
CAAGCACAATACCCAC,L46F M194* R356Q,0.0029,0.0029,15,439
GAATATGATATACTGG,T87H,0.0029,0.0029,15,439
TGGCTTGTTAGACACA,S121R G198Y Y200* G391* S462R,0.0030,0.0030,15,427
CTATTAATTCAATCAG,N390L G484C,0.0030,0.0030,15,421
AAGTGTAATATATTCA,,0.0031,0.0031,15,412
GAAGTTTGGCAGGGGA,I222T R250L,0.0032,0.0032,15,395
CATTAGTACGCGAACC,I452P,0.0033,0.0033,15,391
TCCAGATAATCGTTGT,,0.0033,0.0033,15,391
GAGAAATGAATGGATT,M410T,0.0033,0.0033,15,383
CGATTTTCCATCTGCA,G208W P238V,0.0034,0.0034,15,376
ACATATCAATATACGT,T87R I213R,0.0034,0.0034,15,371
GCATACAGTTCCCTGC,H92L S121I,0.0035,0.0035,15,365
ACGCGCAGCATGGCCT,E307G,0.0036,0.0036,15,356
TGCAGAGACCTATAAT,A30L L43I T59N W264T,0.0036,0.0036,15,353
AGAAATGCAAAACATC,A30G R250P H354I,0.0037,0.0037,15,345
GAACATCTACACTACT,S56Q I136T Y150N D401T I452L,0.0037,0.0037,15,343
TTAACACTACACAAGT,Q3P N158S N167S,0.0038,0.0038,15,338
ATAGTGATAAGTTCCA,,0.0038,0.0038,15,336
AGTCTCGAGCACGAGA,S27A T106N S169D D251R G277Y,0.0038,0.0038,15,335
TGGCTTTATGCCACAA,S367T,0.0038,0.0038,15,334
TGACACAGGCGACCCC,M214R L242S,0.0040,0.0040,15,322
AAAAGGTACAGGGCGC,G160S Y166S Q232K A322S,0.0040,0.0040,15,318
TCCCCTCATAGTACAT,,0.0040,0.0040,15,316
CATCGACGTAACTCTC,N99H A123F F191V,0.0041,0.0041,15,308
CCCAGATACATTTAAC,M82G H179T E289K,0.0043,0.0043,15,300
TACTTACAAAAAACTG,I4F M332T,0.0043,0.0043,15,298
CGGAGCCACCTTGAAG,S60L C231Y,0.0044,0.0044,15,291
CAGTACCGGTTAACCA,S389D I403L,0.0044,0.0044,15,288
GTTGTTGCAAGTGATT,I252Y N295M,0.0045,0.0045,15,286
AATGATGGAGTTGAAA,,0.0046,0.0046,15,280
ATAAATAACAAACATC,L35V R356L R491L,0.0046,0.0046,15,280
CGCACCCCTGTTACAA,F38V I403S,0.0046,0.0046,15,280
TAGCTTTCCCCAAAAT,G2W,0.0046,0.0046,15,280
CAAACAACAGAAATTC,G174E D317L,0.0046,0.0046,15,276
ACAAGCCTAGGACTTC,F7R L107Y H179I,0.0046,0.0046,15,275
CACCAACCAAAAAATG,M19S A30F E228A K417R C477S,0.0047,0.0047,15,271
CATCACCCAAGTGTAT,T6S S255F,0.0048,0.0048,15,268
CTCGGGAATTGGATAA,I112S Q416P L442I C475A,0.0048,0.0048,15,267
ACACCAACTTAAGTAC,I136Q V164S,0.0049,0.0049,15,263
ACCACCTGTCATGGTT,T48A E104D,0.0049,0.0049,15,263
TTTGATGGTAACTAGA,Q3V W227R S389D,0.0049,0.0049,15,261
GTAACCAAAGTAACGA,N295L,0.0050,0.0050,15,256
ACCAATTCAATTATAA,N158K M332T V431T,0.0050,0.0050,15,254
TATTACAGCAGAGAAA,T215V D306R L479I,0.0050,0.0050,15,254
GTTGGTTCTACTCTTT,I162W,0.0051,0.0051,15,250
TTATCACTGGACACTT,T81C G159I L344M,0.0051,0.0051,15,250
CTGCCATATTTTCATA,A184P R282I,0.0051,0.0051,15,249
CAGTCTATCCTACAGG,K116A H131I K339T,0.0052,0.0052,15,245
AGCGCAAACACTGTAC,G42A N178D,0.0053,0.0053,15,242
ATTCCATGCCCACCTG,G159K G198V R235G I254R,0.0055,0.0055,15,234
AACAACCCACTTTTGT,A25E T87S S121K G197S W210S C212Y I239P V450A,0.0056,0.0056,15,229
GGAAAAACTGCCTACG,,0.0058,0.0058,15,222
ACACCCAGCACAATTG,N167A N365C,0.0058,0.0058,15,221
AAAGCTCAAAGTAAAA,N90S L120I S163I H398F I403N,0.0058,0.0058,15,219
CAAGGACTTGAACGGT,S143Y,0.0059,0.0059,15,217
ACAAGATAAGAAAAAG,,0.0059,0.0059,15,216
TGAAACTTGACCCCTA,A30P Q69S N99Y,0.0059,0.0059,15,216
CACCGATTAGTAAAGC,V47R C57M S91N K116N T261Q P486L,0.0060,0.0060,15,213
AAAAATACCAGGATTA,V47S G186L W210R,0.0060,0.0060,15,212
CGCGAGAGCAATGCAG,F117S L415Y,0.0061,0.0061,15,209
GAAGTCAGATCCATTG,P12L Y278* L349* T454I S462H K488M,0.0061,0.0061,15,209
TAGTGCTATTATGGGC,G2R Y172S,0.0061,0.0061,15,209
CATATATCGAAGTTAA,S85Y G424E,0.0062,0.0062,15,205
CATAGACGTGTGCCTA,N185Q Q331S,0.0063,0.0063,15,203
ACAACCGTGAAACCAA,F157Y G174A E413N,0.0063,0.0063,15,202
CCTGCTTGGACAGATT,G42V G160Y H170N I201T Q405R,0.0063,0.0063,15,202
TTGATTTTACAACGTA,H115W A343P P453M,0.0065,0.0065,15,198
AAAGGTGAATTCTGCT,G42T Q165T,0.0066,0.0066,15,193
GGTACTGAGATTTTTA,G174K D311G I334K,0.0066,0.0066,15,193
GTCAGTGAACACAAAT,V97P,0.0066,0.0066,15,193
CGTATAAAGTAACATG,Y200G S205E L394A,0.0067,0.0067,15,191
TCCCGAGAAACACATA,Y241F F316C D402C Y441L R468Q,0.0069,0.0069,15,186
AGGAAACCAATACATA,L326* V431M,0.0069,0.0069,15,185
TATTTCAACTAGTAGT,K304M L447R,0.0070,0.0070,15,182
AAATAAAACGTTTCTT,C53L,0.0071,0.0071,15,181
ATCTAGACAATATATA,E100K E151T S205V K272N N409K,0.0071,0.0071,15,179
ACATGTATCTGAGCAA,L46R A132I W210R,0.0072,0.0072,15,177
GTCCAAGGTAAATCAC,M75S,0.0073,0.0073,15,175
TAACACAATGAAACGC,H13V T70F S234C E396S C475A,0.0073,0.0073,15,175
TGTAGCGTATCAGAAA,G102Y A123T,0.0073,0.0073,15,175
ATCCGAGCACACTGAA,F157V L242S F446V G473R,0.0075,0.0075,15,171
CGGCCAAAAGATGAGC,G186Y F440T,0.0075,0.0075,15,170
TCAGATGGCAAGCGAT,V187P,0.0077,0.0077,15,167
AATTTAAACCACTATG,Q9C G64K S169F A184D Y200P,0.0077,0.0077,15,165
ATTGATAGTCCGATGA,A173* L387R S476R,0.0078,0.0078,15,164
ATACCAGTGTAACCCA,L220T M410V,0.0078,0.0078,15,163
CTCCGTCTCCTAGCGG,L203P,0.0080,0.0080,15,159
ATGATTCATAAAATCT,K368T G429V F434T,0.0082,0.0082,15,156
GCGAACCTGCTAAAAC,T225P,0.0082,0.0082,15,155
ACAATTCCTGACGAAC,I144R,0.0085,0.0085,15,150
CGAGATCTTTACGAAT,Q149N K161N Y253W,0.0087,0.0087,15,147
AGGATATTCCTGTAAT,V47S T139N S234T S444N,0.0088,0.0088,15,146
GAATACATATGATGGT,M312A,0.0088,0.0088,15,145
GTAAGTCTAGATTAAC,Y94L N365L,0.0088,0.0088,15,145
TACGAACATTTTTAAA,L71F D130P R248D P427L L449S,0.0090,0.0090,15,142
TCCACTAGACTAGCAA,C57G H93E K320* Y393T,0.0091,0.0091,15,141
CTGAAGATTTAACGCT,A30H T215D,0.0093,0.0093,15,137
TAACTTATTAATAGTG,K126Y M134R T281L,0.0093,0.0093,15,137
TGACGCATGCTACTTT,L220K P238E,0.0093,0.0093,15,137
TACAGACCAAATTCAC,L203I T438*,0.0100,0.0100,15,128
TATACATTAAGAACAG,N109K N353T Q405*,0.0100,0.0100,15,128
TTTCGTACGACGGGAA,L336R V341T F446R,0.0100,0.0100,15,128
TGGGAGCACTATGATA,Y62L E151L I403S,0.0101,0.0101,15,126
CACGATCACACTAGAC,M75K,0.0102,0.0102,15,125
GCTGATAGCGGTCTCC,V18R G260N,0.0102,0.0102,15,125
TCATATTTAAAACTTT,I411G P427T,0.0102,0.0102,15,125
TCTAGTCAAGTGTTAC,L103* P275M E308T S389D,0.0102,0.0102,15,125
GCTACACATACACACC,L32* S111R T263S,0.0103,0.0103,15,124
AAAAGCATAAAGGTAC,I136K A152S I222T K300R S462E,0.0104,0.0104,15,123
CACGTATGCTAATAAT,S381*,0.0104,0.0104,15,123
ACCACTGTATGACAAG,T87G F191R,0.0105,0.0105,15,122
TAATGACGTTAGCGAC,T59G,0.0106,0.0106,15,120
GACTTAGAGAATCCCA,N119S G160F G208W T274H,0.0107,0.0107,15,119
ACACCAAAGAATAAGG,L50W T438H,0.0108,0.0108,15,118
GACAAATTAGTATCTT,V187R T226K G391V,0.0108,0.0108,15,118
GACCACTGTTACTTAA,A30L N167P,0.0108,0.0108,15,118
AGTCACCCCACTTTGG,L469E,0.0111,0.0111,15,115
GCACAATCCAAAGCGC,W210I W264T N319Q,0.0111,0.0111,15,115
TGAAGGTACAAAGCGT,L78N A288I K425V,0.0111,0.0111,15,115
TTTTTCTCACAGGGCA,K33S L50D K63D T274Y,0.0111,0.0111,15,115
AATCGACAAGGAGACC,S234D D273K S400C,0.0112,0.0112,15,114
AGAAGGTACTCAAATA,D306M G429C,0.0112,0.0112,15,114
GAACACTAATTGACCA,A184V A299T,0.0112,0.0112,15,114
GCATCTGGACAGCAGC,A30D V44M G174T I403F Y441P,0.0112,0.0112,15,114
GCTATATCCCGCATAT,Q149*,0.0112,0.0112,15,114
GGTTTGTCTAGTAGTA,M19E T70C I136N A152I Y200I M284K E289A,0.0112,0.0112,15,114
AGTCAGTACATCGCAA,Y200T D317A,0.0113,0.0113,15,113
ATAAAGCAATCACCAC,V431E,0.0113,0.0113,15,113
CCTTTCGACGATCCCG,N99L V431*,0.0113,0.0113,15,113
CTAAAAGGGGTACGGA,C118T N390S L433M,0.0113,0.0113,15,113
ATTCCTGCAGAATGTG,S27* L51R S163D C301Y T380P S462*,0.0114,0.0114,15,112
CTGCGCCTTGTTGCTT,K320F Y363S,0.0114,0.0114,15,112
GCTATATAAGCTGCAG,V450L,0.0114,0.0114,15,112
CACACATCTCGGATAT,T59M S154E N158G,0.0115,0.0115,15,111
TATTACGTTGCCACGA,K33M Y66N,0.0115,0.0115,15,111
CTTGACAGACGCACTA,E17A V44P L428S,0.0116,0.0116,15,110
TCACTAACAATATACA,L128* G186* T454W,0.0116,0.0116,15,110
TCCGAGCTGTAGAGTA,G181*,0.0116,0.0116,15,110
GATGAATCCTAGATAC,N319R,0.0117,0.0117,15,109
GCCACAAGCCCATGAA,N146F P362Y C463W,0.0117,0.0117,15,109
CTCACTCTCAGAACTA,T139E S163*,0.0118,0.0118,15,108
TATCCAAAAAAACCCA,G64T E76A P238T,0.0119,0.0119,15,107
TATCCTCAACCTTTAC,N146M G484S,0.0119,0.0119,15,107
GAAACGTGATAAACAG,L46H Y150F H354L T412Q,0.0121,0.0121,15,106
TTGAATATAACTAGAC,C118N E418*,0.0121,0.0121,15,106
AATATTTCCCTTCTAA,V28H T106F E404G S444N M472G,0.0122,0.0122,15,105
ACCGATGCTTGGAACT,T139I G160S C279N A288*,0.0122,0.0122,15,105
AGTATCCACAAAGCCA,L259E,0.0123,0.0123,15,104
GAGCCTGGTGAACGTT,A176D R193W,0.0125,0.0125,15,102
GCAACTAGCAGGCGCC,G198C,0.0125,0.0125,15,102
AACCATAAGAGAGAAT,L133G N224T R248S T412N,0.0127,0.0127,15,101
ATTACCGAGAAGGAGT,Q232Y I350W,0.0128,0.0128,15,100
CTAACTACGGGGTAGA,H170Y L203P L372Q Q405I,0.0128,0.0128,15,100
TAATGAGACAATTAAC,C212Y Y219L L285S,0.0128,0.0128,15,100
TATATAGAGCATACGG,C231L,0.0128,0.0128,15,100
CCATACTCAACATCAA,Q3A N158T I201P Y253H,0.0129,0.0129,15,99
TCATGCCTATTTACCA,N365F,0.0129,0.0129,15,99
ACGGTTCGCATTAACG,E104* A123T S143V N295L I403W,0.0130,0.0130,15,98
GGTGATTGTACGCAGA,S154I Y200S,0.0130,0.0130,15,98
GATTACCTCTCCTGCC,A288I K320M,0.0132,0.0132,15,97
GCGTTTTGCCTTGGCC,T426H S476Y,0.0132,0.0132,15,97
AGATGCGAGACGCAAT,Y200L L220K,0.0135,0.0135,15,95
TGAACAGATAACCGGA,Q9C E228A D273S K339C,0.0136,0.0136,15,94
AGAGCCTCCTCACGCC,S462L,0.0137,0.0137,15,93
CTCCATGCAAACCATT,L372M C385F,0.0137,0.0137,15,93
GGTTTCCATTTTAAAA,I443H,0.0139,0.0139,15,92
GCAACTTAGGGTTTAA,L43S L51W Q331V H467R,0.0140,0.0140,15,91
CTATGTTGGTAGATCC,S237R S367F,0.0142,0.0142,15,90
TTAAAAGATACTATTA,W196R E404K L447P,0.0142,0.0142,15,90
ATATCCACGTCATCAC,T296P H455Q,0.0144,0.0144,15,89
CTAAGAGTTCAAGGTC,L32I F191D S199F Y393S,0.0144,0.0144,15,89
ATAGAGCTTCACGAGA,Y62N L382Y S462G,0.0152,0.0152,15,84
GTGCATGAAAACTAGG,I4S S85D A343L,0.0154,0.0154,15,83
AGGAACACACCGTATT,C231S,0.0156,0.0156,15,82
CGTGCTTATAAACATC,L51G,0.0156,0.0156,15,82
GCAAAGGCTCACCAGC,G277* A299W,0.0156,0.0156,15,82
GTCTTAACTATAAAAT,L244F,0.0162,0.0162,15,79
AAAGCATTGCCAGGGA,L285D,0.0164,0.0164,15,78
ACATTATTAGAGCAAT,Q223R E228N F446N,0.0164,0.0164,15,78
TCCAACTACGTTAATA,Y129D I403E,0.0166,0.0166,15,77
AGAGTACCATCAGTAA,I254G,0.0168,0.0168,15,76
CGTTTTAGTAAATCGA,A123N Y166A,0.0168,0.0168,15,76
TAAAAAAGACAAAATA,C118I D432A S439C V450I,0.0168,0.0168,15,76
TCTTACTAAAACGTAA,,0.0168,0.0168,15,76
ATTATTAAAAGAATTG,L61P F117M F434Y,0.0173,0.0173,15,74
TATCGCACGCTAACGG,Q406K L415T,0.0173,0.0173,15,74
TAAATTTTCATCCACG,T6K W264S,0.0175,0.0175,15,73
TCAACCCAGGTGGCTG,T101E A322L,0.0177,0.0177,15,72
AAGATCATAATGCTTC,K125Q V183E,0.0180,0.0180,15,71
AATACTATTCCTTAAC,Y393S,0.0180,0.0180,15,71
CTAAAACTTAACAAAC,T226I,0.0180,0.0180,15,71
TGAACATTCCAGCCTA,L78E,0.0180,0.0180,15,71
GATACAAAAGTGTTCG,Y441N H448L,0.0183,0.0183,15,70
CAACTTCAAAGTACCA,G2V Y200G,0.0191,0.0191,15,67
CAAACATATCACCAGG,C57I,0.0197,0.0197,15,65
GTGACAACTTGTACAA,H13R Y253D D273Q F293Y S444N,0.0217,0.0217,15,59
CATGTTACATAAAAAT,M420*,0.0220,0.0220,15,58
TGAGAAGACAATGACA,G2N M351C Q482Y,0.0220,0.0220,15,58
ATATAGGCTACTTCTT,S234P S444N,0.0232,0.0232,15,55
CGTAAAGCAAATCTTC,G2Y A343V P383T,0.0237,0.0237,15,54
TCAAAATTCCAAAAAA,D156G G174*,0.0278,0.0278,15,46
AAGGCAATCCCCCTTC,C301H I445T K488P,0.0290,0.0290,15,44
CGTTACAGTAACTTCA,E104*,0.0290,0.0290,15,44
CATGGGGCAGTCCTGA,V183G F233L D268E Y441H,0.0312,0.0312,15,41
CGAAAAAACGTAAGGT,T6R D401V V485E,0.0328,0.0328,15,39
ATCCACAATACAGGCT,T108C G208S C212L Y219H G277C N302L,0.0412,0.0412,15,31
GAACATTGACAAACCG,F38W N395M S476L,0.0581,0.0581,15,22
AAAAGCAATCTAAGCC,E228S L394P,0.0609,0.0609,15,21
AATCTAAATCACAAGT,N79E Y217R,0.0609,0.0609,15,21
AACCTCGCACTTGTAA,V31D D156F G276R S476*,0.0639,0.0639,15,20
TACTTCGATAGTACTT,Q232G R356L,0.0639,0.0639,15,20
AAGGAGTATGGCTCCG,V388T F436K,0.0673,0.0673,15,19
ATTACATAATATGACA,G98D T215N L433K,0.0673,0.0673,15,19
AGATATCAGGTATAAA,N20T S234H V459L,0.0710,0.0710,15,18
CTGAGGCAGCGACCGT,C180V L394S N470R,0.0710,0.0710,15,18
ACAGCGTAATACTAAC,S135L L355S L479F,0.0752,0.0752,15,17
CTGAACCGCACCGTAC,V14E W196K S237G D347W,0.0752,0.0752,15,17
TTTGCTGCTGCTTATC,L142K V164C Y369F W386K,0.0752,0.0752,15,17
ACACGACACAGTAACA,F7Q S138R R491A,0.0799,0.0799,15,16
AGCCGAACAAACGAAA,K352E F436S,0.0799,0.0799,15,16
AGCTCAAAATTTTACA,T81N L336Q H455G,0.0799,0.0799,15,16
AGGGATACGAATCAGT,N90L S381D S437M,0.0799,0.0799,15,16
ATCTAACTTTATCGTA,L394* S444R,0.0799,0.0799,15,16
CAATCCGTGTTACTAA,S27*,0.0799,0.0799,15,16
CCTATCTAACGATCAC,S85F F147L I337L E413*,0.0799,0.0799,15,16
TCCGGCCACACGCTAT,T281D P427T F434Q,0.0799,0.0799,15,16
TCGCATGGTATGAAGA,R193C C212Y F262C H374T,0.0799,0.0799,15,16
TCTTCGCAAAATGCGA,M134L A176W,0.0799,0.0799,15,16
AGACTGTGAATTAATA,G42N Y66W R456I,0.0852,0.0852,15,15
AGAGGATCCATCTAGT,L259H L326P L349M,0.0852,0.0852,15,15
AGATATACTTATAAAA,N119S Y129C C477L,0.0852,0.0852,15,15
AGATCATTTAATACTA,N224H G240S D401S,0.0852,0.0852,15,15
CTAAATAATAGGAGAC,A152R C364P,0.0852,0.0852,15,15
TAATGTCAGAAAAGAA,L142* L449G,0.0852,0.0852,15,15
TAGAAGAAGACCACTC,S27A A407H,0.0852,0.0852,15,15
TCTCCTTGATCTAGAG,G98I G102C L203* F316* G378V H471G,0.0852,0.0852,15,15
TGTATGCGCCCCAATC,L78A G174E,0.0852,0.0852,15,15
TTACTAAACCCCATTT,P12A T261V,0.0852,0.0852,15,15
TTGCTGAGCCAAGTAT,S111E L245K R257W F293S Q331F,0.0852,0.0852,15,15
ACATTCCTTTAGAATT,S163F I286H T296M W489*,0.0913,0.0913,15,14
CAAATCAAAGCCTTAC,Y36C C57Y L259M,0.0913,0.0913,15,14
GCGGCATTGTGACACT,N89T S199T L259A F399L,0.0913,0.0913,15,14
TACCGGCAGGAGGAAT,N20P W196D N209S A328V K461T,0.0913,0.0913,15,14
AATTCTAGCCAAGAAC,E104*,0.0983,0.0983,15,13
ACCCGCAAAAAGGCTG,I15R T106S,0.0983,0.0983,15,13
AGAGTACCCTCTCTAA,I252M R456K,0.0983,0.0983,15,13
ATGTAGAAATTTACCA,H467E,0.0983,0.0983,15,13
CATTACATTGACCAAG,D156A N346R V431F,0.0983,0.0983,15,13
GAAAAGATCAGTGTAC,H92R G460L,0.0983,0.0983,15,13
GACTGATAAAACCCTG,N89E Y241L,0.0983,0.0983,15,13
GTCTGACGTGATGTAA,L84R S91G H374L,0.0983,0.0983,15,13
TATGCGCTAAAGAAAA,T59S N167H,0.0983,0.0983,15,13
CAAATTAGAAAATGAA,T108L C118L G294A H305G N346T N395M M472Y,0.1065,0.1065,15,12
CACATTAGTCGAAACT,S169R G206K Q405S,0.1065,0.1065,15,12
CCCTATTTCACCGGGC,T6V E404G,0.1065,0.1065,15,12
GACCCATTTATTCGCT,I201C C475P,0.1065,0.1065,15,12
GCGTAGGAGCCTTCTT,T190L K300M L442S C475W,0.1065,0.1065,15,12
GGCAAGTCTCAGGCCC,A25V A152T P236T G276K A288V,0.1065,0.1065,15,12
GGCTACGGAGCATCGC,S205Y R422V,0.1065,0.1065,15,12
GGGAGTATTGCATAAC,F140S C463S,0.1065,0.1065,15,12
TACCAGAGAAGAGACT,D347I,0.1065,0.1065,15,12
TATATAGATCCATAAG,V164* F434R P453L,0.1065,0.1065,15,12
AACATGTGCTGAGGAT,L133C N178A F316M L382N,0.1162,0.1162,15,11
AAGAGCAGAAGAAAAA,L71S,0.1162,0.1162,15,11
ACTACTGAATCACGAT,C475S,0.1162,0.1162,15,11
AGACCTTAATTCACAA,Q69V N109D L168F I286* I445S C477W,0.1162,0.1162,15,11
AGTCCAATCTTCTTAT,A184G C385F,0.1162,0.1162,15,11
ATATAAAAGTTTTATG,P362Y Q416I V435L P466N,0.1162,0.1162,15,11
ATATTATCCCCTGGAA,P466H,0.1162,0.1162,15,11
CCAAAATTTAGTCAAT,K116D Y219H,0.1162,0.1162,15,11
GCCGTGAATCATGAGC,W370K L428R,0.1162,0.1162,15,11
GGTAAAAAATATAGCA,N146V L449C P486K,0.1162,0.1162,15,11
TCTAACCTCCCAACTC,T87P N99T L242S,0.1162,0.1162,15,11
AATAATTCTGATAATA,V47I C180L L280C,0.1278,0.1278,15,10
ATACACTCCCCGTCAC,F38G V164W,0.1278,0.1278,15,10
ATCGATCCGCCTACGC,L84E,0.1278,0.1278,15,10
ATGTCACTTCGAAACC,N37E A123H S216T D268V,0.1278,0.1278,15,10
ATTAAGACTCTACACG,C212V Y278H E418K,0.1278,0.1278,15,10
CACCACCTTCTCTTTC,V47W E67N T375F,0.1278,0.1278,15,10
CTCATAAGGCCCCCGA,V14L R55L F140N P453*,0.1278,0.1278,15,10
CTCTAAAAACTAACTC,M194*,0.1278,0.1278,15,10
GAACTGCGAACAATCG,I15F I113P K417D I458L,0.1278,0.1278,15,10
TAACAAAAATCTGCCC,Q165P E396*,0.1278,0.1278,15,10
AATAGAAAGTAGTATT,I4D,0.1420,0.1420,15,9
ACTTCTATTATTAATC,L103* A177S N346P D402T,0.1420,0.1420,15,9
AGGTACTTTACGTGGG,V5F T70I S85I G98R C364S,0.1420,0.1420,15,9
ATAAGCACGATATCTA,C118I Y172Q A299V N353R,0.1420,0.1420,15,9
ATACTATCTCGCCTCT,I15N G54S,0.1420,0.1420,15,9
ATAGAGCCCAACTTGG,G240L G277S A288R Y393S,0.1420,0.1420,15,9
ATGAGGAGACTACTAA,T110F E404P,0.1420,0.1420,15,9
ATGTTTAGATTTCCAT,L29R W196V Y363N,0.1420,0.1420,15,9
ATTTACATTACACTCA,T281P,0.1420,0.1420,15,9
CATACGTTTTGCCTAA,G98R D402P,0.1420,0.1420,15,9
CGCTGCTGACCAAAGC,W196K S437L,0.1420,0.1420,15,9
CTATTATCAGCGCATA,T87R N148G,0.1420,0.1420,15,9
GACCGTGTAATATGAG,G102T A330L C364I,0.1420,0.1420,15,9
GATTTACACAACCCAG,A39L K126C D175V S246R T412G,0.1420,0.1420,15,9
GCCACAGACGTTGTTT,W386I,0.1420,0.1420,15,9
GCGCTTAATCGTTCAC,L133V W264S,0.1420,0.1420,15,9
GGTCTGATTAACACCT,Y150D F157* S333V,0.1420,0.1420,15,9
GTAATCAATTCCACTC,L469P,0.1420,0.1420,15,9
GTCAGTAGTTTTTTTA,C212Y A297P,0.1420,0.1420,15,9
GTCTCGTAATCGAAAA,V187T Y200M E308V,0.1420,0.1420,15,9
GTGAATACAAATAGAT,L61* H448F,0.1420,0.1420,15,9
GTTACATACGGGATTA,K88R L220M C279Y S444I,0.1420,0.1420,15,9
GTTCAAGCTAAACGAA,S121T T281P,0.1420,0.1420,15,9
TGCGCTGGCCAATGAA,G198C Q405*,0.1420,0.1420,15,9
TTAGGATTCACTGACT,S138C P427R,0.1420,0.1420,15,9
TTCGTTATTATCATCA,C86L H230N T274I Q331H,0.1420,0.1420,15,9
TTCTATAGGCAATTTC,T106F L120F D130W G159C Q321H,0.1420,0.1420,15,9
AAGATTAAGTACCAGC,I4T M75I L103H T190Y S367P,0.1597,0.1597,15,8
ACAACTAAATTGATAC,T40F Q149N Q232S L290I L315I,0.1597,0.1597,15,8
AGAGACTGCTTGGTAA,L168F H230Q P427K S437V,0.1597,0.1597,15,8
ATAAAACATACAACCC,Y393V M472L,0.1597,0.1597,15,8
ATATCGCAACACTAGT,T40F K63L H93G N158R,0.1597,0.1597,15,8
CAACAAACAAAAGCAA,M312Q,0.1597,0.1597,15,8
CATCAGTATAAAAAAT,M75D N114I,0.1597,0.1597,15,8
CATCGCTATAACATCA,V47Y S121W S444L,0.1597,0.1597,15,8
CTATTTTGCAAAACAG,T101D P453N,0.1597,0.1597,15,8
TTTAGGTCGATACAAA,R248H G360I,0.1597,0.1597,15,8
ACCGCACGCGAAGACG,S56Q M134V S199V M332G T376V,0.1826,0.1826,15,7
CAAATGACCGTTCACT,C53S T106L C118Y,0.1826,0.1826,15,7
CCTCCTAAAAACATAC,G159C L259R A297E F399K D432V,0.1826,0.1826,15,7
CGTAGAGTGAGGAGTA,F38L K304T,0.1826,0.1826,15,7
CTAGGCTAATAAATGT,G208H L220W L336S P453N,0.1826,0.1826,15,7
CTCTAAATAGTAACAG,R282P N319M,0.1826,0.1826,15,7
GACACCTGATGTCGAA,N167A W283L K291M,0.1826,0.1826,15,7
GATGGATATCATGAAA,L73P C155H G294V L344S L394S Y419A,0.1826,0.1826,15,7
GCCGTAGAAACATAAT,M82E Q165E L259P G260M L447F,0.1826,0.1826,15,7
GCGAACGAATGCCTGA,N20P M134R P453S,0.1826,0.1826,15,7
GCGATATTATCGCTGG,I21M G159Y W196P T375C,0.1826,0.1826,15,7
TCTATATGGCGTCACA,G42F N390P,0.1826,0.1826,15,7
TGAAAGATTGACTGTC,V44K Y94N K161R L344H,0.1826,0.1826,15,7
TGAAATTGCCAACCAC,D357C N395F C475T,0.1826,0.1826,15,7
ATCCATAGAACTACTA,G54V N90P,0.2130,0.2130,15,6
ATCTTGAGCTCCCGTT,V164W G478S,0.2130,0.2130,15,6
CATAATACACCAAAAC,D229V K327L,0.2130,0.2130,15,6
CCTTCGGATATGACCG,N146F M194N,0.2130,0.2130,15,6
CGCATAAAGTACAGCA,V18Y V47D C385N N470G,0.2130,0.2130,15,6
GAAATGGTAGGTACTG,L35P K304E,0.2130,0.2130,15,6
GAAGTACCGTCTATCA,L84S A195R R422S,0.2130,0.2130,15,6
GAATATGCTGCTCAAT,N209S C212* L394*,0.2130,0.2130,15,6
GAGAATGACATAGTTT,V65Y V97K R356K Y419M,0.2130,0.2130,15,6
GCAGATGAAGTCCTGC,R55* G277V V485A,0.2130,0.2130,15,6
GGAGCACTCTCACATC,G271V D311A,0.2130,0.2130,15,6
GGTCTACAGCACGGGA,N158P K451S,0.2130,0.2130,15,6
TAAATTACTGAGAGCA,L133G P362S G391V,0.2130,0.2130,15,6
TAATCCCATAAGCCAC,E10P C231H K461S R491K,0.2130,0.2130,15,6
TACAATTTTCGTCGAA,V5S G98F S267P W370G,0.2130,0.2130,15,6
TAGGATCTAATAACAC,T59H C180S M194W,0.2130,0.2130,15,6
TTAAAAGTTGCTACCA,E404K F440R,0.2130,0.2130,15,6
ATCAACAAACATGGAC,G206*,0.2556,0.2556,15,5
CGTATATGAATTCCGA,L142K C231F D251P T375D,0.2556,0.2556,15,5
CTATATAGTCAAATTG,M312D S439L,0.2556,0.2556,15,5
TTAGGACGACACAATT,Q3W Y366N,0.2556,0.2556,15,5
CCGGGTCGTTCAAGGC,L168T P362R I445V,0.3195,0.3195,15,4
CCGTGGAAAGCTAAGA,N185V W264Y P275H P453I C463D,0.3195,0.3195,15,4
GGAGGATAGAGGGAAG,S121W D311I K490L,0.3195,0.3195,15,4
GTACCTACCAAATTTA,K384F,0.3195,0.3195,15,4
TGAGAGCACAACGCTT,I323Q,0.3195,0.3195,15,4
AGTAGTTATCTAACAA,R235C R314A,0.4260,0.4260,15,3
ATGTAATATAGGGTAC,F191V I286S W386E,0.4260,0.4260,15,3
TCACGCAGTCAAGCAA,Y66E I222E T226I,0.4260,0.4260,15,3
GGCTCAACTTCCCCTC,L78P A340K,0.6389,0.6389,15,2
GAAATACCTAACAACA,E10R,1.0000,1.2779,15,1
CATTAATACTACAATC,D156T,0.0003,0.0003,14,4422
GGCATTTGTACACTAA,A184V,0.0003,0.0003,14,3942
AAGAACAAAAAGGTAA,G198W,0.0003,0.0003,14,3650
CACGAGGATTGATGTA,C212T A288M,0.0003,0.0003,14,3634
ATCAATACATAAAAGT,,0.0004,0.0004,14,3405
CACCCTTTGGGCGCCA,L128R F147Y,0.0004,0.0004,14,3339
TACGATTAGAACATAA,,0.0004,0.0004,14,3332
CAGCTGCACGAATAGA,S169D M332N,0.0004,0.0004,14,3227
ATACTGATACCCTGGT,,0.0004,0.0004,14,3225
AATCCCAGATCGCAAC,S199T K384R,0.0004,0.0004,14,3202
TTAACTTAAGCAATTT,,0.0004,0.0004,14,3157
GCGAACAATGGCCCTT,N127S D175N S199I,0.0004,0.0004,14,3092
GTTCAAGAAATCAGAT,H131F Q335R,0.0004,0.0004,14,3092
ACTTACCCTTTGCCAG,I201F,0.0004,0.0004,14,3037
ATCATATTATCAAAAC,,0.0004,0.0004,14,2984
CTCCTACTCACAAAAT,E100D,0.0004,0.0004,14,2954
TACACTTATACATAAA,S154A Y200E L259M E396P,0.0004,0.0004,14,2930
CATAAGAGAATGAGAA,N79Y I239V,0.0004,0.0004,14,2919
GCATGCTCGGGGTGCC,,0.0004,0.0004,14,2884
CAATCACCTAGCGAAT,,0.0004,0.0004,14,2846
AACCCTAAAGACTTAT,,0.0004,0.0004,14,2821
TACCATACTAATTATA,A39C,0.0004,0.0004,14,2821
GGGTCATGCCGAATTT,,0.0004,0.0004,14,2789
CGAGGAACATAATATT,L35T,0.0004,0.0004,14,2777
GCCTCCCTGAACTAAT,S171G,0.0004,0.0004,14,2776
TACATACCATAGATGA,G197W S269T,0.0004,0.0004,14,2755
AAATACCACTTGTAAC,G181L,0.0004,0.0004,14,2749
GTAAGGATGTTCGGAG,G98R K126T,0.0004,0.0004,14,2742
GGGTCAGGCCTTAATT,,0.0004,0.0004,14,2734
TTCAGGACAGGTCCCT,S400R,0.0004,0.0004,14,2662
AATCCGTGTTATCACA,M351Y S476N,0.0004,0.0004,14,2654
CCCTAATATTACCCTC,,0.0005,0.0005,14,2613
ATTGTGATAACAACAC,D175G,0.0005,0.0005,14,2598
GCTTCTACACTTCTCG,Q331M T377N,0.0005,0.0005,14,2598
GCTTATTATAAATCAG,K161W G181L P275T,0.0005,0.0005,14,2581
GCTAGGTCCTGATTCC,,0.0005,0.0005,14,2500
TCACCACATACCCCAT,T412V,0.0005,0.0005,14,2494
CGGGGTCCCCTGTAAA,,0.0005,0.0005,14,2450
ATCAATGGGGCTATCC,G159C G294A,0.0005,0.0005,14,2441
TCTATCACTTAACTAT,,0.0005,0.0005,14,2423
AGACGCCTAGCAAATA,F147W M410I,0.0005,0.0005,14,2417
ACCCAGGGAATAACAT,,0.0005,0.0005,14,2411
TTTATCGAAACGAGAT,L133I T274M,0.0005,0.0005,14,2403
TTGAATAATCGAACCA,,0.0005,0.0005,14,2401
AATACATAAGTGCAGT,V5A V164L,0.0005,0.0005,14,2364
AGCTTGCATGTGTAAT,,0.0005,0.0005,14,2346
CCCAAATAACTAAGAC,F440I,0.0005,0.0005,14,2319
CACGTAGGAGTAGTCA,Q165M,0.0005,0.0005,14,2317
AGATAAACGAGAACAA,Y172A S205I K490S,0.0005,0.0005,14,2294
GGCAATGTAATTTAAA,,0.0005,0.0005,14,2287
AGGCATCGTTTAGAAA,,0.0005,0.0005,14,2269
GACGCTCAGTAGGAGA,,0.0005,0.0005,14,2252
CGTCACACAAAGAAAA,,0.0005,0.0005,14,2240
GTATAATTTAAGTGTT,V435M,0.0005,0.0005,14,2218
TCATAACGATACACTA,G181T F233S,0.0005,0.0005,14,2212
AGACCAAATCCCTCTA,Y172H,0.0005,0.0005,14,2209
ATTTTTGACATAAGTT,S205Y,0.0005,0.0005,14,2173
TCCCTAACACGGCATA,G424K,0.0006,0.0006,14,2154
AAAAACTGGACACATA,,0.0006,0.0006,14,2142
CCAAAAGAATGAGTAA,L394I,0.0006,0.0006,14,2137
AGGAATAAACGTGATA,,0.0006,0.0006,14,2133
TGTGAGATCAAGTTCA,,0.0006,0.0006,14,2131
TATCTTAATCAGAGGA,K384R,0.0006,0.0006,14,2128
GTGGTCCATAATTACT,,0.0006,0.0006,14,2121
ATTATAGAAAACCACC,,0.0006,0.0006,14,2111
ACTCCCTGGAGGACAT,K300R,0.0006,0.0006,14,2100
GACCCGAGAACCTCAA,,0.0006,0.0006,14,2075
GTCAAAAAACATTAAT,V97W L349S K465R,0.0006,0.0006,14,2075
CATTGACCGACACCTT,D273P,0.0006,0.0006,14,2048
ATATCCTAAACTCAAG,P145L D204V,0.0006,0.0006,14,2038
TTGTAAGCCAATACTT,,0.0006,0.0006,14,2037
TCTTTAATTTAAGAGA,Y172W I337M,0.0006,0.0006,14,2034
AGGCCCTGACAACAAC,N74L A202T,0.0006,0.0006,14,2026
GTTCAACTGACTACCA,S169G,0.0006,0.0006,14,2025
CAGAAGCGAGGCATGT,,0.0006,0.0006,14,2003
CCAAAGCACTTATTCT,S169D I201L N224A,0.0006,0.0006,14,1988
CGTCCGAACATGTCAT,,0.0006,0.0006,14,1988
ATTCTTAGAATCAAAA,N99T,0.0006,0.0006,14,1985
CCTAGACATCGTTCTG,,0.0006,0.0006,14,1982
ATCGGAGTACATTTCT,G260D,0.0006,0.0006,14,1980
GAACACAAGCAGGCCC,K125R Q331I L479I,0.0006,0.0006,14,1975
GTAGAAGATTGAGTCA,E396V,0.0006,0.0006,14,1969
CATATCAGAAAACATA,I137L V459S,0.0006,0.0006,14,1958
TAACCGCATTTGGGAC,T380C,0.0006,0.0006,14,1932
CCGAGTTGTGTAATAG,K291A L442S,0.0006,0.0006,14,1916
TAGGAGCTGCGAGCGT,,0.0006,0.0006,14,1908
CCTTTCACCGAAATTG,R248N,0.0006,0.0006,14,1902
GTTAAACCGATCAAGC,S121G,0.0006,0.0006,14,1860
GTAATAGGACAGGATG,H131R,0.0006,0.0006,14,1856
GTCTTCAACACACTAG,E228M,0.0006,0.0006,14,1854
TGGCTATCGATAAACA,G45A M153Q,0.0006,0.0006,14,1851
TGCCTGCGATCGCACC,N79F,0.0006,0.0006,14,1840
CCGGTTAGTAAAATCT,G64T,0.0006,0.0006,14,1838
GTAAATTGAGCTAATA,,0.0007,0.0007,14,1832
TATTAAGGAAGAATAT,,0.0007,0.0007,14,1832
ACCTGAGCAACCATGT,,0.0007,0.0007,14,1813
ACTGCTGACAACTACT,,0.0007,0.0007,14,1786
CATATGGTATAGCGAT,,0.0007,0.0007,14,1783
ACAGATAAATTAAGCC,D408C,0.0007,0.0007,14,1781
ACCGTTGCTTTATACG,Q247V A328G,0.0007,0.0007,14,1778
TCTGCGACCGTACTAT,,0.0007,0.0007,14,1777
AACCGTAGCAATCAAA,,0.0007,0.0007,14,1772
CAAATTGGGAGAAACA,K304M,0.0007,0.0007,14,1764
TAGTCTACGTGATTAA,N146A,0.0007,0.0007,14,1755
ATTTGACCCGAAACCG,T59W F157W,0.0007,0.0007,14,1728
ACGTTTGTGCTAAATT,M359L,0.0007,0.0007,14,1707
TAGATGCTTGTCGAAT,C53A,0.0007,0.0007,14,1703
TCTGATTGATTGTAAA,K126C T263S,0.0007,0.0007,14,1677
AAAAACCCTATTGAGC,,0.0007,0.0007,14,1666
ATAAAATAAAAACACC,M153V S389R,0.0007,0.0007,14,1649
CCTCAAATATTACAGA,D268L,0.0007,0.0007,14,1644
AACTTCCATGGCGTAG,,0.0007,0.0007,14,1635
GCTGCCCGACAGTGAT,W210S,0.0007,0.0007,14,1635
AAAACGGTTACTAAAA,G360L K481T,0.0007,0.0007,14,1630
CAGATTTCTGATATCC,F262L,0.0007,0.0007,14,1629
CTTCAATCCAGTGTAA,,0.0007,0.0007,14,1608
CTGAACAGTGACAGAA,,0.0008,0.0008,14,1578
CACAAAACAACCGACA,E396M,0.0008,0.0008,14,1573
AACCCAAAACTGAAAC,D408S,0.0008,0.0008,14,1571
AGATATACCAAATCAA,,0.0008,0.0008,14,1566
CGAAAGAGGTTACGAA,,0.0008,0.0008,14,1556
TTAGAAATACAATACG,S60V T110M E421I,0.0008,0.0008,14,1547
TTATAAAATGAATTTA,,0.0008,0.0008,14,1544
TTTTATAGCGAAAGAC,F38I,0.0008,0.0008,14,1539
ATGAAACACATAAGAG,,0.0008,0.0008,14,1538
AACAGTAACCCATACC,W283C,0.0008,0.0008,14,1534
AAACTCTCAACAAATA,,0.0008,0.0008,14,1530
GCCCACTCAGAAGTCC,,0.0008,0.0008,14,1522
TCCTTTGTAAAACTGA,,0.0008,0.0008,14,1521
GCACACAAATACTATT,S367R,0.0008,0.0008,14,1518
TTTGTATAAATAGACG,S199L,0.0008,0.0008,14,1503
AAAACCACCTAAGACA,E303Q,0.0008,0.0008,14,1478
GATGTCGGAAAATTTA,S389N,0.0008,0.0008,14,1478
ACTGTTAGGAATTCCA,V65E E287K,0.0008,0.0008,14,1465
ACCGAAAGAAACGAAA,,0.0008,0.0008,14,1454
CTAAGAACAAAAAAAA,S138W,0.0008,0.0008,14,1449
GTTTATGCAGCGATTA,L35A,0.0008,0.0008,14,1425
TACATGCATTATGGTA,D251Y,0.0008,0.0008,14,1417
TATGAAATACATTTGA,T87R,0.0009,0.0009,14,1402
GCCTTTCACAAGTCGG,G174R,0.0009,0.0009,14,1400
TAGGTACCAGACTAGC,,0.0009,0.0009,14,1391
GCATCATTTAACCAAT,E72M G98H,0.0009,0.0009,14,1382
TTTCATCCATCCACAC,E228S S237N,0.0009,0.0009,14,1367
GTGGTGACGCTAACTC,S85L T375S,0.0009,0.0009,14,1348
AAGACCTCGCTAAGGG,M214I,0.0009,0.0009,14,1337
TAGTGATAAAAATTTT,T48V,0.0009,0.0009,14,1318
GATAAATAGCACACGG,Q335I,0.0009,0.0009,14,1317
ATTCAAAATCTTCGCA,N90P,0.0009,0.0009,14,1306
GTAAAGCGGCTCCCAT,,0.0009,0.0009,14,1301
ATGGAGTCTAAACCTG,T81M,0.0009,0.0009,14,1298
TGCACAGCCATGAACA,D408N,0.0009,0.0009,14,1296
AAATGCCATCGTAATT,,0.0009,0.0009,14,1290
GACGGACCGATCGCGC,E228N S267D G484S,0.0009,0.0009,14,1290
TTCTTTAGGATTAGCC,,0.0009,0.0009,14,1288
AAGACGACCCGACTCT,A322L,0.0009,0.0009,14,1273
TCAGATTATGCTATTG,D273G,0.0009,0.0009,14,1272
CGTATAATGTTCCCTC,Q406A,0.0010,0.0010,14,1252
ACGCCCCGTGCCCAAA,,0.0010,0.0010,14,1233
TTGGATTGTGAGGACT,,0.0010,0.0010,14,1224
TTACCCGTGCATTAAC,L168I,0.0010,0.0010,14,1180
CTAAGAATTGACGTTG,,0.0010,0.0010,14,1168
GAAAATAAGTGGTCGC,N99H,0.0010,0.0010,14,1165
CCACCTCCAAAAAGGC,L46S,0.0010,0.0010,14,1152
TAGACCCGCACGATAG,,0.0010,0.0010,14,1146
GCTCTCAAACTTGAAT,Y200L N302M G484L,0.0010,0.0010,14,1145
CCAAGAAATCTGTAAC,,0.0010,0.0010,14,1136
ACGATCAGAAATAGTA,I112T S135L,0.0011,0.0011,14,1130
GGAATTACAAATGATA,,0.0011,0.0011,14,1117
ACAAAAGCCATCCTAA,D273G,0.0011,0.0011,14,1111
ATGAAACTAAATACCA,Y172C N178V,0.0011,0.0011,14,1100
CTCATGGAATAAAAAC,T225H,0.0011,0.0011,14,1099
ATACGTTCGGAACTAA,E396C,0.0011,0.0011,14,1098
AATCTGAGAATGTACC,E303G P483L,0.0011,0.0011,14,1081
CTGTGCCCCTTATCAT,A407V,0.0011,0.0011,14,1080
AAACATTAAAACTTAC,E100W,0.0011,0.0011,14,1076
GAACTAGTATAAGCAA,A123S,0.0011,0.0011,14,1071
CTCAGCGAAATAAAAT,L133R,0.0011,0.0011,14,1063
AAGCCGAAGCAAACAG,,0.0011,0.0011,14,1061
TACCCTGGCTGGAAAA,R314M,0.0011,0.0011,14,1056
GCTAGTCCTCATCCTT,T139K,0.0011,0.0011,14,1049
TTATAAGTAAACGTAA,G206T Y217I,0.0011,0.0011,14,1049
CCCCTCATCATTAGAA,,0.0012,0.0012,14,1033
TGACTATTTTAGCTCC,L73F F436V,0.0012,0.0012,14,1032
ACGAAACCAGCGAGAG,N409F,0.0012,0.0012,14,1028
TTAGACTAATTTAATC,L61R,0.0012,0.0012,14,1025
CTGGGCCAAAATATAT,N146Y,0.0012,0.0012,14,996
CAAGCTTATGATTGAG,A177L,0.0012,0.0012,14,988
AACCACACACTGGCTA,G198F,0.0012,0.0012,14,986
GGTCAATATACACAGT,M472S,0.0012,0.0012,14,984
AAAATGAAGCACCTTA,Q9H G64K R207D,0.0012,0.0012,14,964
TTAAAATGAAATATTA,T261R A328M,0.0013,0.0013,14,951
TCAGCTATCGACTATG,,0.0013,0.0013,14,946
CTATGGACTTACATTA,F7L Y129G,0.0013,0.0013,14,934
CAGGGAGCAAGTTCGG,,0.0013,0.0013,14,894
CATCGTAAAACCATAG,T59D P483F,0.0013,0.0013,14,891
CTCCAACTTTTAAGGG,T110V N395T H471I,0.0013,0.0013,14,891
TAACTCTTTAATCAAA,R491L,0.0013,0.0013,14,888
CTGTTTTAGAGTACCA,,0.0014,0.0014,14,882
CATAAATGTCTGAAAG,E10I,0.0014,0.0014,14,871
TGATCATCGAATACCA,E100M S169T,0.0014,0.0014,14,865
ATTACCCACTCGTTAA,,0.0014,0.0014,14,864
TGCCACCGATATTTAC,G271I T281Y,0.0014,0.0014,14,864
CTATAAAATTGCCCCA,K490N,0.0014,0.0014,14,862
CGTGTAAATGATATCA,N158F G198C,0.0014,0.0014,14,859
AGTCTTAGCTCAATGA,N209F M214N,0.0014,0.0014,14,856
GTGAATACTGTAAATC,S267C,0.0014,0.0014,14,854
CCAACTCGCTCGGTTG,S400E,0.0014,0.0014,14,853
CATCCTTAAAAAAAGA,Q335P,0.0014,0.0014,14,849
ACACATCGACGAAATT,Y200S G360C,0.0014,0.0014,14,826
TAAATGGCACAAATAC,,0.0014,0.0014,14,826
ACCACATATAGTAAGT,,0.0015,0.0015,14,820
CATCCAAGTTCACGGA,,0.0015,0.0015,14,819
ACAGTAGCCAATTAAA,V97W G186M N302K,0.0015,0.0015,14,805
CCCCATCTAGTAGACA,T70F,0.0015,0.0015,14,790
ACTGTTAACACTTCTG,A39T,0.0015,0.0015,14,783
ATGTATAAGAATTAAA,,0.0015,0.0015,14,782
TTACGATTTCTATCTG,T110A,0.0015,0.0015,14,782
GCCCAGCGATGTGTGG,Y94F I474A,0.0015,0.0015,14,772
GCTTTAAAAATCGCGT,G54P P145V,0.0016,0.0016,14,764
ACCCCATAATTCAACT,G197K W227L,0.0016,0.0016,14,760
AGCCAAAGAATCAGGC,,0.0016,0.0016,14,738
AATCCAAAGTACTATA,V28C,0.0016,0.0016,14,732
GCTTAACATAACTAAA,,0.0016,0.0016,14,729
AAATCGACAATTCTCG,,0.0017,0.0017,14,719
CCTAATAACGACACAT,,0.0017,0.0017,14,695
TTCTAAGATTAAAGAA,D273F,0.0017,0.0017,14,691
ATTATTTTGATCAACA,G98S G260V,0.0018,0.0018,14,679
TTAGCAAGAAGAAGAA,V341A,0.0018,0.0018,14,654
GGTAACCAAACTAGAG,H230L,0.0018,0.0018,14,647
ATATGATCCTCACCGC,M19T G484W,0.0019,0.0019,14,632
GCAGTGAGATATACCG,H131D,0.0019,0.0019,14,632
TATAAACCGACTGCCA,R491V,0.0019,0.0019,14,630
GACAAACAATCCTTAG,,0.0019,0.0019,14,629
TGTAAAGACCAATCGT,N319D S389D,0.0019,0.0019,14,628
GAGTATACCTAATAAT,,0.0019,0.0019,14,624
AGGAGTAACCACAGCC,D229V,0.0019,0.0019,14,623
AGTAGGGCACCTTTTT,E418S,0.0019,0.0019,14,622
TCGCCGAATCTTTCCA,,0.0019,0.0019,14,618
ACTTTAGCTTTGATGA,S27C,0.0020,0.0020,14,607
GATCTATGTCAACATA,T225Y Q335L,0.0020,0.0020,14,597
GTTAAGTAGCAAAGCC,Y129K A195Y I350T,0.0020,0.0020,14,592
CCAGATCGGAAACATT,T261A,0.0020,0.0020,14,589
TTAACGAGGAGCGAGC,,0.0020,0.0020,14,588
CGAAATTAGCAACAGA,,0.0020,0.0020,14,584
CTTGATATTGATAACC,,0.0020,0.0020,14,583
GTCGACACCGGTAGCA,S205D M472N,0.0021,0.0021,14,570
CTCTGATCGCTGGTAC,N209I R250Y,0.0021,0.0021,14,567
AGCTCGTACCCCGGAT,S199V N390T,0.0022,0.0022,14,549
AATAATAAATCGCGCA,,0.0022,0.0022,14,545
TTTAAAATCCAACTAA,I201H,0.0022,0.0022,14,540
GTCCACACGTGACGAC,S143L,0.0022,0.0022,14,537
TACATGCCTTAGTATA,L128W V183W,0.0022,0.0022,14,535
AAACCGCCAAAAAAAT,,0.0023,0.0023,14,524
CATCAAAATGATCTTT,Y150M G181E N209T,0.0023,0.0023,14,519
TTGACAGCTCGGTATA,H115A S169Q A177L,0.0024,0.0024,14,499
CAAAGTTGATTCATAG,K161R,0.0025,0.0025,14,468
ATTATCAATTATACAC,H230S M414E,0.0026,0.0026,14,454
ATAGGAGGTCATTGAA,,0.0027,0.0027,14,446
ACATCACTTCTTAGGA,H170Y,0.0027,0.0027,14,443
AACACATGAACTGCAA,T101R,0.0028,0.0028,14,420
ACCAATTTTCCATCGG,L35A,0.0029,0.0029,14,408
TTCACTTAATATAAAG,V450R,0.0030,0.0030,14,404
AAAAAGAAACCCTAGA,G208S L220G T274F,0.0030,0.0030,14,403
AAATGAATGGTCATAT,H13V M284V K481P,0.0030,0.0030,14,397
TACGTAGTTCAAGGGG,W196P E228L K490W,0.0030,0.0030,14,395
ATGTTAATCCGATGAA,V65N D306L,0.0030,0.0030,14,394
CAGCAAGTATATAATA,A299V,0.0030,0.0030,14,392
GCGAACAGTCCGGAAA,L32T K161S E396V,0.0031,0.0031,14,385
TGCCCGTATCATAGAA,I345T,0.0032,0.0032,14,376
TAGCAAATATGTGTAC,N109R M414F,0.0032,0.0032,14,375
GGGAAATAGCCCGAAA,S462C,0.0032,0.0032,14,372
AATCATCAAAAATGGA,S216I K300R Y441H,0.0032,0.0032,14,367
CTAACTTTGAGCAGTG,T215G,0.0033,0.0033,14,366
CATTAATTAGCAATAG,N99T N127V H179T T296P,0.0034,0.0034,14,354
GTTTCCGACGACCCAG,Y150N M284K R379W,0.0035,0.0035,14,343
TCACAAACCGCAAGCC,,0.0035,0.0035,14,340
ACCAGACTTCGAACAG,D229P,0.0036,0.0036,14,333
AATACATGTCTAGAAA,N127S M153L N295Y E404G,0.0036,0.0036,14,332
ATCTTCCAATGGTAAA,C212K,0.0036,0.0036,14,331
CGACAAGAACATCTCT,,0.0037,0.0037,14,326
AACTCCCAAACATTTA,Y62N E76* G160F M284R,0.0037,0.0037,14,319
TCACACAACACGGTGA,E76H G276R T296V,0.0039,0.0039,14,309
CTTTTATATCTGAATT,L50S T59G G260V K327S,0.0039,0.0039,14,304
GACTACGCAAGATAAT,S60H M153G H374P,0.0039,0.0039,14,304
CCCCTTGAATCCACTG,N158G T377V,0.0039,0.0039,14,302
ATGAGTATGAAGAATA,I252Y,0.0040,0.0040,14,301
GACTATTCTCGAGATT,N319C C385P,0.0040,0.0040,14,301
TAAGCCTCACCAGAAA,T101G I403D M420T,0.0040,0.0040,14,300
AGTACATAATTGGCAC,,0.0040,0.0040,14,297
AAATTTCAACGAAAAT,H374G,0.0040,0.0040,14,296
AACAATATAAAATTAA,,0.0040,0.0040,14,296
CGAAGCAGTGCGCTAC,,0.0040,0.0040,14,296
ATTCGTGCCAACAGTT,C463W,0.0041,0.0041,14,289
ACGAGACAAGTCATAC,V47A P362Q,0.0042,0.0042,14,281
ATTACATTATTCAAAT,L394S,0.0042,0.0042,14,281
CCCACACACATCCTTA,N74F,0.0042,0.0042,14,281
GCAATAAGGTGCAATT,S27C C180E,0.0043,0.0043,14,280
GCTTCTTTCCGATCGC,G54R M134N,0.0043,0.0043,14,277
GCCGAAAAATAACCCT,N319D Y363L L442D,0.0043,0.0043,14,276
GACCCCTTTAACTAAT,Y129S,0.0044,0.0044,14,273
ATCTGGAGCCAAATAT,I162M C212Y,0.0044,0.0044,14,269
CACAGTGCTTCCCTTT,H374*,0.0045,0.0045,14,266
ATCAAAGCTACAAACC,I21* H179C A202I Q416H K417Q,0.0045,0.0045,14,264
CATAGATAGAGGTCCA,K352R N390S,0.0045,0.0045,14,263
TTACAGAGACTGAACA,K88T F233L G378Y K490Q,0.0046,0.0046,14,262
TATCAACAACCTGTTC,A176C S199G,0.0046,0.0046,14,259
GATACGAAAATAGAAG,Y129M N390S,0.0047,0.0047,14,254
GCGTATAATTATTAAA,D317L W370Y,0.0047,0.0047,14,253
ACTCTCGTTTATGACA,F140A,0.0048,0.0048,14,251
CTGATCAATGTATCAA,M153W R356G G484F,0.0048,0.0048,14,248
TATTTATCCTATTAAC,L68W,0.0048,0.0048,14,248
ACGAGCATTCTTGGTA,D229* G243P,0.0048,0.0048,14,247
ATCGAAAGATCCGGGA,I136G T281I,0.0049,0.0049,14,242
TAACTCAGTAAAGAAA,,0.0050,0.0050,14,240
CGCAATAAAAATACTA,L73R,0.0051,0.0051,14,235
GTCAACAACCGTTCTC,K352S,0.0051,0.0051,14,234
ACAAGCCAAAAATGAT,,0.0052,0.0052,14,230
GAGTTCAGAAATTGGC,V450K,0.0053,0.0053,14,224
TTCCCTACCCGGGACC,C41M Q69R,0.0053,0.0053,14,224
TTAAATCCGGCTTCTA,,0.0055,0.0055,14,215
AAAGCTTATGCCTTCG,Y36W Y66I S269* K339L P362S,0.0056,0.0056,14,214
AGATCGCAAGATTTTC,A123I S216V I334V,0.0056,0.0056,14,214
AAGGACGTACCCCATG,I4M R422G,0.0056,0.0056,14,212
GACAATTAATGGAGGC,Q69I,0.0057,0.0057,14,211
ACATAACGATCCAACT,C57I,0.0057,0.0057,14,208
CACATCCACCGCTAAG,Y393H,0.0057,0.0057,14,208
GCTTTTTCCGAGGAAC,T59K V97W M134L R207C R256V T274R S476G,0.0058,0.0058,14,207
ATAGATTTTGGAATAT,L29H S56G C155L W227L E270S H354V Y371C K465Y L479R,0.0058,0.0058,14,204
CATGTTCTAACGAAAT,Q69A L107I T412D C463G,0.0058,0.0058,14,204
AGCGAACCGAGAACCT,L51F I201W I254M T380D,0.0059,0.0059,14,202
CATTATAACTGAAATT,S143G Y166F V187I G198Y,0.0060,0.0060,14,199
ATTGATTTCCCCAAAT,C180Q,0.0060,0.0060,14,198
AAAAACCCTAAGTTAC,Q69R R248C,0.0061,0.0061,14,196
GAGACCAGTGGTTAAC,L46R,0.0061,0.0061,14,195
CCTCAGGATAAGAAAA,F49S I222* M284L,0.0061,0.0061,14,194
AGCGACCTTTGACCTC,T190L,0.0062,0.0062,14,192
CTCCGATGGTAATACA,L51K E287N,0.0062,0.0062,14,192
TGTCGCAAGACCACTC,K88M S476G,0.0063,0.0063,14,190
GAAACCCTGGAAACGG,F49A S85E,0.0063,0.0063,14,189
ATCACTTAAATAGGCG,M75G F157E M192* G277S S462C,0.0064,0.0064,14,186
GCGATCGTAGAAACCC,N90H V187D T412S,0.0064,0.0064,14,186
ATAGCCGTTAGCTAGA,V164M Y278H,0.0065,0.0065,14,184
CCAAAGAAGGGTCTAA,F140S F147R D268M,0.0067,0.0067,14,179
ATATCTTCCTCCGCAT,,0.0067,0.0067,14,177
ATAAGGCTTTAATTAT,C118Y W210E,0.0068,0.0068,14,176
CATGATCAAGCTAAAT,G34H L51H P483F,0.0069,0.0069,14,174
GTAATATAATGAATAC,L103H N158C D311P N390S,0.0069,0.0069,14,172
GCGACGTAGCATGGGG,C212H S216Y L428S,0.0071,0.0071,14,169
CATACAGTCCTGCCTT,L120P R314C C385V,0.0072,0.0072,14,166
GCGAAGCACGAACAAA,S143W D175L F293S,0.0074,0.0074,14,162
CACGCAGAGATAGACT,V28S L32G S60R,0.0075,0.0075,14,160
GGGAAAGAAAGGAAGG,E104K Q405D,0.0076,0.0076,14,156
TCAGACCAGAGATCCA,,0.0076,0.0076,14,156
CCAATAATAACGAATT,H374W T397E,0.0077,0.0077,14,154
GTCTAAGTATGGTACA,V44M L46R R207D,0.0078,0.0078,14,153
TAGCAGGATTTTCACC,M82L M214L S234F L430D,0.0078,0.0078,14,152
ACCCTAACCGCTCTGA,M194*,0.0083,0.0083,14,143
TATACGATACTCTTTG,S143L L220R,0.0084,0.0084,14,142
TTACACTGTTCCCACC,I162T S255C D347F,0.0088,0.0088,14,136
CTAAACCCCACCACAT,R325K E404R,0.0088,0.0088,14,135
ATATAATATTAAACGC,H93* T261I,0.0090,0.0090,14,133
CCCTTAATGTGGTCCA,T58Y,0.0090,0.0090,14,133
ACTTCCCAGAATATGT,V14R V44L M214Q E421G,0.0090,0.0090,14,132
TTGAACAAACGCGCTT,Q165R T182G,0.0090,0.0090,14,132
GAAAACAACCGGCAAC,C86G N209H F434V P453S,0.0092,0.0092,14,130
AGAATACATATAATAT,E16F N342W D401K,0.0094,0.0094,14,127
AGAAATTCAAACTATA,W196L L430M,0.0095,0.0095,14,126
TTTCACCCGGTATTGT,M1* N74C D347K,0.0095,0.0095,14,125
AACGAGTGTGTATTGT,I15P Y172* I334M,0.0097,0.0097,14,123
TTACTCACTGTCAAGA,Y200L S205F T375E,0.0097,0.0097,14,123
TTCTTGTAGAGATCAC,I443D,0.0097,0.0097,14,123
ATCCATATTTTCTGCT,E67W L105* H115Y A297N,0.0098,0.0098,14,122
GAACAGAATCCACAGA,C57Y C364Y,0.0098,0.0098,14,122
TAAGCCATATAACAAT,E270* A328P,0.0098,0.0098,14,122
TCATGAAACGCATTAC,D156C I337R S476V,0.0099,0.0099,14,121
TGATAGCTCATGCTGT,L107F H124D D251P M414S,0.0099,0.0099,14,120
ACTCCAATAAAAGCCA,W210R I239N,0.0100,0.0100,14,119
GGAAGATGACATGAGA,L73W I136S M153E K272N F309S,0.0100,0.0100,14,119
TGTGTAGTTTGGCTAA,C41W E418D,0.0100,0.0100,14,119
AATGATACGTTCATAT,I136N F233N,0.0101,0.0101,14,118
GACACGCACATGAAGT,M75I,0.0101,0.0101,14,118
TTAGAAGCAGGATAAC,M214P R250T,0.0101,0.0101,14,118
GTCAGCCGAGTCCCAA,T263K,0.0102,0.0102,14,117
CTGTCATCCCCAACTT,K63R I239A,0.0103,0.0103,14,116
AGAGCAGGCTAGAACT,V31F G197S D306F Q331M N346T I403V Q416A,0.0104,0.0104,14,115
ACCCAAGCAAGCTCTG,Y166S K327* E418Y,0.0105,0.0105,14,114
ACCTTAACATTCAGTA,C41V N90R,0.0105,0.0105,14,114
AGGCTTAGTGTTATGT,,0.0105,0.0105,14,114
TAGAAGAGAACGAGGT,S135F G197F G429P,0.0105,0.0105,14,114
GAAGCGAACCTTACTA,L71S R256L N319Y R379G,0.0107,0.0107,14,111
TATCATAAAAAAAACT,R456I,0.0107,0.0107,14,111
CCGTATCAAATAACCT,G42V A176R Q324A M351I,0.0108,0.0108,14,110
AGAAAACGCACGGATT,T59M L78S L142I M153L F233G C279G,0.0109,0.0109,14,109
CCACACCCAATATCCG,L285D,0.0109,0.0109,14,109
GCTAAGGCTTCCAGGC,S143R L336P V459Y,0.0109,0.0109,14,109
TAACGTTAAACGAGAC,Q3K D229V E270Q,0.0109,0.0109,14,109
TGATCCAAGTGGAATT,L51R,0.0109,0.0109,14,109
CTTACGGAAAAGTACA,T87E,0.0110,0.0110,14,108
CAAGGACCTATCACGA,S205E W264M,0.0111,0.0111,14,107
CCAACACAAATGATAC,T274K C385S,0.0111,0.0111,14,107
TCAGGTATTATTTGCC,H179T K417Q P464V,0.0111,0.0111,14,107
AAATATAATAAAAATC,C301G K368R,0.0113,0.0113,14,106
GGAAACCAGTTTAAGA,Y66N G102L D156R R314S N365I F446G,0.0113,0.0113,14,106
TGAAAAAATGGACATT,H92D S171L S476D,0.0113,0.0113,14,106
ACAGCAGTTTGACGGC,C57R M82E K384R,0.0116,0.0116,14,103
ACATGAACTTAAACTT,L326S T375V F446S,0.0116,0.0116,14,103
ACTTAACAAAAAAGTA,L50W P483H,0.0116,0.0116,14,103
AGGGATCCGTTACACT,I137F N302R K368S,0.0116,0.0116,14,103
CCGTACCCTTAAATCG,Y393S,0.0116,0.0116,14,103
CGCATCACATATGTCG,I4K C155L,0.0116,0.0116,14,103
TATGAACGGGTGGCGT,Q3L I361T,0.0116,0.0116,14,103
AATTAATTCGCACATG,L71P L428Y,0.0117,0.0117,14,102
CAAGACTTGTTTTGAA,M1R Q149S S205V,0.0117,0.0117,14,102
GACCACGCTTCTCCCA,G54I,0.0117,0.0117,14,102
GAGGGGAGATCACAAA,S85Q I95F Y200I,0.0119,0.0119,14,100
TAATCAGATGTAACCT,V47C L245D L259K T438K,0.0119,0.0119,14,100
GTGACTGCAAATCTAA,K33G P275T,0.0122,0.0122,14,98
AATGAGAATAATCCTT,H179N K368*,0.0123,0.0123,14,97
ACTTCACTAAAATATG,G98Y D306W T426M,0.0123,0.0123,14,97
ATCTAATAACCTCAAT,D211T N295L Y441C,0.0124,0.0124,14,96
CACAGGAAATAGAGGT,G2R,0.0124,0.0124,14,96
CGCAATAGCAATTGTA,S56V Y363C,0.0124,0.0124,14,96
TACGGGTAGCAAATAT,C385P,0.0124,0.0124,14,96
TTGACCCTATTTCCAT,L280T N346V M410V,0.0124,0.0124,14,96
ATTACGAAAACAACAC,T412M V485D,0.0126,0.0126,14,95
CTTGATACATTCTAAA,S111E D204Y Q232V L242S C475L,0.0126,0.0126,14,95
AATTACACCAGTATTT,L84S,0.0131,0.0131,14,91
TTTTAAGTCGTTCCAT,I15M Y150H G160A,0.0131,0.0131,14,91
AAAATACTAAAGCATT,G197S G243K K368R,0.0133,0.0133,14,90
CGAAAGGGTACAAAAC,K33N H471L,0.0133,0.0133,14,90
CTTACAGTTGAAACAA,T108L E151V S169A,0.0133,0.0133,14,90
TAACTTACGCTACTTG,L107N Q218L Q232M V431M,0.0133,0.0133,14,90
TTGCTCGAAACAGAGC,G159R G197S C385F,0.0133,0.0133,14,90
CGGAAATATCTTACCT,Q232* D317I,0.0134,0.0134,14,89
GCCCCTTATCAAAACG,L68N H471S,0.0134,0.0134,14,89
AGTACAAATGCCCAAT,V47K Q324R T438C,0.0136,0.0136,14,88
TTCATACCCGTAAATG,Q9W S121N I252T F440T,0.0136,0.0136,14,88
CGATCTCATGCAAATA,N185* C212F E396D,0.0142,0.0142,14,84
CGCCAGATGAAAACTA,Y66D T77F I254Q A328T L479P,0.0144,0.0144,14,83
GACCTTAAATCAGTAA,L68K,0.0145,0.0145,14,82
CCTTTAACGAGCACAT,F157H L242S E396V,0.0149,0.0149,14,80
TTGTTATCTAGAAACT,K116E P145V H170W,0.0151,0.0151,14,79
AAGAGCATACAGGACT,M134K E228R L326*,0.0157,0.0157,14,76
GGCACGACTCGAACCT,G64N D251V K300T,0.0159,0.0159,14,75
ATCGAGGCGTATAATA,L133V C279T,0.0161,0.0161,14,74
TGAATTAAACGGACCA,T81L K126W R256P F262W,0.0163,0.0163,14,73
ATATATCTGCAGGATA,S169Y W283T Q416R,0.0168,0.0168,14,71
GTAGGCCCTCGTGCAA,G160F H179* G294T G424V,0.0178,0.0178,14,67
TATTAATCAACATACA,C41F,0.0181,0.0181,14,66
AACAGCGATCAGAAAT,Q69F C292M,0.0186,0.0186,14,64
AGCCACACGGATATCC,E418R,0.0186,0.0186,14,64
CCATAATAGTATCCTA,L479P,0.0229,0.0229,14,52
ACCAAGGCAAAACAGG,G45Q S85L S439R,0.0239,0.0239,14,50
GAAACCAATATTAGTA,N90K G160I L382Q V459M,0.0239,0.0239,14,50
TAGGATTCCACCGCGC,L32S L52T,0.0259,0.0259,14,46
TATCCTTCATAATTAG,Y66K L259S T375L,0.0277,0.0277,14,43
GACTTCCGGTTCATTC,V5S G181S,0.0306,0.0306,14,39
GAGTTGCAGGCAAACA,Y278Q,0.0314,0.0314,14,38
CCCCAGGATGTATGGA,L447I,0.0351,0.0351,14,34
GCAAAAGCCTCTCGCT,N158I A407P,0.0373,0.0373,14,32
CCGAAGCCCAACACAC,G198R M284T N470I,0.0442,0.0442,14,27
TTCAATAACAATAAAG,C41K K300S V435A S437T,0.0459,0.0459,14,26
GAACTCAAAAAAATCT,T59M N167R Y200S Y253C M312I R456L G484P,0.0519,0.0519,14,23
ACCCGACAGTATATGG,Y62* L133H A343S,0.0542,0.0542,14,22
TAGTTTAACCACAACC,Y200*,0.0596,0.0596,14,20
AGGACGCTTACGAGGC,C86G P362L,0.0663,0.0663,14,18
CCCAAAACTGATTCCA,H13Y F316R,0.0663,0.0663,14,18
TACTCACGCAATAACA,N167I F399Y,0.0663,0.0663,14,18
AAGTAATGGTTGAGTT,M192L I213A C231P F436H,0.0702,0.0702,14,17
ACATCATAAGTCAATG,F157M I252Y,0.0702,0.0702,14,17
ATCACTGAGATTACAG,F436R,0.0702,0.0702,14,17
CAGTTGCAAAACAATT,G45T Y219V A340Y L442H L449A I474V,0.0702,0.0702,14,17
TGAAAATAGGACAGAG,C231*,0.0702,0.0702,14,17
ACAACACAAATAGCCA,L51K E303K,0.0745,0.0745,14,16
CGAGTCCGATTGGCGT,Y217N T225F,0.0745,0.0745,14,16
GAGAAGCGATAGCAGT,W196T D251C M284* T438L,0.0745,0.0745,14,16
ATCTCATAATTCCCCA,E17L T58G G160S,0.0795,0.0795,14,15
CATCAACTAAACACCA,E17M I137T F446K H457Y,0.0795,0.0795,14,15
CGATTCACAATCCCAA,N146A N158* T380D,0.0795,0.0795,14,15
CGCTCCGCATCCCTAA,C41Y L469I,0.0795,0.0795,14,15
GACGAAAATGGAATTA,T438S N470I,0.0795,0.0795,14,15
GAGCAAGACCATGCTG,A39E K63R A328K,0.0795,0.0795,14,15
TTTATAAAAATGGAAA,F191* Q335N V459L,0.0795,0.0795,14,15
TTTCATGTCTACTACC,M82D A407V,0.0795,0.0795,14,15
TTTTACAGACATCTTG,E151T E396S D401T K417L,0.0795,0.0795,14,15
AGCTATCAATCTATTG,M82G Q423H,0.0852,0.0852,14,14
ATCCTATCGTTAAAAT,M134L Y172F N209I I213S T225K I337P C475G W489K,0.0852,0.0852,14,14
GAGCAGGCCCATTTAA,I24N F316L,0.0852,0.0852,14,14
GGCAAAAGCTCTTTGC,E287W L430H,0.0852,0.0852,14,14
GGCTTTTATATTACTT,N224C P238R,0.0852,0.0852,14,14
GTCAAAATGTGATATG,A25G S143R T261L M312V,0.0852,0.0852,14,14
TAGTGCTACCCCAGCC,T48F G198S R282L,0.0852,0.0852,14,14
TGCAGACCTTTCTAAT,L84S K88Y,0.0852,0.0852,14,14
TTCAATTTCATTAGTA,I24F R55V,0.0852,0.0852,14,14
AATAACACATTAACGC,L68F M82R L107C I136L,0.0917,0.0917,14,13
ACAGGCCGATGCGAGG,F8C G186N L220G K481P,0.0917,0.0917,14,13
ACCGACCGAAACAAAC,A123P S171R R325S,0.0917,0.0917,14,13
AGCGTACCTCTATTGA,A30M T87I L105H A297L N395H S444N,0.0917,0.0917,14,13
ATCCCCCTCCTCCCAG,E76K L382W F436Y I445F,0.0917,0.0917,14,13
GATCTCCTAATACAAT,P466Q,0.0917,0.0917,14,13
GCATTGTATACCTGTG,N148Q L259E A340D N373I,0.0917,0.0917,14,13
GTATAAAGATATAGAA,T261M A297N E308K V487L,0.0917,0.0917,14,13
TAAGACTACGTATTTT,R55L Y66N N295T,0.0917,0.0917,14,13
TCACTTGATCTTTTTG,M19L L26M A297P M472S P483I,0.0917,0.0917,14,13
TCATAACTCGATGCAT,I24Q C385I,0.0917,0.0917,14,13
AACAAACACTCGTGAG,D401A,0.0994,0.0994,14,12
AACACACTATAGCCGC,M194E S269*,0.0994,0.0994,14,12
AACTAACATGGTGACG,N20P L259I H354V,0.0994,0.0994,14,12
ACTCAAAGAACCTAAT,T101I C180L Q335C K368P,0.0994,0.0994,14,12
AGTTAATCTTAGTACG,V44K D357A,0.0994,0.0994,14,12
ATAACATACACTCCGG,F8M T101M D156T I403L,0.0994,0.0994,14,12
ATAGACGCAACGTGAG,I15Y R193E M284Y Q321E,0.0994,0.0994,14,12
CCTTGTGCCCACAACA,I137T T426H,0.0994,0.0994,14,12
GCCGTACTTTAACTAC,L78D E100R A132L W386A F399S,0.0994,0.0994,14,12
TTACGCATGAAAAACT,E100K L258Q A328V,0.0994,0.0994,14,12
AATATGATCAGAAAGG,L120D W283* C364S,0.1084,0.1084,14,11
ACAAATGGATAATTGT,V28N N37L D156A Y200N P486F,0.1084,0.1084,14,11
AGTGTTTACATTAGAA,L168V C364Q G484E,0.1084,0.1084,14,11
ATACCCTAGTGATATC,L120R N295W,0.1084,0.1084,14,11
ATTAAATAATCACAAA,L78V T108N,0.1084,0.1084,14,11
CGCATATCAACTAACA,D251C L259C K320Y,0.1084,0.1084,14,11
GAACTGAGCCTCTTAG,V47F Y129S R314N,0.1084,0.1084,14,11
GCCGGGCATTTTGCTT,L120E,0.1084,0.1084,14,11
GGAAAATAATTTACAC,Q3S S199N Q232*,0.1084,0.1084,14,11
GGACCCATAGACGTAC,T215G P236M Y480M,0.1084,0.1084,14,11
TATACACTAGGAGGAT,I15N Y62A G260T,0.1084,0.1084,14,11
TCTAACGCACTTTTTT,L68F F446N,0.1084,0.1084,14,11
TGTTCCAGTATGGGTG,I4K G160V R207S Y253L,0.1084,0.1084,14,11
TGTTGGAGGTAATTAT,V388R,0.1084,0.1084,14,11
TTACGGGGAAAGCCCT,Y363V A407W,0.1084,0.1084,14,11
TTTCCTTTTGTTCATA,L244F C385R,0.1084,0.1084,14,11
AAGAAAATGGAAGATG,F157A G198R I213S G243K E308*,0.1193,0.1193,14,10
AAGCGAGTTAAAACGC,L73R S163F L415F,0.1193,0.1193,14,10
AAGCTCAATATTCTAT,E100S Y480L,0.1193,0.1193,14,10
AATACAAAAGCTAAAG,T81V G102S,0.1193,0.1193,14,10
ACACTAGCCTCAATAC,S237E,0.1193,0.1193,14,10
ACCCCAACTACCGGAG,A184V L242R,0.1193,0.1193,14,10
ACTATAATCGTTAACA,V164Y C301R,0.1193,0.1193,14,10
AGAAAACTAGGCTTTA,I136F A173L,0.1193,0.1193,14,10
AGGGTGACAAGCTGTG,S27N V97L N409S,0.1193,0.1193,14,10
ATATATTCAAAGGAAA,Y94* E270L,0.1193,0.1193,14,10
ATATGGACTTGGAGTG,S60H G98E G424D,0.1193,0.1193,14,10
ATCCGACATAGCCCGT,S135C D347L P362S,0.1193,0.1193,14,10
ATGTAGATACCTTGCA,H179* I201S,0.1193,0.1193,14,10
CATCCAGCGCTCTTGA,K88N Q165E,0.1193,0.1193,14,10
CATGAAGTCTCCGAAG,C155N,0.1193,0.1193,14,10
GCTATCACCCACACAA,V28E Y172N T376M S389M,0.1193,0.1193,14,10
TATAAGTAAATTATAC,L259S N365R,0.1193,0.1193,14,10
TATTAATGTGCATCAA,L78V W196S H471Y,0.1193,0.1193,14,10
AAAGTCAGCAAAAGAC,V28* G54Y Y62G,0.1325,0.1325,14,9
AAGAACTCCAAGAAAT,Y66A Y371V F399*,0.1325,0.1325,14,9
AAGCATGGGAGGGAAA,K339P,0.1325,0.1325,14,9
AAGTTTCACGACGATA,T81K L103K S169H I254M,0.1325,0.1325,14,9
AATATATTCCCAGAAT,F49* V65S,0.1325,0.1325,14,9
AATGAAAATGCAATAA,N295* V341C S444G,0.1325,0.1325,14,9
ACTCGCCATACTATAA,C57G H93S,0.1325,0.1325,14,9
ATAACACAGCGATTGA,Y62I N224Y Y366K,0.1325,0.1325,14,9
ATAACCTTTATGTCGC,V47M G240Y H305W M420K,0.1325,0.1325,14,9
ATTCAGATCAACTTGT,L32P,0.1325,0.1325,14,9
CAGAATTGTATGCAGT,M1K L128S Y393M,0.1325,0.1325,14,9
CATAAAGCATGATATG,L43C S246Y P362H,0.1325,0.1325,14,9
CGGAGGCCGAGGACAG,M19G D156F F191K Y253N R282W I337R,0.1325,0.1325,14,9
CTAACCTATATTTTAA,G98T I113L S216M R256E,0.1325,0.1325,14,9
CTAGGTCGTATGATCA,N158C P427V,0.1325,0.1325,14,9
GAACGAACTCCCACAT,L447K,0.1325,0.1325,14,9
GGCACACTAGACCAAT,E10Y T87K H179D C212D L479Y,0.1325,0.1325,14,9
GTCTCGACTAGAAAAA,I162W L285T V435L,0.1325,0.1325,14,9
TAACTCATATCAAAGA,L259Q T261H L280P I411T,0.1325,0.1325,14,9
TACAACAGGATGGAAA,L442H,0.1325,0.1325,14,9
TACCTAAGCAACAGTC,F49* G160* V187C A202S,0.1325,0.1325,14,9
TTTCAAAACCCAACAA,Y66H V187A K300I E413G I445F P486R,0.1325,0.1325,14,9
AAAAACGACTAAGCTT,L142S T182H E421W,0.1491,0.1491,14,8
AAAATAATACACACCC,V47S Y62D Y480H,0.1491,0.1491,14,8
AAATGCCAGACCACAA,G34H L107W A152M Y217T Y393P,0.1491,0.1491,14,8
AAGTCAAATGTCAATC,L35W N37K A299T,0.1491,0.1491,14,8
ACCGAAATTTTAAGGG,C57Y,0.1491,0.1491,14,8
ACTAATAATCTCAAGG,L78D F399E,0.1491,0.1491,14,8
AGAATAAAACAACCAT,Q69M V485S,0.1491,0.1491,14,8
ATAATCTTGCAAATTC,A123V I221L W386V,0.1491,0.1491,14,8
ATGATCACAATACCTA,Q165R N346T,0.1491,0.1491,14,8
ATTGCTGGACTGGAGG,L103V G360D I443S H467L H471K,0.1491,0.1491,14,8
CATATCAACAACATAG,L68S,0.1491,0.1491,14,8
CCCTTGATAATTAGAA,I95S N148M I239M,0.1491,0.1491,14,8
CCTTATGCGAGGAATC,Q3H I403L,0.1491,0.1491,14,8
CTACACGGTTTCAGCT,T190M Y369K,0.1491,0.1491,14,8
CTCAGGTTTCTGATAA,V11R,0.1491,0.1491,14,8
GGACCATAAAGGAGTG,I222G G391*,0.1491,0.1491,14,8
GTACAGGATACGAATC,E100W F446R,0.1491,0.1491,14,8
GTGATGAATGCTCTAT,V28H M82A,0.1491,0.1491,14,8
GTGGCTCAATTGAATA,S143L L168K S269G,0.1491,0.1491,14,8
TACGAGAACTGAACCC,M1* S199N,0.1491,0.1491,14,8
TATTACACGCCTCTAA,K116I N342*,0.1491,0.1491,14,8
TCTAGTGCTCGCGCTA,K88Q I112Y T377R,0.1491,0.1491,14,8
TGTACAACAACATGGG,G424* L449S,0.1491,0.1491,14,8
AAATGAAATGGGCATA,Q165R S199T T274F,0.1704,0.1704,14,7
ACAGATGGACCGAACC,L107F Q165* S199A,0.1704,0.1704,14,7
ACATCAGAAGTGGTAC,S439Q C463T,0.1704,0.1704,14,7
ATCACACTGTTATATC,Y66S M134W,0.1704,0.1704,14,7
CATACGCTAAACCCGA,M75*,0.1704,0.1704,14,7
CCAATCCGAAGCTGCA,M80I N209D G378V,0.1704,0.1704,14,7
CCCTAGCACGGACGAA,F191K R257S E307M L442D,0.1704,0.1704,14,7
CTATCGTAGCGAGCAT,L26* L242E,0.1704,0.1704,14,7
CTTACTCAAAGATACT,E104N C118L W264Y,0.1704,0.1704,14,7
GAAGTCTCACGAAAAT,Y66M C86F G160C S392T,0.1704,0.1704,14,7
GAGATGGACTGTCTGA,V47M S56L K300L,0.1704,0.1704,14,7
GTAATAATAGCTTCCT,G174M R257M N365R,0.1704,0.1704,14,7
TAATCAATAATAATCT,D156S C231Y D311N,0.1704,0.1704,14,7
TAATCGAATAAAGCAT,M1W Q165I,0.1704,0.1704,14,7
AAGACTTAAGACGAAT,G197E Y363T,0.1988,0.1988,14,6
AATATCAGTATAAACT,Y241N P383L F399S,0.1988,0.1988,14,6
ACGATGACACCGAGGA,L103* G159C D273N F309L S389T,0.1988,0.1988,14,6
AGAAAATAGTTTCAAT,S381L,0.1988,0.1988,14,6
AGATGTGCCCTGACAC,V11Y C231S L280T F440Y,0.1988,0.1988,14,6
CATGGCAGACACACGA,S234L Y419S L433I,0.1988,0.1988,14,6
CATTTGGCCGTACCTG,G98S R379P,0.1988,0.1988,14,6
CTTGATCCATTCTACA,H93I A328G,0.1988,0.1988,14,6
GCCCGTAGTGTGTAGG,H230P,0.1988,0.1988,14,6
GGATGAAATATAACCA,T261F F293L I452Y,0.1988,0.1988,14,6
TACATACTAAAAAGAT,N20L D175M,0.1988,0.1988,14,6
TATGAATTAGAGTTTA,C57G W264C,0.1988,0.1988,14,6
TGAAGCTTATTTAGCA,L46N E76M F316* L382S,0.1988,0.1988,14,6
TTCAAAGTCAAAACAT,Y66H I162*,0.1988,0.1988,14,6
TTGAACCCTATCCAGG,T101Y G186E V187L T377S,0.1988,0.1988,14,6
TTGAAGCTTTAACTGA,Y363L G378R S381T N409A,0.1988,0.1988,14,6
AGAAAATCCAAACCAG,M19K V183K M284V A297T S392A,0.2385,0.2385,14,5
CAACCACGTATCATAA,L78Y F157S,0.2385,0.2385,14,5
GGTGCAACTACTCCAC,I112V S138G T215G S444M,0.2385,0.2385,14,5
TCACACAGGCGATCCA,L61C K88P F157I D229S L245W F434S S439M S462Y P483F,0.2385,0.2385,14,5
TTCAACTGAAAATTAT,F7L L35F I144K A177S S267E,0.2385,0.2385,14,5
GCCTTGCATAGGACAG,C57* N178R I334L V341P E421L P464V,0.2982,0.2982,14,4
TGCTTGGGACATCTGT,G160C,0.2982,0.2982,14,4
ACGACAATATCAAGAA,T101S I252D A343T K368Q,0.3976,0.3976,14,3
CTATATTCCCCTCTAG,L355S,0.3976,0.3976,14,3
GGAAATAAGCACCACT,S381L,0.3976,0.3976,14,3
TACCCCTGGATCCAGA,D347H,0.3976,0.3976,14,3
TCTCTTAGGCTTTCAT,Y480K,0.3976,0.3976,14,3
GAATATAGCTACCTGT,S135F,0.5963,0.5963,14,2
TTCCCCCCACGTCAAA,Q69T K320S Y369I,0.5963,0.5963,14,2
AAACCACGGAGGCGAT,L26D D273P,1.0000,inf,14,0
ACACTACATTCTACAG,T139L I286L,0.0002,0.0002,13,4615
CACCCCTGAGAGTTTA,S135H,0.0003,0.0003,13,4084
ATCCAAACCAGAAGAA,N224D,0.0003,0.0003,13,3983
ACAGGCGTTACTGAGT,G98N Q331G,0.0003,0.0003,13,3871
TGGTATACGTGATCAT,,0.0003,0.0003,13,3730
ATCAAATCAATGAGTG,W210T,0.0003,0.0003,13,3710
GCTACAGAAATTAAGA,I254A,0.0003,0.0003,13,3673
GAGCTAAAATACAACG,R235M S246V K481V,0.0003,0.0003,13,3497
TAGAAGAAATGTAGAA,D156V,0.0003,0.0003,13,3452
ATTTCATTGAGACGGT,,0.0003,0.0003,13,3427
ACCTTCTGGCAATCTA,K125H,0.0003,0.0003,13,3379
TTCCACCAGTCCGCAT,A132H,0.0003,0.0003,13,3363
GCCAATTGAACGCAAC,,0.0003,0.0003,13,3341
GTTAAAGGTTAACTAA,K116M Y393W,0.0003,0.0003,13,3328
ATAATCTAATGACAAT,G197Q,0.0003,0.0003,13,3314
CCTGACATGTAATAAC,F436Y,0.0003,0.0003,13,3282
TTATGCCGCAGAATCC,,0.0003,0.0003,13,3200
GATCCGAACAGGCACC,E151D,0.0003,0.0003,13,3183
ATCACCAGGCCAAAAA,S246T L447F,0.0004,0.0004,13,3017
TTTCCCTTACAACACT,Y217C,0.0004,0.0004,13,3004
GGTGAAATATATTGCT,,0.0004,0.0004,13,2969
CGTAATGTAATATTAG,K116H K272M,0.0004,0.0004,13,2926
AGATTGAATGCGAGAA,K161L N178S S216N,0.0004,0.0004,13,2892
TAAATCGCGACTTTGA,,0.0004,0.0004,13,2865
TCAGAATATCCTACAA,T77R,0.0004,0.0004,13,2844
CACCCAGGAGTATCAC,K63M T377S,0.0004,0.0004,13,2841
AATCAAGATAAACACA,E287N,0.0004,0.0004,13,2721
TGAACACACATTAAAT,,0.0004,0.0004,13,2720
TGGCTGTTTACTAGGG,F233G,0.0004,0.0004,13,2705
TTATAAAAAAAATCAA,M82V S199W,0.0004,0.0004,13,2699
ACTTACCGTAAGTACT,,0.0004,0.0004,13,2676
GAACGGAATTAAATTC,Q247R,0.0004,0.0004,13,2651
CGAAAATAAATAGTAA,R248V,0.0004,0.0004,13,2643
TGTTTAAGCGTTGACA,,0.0004,0.0004,13,2603
ATGCAAGCACTTAGCC,,0.0004,0.0004,13,2596
GAATGGCCTTGGAGCG,K126C K161R W283L,0.0004,0.0004,13,2527
GCATAAAGTATGATTT,,0.0004,0.0004,13,2523
TGTTTGAAACCATTTT,,0.0004,0.0004,13,2519
AGGCAAAAACCAGTCA,P483R,0.0004,0.0004,13,2516
ACATGTCTATACATAA,Q247K S269K,0.0004,0.0004,13,2483
ACGATTAGGAAAGCGC,Q149Y N158T,0.0004,0.0004,13,2468
CAATGTAAATAGGTAA,S199M L479H,0.0005,0.0005,13,2461
TTTTGTCAAAGAGAGA,I222M,0.0005,0.0005,13,2409
GCTAAGCTTTACTCCT,,0.0005,0.0005,13,2407
ACACTCCTACACCAAA,,0.0005,0.0005,13,2385
CCATATATAACATGCA,K116I S171T V435L,0.0005,0.0005,13,2380
GAAGTAGCGCGTGATA,H354R,0.0005,0.0005,13,2331
TTGCCCCGTAATTGTT,A30E,0.0005,0.0005,13,2323
TACTATACAGTACTTG,,0.0005,0.0005,13,2317
GGACTACTTTAAGCCA,M192S D229K,0.0005,0.0005,13,2315
GCCATACTGTCTAACC,,0.0005,0.0005,13,2309
TAGACATGCCGTCAAA,T77L S237K C301*,0.0005,0.0005,13,2300
AATTTGTAGAAGATTA,S143V I201V T426H,0.0005,0.0005,13,2284
TGCGGACCGCACGGAT,,0.0005,0.0005,13,2267
CAAAGGTTAAATTCAA,,0.0005,0.0005,13,2231
CGCAGTCATCTTATTA,N90S L103F,0.0005,0.0005,13,2227
GATACGTCCAGTATTG,,0.0005,0.0005,13,2223
GTATGCAAATGATAAT,H230G I252F I323V,0.0005,0.0005,13,2194
TTCGCTGTTACGAAAA,,0.0005,0.0005,13,2185
CTGGTCCCTGTCTATA,T377S,0.0005,0.0005,13,2131
GGATAGGTAGTAGATA,,0.0005,0.0005,13,2105
GGGTACAATGCATATC,V44L,0.0005,0.0005,13,2098
AATCAGAGGAGGACAA,,0.0005,0.0005,13,2083
AACAACAATGACGGGC,,0.0005,0.0005,13,2039
TGAGATGAGATTACAG,V298L,0.0005,0.0005,13,2031
ACAAAATGCGATAGGT,N74R R379C,0.0005,0.0005,13,2022
AGTCTATAAGTCGCTA,D204R,0.0005,0.0005,13,2018
GCCCTAATGGGATACT,,0.0005,0.0005,13,2014
GACGCATAGCTTATTT,S267Y,0.0006,0.0006,13,2005
CATTAGCTTGAAATCT,,0.0006,0.0006,13,1998
CGATAAGTCCAAACAT,F233Q,0.0006,0.0006,13,1979
CACAACCTACTCGCGT,,0.0006,0.0006,13,1978
ACGAGAAAAAACACGA,T59A K63R Q69R S255A,0.0006,0.0006,13,1965
AATTGGCCAGGGGTAA,H230N,0.0006,0.0006,13,1943
ATCAAACATTCTCATT,P275S,0.0006,0.0006,13,1928
TACAAATCATCACTAG,,0.0006,0.0006,13,1884
TTAATCGAAACACAAT,F233R D268G,0.0006,0.0006,13,1881
AATCTACGCATTTCAA,Q149T V298L,0.0006,0.0006,13,1826
CCTTGACTAATTAGCC,T226K T274V,0.0006,0.0006,13,1824
GAGACTATTATACGAG,,0.0006,0.0006,13,1817
TTAGAAAAAATCGATA,K63R K425R,0.0006,0.0006,13,1816
TAACAACTAGCTGCAA,G276V,0.0006,0.0006,13,1801
TAATAACGATGATACA,A39Y,0.0006,0.0006,13,1796
CAGCCCTATACCCAAT,,0.0006,0.0006,13,1789
GTGAATAGGGTGACTG,,0.0006,0.0006,13,1787
CTCATATGTACCGTTT,,0.0006,0.0006,13,1760
GTAGGTAAATTCTGGT,,0.0006,0.0006,13,1739
CATCTAAGTGAACATA,F233T,0.0006,0.0006,13,1706
TGGCCACGACAAAGAT,H92Q,0.0007,0.0007,13,1681
AGCACACAAAGTAGCA,,0.0007,0.0007,13,1668
ACTCCAGCACAACAAA,T77L T110V,0.0007,0.0007,13,1647
TGTTCCGACATTAAAT,K125V,0.0007,0.0007,13,1647
CACATTCCCGGAACAT,V341M,0.0007,0.0007,13,1640
TAACGCGAACAAGAGA,A39C,0.0007,0.0007,13,1623
ACCAGGTATAGTGACA,,0.0007,0.0007,13,1617
CAATTTATACCTATTG,G98Q,0.0007,0.0007,13,1608
AGTCGTACTTTCTTAA,S85L,0.0007,0.0007,13,1601
AGGTCGTGACATAGGA,,0.0007,0.0007,13,1585
TTAAACCACCCAATTG,T261W,0.0007,0.0007,13,1565
GGCCAACACTATAAAA,T110K H170N,0.0007,0.0007,13,1564
GACCTGATAAAACACG,D268L,0.0007,0.0007,13,1562
AAGGAGGTACATAAGG,A177Y L442F,0.0007,0.0007,13,1560
GTTGTACACATGTAGA,,0.0007,0.0007,13,1555
TGTCACATCAAGCAAA,Y241L,0.0007,0.0007,13,1554
AACATGAAACTGAGAT,,0.0007,0.0007,13,1553
CTCAGTACCAACATTA,,0.0007,0.0007,13,1550
CTTATAATAAAGATCG,,0.0007,0.0007,13,1550
CAAGCAACTACTACGT,,0.0007,0.0007,13,1545
GCCCAATGAGTACGGC,,0.0007,0.0007,13,1543
CCTTTCGCAGACGCCG,S400G,0.0007,0.0007,13,1540
ATGACGATCTCAAGAT,F233L,0.0007,0.0007,13,1513
ATGCGATGTCAATAAA,,0.0007,0.0007,13,1511
TATAAAGCTATTTCCT,Q335A T377Q,0.0007,0.0007,13,1511
ATGTAAATCAACTGAG,T261V,0.0007,0.0007,13,1510
CGATCCCTAAAACACT,,0.0007,0.0007,13,1500
AGGCCTTCAAGGATTA,K272L,0.0008,0.0008,13,1466
TCAATGGTAGAAGTGC,H179R S400R,0.0008,0.0008,13,1446
TAGAGGCTAAATTATA,T108S L128S,0.0008,0.0008,13,1439
GGTTATTCTATAAACG,W227S,0.0008,0.0008,13,1437
CTAATATCGTAGATAC,,0.0008,0.0008,13,1427
ACTGAACCATTAATTT,,0.0008,0.0008,13,1412
ACTGTCTTGTCACAAA,,0.0008,0.0008,13,1403
TAATCGATTTTTTCCC,K125N N319A,0.0008,0.0008,13,1399
AAGGCACCAAACCTAA,K116N Y217Q,0.0008,0.0008,13,1397
AATGATAAAGTTCGTA,V22I G198T L479T,0.0008,0.0008,13,1394
AATGTAAAGAATTTCT,A184S S269K,0.0008,0.0008,13,1389
CTTGGTAATAGGGGAG,,0.0008,0.0008,13,1386
ATACCATATGAAGTCA,,0.0008,0.0008,13,1383
AGAGACGACAGGGTGA,N395R I443L,0.0008,0.0008,13,1379
CACTGGAGAACGTGAG,N158I R314K,0.0008,0.0008,13,1376
TAGCACCCGGATATAA,L32C L120M A299T,0.0008,0.0008,13,1376
TTACCTCTCTTCACTA,N209H,0.0008,0.0008,13,1374
TAAATGTACACCATGC,E287R K488T,0.0008,0.0008,13,1363
AAAGCGATCCACAAGA,,0.0008,0.0008,13,1349
CAGCAATCACAAGAAT,N319T I445G,0.0008,0.0008,13,1348
TCTCGAACTAACGTAC,S154N,0.0008,0.0008,13,1338
AACCAACCTCTCTTCG,P362M S437G,0.0008,0.0008,13,1336
CACTCCACACTATTGC,Y172A N224K,0.0008,0.0008,13,1333
TTCTCAAAAAACAATG,N146V,0.0008,0.0008,13,1325
TCTTGTCGCAAATCCA,V435G,0.0008,0.0008,13,1324
ATAACCTTTTGAGGGT,L336M S389A,0.0008,0.0008,13,1317
CCGCTAATACCGAAGC,,0.0008,0.0008,13,1317
TACATTAAAACTTATA,V14L M414V,0.0008,0.0008,13,1316
AAAGCAGCACCATCGC,Q416R,0.0008,0.0008,13,1305
ATAAGCGATACAATAA,,0.0009,0.0009,13,1296
ACCATAAACTTTAGTG,M194L,0.0009,0.0009,13,1291
AATCGCTATTATCAAT,L133S,0.0009,0.0009,13,1283
AAGGAACCAGCAGTGA,,0.0009,0.0009,13,1278
TTTTATGAACCACAGT,,0.0009,0.0009,13,1270
AAGAATATAAGGCGTT,Y62V,0.0009,0.0009,13,1266
ATTCACAATTGAGCAG,W210D E329K Q406T,0.0009,0.0009,13,1251
ACCGCGACAGATAACT,N209E,0.0009,0.0009,13,1244
TCTTAATTTATTCTAG,,0.0009,0.0009,13,1237
TCGTGATGTATACTCA,,0.0009,0.0009,13,1235
AATTAAAGATTCATTA,D156N G174L,0.0009,0.0009,13,1232
AATTTGAAATACCACC,N373R,0.0009,0.0009,13,1232
TAACCCTGATTGAGAG,G64T E396V,0.0009,0.0009,13,1224
GCTCGCACACCCAACT,N302S,0.0009,0.0009,13,1211
AAGAACCTAACGGTAA,D229L,0.0009,0.0009,13,1203
ACCAATCAAGGATGAA,T87L,0.0009,0.0009,13,1199
TTCGCTTCTGCTTATT,L203V,0.0009,0.0009,13,1179
ATTCGCCCGATTCACC,S91R,0.0009,0.0009,13,1171
ACGAACTGATGGCAGC,Y150H,0.0010,0.0010,13,1165
AAAATTACTGAGCCTA,E287T,0.0010,0.0010,13,1160
CACAAGGCAAAAAACT,A184T,0.0010,0.0010,13,1160
GTGGGTAAATTATTGT,,0.0010,0.0010,13,1141
ACAGTATAGAAACAAG,A328F N395L,0.0010,0.0010,13,1140
AAATCTAATACGAATC,,0.0010,0.0010,13,1134
CACATAATTGACCATT,T101G Q331Y,0.0010,0.0010,13,1130
CGTTCGAAAAAATTAT,,0.0010,0.0010,13,1123
TAAAGATAAGATTAAT,G260H,0.0010,0.0010,13,1123
GTCGTAGTGTTAACCA,K300L,0.0010,0.0010,13,1121
GGTCTTCAAACGACAC,Q482L,0.0010,0.0010,13,1106
TGTCAATACAAAATAA,T182I,0.0010,0.0010,13,1106
GAAAATCGTAGACGCC,,0.0010,0.0010,13,1096
ATTAGCTGACCATGGT,,0.0010,0.0010,13,1092
TTTATGTCCAAGTTTA,S246L,0.0010,0.0010,13,1075
CGGAAGAGATCGAGAA,H141S I162L,0.0010,0.0010,13,1071
TGCCTAGCCCCAGATG,K481D K490L,0.0011,0.0011,13,1048
ATCAGTGACCGATCAC,R193S,0.0011,0.0011,13,1037
AAAAGCCCTTGTAATC,Y278S,0.0011,0.0011,13,1018
TGAAGACCCATACTTT,L336N,0.0011,0.0011,13,1017
TATTATATGGTTCAAA,,0.0011,0.0011,13,1013
AATGAATTTCAATACA,R250K,0.0011,0.0011,13,1011
GCAACACCAAGCTAGG,,0.0011,0.0011,13,986
AATAAAAGACGGCAAC,,0.0011,0.0011,13,971
ACACGGACTCAATGAA,T70S,0.0011,0.0011,13,970
CAATGATATATTGTTC,D175R,0.0011,0.0011,13,965
GGGGGTAAAAAAACAG,N167Y A173S,0.0011,0.0011,13,965
ACCTGTTATGAGATCG,A173F,0.0012,0.0012,13,952
CCCATGGACAACCAAA,S171N W210S T375V,0.0012,0.0012,13,942
TAAAATAAGTTCGTCT,,0.0012,0.0012,13,934
ATTAAACATTGAATGC,,0.0012,0.0012,13,927
AAAACTAGAATAAACA,Q189T Y278L,0.0012,0.0012,13,926
AACAATAACTCCCTAC,H124M D175H,0.0012,0.0012,13,923
ATGCAGCTTATATAAG,,0.0012,0.0012,13,919
CCAGGCATATTACCCC,D251H,0.0012,0.0012,13,919
CGCTCCACCAATCAGT,,0.0012,0.0012,13,912
TAATCTAGTCAAACAA,,0.0012,0.0012,13,912
CTCGGTCGTGGCTTAG,H398L,0.0012,0.0012,13,908
AACTATTACGAGTTCC,N146F,0.0012,0.0012,13,905
CACTGCAAAACTCAGA,,0.0013,0.0013,13,875
ATTAATATCAACATAT,,0.0013,0.0013,13,865
GGTGAATCTAGAACTG,V47S K320E,0.0013,0.0013,13,865
TTTTAGATAAGTGAGC,,0.0013,0.0013,13,853
CCTGGCAGATTCACCC,S60E Y172W,0.0013,0.0013,13,852
GACAAGAAAATATAAT,Y62F Y66F,0.0013,0.0013,13,835
TTACAAATGAAAGCCA,H305Y,0.0013,0.0013,13,833
GACTACGCAACTTCCA,,0.0013,0.0013,13,823
TAGTATAATACCTTGC,,0.0013,0.0013,13,822
GCTTTGGGGACATGTG,A407R,0.0013,0.0013,13,821
AAATAATGACCGAAGC,T101V N185T D273S,0.0014,0.0014,13,818
ACAAAGCCAGTATATT,E67D,0.0014,0.0014,13,815
TTTCTACCAGACACAA,L349Q,0.0014,0.0014,13,808
GAATTACACCTGCGGA,,0.0014,0.0014,13,806
TGACTGAGGGAGGCAA,D273E,0.0014,0.0014,13,801
ACCTTGAGTCCTGCCG,F117N K161Q S269A K417N,0.0014,0.0014,13,793
ACCGATTATAATAAAC,R193K Q232S,0.0014,0.0014,13,785
GTAACATCCCCGTTTT,T87I N409F,0.0014,0.0014,13,785
CTAGTTATTGAGACAA,,0.0014,0.0014,13,777
AAAGCCAAAAACGAAA,V459C,0.0014,0.0014,13,771
AACATCGAGCAAAGGC,T375L,0.0014,0.0014,13,766
GCGGCTTATACCGCAG,S56C T377A,0.0015,0.0015,13,754
GTAAGTCTAACAAAAC,,0.0015,0.0015,13,754
CACCAAGCATCGCACG,T48H,0.0015,0.0015,13,753
TTCGCCGCATATCTGC,L61F,0.0015,0.0015,13,751
ATATCAAGTAGTGTGA,P486V,0.0015,0.0015,13,749
GAGAACAGAACTGGTC,R55S D273G,0.0015,0.0015,13,747
ATTTCAGCTAAATAAA,,0.0015,0.0015,13,743
ATATTTCAAAACCAAA,V47C E76R,0.0015,0.0015,13,742
TACTATAGCGTTGACA,N119L S199T,0.0015,0.0015,13,738
GTAGCGGCTGTATCCA,N167R,0.0015,0.0015,13,727
TTAATTGTAAAACCAT,E104H T438M,0.0015,0.0015,13,718
TACTACAATTAAGAAT,H131D F440S,0.0016,0.0016,13,704
AGTGATTTAAGTAAAA,A30G V485M,0.0016,0.0016,13,702
ACGCTAATACAATATC,V11L F147P S269W,0.0016,0.0016,13,696
GTAAGACCCCTATGAA,,0.0016,0.0016,13,692
ACTAACATCCCGTTAC,K384S,0.0016,0.0016,13,685
ACTGAAAAAAGCTGAG,M19V V31S P483M,0.0016,0.0016,13,675
AATCCGATTAACTTGA,I358L L433F,0.0017,0.0017,13,666
TTATACCTATAGCCTT,Y363T,0.0017,0.0017,13,665
TCTGTTAGCAAAGAAC,I201R,0.0017,0.0017,13,663
GGAATTGTACTTATTC,W196H D251G G276S,0.0017,0.0017,13,655
CATATTGCTAATACCC,L449R,0.0017,0.0017,13,650
TTCCCGGGCAGATGAA,,0.0017,0.0017,13,640
CGTTGGAAAATATCGA,E67Q,0.0017,0.0017,13,635
CAATACAACCGCTTTT,G98M,0.0017,0.0017,13,634
TTTAACCTATAAAATA,I24C,0.0018,0.0018,13,628
ATTGACTGGGTGAACC,G42A L73I G198A S389F,0.0018,0.0018,13,619
TATAATATGAGCGAGC,I113M,0.0018,0.0018,13,619
GAGATGATTTTGAAAC,D273P,0.0018,0.0018,13,612
GATAAAAACGACTGTC,E413S,0.0018,0.0018,13,610
GAGACAGGGTCTCTAA,Y217V S267T,0.0018,0.0018,13,606
CTTACGCGAGTTAACT,E104S,0.0018,0.0018,13,601
AAACAAATCACTAACG,F38S S163Y Q232I,0.0018,0.0018,13,600
TAACGTGGAGTTTAGT,K161S,0.0018,0.0018,13,600
GTCTCTACAGTATTGT,D306P S392R,0.0019,0.0019,13,597
GAGCCAACAGAAGGAA,T412A,0.0019,0.0019,13,596
AAAGGAACCACTAGCG,Y62V S476W,0.0019,0.0019,13,593
TTCTACCCGATCGGCA,T281K,0.0019,0.0019,13,592
CGAAGAATGTTGACCG,L336S M472C,0.0019,0.0019,13,591
TCCACCTGCCAATGGC,,0.0019,0.0019,13,591
GCTCAACATAATCAAT,S169Q Q232A N395R,0.0019,0.0019,13,588
TCCATTAAGAGCTAAA,,0.0019,0.0019,13,583
CACATCTACTTTGCTA,I4F T70A L71I G181T N185S,0.0019,0.0019,13,581
AACAGAGCGAGATAAG,E104D,0.0019,0.0019,13,579
GTCATACAATCAAAAT,G54R,0.0019,0.0019,13,576
TAACAAAAGAGAATAT,,0.0019,0.0019,13,576
AAACGAATCTATTATT,,0.0019,0.0019,13,569
AACCGCAGTATAAATT,Y278S,0.0020,0.0020,13,562
TGAAAGAGCCTACGAC,S143T A177G W227A,0.0020,0.0020,13,558
GTGACTACGATTCCCG,N90T,0.0020,0.0020,13,554
CTGAATACAAACAACC,N127K,0.0020,0.0020,13,548
CTCCACCTCTTAATAA,L50M,0.0020,0.0020,13,546
ATCTGAAGCAAGGACA,,0.0020,0.0020,13,545
AGCCGACAATCAAACC,T375L S400E,0.0021,0.0021,13,538
TAATATTCGTAGGTTC,,0.0021,0.0021,13,538
TACACCTGGAAAGCAC,T261L,0.0021,0.0021,13,538
ACACTTCTCTTGCCCT,S171H,0.0021,0.0021,13,518
ACGCTCGAAATCGATT,T426V K490N,0.0022,0.0022,13,511
TAGAATATCGCATATA,I112N K425G,0.0022,0.0022,13,510
CATAAATAAGCCTAGA,,0.0022,0.0022,13,501
TTGACGCACATGCTTC,G64S Y369W T397Y,0.0023,0.0023,13,490
CACCCCTCAGCCATAA,A328S I337T,0.0023,0.0023,13,483
TAATGCAAGGAAGGTT,E303M P486L,0.0023,0.0023,13,482
AGGTCTGTCGTTACAG,N127H,0.0023,0.0023,13,481
CGTACACAATAGGTTC,M332L,0.0024,0.0024,13,465
GACCAAGAGACAAAAA,E270Y,0.0025,0.0025,13,447
GTATACTCCTTTACCA,S163* M332Y,0.0025,0.0025,13,445
GCGTCCTCAAAGCCCC,S135L R248M K368R,0.0025,0.0025,13,444
TACTAATTTAATTCTA,,0.0025,0.0025,13,442
ACTAAAAAAGGAAAAG,V5F V431* V435G,0.0026,0.0026,13,431
TTGGTCCATTCTACTT,K161Y,0.0026,0.0026,13,430
CTAACGCCCGTACAAT,D273F M414T,0.0027,0.0027,13,416
TCTACTAAACTCGTTT,Q482Y,0.0027,0.0027,13,415
TAAACAAAGGAATATC,I21L N373L,0.0027,0.0027,13,413
AAAACCGAACTAAATT,,0.0027,0.0027,13,409
GAGTAACAAGACTTTT,I21V V341S,0.0027,0.0027,13,405
TTACCAAGCAATTTAC,C180* L313Y,0.0027,0.0027,13,404
AGCCGGTGGTGGAGCG,I252C K352R,0.0027,0.0027,13,403
TCATTAACAGCAGAGG,L107I S143N,0.0028,0.0028,13,399
CGGTAAAAGACCCTAT,,0.0028,0.0028,13,398
TAGAAAAGACCCTCGT,,0.0028,0.0028,13,396
CTCACTAGATAACGAC,R193L K272S,0.0028,0.0028,13,393
ACTATTTTATAACCAT,Q335A,0.0028,0.0028,13,390
TAAGTGATCTTAAGAC,T59I T87H L433S,0.0029,0.0029,13,388
GATCACTGACATACGA,L245R E413V,0.0029,0.0029,13,386
ACTTTACAATCAAATA,I136S P427K S444N V487*,0.0029,0.0029,13,385
ACTCTTCGGAGCAATA,N89P N158S I239R,0.0031,0.0031,13,359
TAACACCGGACATTTT,R256A,0.0031,0.0031,13,358
TGACGAAAGGGCACAA,,0.0031,0.0031,13,356
GTAGATTATTGTTAGA,V65M I254T K481P,0.0032,0.0032,13,346
TAGGAGAGCCAACAGA,Y253H,0.0032,0.0032,13,345
CATGCGGCTCAAAGTA,,0.0033,0.0033,13,340
CAGTGACTGATTGTCA,T397G H457P,0.0033,0.0033,13,333
ATCAGCACAGTAATCC,Q3D R250Q C475M,0.0033,0.0033,13,331
ACCGCTGACTTAATCA,G159D G160R H230Y,0.0034,0.0034,13,330
CAAACCCACTACGTAC,G42E T101I,0.0034,0.0034,13,330
ACGTCTGAATGCTAGA,E72G,0.0034,0.0034,13,329
GTAACTAGACATGTGT,C57M C118S F434V,0.0034,0.0034,13,326
GACATAGGGTGGCCAA,,0.0034,0.0034,13,323
TAATCCAATACACAAG,,0.0035,0.0035,13,312
GATCACAGACGATGAT,L105R N209L S444P,0.0036,0.0036,13,311
AGATACTTAAAGCTCT,S216R Y480L,0.0037,0.0037,13,299
CGAACATTAAGTACAA,C155G,0.0038,0.0038,13,291
ACCGTTCTAAACACCA,M75*,0.0039,0.0039,13,287
TTAGACCAATATATCA,K272Y L428A,0.0039,0.0039,13,287
CCGTAAGCTATCAACA,N209A,0.0039,0.0039,13,286
TATCTCGTTAATAACC,G42D,0.0039,0.0039,13,285
CCGCAATACAACTTAA,E76* A328F,0.0039,0.0039,13,284
TGCAAAAGATGTTGAT,E72S E100W Y278P,0.0039,0.0039,13,282
TAATCTACCTAGAATT,D229L M312S A340I,0.0039,0.0039,13,281
CTCATACCTGTTATCA,Y150G N158Q T377S,0.0040,0.0040,13,280
CTTCTAGTCCGTGATA,N158L L344R Q482* G484W,0.0040,0.0040,13,274
TTAGCACGATTATTAT,K352L,0.0041,0.0041,13,270
ACGTTGTAGAAGGTGG,E418T,0.0042,0.0042,13,264
CCCAACAAGTCTCCGG,F38W,0.0042,0.0042,13,264
TACGATTAAAATGTAA,I144P S163T,0.0043,0.0043,13,259
TAAAGACCCCCGAAGG,V183E T249M D347E I458L,0.0044,0.0044,13,253
TTCTCATAGAATCAGA,L105Q,0.0044,0.0044,13,253
TGAACAATAACCATTA,A30T T190V G276F,0.0044,0.0044,13,251
GGATGAGTAGAGAGCC,C155N L336H,0.0045,0.0045,13,244
GCATAGCAAACGTAGT,A30T T225Y G478E,0.0047,0.0047,13,235
ACTATATCGACGGCAT,S439N,0.0048,0.0048,13,233
AAAAGTCCTCAACTAA,C212W L442D,0.0048,0.0048,13,232
CTTTAGGATGCATTCC,S85L,0.0049,0.0049,13,226
TAAAACAGTCTTCCCC,D401Y,0.0049,0.0049,13,226
GTTGACTAGAACTGTT,I15K G54C T215L N338I,0.0049,0.0049,13,225
CTTAAACGAAAAATTG,S111V,0.0050,0.0050,13,223
TTTTCGTTTCCGAAAA,I201P D402K,0.0050,0.0050,13,220
ATTACGAGTTCATTTA,H374I,0.0051,0.0051,13,219
GATAATATTCCAAAGA,Q3E,0.0051,0.0051,13,219
GTATAGCAGCCTGGCC,N178D K451L,0.0052,0.0052,13,213
AGACAAATGAAAAAGT,L78A H141L N342R V459L,0.0052,0.0052,13,212
TGGCAAAGCTTGCACG,N185L,0.0052,0.0052,13,211
CCCGCAATGTGACCGT,Y172L C212N,0.0053,0.0053,13,210
GAAAGAGCAGGATTAA,S60W A184D,0.0055,0.0055,13,202
TTAACTCTCTGATTAG,F147P G174I,0.0055,0.0055,13,200
CGAAAGCCTGTGCTTA,G424S K481F,0.0056,0.0056,13,198
TTAGGAGATTTGACTG,D130I I136T S169V A176V D317E,0.0056,0.0056,13,198
CGCTCTAAACCTTCCG,L105E I137G L382F,0.0056,0.0056,13,197
GTCAGATCATGCTTAA,E104G Q247M S269G F446*,0.0056,0.0056,13,197
AACGAACAAGGTAAAT,G174* W264G G276S L326E E396*,0.0057,0.0057,13,196
CATTAGTTAGAAGATA,Y200H R248T Y278V C385L,0.0057,0.0057,13,195
TCACCGAACTAATTTA,V47L D175G C231R L387T,0.0057,0.0057,13,195
TATACTTGATAGGAAC,K88G A173T E228G L242D D251L P275R,0.0058,0.0058,13,192
GGCATTAAACGAATCA,I4F R193P L313S N346F K451F,0.0059,0.0059,13,189
ACTGCATCTGCGTTAA,C86V S138N,0.0060,0.0060,13,185
AACACCCATGATAACA,M19* D175F,0.0060,0.0060,13,184
CTGCCGGGGAACAAGC,M134S E404W,0.0061,0.0061,13,183
GATTTGACACCCAAAT,A152P I286F C385I,0.0061,0.0061,13,183
CATTGATACACAGAAT,H179Q M194K F399V V431A,0.0061,0.0061,13,182
GCTTCCCAATCTCGTG,N99K,0.0061,0.0061,13,182
ATGCCTCGCAATGAGT,Q232T,0.0062,0.0062,13,180
ATGAATAGCATACCAG,T454H,0.0062,0.0062,13,178
TACACGGATTGTCTAT,,0.0063,0.0063,13,177
TCATACCGAATCCAGC,I21S T87N H179N,0.0063,0.0063,13,177
TTTATCGCCTAGATAT,L107I Y172L I213F D273C F399L,0.0063,0.0063,13,177
TCACGCCACTCTTTAA,N209Y N302D Y419H,0.0064,0.0064,13,173
TCGCTCGTCACACACC,E418K,0.0064,0.0064,13,173
ACGACATATTCATGCG,G174L T380K K481S,0.0064,0.0064,13,172
GAAAGATCATTGAGGT,G64I C180L Y278T,0.0064,0.0064,13,172
CATGCCAGTCAATGAA,E67D I136P D156V T190W F316T K352V,0.0065,0.0065,13,170
AAAGGCTGCGAAACCT,H131L W196P D347R R422P V431W V487I,0.0066,0.0066,13,169
AATCTTTCGAATAAAA,N114V Q149T K320H V341G,0.0066,0.0066,13,169
CTACGTACACCCATCA,Y66W D251R I286R P383V P466F,0.0066,0.0066,13,167
GTAGGTAGGACCATAT,L52V T110Y N390R,0.0067,0.0067,13,166
GGCAGCTGATATTCTG,Y393R,0.0068,0.0068,13,164
CGGGTCGTCGAATTAA,L103K R193L S389E,0.0069,0.0069,13,161
AAATTACACTGAGAAG,K63W L220I,0.0071,0.0071,13,157
GGCCAACGTCGAAAAT,L46P L107S I334T S400G Y441G,0.0073,0.0073,13,151
ATTATTGAATACAAAT,H124S N209I A297D,0.0075,0.0075,13,147
ATATTTGTCACATCCA,Y172F E287*,0.0077,0.0077,13,144
TTACAATCAAATAGGC,N185L T412K,0.0077,0.0077,13,144
AATACTCTTTGACGTT,T377R,0.0078,0.0078,13,142
AAGCAATCCAAATTCA,F8D W196M I345P H448S,0.0079,0.0079,13,141
GCCCTCCAGCGCTCCG,I361N L447P,0.0079,0.0079,13,140
TCAATAAACTTATATA,T397E Y419H,0.0081,0.0081,13,136
ACATCAAAAATTGACG,G2D D408N,0.0082,0.0082,13,135
GCAGTACACTGAGCGA,L50N Q335W,0.0082,0.0082,13,135
ATGGGGCAGCCAACCC,V5L S121Y N127S N158I W489*,0.0083,0.0083,13,134
CACCGACCCTACATCA,I144C P427S H455Y,0.0083,0.0083,13,134
CACTGAATACTAAAAA,N167V F293S,0.0086,0.0086,13,129
TATACACCGGCGCCTC,F233I S234F A297G W489N,0.0088,0.0088,13,126
ATGTTCAGTAACTGAA,I452Y,0.0089,0.0089,13,125
AATGTAATATCACATC,G102F G260D,0.0089,0.0089,13,124
ACATCATATACAATAG,G198D Q247H M472E,0.0089,0.0089,13,124
AGAATAAAAAGCACAA,V5G I213Q G473A,0.0090,0.0090,13,123
TATGTGCAAGGATGAT,T101K N109H S234L,0.0090,0.0090,13,123
AATAAGATTGTACATT,M192K Q482K,0.0091,0.0091,13,122
CCTATAATATGTTACT,E418K,0.0091,0.0091,13,122
GTAGTCATTCCGAAAA,,0.0091,0.0091,13,122
GGAGGTAATTGACGGA,V14R I162Y I254F V450I P453Q,0.0092,0.0092,13,120
TCTAACCCAAAACTGC,W210S L372P,0.0093,0.0093,13,119
AAAGATAATCATCCAA,R250C,0.0094,0.0094,13,118
ATGACACAGCTGTCAA,N158Y,0.0094,0.0094,13,118
CTGATGATGATAGTGT,Q69V C364H T376V,0.0094,0.0094,13,118
CGAGGGAAAAATTCAA,V44E P464*,0.0095,0.0095,13,117
TATACGTAATCCCGCC,N390Y D401S,0.0095,0.0095,13,117
TTATCGGCATTCACAA,L78S G98V T274M L344V,0.0095,0.0095,13,117
CAACGACCCTCAAATT,N209M D251Q N338K,0.0095,0.0095,13,116
AGTAATTTATAGCCTC,I4Y G160N Q232R F262*,0.0096,0.0096,13,115
CGATTTCATACAGCAG,L394K,0.0097,0.0097,13,114
CTGCCACTATACTATT,D311I Y363F T375* F436Q L442V,0.0097,0.0097,13,114
GGGTCTAAGACTCATC,I4N A25M S135K G260A C292S,0.0097,0.0097,13,114
AAGGCAAATGGTTCTG,M19A S60V A202L W210C G460K,0.0098,0.0098,13,113
AGGACATATTTCAGAT,I113C L258S,0.0098,0.0098,13,113
TAGTATGGTTGTGGCC,A195Y Y241C N395Y,0.0098,0.0098,13,113
AAAACGCGCAAGAAGG,T182R S234Q S392T R491Y,0.0099,0.0099,13,112
AGCAAGCGCACATTTC,D156F G460Q,0.0099,0.0099,13,112
CACCATATATGCGTAT,M1V N37R,0.0099,0.0099,13,112
GAGTACGGAAACAAGG,T6Q,0.0099,0.0099,13,112
GACTACCACACTAAGA,T81P N167Y,0.0100,0.0100,13,111
TACGCTACAAGCTACG,L105S M214S Q348P,0.0100,0.0100,13,111
TATATCCGCGCTTCGA,N167D T190K T377L E404I,0.0100,0.0100,13,111
ACACTAAGCTAACATT,R193D,0.0101,0.0101,13,110
ATTCAGCCCCCGGTAA,G186*,0.0101,0.0101,13,110
CCCCACTAAAACGGAT,Y369L E396W,0.0101,0.0101,13,110
AGACGAGGAAGGTCAG,T190H E228Q K304S,0.0104,0.0104,13,107
TTAAAAAAGAGACACC,L32E L349W I458S,0.0104,0.0104,13,107
TTCTAACAAAACACAT,R257* Y369L,0.0104,0.0104,13,107
TTACGAATATGTTCTC,D432M,0.0105,0.0105,13,105
AGCAGCATCCTAAGCC,N99D I113V N470L,0.0106,0.0106,13,104
GACTAAAGGTTACTTG,C180L,0.0106,0.0106,13,104
TCGAAACTCAACTGAA,S199G T274L C279F,0.0106,0.0106,13,104
GAGGTCAAGTACATCA,P453S,0.0108,0.0108,13,103
GGCCAACGCACAAAAA,E17L S85T N109C T215C H305N E418K,0.0108,0.0108,13,103
ATATCTATAGATAGGG,S169R N295R,0.0109,0.0109,13,102
TGCACACAAATGAGTA,D204I T215M P275I,0.0109,0.0109,13,102
GAGACATTTCAATCCC,V22L H141N,0.0111,0.0111,13,100
GCGGTCTCTATTCTTT,S269V L394Y Q482S,0.0112,0.0112,13,99
GGCGCCTGAAGTAATA,S27L E104T L259* N353I,0.0113,0.0113,13,98
TACCCCTCTAATTAGC,C57Q C231R M284N,0.0113,0.0113,13,98
ACTTTTAAATGACACC,I286D A299V,0.0114,0.0114,13,97
TTTCGTATGGATCCAG,K368E N373M,0.0114,0.0114,13,97
AATTTCCAGCAGAATT,S255L N302R,0.0117,0.0117,13,95
ATGTGACAACCTACTG,L242T T377R,0.0117,0.0117,13,95
CAACCATGCCTGCAAG,Q165F A173S F233K K465M,0.0118,0.0118,13,94
CAAGCAAATATGTTCT,L103F D229F E307T A328F N395L,0.0119,0.0119,13,93
GCTGCATATGAGGAGT,W196I T377I L442W,0.0119,0.0119,13,93
TGCTCATTGGAGTTCA,I403F,0.0119,0.0119,13,93
CATACTCAGCAAAACA,E151R Q218D,0.0120,0.0120,13,92
CCCCTAACGGTTACGA,L344M K368M,0.0120,0.0120,13,92
GAGTTATCCACCCATG,A25F H471E W489S,0.0120,0.0120,13,92
TTAGAAGGGTCTGAAC,A30E K88S M153R,0.0120,0.0120,13,92
GCGGCCCACAGCGAAT,L68N L78S V187P,0.0122,0.0122,13,91
ACTGTCACTACCGATT,L120R,0.0124,0.0124,13,89
ATTCCATTTAATGAAT,C57V L245Y Q321F,0.0124,0.0124,13,89
GATCGCCATTTGGACA,L68S G197S Y278S H467A,0.0124,0.0124,13,89
TAATGCCACGATAAGC,I4L T40L L51R G277K,0.0124,0.0124,13,89
ACACGGTAACACCACC,T274S A297N,0.0126,0.0126,13,88
GCAAGAATTACTACCC,K291N,0.0126,0.0126,13,88
GATAGCACCAGGAACA,P383T,0.0127,0.0127,13,87
GAATATCAGTGACAAG,A177T A195S,0.0129,0.0129,13,86
GATTTGCTGGTATGAA,F157L N295C L344C,0.0129,0.0129,13,86
CAAAAATAATGCACAC,H455T,0.0130,0.0130,13,85
AATTAACAGAAAAAAA,A39N G206I S400F T426I,0.0132,0.0132,13,84
ACATATCGGAAGTTAA,N167V I252N L372H,0.0137,0.0137,13,81
GACTGGCCGAAACAAC,C86Y S163L,0.0137,0.0137,13,81
AACATCAGTGATCACG,K33T N89L,0.0138,0.0138,13,80
AGCACGAAGCCCAACC,I4V F293L Q423H G473T,0.0140,0.0140,13,79
ATGAGTAAATGCACCC,Q3Y L50S A328N,0.0140,0.0140,13,79
AAATCTGATTATGATG,S135L L203N S216Y,0.0142,0.0142,13,78
GAAGTCCCACAAACCG,Q218N P427H,0.0142,0.0142,13,78
TAAGAAGCATGAAAAG,L107M F157I I222A,0.0142,0.0142,13,78
AAAAACAGATGAAAAC,T108N Y166L H471K,0.0148,0.0148,13,75
GCCTGAATATACCCAC,A39D N99C E104K F309Y Q331L,0.0150,0.0150,13,74
GAGAAATACCGGCACA,E72R N395E D401N,0.0152,0.0152,13,73
CAGTTAAAAATTAATC,C155L D229S H398V,0.0154,0.0154,13,72
TGGTAGTAGCATTGTT,M134L A184T I222L K481Q,0.0154,0.0154,13,72
ATTACACCGTCTACGC,G64C,0.0156,0.0156,13,71
ATTCATTTTTAACCAA,A39T V47R S333* C364K M420S,0.0163,0.0163,13,68
AGCATAAGAATTCAAT,L428P F436L,0.0168,0.0168,13,66
CAAATTTCGTACAGAC,I24G G181V K481I,0.0173,0.0173,13,64
CATAAATTCATAGAGT,S27R N89I S154A S246T G277*,0.0173,0.0173,13,64
ATAAGTACCTTTAAAA,T77A S85V N148D,0.0185,0.0185,13,60
TAATTTCAAGGCAGGA,L50M Y129V C180L,0.0188,0.0188,13,59
ACAAGAGTGCTGAATA,I136* N209C W227Y K304E,0.0198,0.0198,13,56
ACGTTGATCGCCTATC,C155I V164P I443N,0.0198,0.0198,13,56
TCACATTTCAAATTGG,G206D T265M E308G S476V,0.0213,0.0213,13,52
TAAATACCTAATCAAA,S91R K291P,0.0217,0.0217,13,51
AGATCCGGCTTTAATC,L259R I345F,0.0246,0.0246,13,45
ACTATACGGAGGAAAA,S60K S143V S199F,0.0264,0.0264,13,42
CTGGTATACTCCATTA,I15N L46K E67F D273Q,0.0270,0.0270,13,41
TTTACTTGTTGAGATT,M284I N338P,0.0316,0.0316,13,35
AATAGCCAAAACAAAA,N37E T59I S267K,0.0461,0.0461,13,24
ATTTCAGAAGGACCTA,C231G C385N N470T,0.0461,0.0461,13,24
TTAAACAAGACCAGGG,G2V G240P Y441L M472L,0.0482,0.0482,13,23
TTAATGACGCTGAATA,G174S I222L S234A F440I,0.0503,0.0503,13,22
CCCCCCTTGTACACAC,T40M I213P N224L,0.0554,0.0554,13,20
TCCAATGAATCATAAC,F8E I286Y,0.0554,0.0554,13,20
AAATTAAGAACATCGT,T190*,0.0583,0.0583,13,19
CTTATGATACAGTCTA,K88H S169Y Q331R Q405H,0.0583,0.0583,13,19
CTTTAAAAACATAAAA,V28E C212F,0.0583,0.0583,13,19
GAAGTAATATGGATCT,G102I K161C C180T N409P E418Q,0.0615,0.0615,13,18
GCACTAGTTGACACCA,H374G F446A,0.0615,0.0615,13,18
GGCTACCCAGATATCC,C53K,0.0615,0.0615,13,18
ACGCTCTCGTTACTCA,G2Y,0.0651,0.0651,13,17
ATAAAGATTATGACAT,Q223K K272S N390M L415R,0.0651,0.0651,13,17
ATTCTCGAACGACATG,Y129T T182R D273N I445C,0.0651,0.0651,13,17
GACGAAAATAACGAGA,I4V V65E R314T,0.0651,0.0651,13,17
GCATATACACCCTCGT,D432A,0.0651,0.0651,13,17
GGAAGAAAGATTACTA,N185Y,0.0651,0.0651,13,17
GGGGTGCTTTACTTCA,I358S,0.0651,0.0651,13,17
TCCCCAGATTCCTACT,M414R,0.0651,0.0651,13,17
ATCAAAATAAATACAA,L103S N109H Q149W F262K K304I L344V,0.0692,0.0692,13,16
CAGTAAGAGTAAAAGA,G206K R248F S333R,0.0692,0.0692,13,16
CTTGACACTCTATTCG,N37L C212G T261M,0.0692,0.0692,13,16
TAAAAGAATAGTACCT,D156T C475P,0.0692,0.0692,13,16
TATATAACATACACTG,Y150N N185K I252C L394R E404Q,0.0692,0.0692,13,16
TCAAGAGTATCCGGAA,Y366T,0.0692,0.0692,13,16
CCCCCGAACTAGGTTT,I112N E418I,0.0738,0.0738,13,15
CTATCGAACAATCATC,H92G I112* S476E,0.0738,0.0738,13,15
ACAACTTATAATCAAA,E151A L220P I345* T397K,0.0791,0.0791,13,14
ACGCACAGCAATAACA,M96W L258T R491M,0.0791,0.0791,13,14
ATATTTAATAAATGAA,T40I,0.0791,0.0791,13,14
ATTAAGGCTCAAGCTC,I112D N158S,0.0791,0.0791,13,14
CGTATCATAGACGCAC,L68W A132H T296A D347V G378S,0.0791,0.0791,13,14
CTAGGAAACTCGTTTA,S135R T438I N470F,0.0791,0.0791,13,14
GACATTAAACTAATTA,L26K H92G Y129N A299Y N395T N409M,0.0791,0.0791,13,14
GACCAAAATCCACAAA,L26G M75Y Q247P,0.0791,0.0791,13,14
GCGGAGCACATTGAAC,G98E N302D I337N,0.0791,0.0791,13,14
TACTACTAAGTACCAA,L142V Q232R E303M Q321R N373R,0.0791,0.0791,13,14
TGCTGAATCACCGCAC,L32I C118S A407W,0.0791,0.0791,13,14
TTAAACGATCCATACG,N109F A123Y L133I A195I,0.0791,0.0791,13,14
AACAGTGTATTTGATA,D156V L220Q K465P,0.0852,0.0852,13,13
AATACAATAGCACAAG,C155H L415D L469R,0.0852,0.0852,13,13
ACTCGATAGCTGCATA,Q3K,0.0852,0.0852,13,13
ACTGGAAAGCAACCGC,I21F S138* Q416V,0.0852,0.0852,13,13
CACGATTACATTGCCA,R256M C475S,0.0852,0.0852,13,13
CGAATTGATGCGGCCA,A132R D204N H230N,0.0852,0.0852,13,13
CGGAGGCATAACATTA,T87I S121R W264S S381I,0.0852,0.0852,13,13
GACGACCAGGCTTTCA,I213M Y253C,0.0852,0.0852,13,13
TAGCGATCGTCAATAC,I24L G198R H230G,0.0852,0.0852,13,13
TATGAGGGCTTTACAC,L103F T438R I443A,0.0852,0.0852,13,13
TCGCCAAAACCAATTA,H457F,0.0852,0.0852,13,13
TTGATACTCCATTCTC,N127L T226E,0.0852,0.0852,13,13
AACTATTGGAATAGGC,A288*,0.0923,0.0923,13,12
AAGTGACCTTCGAACC,Q3K L61T K161E S171R W264A R314F,0.0923,0.0923,13,12
AATAGATCACAAGATT,C364R,0.0923,0.0923,13,12
ACTGGAAGCAATGTAT,T70P I252R C279S K352R Y363R H457N,0.0923,0.0923,13,12
AGCGTTAATTGTTAGA,C385S,0.0923,0.0923,13,12
ATCCGTAACAGTTAGC,L355N L394V,0.0923,0.0923,13,12
ATCTCAACCCGACGTA,W264K,0.0923,0.0923,13,12
ATGCTTTGCGTATTAC,N37R,0.0923,0.0923,13,12
CAAGCATCCTCCAACA,L103K D130G L244S L479V,0.0923,0.0923,13,12
CAGTGCTCTCACATGT,G42V F191M I254R W489I,0.0923,0.0923,13,12
CATCTAGACTACAATG,Y66S,0.0923,0.0923,13,12
CGAACAGGATATCAAA,L32K T58M A177T K490Q,0.0923,0.0923,13,12
CGCGAAGGCCTCGCGA,I4L V14E Y36E L50S D229K V450L,0.0923,0.0923,13,12
CGGCAGTATGCAATAT,F233G S367N P464M,0.0923,0.0923,13,12
GAAAGACCTTTCCTAC,C155K C180T,0.0923,0.0923,13,12
GTCTTTGCGGAAACCT,G54S W210R P238Q,0.0923,0.0923,13,12
GTTCACACACCACGAG,G2V S269T,0.0923,0.0923,13,12
TATAACTGTCCGGGAC,L52H T106S I162L N295H S389T K461L,0.0923,0.0923,13,12
TCGCAAAAGGTGAAAA,V164M W283S W489V,0.0923,0.0923,13,12
TCTCAAAATCAATGCA,V14W,0.0923,0.0923,13,12
TGCCAAAAATGCTAAC,K272*,0.0923,0.0923,13,12
TGCTACGCACACATCA,R468F,0.0923,0.0923,13,12
AACGATATCATATACC,I144Y L259E K461P,0.1007,0.1007,13,11
ACCGGAACAGTTTACT,E67L S171H D204S Y393S H398I,0.1007,0.1007,13,11
ACGTCACTATACAATG,N99T R193S Q416A N470V,0.1007,0.1007,13,11
AGACAACTCAAGAAAG,M192R N346F N365S R491L,0.1007,0.1007,13,11
AGTAGTATGAATGGAA,L120M Y129L C292G K461S,0.1007,0.1007,13,11
ATAGTTAACAAAAAGC,R193Q T274R I337T K417Q S437I,0.1007,0.1007,13,11
ATATTCTGAATAGCAG,P238L C475W,0.1007,0.1007,13,11
ATCAGGTGACCAAGGC,L142W G378V M410I,0.1007,0.1007,13,11
ATTCGGCATTATCGTG,Q3* P466M,0.1007,0.1007,13,11
CAACAACACCATACTT,G277K K481R,0.1007,0.1007,13,11
CAGACAGAATGAGCAG,Y441D,0.1007,0.1007,13,11
CTAATTAGAATTAAAC,I21Q C41R I222Q,0.1007,0.1007,13,11
CTTTTTGGACCAATTC,S216R C463F K490N,0.1007,0.1007,13,11
GAAGTACAACAACAAT,Y219M,0.1007,0.1007,13,11
GAGAGAGACTGGATAT,G54C L78F G197M,0.1007,0.1007,13,11
GATATCCCGATCACAC,S255Y,0.1007,0.1007,13,11
GCTGGGCCTCTCCTGT,K161C I252P,0.1007,0.1007,13,11
GTAATTAGGTAAATGA,E67N H230T F309V W489*,0.1007,0.1007,13,11
AAAGCCTGCGAATCGG,D211R I323C L479D,0.1107,0.1107,13,10
ACTAGACACACAAAGA,I21T I361D,0.1107,0.1107,13,10
AGGCAAAATTCAGCTT,N373F N390F,0.1107,0.1107,13,10
AGTAGCCAAATATAAT,I21G Q165M S169T,0.1107,0.1107,13,10
ATCGGTTAAGGGCAAT,M134T,0.1107,0.1107,13,10
ATTGTGAAGGTTCAAA,F318G,0.1107,0.1107,13,10
CAAGAGCGAGCTGTAC,C118H C385Q,0.1107,0.1107,13,10
CTCCACTGAACCTCCT,L259N S437F,0.1107,0.1107,13,10
CTGCCTACTAAAACAT,V28S C41K T81*,0.1107,0.1107,13,10
GATACCTAACAATGCG,E396V D408N K461F,0.1107,0.1107,13,10
GATTTCGCAGGTATAC,Q3* C155R,0.1107,0.1107,13,10
GCTGTCTCATAACTGC,E67A D156R T296V H305V E404A,0.1107,0.1107,13,10
TCACCCGAAATCACAC,L51W A343R I361S,0.1107,0.1107,13,10
AACATCGATATGCGTT,L120S N127K S169D,0.1231,0.1231,13,9
AACTTGTACGCGTGAG,N209D C301D V459*,0.1231,0.1231,13,9
AAGCGTTTCCGAAGTC,V47S G98Y V187W E287L G391L,0.1231,0.1231,13,9
AATATGGCTGAGGGGT,K116R I136E S163L N365K,0.1231,0.1231,13,9
ACAGGTTTACTGTCAA,F293E,0.1231,0.1231,13,9
AGTCACTAGAATAGTA,T48P E270R K320R I358L H467A,0.1231,0.1231,13,9
AGTTTCGCCTACCAAT,L103Y G198H,0.1231,0.1231,13,9
ATAACCCAACTGATAA,N158T V164K W196L,0.1231,0.1231,13,9
ATACCAATTCATCCTT,L266Y F446*,0.1231,0.1231,13,9
ATATTAAATTGCCTTA,S199T F318P,0.1231,0.1231,13,9
ATCCAACGATTCATGA,F38T M82* I112N Y200*,0.1231,0.1231,13,9
ATCCTTTCGTAAACAA,L32M W196C R314M,0.1231,0.1231,13,9
ATCGAAATCGTAATGC,L68T,0.1231,0.1231,13,9
ATGAAATAATTCAGAG,I112H T296* E307* S439R,0.1231,0.1231,13,9
ATGCCTGAGTAACAAA,D357* E396D,0.1231,0.1231,13,9
ATTCATATCAATGAGG,T81A R235C,0.1231,0.1231,13,9
CACTGTACTTACCTGT,S169F Y363L,0.1231,0.1231,13,9
CACTTTGTCACTGATC,V14L L61N S169P T226Y F309C L449H,0.1231,0.1231,13,9
CTGATAGGTCAAAAAG,E100A Q189V A299S I345N T376C,0.1231,0.1231,13,9
GATCAAAAAACTGCTA,G160V N178* N470E,0.1231,0.1231,13,9
GCCCCAGCACATCATA,I24A N37S C53V N167L A184P N295T K304T C463R,0.1231,0.1231,13,9
GTAAGCTAATAACCTA,L68G E76K C364I,0.1231,0.1231,13,9
TAAATTCTCGGTCAAA,F157T V450*,0.1231,0.1231,13,9
TACGAAGAAGCTCTAC,T225H P238R Q335S,0.1231,0.1231,13,9
TGATGTCACTATCTCT,M1R,0.1231,0.1231,13,9
TTGTCCAACCGACGCA,S60W C212V G243E,0.1231,0.1231,13,9
TTTCAGATTCAGGTTT,R235P L430R,0.1231,0.1231,13,9
AACGGTATGAATGCAA,Y129* M134H Y419S,0.1384,0.1384,13,8
AAGGACTCAGAATTAA,V183T H354D,0.1384,0.1384,13,8
AATTGTAATTAAAAAC,C41E,0.1384,0.1384,13,8
ACAACGTACCCCGATA,C57Y K63L W283P T376E,0.1384,0.1384,13,8
ACCGTCCTAGAAAAAT,L68I C301L Q331* Q406M R422L K488L,0.1384,0.1384,13,8
ATCAAGCGATCAGAAA,G208E N390R E404P,0.1384,0.1384,13,8
ATGCGAGATCAACCAA,W196Q V298W,0.1384,0.1384,13,8
CAACAGATAGCTGAAT,C180I Y200L L479T,0.1384,0.1384,13,8
CATAGATAAGACCGGC,R207S H374Y D401W M420*,0.1384,0.1384,13,8
CCTGAGACATAATTAT,T101G A173F D347A D432V R456Q,0.1384,0.1384,13,8
CGCGCTATAGATTACA,A30T L73I Y200T P464L,0.1384,0.1384,13,8
GACACACATCATATCG,K126S F293L S381M,0.1384,0.1384,13,8
GGAAATCAATCGTAAA,L73F S91I A123G,0.1384,0.1384,13,8
GTCGTCGAGTAATTAG,I15P V164E S444M,0.1384,0.1384,13,8
TACTTTAGATTTTCAA,G54P M134E,0.1384,0.1384,13,8
TCAAAAGGACAATACC,S56C D311W D357Q,0.1384,0.1384,13,8
TCCATACACAACCTTG,G2V,0.1384,0.1384,13,8
TGGTTGCTCACGTGTA,V97M I337N,0.1384,0.1384,13,8
TTAGGTTAAGATTTAC,L52R,0.1384,0.1384,13,8
AAAGATCAATTATCCA,I21T F140G S199L H230D D273M,0.1582,0.1582,13,7
AAAGCTTTAGAAGTCC,D347N Y480M,0.1582,0.1582,13,7
AAATAGTTTAGCCAAT,H13R L259T,0.1582,0.1582,13,7
AACGGTTGGAAACACC,L61F Q189D S216L,0.1582,0.1582,13,7
ACACCCGACACCCCAT,W264L Q331L E413L,0.1582,0.1582,13,7
AGAACCAATCCTTACA,R314Q M414T,0.1582,0.1582,13,7
AGACCAGGAAAGTGAC,L105V K161M T426F,0.1582,0.1582,13,7
ATATCCTTCAAGCACC,D122Y Y366H D401Q,0.1582,0.1582,13,7
ATGACCTCTTATAAGA,W283P,0.1582,0.1582,13,7
CAAGACGGTCCGCTTA,T110F T249F P275Y A288E A322E L430S,0.1582,0.1582,13,7
CCTGGTCCCCTAATGG,I403M L442H C463E V487D,0.1582,0.1582,13,7
CGCAACGGCGCCACTC,L133C I443S G473V,0.1582,0.1582,13,7
CGGAACTACAATGAAC,G54V R491W,0.1582,0.1582,13,7
CTCTCTGAAAAAAAAA,Y393* G478L,0.1582,0.1582,13,7
CTGTATAATTTATACT,Y200* D251T S267*,0.1582,0.1582,13,7
GAAGCCGGAATCGGTA,G174W C180L,0.1582,0.1582,13,7
GAATAAGAGGGAAGAC,A195K R207I G484S,0.1582,0.1582,13,7
GATGGCCTTAAAGTCT,G98Q Q165K,0.1582,0.1582,13,7
GCACTCATATAATCAT,M80L N167W P362E Y371T F434P G460Q,0.1582,0.1582,13,7
GTACAATCCCCAACGT,C118E G186V R282F,0.1582,0.1582,13,7
GTATTCTCGATCGAAT,N20L,0.1582,0.1582,13,7
GTCTAGAAAAGGCTCA,G2S Q149A F157* E404R K465*,0.1582,0.1582,13,7
TCGCTAGAACGGTAAT,L50S V183* N224R T226I,0.1582,0.1582,13,7
TTATGACACATCTAAA,P12W V65N Y217R C477M,0.1582,0.1582,13,7
AAAGCCCATAGACTAT,G34T L68R G181R L449R P483L,0.1846,0.1846,13,6
AAAGTATAGTAATATT,R207I Y219L V341L,0.1846,0.1846,13,6
AACTCAGTTAACTTCT,L107S A152V L479T,0.1846,0.1846,13,6
AAGCGTAATTCCGGAA,G198T S237V S255H,0.1846,0.1846,13,6
AAGGTAAAGGGCATCC,F157E,0.1846,0.1846,13,6
AAGTACCAGAAATTCC,R55V S60C T87R L280R F434A,0.1846,0.1846,13,6
AATAATGGGAGATTAA,F38Q G186V V450I,0.1846,0.1846,13,6
AATCTGTCTGGGTCAG,N346R F440P,0.1846,0.1846,13,6
ACATTTAATCCTGAAT,G98D T182M K425H,0.1846,0.1846,13,6
ATAACAATGAAACGCA,G260V S389A L469H Y480C,0.1846,0.1846,13,6
ATATTAAACTTATCCA,D311V N319G,0.1846,0.1846,13,6
ATCTAAGCGATGATTC,G64S C279V,0.1846,0.1846,13,6
ATGTTATTTATAAAAA,W264V H374Y,0.1846,0.1846,13,6
CACATCAATTCCCAAC,M1A F7M,0.1846,0.1846,13,6
CATGAAAATTACTACT,A173I F318G N338V N395R P466R,0.1846,0.1846,13,6
CGCGTATTTGAAAAAG,Q3E N295W R379M G473S Y480*,0.1846,0.1846,13,6
CTGATTTTAGCCAGAC,G98D Q218C T376I I443R L469F,0.1846,0.1846,13,6
GAGATATTATCCAAAA,T70V T375K L469F,0.1846,0.1846,13,6
TAACCAAGTAACAATT,W196* I286P,0.1846,0.1846,13,6
TATCAATTAAGGTTAA,S91Q L442H,0.1846,0.1846,13,6
TATCTTAGTGCGCCAC,E16A S205C L315T N338A,0.1846,0.1846,13,6
TGTAATTGGCAACAAA,E151Y Q165* T397S D402N,0.1846,0.1846,13,6
AACAATGACTTACGCA,M1T,0.2215,0.2215,13,5
AAGTTTAAACTTGCAT,F38H C53G A176S D229*,0.2215,0.2215,13,5
AATTCACCCAAAATTT,E67* N158S S269A,0.2215,0.2215,13,5
AGACAGAATATTTGCA,A39Q S111V Y200T Q223S,0.2215,0.2215,13,5
AGCCATCAAGTCATGT,Q69S S138W,0.2215,0.2215,13,5
AGTATGGAAATACGAC,I21N K63E F140L G271D,0.2215,0.2215,13,5
CAAGAAAGACGAACAG,N353M H471Y,0.2215,0.2215,13,5
CGTTCGTCTACAGGCC,G42W C57K S154M F436P,0.2215,0.2215,13,5
GAAATCAGCACAGATC,T106G C477M,0.2215,0.2215,13,5
GAAATTTAATGAGTTC,V435P,0.2215,0.2215,13,5
GAAGCATAGTCCCAGC,K63* F233S,0.2215,0.2215,13,5
GCTAAATCATCGAGTC,V97R G198L T412Y,0.2215,0.2215,13,5
GTGCCAAGTCATGCGG,L188P L313T L336F W489*,0.2215,0.2215,13,5
TTAATAATTCATATAG,I350N,0.2215,0.2215,13,5
TTCTACTGCTATGTAT,L61S W196R,0.2215,0.2215,13,5
TTTTAAATACACGCCA,N89I K339R N373S,0.2215,0.2215,13,5
AAAAGAGAAACTAACG,T58A N119I S216K K461E,0.2769,0.2769,13,4
AAATGGATGCATAAGC,E17W N319Q,0.2769,0.2769,13,4
ATGCCCTAAATTGCTA,C53M L107A,0.2769,0.2769,13,4
ATGCGATGACACATGA,M192C N209F A340V E404L E418W,0.2769,0.2769,13,4
CGGAGAGACGCCGATC,E72K F140M,0.2769,0.2769,13,4
CTTAATAGAGTCCCAG,G197N S205I T215S,0.2769,0.2769,13,4
GACTTAAATTCAAGAC,N167M L168I A173N K327N L394F,0.2769,0.2769,13,4
GCGAACAGAGGCTGCT,S135W Y166H,0.2769,0.2769,13,4
AGGCGCTGTGGCGTGT,N37F N470T G484A,0.3692,0.3692,13,3
CGAGCTAGATAAATAA,L259N,0.3692,0.3692,13,3
GTAATTTATAGTCGTA,I137G,0.3692,0.3692,13,3
TCTAGACAAGGATATG,C155T I337W D347V S462V,0.3692,0.3692,13,3
CATTTCCAGTGAAAAA,M19F S135L K300L H305L Y363F S392P,0.5537,0.5537,13,2
CTAAACCCCTAAACCA,L23P P362I,0.5537,0.5537,13,2
TCAGTAGATTAGAATG,T101S T182I V298P R468D,0.5537,0.5537,13,2
ACAGCTCGTTACACAA,G160Y G174N K272A V487R,1.0000,1.1075,13,1
GGAACTATCCTAATTG,K339N,0.0002,0.0002,12,5268
ATTTGAAAATCCTAGT,L133R,0.0003,0.0003,12,3614
CTGCCACGCAATACGC,R207C,0.0003,0.0003,12,3369
GGAAATTATACCACAT,N209S G243M,0.0003,0.0003,12,3327
AGAAGAGATCTAACGA,,0.0003,0.0003,12,3302
CACGAACATACATCCA,,0.0003,0.0003,12,3231
GAACAGTAAAATTCAT,,0.0003,0.0003,12,3132
TTGAATGCTAACGCAG,K126I G181L,0.0003,0.0003,12,3114
TTAATCCCTTAGGGCA,T59S G64S E287N,0.0003,0.0003,12,3098
GTCCCCACTGTATTTC,,0.0003,0.0003,12,2997
CACCTATTGTAGTAAG,A343Q,0.0003,0.0003,12,2993
GCTTAAAACAACAGAA,S199H W227G,0.0003,0.0003,12,2983
CTAAAATATCTCAACG,K125M,0.0003,0.0003,12,2955
CTGAACAAATCAATCA,,0.0004,0.0004,12,2897
AAGAAGAAAGGATTAC,S138F L290V,0.0004,0.0004,12,2864
GTATATAAGCAATCAG,I137M,0.0004,0.0004,12,2801
ACCGTGGGATAAAAGT,F157Y,0.0004,0.0004,12,2784
GGAACGACCGTAAACA,,0.0004,0.0004,12,2753
CATCACTATCACCAAG,L128T G174N S367M,0.0004,0.0004,12,2731
AATGTGCAAGTGAGAT,,0.0004,0.0004,12,2722
ACCGGCAATAACGTTC,W210H,0.0004,0.0004,12,2712
CAGGACATAGTGAGAA,V5I A177S E396K,0.0004,0.0004,12,2700
TAGCTCAGTCACTTTA,S27T H131Y S246A,0.0004,0.0004,12,2698
GCCCTGAAATTTCGAA,,0.0004,0.0004,12,2695
GGACAGGGTTGGTTGA,G45K Q232L M410V,0.0004,0.0004,12,2633
CCAGCAGCTCCAAATC,,0.0004,0.0004,12,2620
AAAAAAGACAATGAGC,M96H,0.0004,0.0004,12,2606
AATTCACCCTCTAACA,T296V,0.0004,0.0004,12,2599
TATTATGAATACGACA,N109K,0.0004,0.0004,12,2561
AATATGCATCACATAA,,0.0004,0.0004,12,2540
CCATAGAGATATCATT,E76N,0.0004,0.0004,12,2495
ATAGGTACTGCGGAGA,,0.0004,0.0004,12,2431
GGCTGATCTTTATTCG,,0.0004,0.0004,12,2428
CTACTCGACAGGAGAA,,0.0004,0.0004,12,2420
GAATCAACATAAAACC,,0.0004,0.0004,12,2386
GTCGTTGACATTAACA,T226N,0.0004,0.0004,12,2337
TACCCATGAAGAACTC,,0.0004,0.0004,12,2326
TTCTTGTTTGAATGCG,A288E,0.0004,0.0004,12,2276
CACCCAGAGATAAGGC,,0.0004,0.0004,12,2273
GAGGTTGACGTATAAA,I162M I222M,0.0005,0.0005,12,2270
ATAGATACAGGGTACC,D175N R193E,0.0005,0.0005,12,2258
TTAACGACGAATTGTT,M312I,0.0005,0.0005,12,2240
AAGCTATAACGATTAG,,0.0005,0.0005,12,2238
AGCGCACGAAATCTAA,G181E,0.0005,0.0005,12,2233
ACTTGTCCCCCATCTG,K125N,0.0005,0.0005,12,2232
AATCGAAAATCTAAAC,,0.0005,0.0005,12,2223
GACCCTATTTCCATAG,D156N,0.0005,0.0005,12,2219
GCGGCGACTTTGTATG,C41A E76R,0.0005,0.0005,12,2216
ATTCTCCCTGTGGGTA,,0.0005,0.0005,12,2210
ACGGACAGAAGCCTAT,,0.0005,0.0005,12,2208
ATTCGCTCATAGTATA,T296I,0.0005,0.0005,12,2162
ATTGTCATTTTAATAT,,0.0005,0.0005,12,2155
TAACAAGCTTGTCCCT,T397R,0.0005,0.0005,12,2153
TGGTTCATAAACCATT,A152L,0.0005,0.0005,12,2147
AGAAATCCAATTAAAT,Y253V,0.0005,0.0005,12,2144
CTCTAAACCTAGTTAA,M312T,0.0005,0.0005,12,2120
AAGGTTCCGTTTCCGG,I474T,0.0005,0.0005,12,2100
CTATGTATCCACTTAA,T59V G98T,0.0005,0.0005,12,2094
CGACAAGCGCTGCCAA,,0.0005,0.0005,12,2090
CTTGACCTGCTCATCG,,0.0005,0.0005,12,2084
AAAAATAACAAAAACA,L220I E228N,0.0005,0.0005,12,2078
GATATGACGACATTCA,I137Y,0.0005,0.0005,12,2057
GTAATTACATTGTGCT,D408S,0.0005,0.0005,12,2043
AACAAATGGGCTAATA,,0.0005,0.0005,12,2032
ACGTCAGTTTACCACA,L120F P486F,0.0005,0.0005,12,2032
CATAAAGTAAAGATAA,,0.0005,0.0005,12,2032
ACCCAAGACTTGTCGA,,0.0005,0.0005,12,2011
AACCCCATGAACCTTA,M312I,0.0005,0.0005,12,2007
TAGCAATAGACAGTTT,Q189H,0.0005,0.0005,12,1998
ATGTGAAAGGAACAAT,,0.0005,0.0005,12,1990
ACAGACACATTAGATG,V341M,0.0005,0.0005,12,1972
ACTAAAATGGAAAGTA,,0.0005,0.0005,12,1970
GACGTAGCACTAAAGC,T110S K300L,0.0005,0.0005,12,1944
AAACCCTTCTTACAAC,S154A Y200E L259M,0.0005,0.0005,12,1934
CTCAGACACATGAACT,P275S,0.0005,0.0005,12,1933
AGATGAGTAAAATTAC,,0.0005,0.0005,12,1919
CCTAAATCGAATGACA,G243T,0.0005,0.0005,12,1914
ATAGAACTATATGACA,,0.0005,0.0005,12,1912
TTCTACAAACATTTCG,H179Y G484D,0.0005,0.0005,12,1906
TACACGAAATTAATGG,Y253T,0.0005,0.0005,12,1892
CTCGACAATCTTTTAA,,0.0005,0.0005,12,1891
ACACAGTGCAAATACC,K352Q,0.0006,0.0006,12,1847
TCAAGGGCCCGATCAG,G174V,0.0006,0.0006,12,1830
CTATAATACCCCAACA,E228S,0.0006,0.0006,12,1829
GGAAAGGGACCCGGAA,V187L,0.0006,0.0006,12,1822
CAAGGACTAAATCGAG,K88L,0.0006,0.0006,12,1820
GACAAAGCATCCACTA,S462M,0.0006,0.0006,12,1812
ACATATATGTTCTCAT,T225C,0.0006,0.0006,12,1808
CTTAAAGCTACCCCAC,,0.0006,0.0006,12,1803
GTCGAGCAATTTGTTA,,0.0006,0.0006,12,1789
CAGAATACATACTTAG,,0.0006,0.0006,12,1782
GCCCACGACGGCGCCA,I334S,0.0006,0.0006,12,1778
AATCCATGTAGTAATC,,0.0006,0.0006,12,1774
GACCCTGGGATAAATG,,0.0006,0.0006,12,1768
GACTTAACCTGTATAG,G294A,0.0006,0.0006,12,1768
CCACTTGATGAGAGTT,E228T,0.0006,0.0006,12,1764
GAACTGAGGGACACCT,F262Y,0.0006,0.0006,12,1762
GTCGACGATTTAGCAG,K320L M414I,0.0006,0.0006,12,1761
CGCTCAACTGTGAGAA,V183R,0.0006,0.0006,12,1754
GAAATGCTACATTTAC,N209G,0.0006,0.0006,12,1753
CAGCTTGAACAAAATT,N302T,0.0006,0.0006,12,1752
ACAGCCAGAAATACCC,L120M D306Q,0.0006,0.0006,12,1740
TGAGAAAAATTTTGAC,Q149S A343C,0.0006,0.0006,12,1722
TTAATTAGGTACGTCA,S143G,0.0006,0.0006,12,1721
AATTGACATTCCAGTA,G198S,0.0006,0.0006,12,1714
AATCAAACTCAAAACT,H170N,0.0006,0.0006,12,1711
AGGCGATAAATAAATA,D251T S437T,0.0006,0.0006,12,1707
TTCAAAACTCGAAAAA,L258K,0.0006,0.0006,12,1704
CAACTAATGTTCTAAC,T261F,0.0006,0.0006,12,1700
GTTAATGCGTGAATGT,S246N,0.0006,0.0006,12,1671
TGGCCACAAACTGATT,R207V H305R,0.0006,0.0006,12,1664
ACTCTGGTTAACCGTA,N395L,0.0006,0.0006,12,1659
TACTAATTAGCTAAAC,,0.0006,0.0006,12,1634
TATTTTCAATCCACTC,A202S,0.0006,0.0006,12,1630
AAGGACATACAACGTA,S60Q E287L,0.0006,0.0006,12,1628
ACGTACGTTCCCACAA,E151P R250S,0.0006,0.0006,12,1626
AGCAAGTAAAATCAGA,,0.0006,0.0006,12,1624
AGTTGAGAATCTAGGT,E307H,0.0006,0.0006,12,1616
ATACAAACCATGACCA,E396T,0.0006,0.0006,12,1606
ATATGACCATAACTCC,,0.0006,0.0006,12,1602
CCAGCTGCCCATAACT,S135T I458E,0.0006,0.0006,12,1601
GCAGAGTTGGTCAAAA,D306A,0.0006,0.0006,12,1596
ACCCCTTTACTTATGA,,0.0007,0.0007,12,1567
ATTCACAGTAATAAAA,G160S Q321M,0.0007,0.0007,12,1562
TCAGCAAGGCGTCCTA,S333Q,0.0007,0.0007,12,1559
ACAAGGAGTGGTAACC,,0.0007,0.0007,12,1550
ATATCTTTAACAATGA,H179V G198T,0.0007,0.0007,12,1549
ACAATTATCCGGCTCA,T375L,0.0007,0.0007,12,1547
CGATCCCACCAAAAAA,,0.0007,0.0007,12,1542
GGTCTAATTACATGCT,,0.0007,0.0007,12,1525
AACACGTACAGTAATG,T377E,0.0007,0.0007,12,1520
CCGGAACAACCAGCGG,S171W,0.0007,0.0007,12,1515
GGGAGAACTTTACGAC,H131S,0.0007,0.0007,12,1492
ACACTGGTGACGAATT,G260R,0.0007,0.0007,12,1490
TACCAGATAACCTAAT,V47S S154Q,0.0007,0.0007,12,1487
ACGAAAAAGCATAAAA,,0.0007,0.0007,12,1483
GAGCTACTTACTAGAA,D156S,0.0007,0.0007,12,1483
AAGGTTCTCCCTAATA,,0.0007,0.0007,12,1469
ATTGAAGCCAGCTCCC,,0.0007,0.0007,12,1453
GCTATGGCATAGAAGC,,0.0007,0.0007,12,1450
AACATTGATTCTAGGC,F191Y G484Y,0.0007,0.0007,12,1448
CATACTAGACGTCGAT,E100A,0.0007,0.0007,12,1448
GAGACCAGGATAATCA,,0.0007,0.0007,12,1448
AAGCGTAATAATCCGG,H170F,0.0007,0.0007,12,1429
TTACATATACACATAA,,0.0007,0.0007,12,1429
ATTCGAAAATTCTGAT,Y241P,0.0007,0.0007,12,1425
TTTTGTCATCAAGAAC,,0.0007,0.0007,12,1424
CCTAAAAGTTACTATG,D211I,0.0007,0.0007,12,1417
TCTTTCCTCCAAACAT,L266M,0.0007,0.0007,12,1414
AACCTAAGGAATCTGA,L35I,0.0007,0.0007,12,1409
GTAGCCTTCCGGCGAC,A176T Q189R K272D I443V,0.0007,0.0007,12,1407
AATCATCTGTTAAGAA,S143C,0.0007,0.0007,12,1403
AATTCGCTATAAAGGC,L105Y,0.0007,0.0007,12,1402
AGCTAAAAACAACATA,,0.0007,0.0007,12,1387
TTAATCGAGTAGACCT,T376F L442C,0.0007,0.0007,12,1376
TAAATGATTAAACCAA,,0.0007,0.0007,12,1374
GAATAGACAGCGTCAA,,0.0007,0.0007,12,1373
TAACAAAATGCTATGT,T110L F117N Q335H N390R,0.0008,0.0008,12,1360
AGATCTGCTTCAAGCA,E10L,0.0008,0.0008,12,1355
TTTAACGATGAGTGGA,,0.0008,0.0008,12,1355
TGTAGTGTGTCATTCC,,0.0008,0.0008,12,1350
CGTCCATTGAAAGGAC,K352R,0.0008,0.0008,12,1343
ATTGAAATAATTAACC,Q218N,0.0008,0.0008,12,1341
AATCAAAAAGAAGTAA,S205L S267A,0.0008,0.0008,12,1334
ACAAAGACTTGACCTG,,0.0008,0.0008,12,1327
CTTAGTCAAAAATCTC,,0.0008,0.0008,12,1320
ACAACGACGAGCAAAC,Q9A,0.0008,0.0008,12,1318
ATACTTTTTTTTCCTC,,0.0008,0.0008,12,1313
AGGATTTCGCTATTCT,,0.0008,0.0008,12,1293
CGAGTTAAATTAAACT,M75L,0.0008,0.0008,12,1290
GTGTAAACCCGGACAG,Q324M,0.0008,0.0008,12,1290
AATGACCAAACTAAGA,,0.0008,0.0008,12,1263
ACCGCAATAAAGACTT,,0.0008,0.0008,12,1262
GTTTTGAGGCAGGCAC,,0.0008,0.0008,12,1257
CCAATCTCAAAATGAT,,0.0008,0.0008,12,1256
CCAAAAAAGATCAAAT,N209R G391S,0.0008,0.0008,12,1241
AATGGATCTTTATCAA,S199V,0.0008,0.0008,12,1227
TGACATAAAAACTAGT,I136V,0.0008,0.0008,12,1222
GAACTACATGAAGCCT,,0.0008,0.0008,12,1217
AGGCTGAGAGTGTTCT,L103F,0.0009,0.0009,12,1197
CAATGCCTGCGACGTT,H448Y,0.0009,0.0009,12,1195
CTCGAATTTACATGTC,Y200I D273E,0.0009,0.0009,12,1191
CCAATGCATTATACCA,,0.0009,0.0009,12,1162
ACAACGCTGCACTAAG,E151V,0.0009,0.0009,12,1157
ATTGTATATTGCCTCC,,0.0009,0.0009,12,1156
GACGAAACGCTATACA,S437T,0.0009,0.0009,12,1156
AACGATCATTATAAAT,S111L G271W,0.0009,0.0009,12,1153
GCAACCTGACAACAAC,,0.0009,0.0009,12,1151
TCGATGACAAAGGTCA,,0.0009,0.0009,12,1140
TGTCAGGAGTTAACCT,,0.0009,0.0009,12,1109
GTTGATCTGGCGATGC,D357T,0.0009,0.0009,12,1107
AATAAAAAGCTATCCC,N178H F399L,0.0009,0.0009,12,1102
AACACATAAACGAAAT,M153V,0.0009,0.0009,12,1089
TACACGAAACCCTACG,M1T G45M T110L E228S Q335L S462P,0.0010,0.0010,12,1063
TTAATTAGACGAGGTG,T59L E104M S437A,0.0010,0.0010,12,1041
CGGCATTGATCACTAA,S163E,0.0010,0.0010,12,1038
ATTGACTAAATAGATA,,0.0010,0.0010,12,1012
TCTTACAAGGGTCTAG,T6A G174N,0.0010,0.0010,12,1008
CAACTGTCGAATTAGG,L50M L387F L449S,0.0010,0.0010,12,1006
CTGTTAAAGGTCTACA,N148I,0.0010,0.0010,12,1006
GAGAATAAAAATTATA,T87L,0.0010,0.0010,12,1002
TTGCCATCTAGCTTTT,A176L,0.0010,0.0010,12,998
GTATAACAGTGTTGGT,R193S,0.0010,0.0010,12,996
GTGAAATAGTACCTGG,D268N K300A,0.0011,0.0011,12,971
GCATCTTTAGAGTCCG,Q232V,0.0011,0.0011,12,953
TTCCTTTACTACTTTC,T249R T438I,0.0011,0.0011,12,950
CCAAGAGTCAATTAAA,T59C,0.0011,0.0011,12,944
CAAATCCGAGAAAAGC,,0.0011,0.0011,12,939
AGAAAATCATGATGCG,E329H,0.0011,0.0011,12,928
AATCAGTGAATGCTGT,M96G P486L,0.0011,0.0011,12,926
AAAGAGCGGGAATAAT,S121G G174V T397V K490S,0.0011,0.0011,12,925
CCAACAGAATAATTGA,Y66I K88Y L336W W370K,0.0011,0.0011,12,918
ATAAGCTCTGGAGAGT,E100V G160K,0.0011,0.0011,12,900
TGTGGTGACGGACACA,T70R A173M,0.0011,0.0011,12,892
ACACATTAGCGAAACG,E76Y T215N,0.0012,0.0012,12,887
AATCACATATGACTAC,V47L,0.0012,0.0012,12,878
TAAAAGCACAAAAGAT,,0.0012,0.0012,12,874
AGAGCCCATAATCCCC,T397M L433S P483Y,0.0012,0.0012,12,861
CAGCAGTTACAACGAG,,0.0012,0.0012,12,847
TTAGTCAATAAAGATA,T108G,0.0012,0.0012,12,845
ATGAATAGGTCTGTAC,A328M I361M,0.0012,0.0012,12,841
AAGATGGGAACAGGAT,,0.0012,0.0012,12,826
GCGTAGTTAATCACTC,V431L,0.0012,0.0012,12,826
CTAGTAGATCTTAGCG,R235Y,0.0012,0.0012,12,825
ATAAAAAAATCGTTAA,,0.0013,0.0013,12,815
TCAAACCTGATATCGT,I254D,0.0013,0.0013,12,797
GACTGAACAATACATG,,0.0013,0.0013,12,796
AAATGAGAAATATTAC,L344M,0.0013,0.0013,12,795
CCTGGCATCGAAGCAT,C53V,0.0013,0.0013,12,789
CTTAAATTGACATCTA,I254T M332F,0.0013,0.0013,12,786
GAAGGTACGGATACAA,S60F M410I,0.0013,0.0013,12,785
TAAAAAGTATGATGTA,,0.0013,0.0013,12,779
GTAACGGGGGATTTAA,H93Y D156S G174F,0.0013,0.0013,12,777
TTGACCACGGGTGCCG,L133R G174M G271L K461T,0.0013,0.0013,12,775
AGCCGACGCGGAGAAG,F233L,0.0013,0.0013,12,772
TAACGATGTGCATAAT,A177T S205Y G429Q,0.0013,0.0013,12,762
ATTCGCAGGATATCGA,L61Y,0.0013,0.0013,12,761
AACGGGTTATGAAAAC,G208I,0.0014,0.0014,12,755
AGCCGTTCCGTTAACA,N470T,0.0014,0.0014,12,753
GAAAGCATTTCCTAAA,T182S G271V Q406G,0.0014,0.0014,12,753
AGACTCGACTCAAGGT,,0.0014,0.0014,12,751
CAGCTAATTCTCTAGC,,0.0014,0.0014,12,746
CTATGTTAATTATACA,T59K N109H S135Y,0.0014,0.0014,12,745
GCCGAGAATGCAATTT,T263I E396T,0.0014,0.0014,12,735
AGGTACTGAGTGCCGA,N209S T263I K490N,0.0014,0.0014,12,726
CACGACCACATGCCGG,,0.0014,0.0014,12,726
TCAAAAGCGTTTAGAA,,0.0014,0.0014,12,717
GGTAGGAAACCACTTC,P236L S437G,0.0014,0.0014,12,716
TACGAACGCAATACTA,,0.0015,0.0015,12,705
TAAAATTAAAAAGAAT,M472K,0.0015,0.0015,12,703
AAAGATAAACACCCTA,,0.0015,0.0015,12,698
GGGAAAAAAAACCCTG,G197S M332R E418Q,0.0015,0.0015,12,692
ACACAAACTATGCTGG,,0.0015,0.0015,12,690
TGCCGGCATTACAACC,,0.0015,0.0015,12,686
GGACGCAAACCAAAAC,Y200P,0.0015,0.0015,12,685
AAGCAAGTATTTAACA,I112K,0.0015,0.0015,12,683
CTAACACCTAAAAGTC,A177V D229R Q335Y,0.0015,0.0015,12,681
TTATCGTAATAGCGAT,I21L L258I,0.0015,0.0015,12,674
ATACAGATATAGGCGA,Q416Y V487L,0.0015,0.0015,12,665
CAACAGCGTCATGAAT,W283Q,0.0015,0.0015,12,662
GAGTTGAGATCCGATC,S199R I286S,0.0015,0.0015,12,662
CATAAGCGCCTTGACA,D402S,0.0015,0.0015,12,660
TTAAACACAATGAATT,T87F,0.0015,0.0015,12,660
ACAATACGAGGACTTA,,0.0016,0.0016,12,657
CAAGGAGAAAAATAAG,S439T,0.0016,0.0016,12,656
ATAGGTTAACCCCAAA,T377N,0.0016,0.0016,12,655
TTATCGTTTTTTTACG,,0.0016,0.0016,12,647
AAAAAACGTAAAGCTA,C57Y S169T,0.0016,0.0016,12,634
GATGAAATCAGTTTCT,V47I L78C,0.0016,0.0016,12,622
CAAGGAACGACATTAG,Y66F,0.0016,0.0016,12,621
CTATTTCACCCCATGT,,0.0017,0.0017,12,613
GGCATGTACGTCCAAA,K33Y S138N L258I,0.0017,0.0017,12,609
GCGTCTGTTGTGTTAT,,0.0017,0.0017,12,591
TAATTACTTTAATTAT,N119D,0.0017,0.0017,12,590
TTGGTTGTAACCTGCA,V341G,0.0018,0.0018,12,582
AAACTATAACACACAC,Y393D,0.0018,0.0018,12,570
AGATCTGGTTAAAGAA,F262H K272Y I334Y T397M,0.0018,0.0018,12,558
ACGGTGAAACATCGCC,K304Q,0.0018,0.0018,12,557
ACTAGATTGCACGCCA,,0.0019,0.0019,12,547
GATGATTAGTTCCAAA,N209F,0.0019,0.0019,12,545
TCAATCAATATAGCAA,T376L,0.0019,0.0019,12,545
AACGCTTGATCAATAC,T110R D273R,0.0019,0.0019,12,540
GTTTTGTGGCCTTGGA,E100W H305Q,0.0019,0.0019,12,538
CAAATATATGACATAG,L387M H448P,0.0019,0.0019,12,528
GCATAAGACACAACGA,E100L,0.0019,0.0019,12,528
CGGACTCAAAGTCACA,T110Y V435T,0.0020,0.0020,12,522
GATGGATAGTTCAGAC,I113R R207Y,0.0020,0.0020,12,519
CCCCAAGTACAGCGAT,I15V T274R Q335I,0.0020,0.0020,12,509
GAAGTATTCACATTTA,F140Y,0.0020,0.0020,12,503
AAGACCATACCTTGTA,M194W Y253M,0.0020,0.0020,12,502
CATGAATTCCATGGAG,,0.0021,0.0021,12,495
GATAGTTACCAAAGCG,L105F M194T I201K T249K Q405N,0.0022,0.0022,12,471
AATTCAAACGAGAACA,D130A R193T,0.0022,0.0022,12,461
ATATAAAACAATACTT,R491L,0.0022,0.0022,12,460
GAAAGTGCTGCTTCAC,V47G Y219L,0.0022,0.0022,12,460
CGCAGCCGTTGCGCAG,P483Y,0.0022,0.0022,12,459
GGGTAAGGAATCAGGT,S216G D273S E287T P486C,0.0022,0.0022,12,455
CAAAACCAAAGAATAG,T70D D130I,0.0023,0.0023,12,446
TTAGAACCATGCAAGG,V44A I112Y K481L,0.0023,0.0023,12,443
CGGTAGCGTTCCCGTA,A184G I252S I452L,0.0023,0.0023,12,437
GGATTATCGCTTCGAT,K465T,0.0023,0.0023,12,436
CTAATATCGAAATAAT,F262R K384V,0.0024,0.0024,12,428
GAATAAATAAATGGTA,E287P S333G,0.0024,0.0024,12,426
ACGGCTTCGAAATTTT,,0.0024,0.0024,12,424
AGAACAAGACGCTGAC,S246P,0.0024,0.0024,12,422
ATGCCAAGGACTAAAC,S154G V459M,0.0025,0.0025,12,414
TAATTCATATAATAGC,D251A,0.0025,0.0025,12,411
CGCACAAGTCGTATGA,E17D,0.0025,0.0025,12,408
GAAAACTCGCACATCA,L120E K488R,0.0025,0.0025,12,407
TCAGCGTTCTACCCCA,W210K N390D,0.0025,0.0025,12,407
AAACCCGCGGTTACAC,Q69E,0.0025,0.0025,12,403
AAAGTAGTTGAAATAA,K465L,0.0025,0.0025,12,402
AATGAAGCAAAAGATC,V65M A202F,0.0026,0.0026,12,395
ACAATTAAAGGATTTT,E308V Q331F,0.0026,0.0026,12,395
AGCAATTAAATACAAA,E104G,0.0026,0.0026,12,389
CTCCAGCACATGAAGA,N74L,0.0027,0.0027,12,383
GAAGAAGCCAAAGCCG,R55H V164L G198M G260S,0.0027,0.0027,12,373
AAGATTAGACAATAAT,,0.0028,0.0028,12,364
AGACTATTTCAAAAAA,Q69L,0.0028,0.0028,12,360
CACATCTAACCCCTGA,H230F T376H,0.0029,0.0029,12,357
CTACATTTAGCGTCGA,N178F I221Q W227L,0.0029,0.0029,12,349
GCCACTTGCCGTGCTC,G294L,0.0030,0.0030,12,343
AGATGGCTACACCCAC,N74V Q406R,0.0030,0.0030,12,342
CTAAGCTACATTACAT,E104R C385G,0.0030,0.0030,12,336
TAACTTCAACAACATC,,0.0031,0.0031,12,334
AACCTGCTGTTAGTCA,L23M L107V H398E,0.0031,0.0031,12,326
TAGGCTCCATAAGAAA,,0.0031,0.0031,12,325
TGCAACTACTGGACGC,F434V,0.0032,0.0032,12,319
GGCTGTCGTGAGAGAA,,0.0033,0.0033,12,313
TCACTGAGCACACAAT,I136M,0.0033,0.0033,12,312
GAACAAAGCATTGCAC,L107R Y200T S462L,0.0033,0.0033,12,310
CAAAAAACAAAAACAG,T59Y E72L G181E Q247M S476A,0.0033,0.0033,12,308
TAATGACGAACACACA,F399Y,0.0033,0.0033,12,307
CATCTATAAAGGGTCG,S56R W283M Q321L S400R,0.0033,0.0033,12,306
CGGAACCTAAAACATT,H305T F446L,0.0034,0.0034,12,305
AGAACACAATAAGCTT,H305I,0.0034,0.0034,12,302
CAGCAGTACAGTAGAT,G45L Y253S,0.0034,0.0034,12,302
GCTAGAAACTATCAAA,S27L L32N A39S,0.0034,0.0034,12,300
GAGTTGAAAAGCGCGC,M82I S91N N185S L449I,0.0034,0.0034,12,299
GTAATGGTTTTAAAAC,L449Q,0.0035,0.0035,12,291
AACGTATACAGATAAG,T377E,0.0035,0.0035,12,290
TATTGAGCGACCGCAC,E67Q,0.0036,0.0036,12,285
AATACAAAACCATTAA,L349R,0.0036,0.0036,12,281
ACTGGACACCAGCAGA,A299S,0.0037,0.0037,12,278
TATTAATCTCCCATAG,Y129K R193I L285T V341E I443G,0.0037,0.0037,12,274
CAATAATCTGGCTATA,V18* N365A V431K T438L,0.0038,0.0038,12,268
GTTCACTATGAACAGA,A173S N295S,0.0039,0.0039,12,262
GACAGGATTAACGTTA,Y36S E76M T377N,0.0039,0.0039,12,259
GGGCAACTCGGAACCA,G42Q G360L,0.0040,0.0040,12,258
AAGCGTGTGGAGACAA,V298C,0.0040,0.0040,12,253
ATGACAAATCTCCTGT,T108L,0.0040,0.0040,12,253
AGTGATGGGGGACCTG,E100S S121C,0.0041,0.0041,12,252
CACTCTTATGGGGTAT,C57R Y62S I201* G206D T397L,0.0042,0.0042,12,246
CATCGCACCCATTACA,F38V F434Y,0.0042,0.0042,12,246
TCCCTTTGACGGGGGT,G102E,0.0042,0.0042,12,243
CGGAGACGACCGTGCT,C212N S234I V487P,0.0043,0.0043,12,240
AAGCGTCAACTTAATG,T87G G198H T226H,0.0043,0.0043,12,239
ACTGTCATTATAATAA,E151F R257A,0.0043,0.0043,12,237
ATTGTCCATGTTAAAT,,0.0044,0.0044,12,235
GCGGTAAGAGACAGTA,Y129S,0.0044,0.0044,12,230
CTTCGACCGCTGCCCA,K291S G294E T375E,0.0045,0.0045,12,229
GCATTCCAAATGACCG,L51F T59H S85G L242Q Y253H H467R,0.0045,0.0045,12,225
GAAACAATTCAAAAGT,E10P G181E A195N K368N,0.0046,0.0046,12,223
GAAGAAGATCTAATTT,G98I N185S S269N P275W V388M,0.0046,0.0046,12,223
TGACTTAGAACCGAGG,S205H L344- I345- N346- D347- Q348- V388*,0.0046,0.0046,12,222
ACCAGGCATTTAAAAA,F233L D311H,0.0046,0.0046,12,221
GCAACTACAATTTATG,Y369M H374E,0.0046,0.0046,12,221
ACTTAAAAATTCACTG,G54K G64M,0.0047,0.0047,12,218
AGTAGAAAGCTAAACA,P12A N158K,0.0047,0.0047,12,218
AACACTCCCGCTCACC,P12Q M153H,0.0048,0.0048,12,215
TGCCGCGTTATCCCTC,E10F C118L K161* A173L Y480I,0.0048,0.0048,12,212
GACCGAAATATGCAGA,V487Q,0.0050,0.0050,12,206
TTCAAACAAAACATAT,E418L,0.0050,0.0050,12,205
AGATAGCATGCATCTC,T48Q,0.0050,0.0050,12,204
CCTAACAAGTGTGAAA,L78M K291S,0.0051,0.0051,12,201
TGCCACAACTCTATAC,S27A L51M W386L,0.0051,0.0051,12,200
CAATATAAACCAGGAG,S111L C212I Y253V M420L,0.0052,0.0052,12,195
CATGTAAGCAGGCAAC,D122P Y253L G378R,0.0052,0.0052,12,195
TGTAACCAACAATCGC,I254* F293V L415K,0.0052,0.0052,12,195
TATGGACACTACTTTA,L203R H448C,0.0053,0.0053,12,194
CGGAGGTATTGAACGC,G34* R193P,0.0053,0.0053,12,193
TAATAACGAACATATT,M214G,0.0053,0.0053,12,193
ACAAATCCAGCCCACA,L103Q I337M,0.0053,0.0053,12,192
GAAGTTAGAAAATAAA,C86L K327S A343C,0.0053,0.0053,12,192
ACACCCGTAAATCTCC,M134E V183G R256Y I458T,0.0054,0.0054,12,191
ACGAATAGGGAGAGTT,I254S E303L,0.0054,0.0054,12,191
TTGCAAGACTCTCCGA,Y62T N146T T380R,0.0054,0.0054,12,191
TCGTGAATAACTCTAT,G102F C180W L245R N365F,0.0054,0.0054,12,190
CACCGACCTGAAACGG,F318T,0.0054,0.0054,12,188
AACAAAGAGACGTTAA,M80Q T249I Y363S,0.0055,0.0055,12,186
AAGACTCTAAGAGGCA,Y150F L203P,0.0056,0.0056,12,184
GAATATCGCTTTAAGT,L51M T139Y T397D,0.0056,0.0056,12,182
GCAATGATGAAGGCCA,A176Y,0.0056,0.0056,12,182
CTAACATAGAACAAAA,E287W,0.0057,0.0057,12,178
AATAGTCCAGCAACCC,V31Y N109S S121A I136R T182V L259*,0.0059,0.0059,12,173
CTGAAAGCAAGGGGTT,K339S L394A,0.0060,0.0060,12,171
TATCGTGACCACTACA,S56G N114D K116R K126E S143G N146G N148S K161R S163V Y166C H179R T182A Q189R M192V Y200C R207G N209S D251* L290Y N295K S476I,0.0060,0.0060,12,171
TCTCAATAAGATAAAA,I4V K125I L259S W264R,0.0060,0.0060,12,171
AAGGACCAACCTTTAT,D273A,0.0060,0.0060,12,170
AGATAACTAAATCACT,N209Y G271V D306L,0.0060,0.0060,12,170
ATAGAATAAAATAGAC,L46T R282I Q482V,0.0061,0.0061,12,168
CCCAATCGTTGTAGCT,L78F,0.0061,0.0061,12,168
GGCTCGAATAGAAATA,C231H N409S M414K,0.0061,0.0061,12,168
AAAGGGGCTCGGTAGT,H92C S444P,0.0062,0.0062,12,164
CATGATAGCCAAAACT,H92P,0.0062,0.0062,12,164
TGAGAAACCCAAGCAC,T101S G160N G198C H354R,0.0062,0.0062,12,164
GGAGGAGACTAACCAA,,0.0063,0.0063,12,162
CCTACAGCAGACAGTT,,0.0065,0.0065,12,158
GTGCCGTAATTAGACA,I239*,0.0065,0.0065,12,158
GGAACTTTACTCAACT,A152Y R207G W264M,0.0066,0.0066,12,155
TGCGCTAAAAATTTCT,Q165D S199G T296K I474V,0.0066,0.0066,12,154
TGTGTGATAATAAAAT,N373R I452T,0.0067,0.0067,12,152
CGTTCACGTAAAGGCA,G2A E104V A343R,0.0069,0.0069,12,148
GAAACACAGGACAAAT,N158Y L428P,0.0070,0.0070,12,147
GTTCCCCCTTCGGTAG,G2K C57V Q165M,0.0070,0.0070,12,147
AAAACAATTTTATTCC,A123E,0.0071,0.0071,12,145
CCAACTCCAATTTTCC,N90G L336Q,0.0072,0.0072,12,142
CCGGTACACGTCGCGT,T40N M82A T106R,0.0074,0.0074,12,138
TAATGATTATCATACA,C118Y Q232T Q405H,0.0074,0.0074,12,138
TAACCAACCATCTTCA,A173P N395T Y441T,0.0075,0.0075,12,137
CCTATATAATACCAAC,G34W,0.0076,0.0076,12,135
AAATACGGCTAGCAGT,L61I Q149S D268L K300W P464H,0.0077,0.0077,12,133
TCGCGAAAAGTAGTTA,T59F L220Y P464K,0.0077,0.0077,12,133
TCAGTATGAGGTGGTT,F7* F147K,0.0077,0.0077,12,132
GATTTAGATTGTATAA,T375M W489R,0.0079,0.0079,12,130
CAACCCTCCGCCCTAT,M75F T182S L280*,0.0080,0.0080,12,128
TAACACTCGAATTTAT,S169F N395* E413G K465L,0.0080,0.0080,12,127
AGTGGCACGAAATGAT,Y278Q,0.0081,0.0081,12,126
CATTGGTAACCTCATA,A152W H374V E418K,0.0081,0.0081,12,126
CTAGTGCTAGCTTTGG,N158P Y253S D408S H455L,0.0081,0.0081,12,126
TTGCAGAACTATTATG,G42* F140T K461V,0.0081,0.0081,12,126
AGACAACCGCGAATCA,Y94N D273S,0.0082,0.0082,12,125
TACTTGTACACACTCA,W264L F436K,0.0082,0.0082,12,125
ACTACCTCACCTTGAG,V435W,0.0084,0.0084,12,122
AATTGTATATTGACTA,,0.0084,0.0084,12,121
TTCTGAGATAATGTCA,H92S I254Y,0.0086,0.0086,12,119
ATGTATGTGAATGTTA,S169N T249C G294L N373H L415R,0.0087,0.0087,12,118
CTCTAATTGCTCACTG,N185L I239L C385S,0.0087,0.0087,12,118
ACTCCAACTCTAGACA,E17K G197* F293S L326P,0.0087,0.0087,12,117
ATTAAAAAAACGATGC,Y253H D432K,0.0087,0.0087,12,117
GATGAAATATAAATCC,K461N P466S K481Q,0.0087,0.0087,12,117
TATTAACGTGCTGAGG,K417R,0.0088,0.0088,12,116
TGAAGAGCAATGTTAT,E228P I345S Q406V,0.0088,0.0088,12,116
GGCCTAGAGTATAACC,I252* S400T S444V,0.0089,0.0089,12,115
GTAAACTTATACCACT,E404C N470D,0.0089,0.0089,12,115
TGTTTCATAAATTTAG,F157W C231I Q321F,0.0089,0.0089,12,115
CACCTTGAGACAGATT,F399R,0.0090,0.0090,12,114
GCAAGCAACATTACAA,L32G S163K,0.0090,0.0090,12,114
ACTTAGGTAGGCACTG,T6Q S205P Q218M Q405A Y441I K488I,0.0090,0.0090,12,113
ACAACATTTGTATCTG,Y371R,0.0091,0.0091,12,112
AATTGCGCGATTACAA,G64I,0.0093,0.0093,12,110
GATGCCCGGACTACAA,A123F Q165R G181F S234L K384C,0.0094,0.0094,12,109
TTATCTAAAACATTAA,V65L D130L F147L,0.0094,0.0094,12,109
TAACCGCAACCGTGGT,M192I G197P N373*,0.0095,0.0095,12,108
GTTACGCTGTTATATA,I222R T380Q S439K L449W,0.0096,0.0096,12,107
TTTGCGCAATTAAAAA,N99A N114V Y217K Y363E,0.0096,0.0096,12,107
CCGAGACCAAAAGGTA,S389A,0.0096,0.0096,12,106
GCACAGATACGATAAC,H124I T215F K339A L349K D401H G478E,0.0096,0.0096,12,106
AAAAATGCTGTACTTG,L188Y G276S,0.0097,0.0097,12,105
GCGTTAAACATTTATC,K33T T110P S333L,0.0098,0.0098,12,104
AAGCCCCGGTACCTAG,F309S Y441T P483I,0.0099,0.0099,12,103
ATTAAGAAAATATAAC,S216I K272R,0.0099,0.0099,12,103
CCCAACTCTTAGAAAG,P362Q K490E,0.0099,0.0099,12,103
CCCCCGGTACCCAGTG,C231P D268M,0.0099,0.0099,12,103
CCTTCACAAAAAAATA,N185Y T215K V298T,0.0099,0.0099,12,103
GACAAAAGTAACCCGC,E17P L26N H179N,0.0099,0.0099,12,103
GTATCAGTCGACTTCA,W489S,0.0099,0.0099,12,103
TTCACGCCAGATATAT,C155R,0.0099,0.0099,12,103
TTGAGAGGGTAGAATG,Y129V,0.0100,0.0100,12,102
ATCAGAAAACTATGAA,Y219D S389R,0.0101,0.0101,12,101
GACATACAAAAGTGAC,E104Q S400G L428W,0.0102,0.0102,12,100
ACCTCAGAAACTATGG,R193H G460V,0.0103,0.0103,12,99
GGCACGTCGGTAATGA,T40S C86V G98M C155G H457E,0.0103,0.0103,12,99
AAATGGGGTAATGAGA,K33S L428K L447M,0.0104,0.0104,12,98
TAACACTACATACTTC,S389L F440L Y480R,0.0104,0.0104,12,98
TTCCGGACTACAAGTT,E17V Q69W L120Y Y129V V164L S199V K272N A297D,0.0104,0.0104,12,98
TAAAAAGAACGATGCT,C155R,0.0105,0.0105,12,97
ACTCTGATTCACGCGT,E104K L280R L430R,0.0106,0.0106,12,96
AACCCCCTGTCTATCA,S143H Y278S R325I G378N,0.0108,0.0108,12,95
TGAACATAAAGTGATG,Q69A T190F,0.0109,0.0109,12,94
TGTCTTTGAGCAACTA,T81V R235S L430T K488T,0.0110,0.0110,12,93
AAGATAACACCGAGAG,T190L,0.0112,0.0112,12,91
TCTAAGTAACAAATAC,,0.0112,0.0112,12,91
CCATAGAACTTTCACA,Q165L,0.0114,0.0114,12,90
GGAGGAATACAATCAT,,0.0114,0.0114,12,90
GTTACCGCAATAAGAT,R256S K339S K425A,0.0114,0.0114,12,90
CAATTAAAGCCAGGAT,V47Y,0.0115,0.0115,12,89
ATAGCAGAGTCTGCGG,T48P Y393C,0.0116,0.0116,12,88
CCTTTCTAGATGAATT,T48N D130I,0.0116,0.0116,12,88
GAACGTTTGTCAAAAT,L103Q S255P Y480L,0.0116,0.0116,12,88
GTATTCTTTGCAGTAT,G64K N119H S135F I445V,0.0116,0.0116,12,88
TAAAATGCACTTGGGA,Y241Q I334S L344Q,0.0116,0.0116,12,88
TACCTTTAAAGCATGA,L220Q T274W G360H,0.0116,0.0116,12,88
AGCCTCGTTCAAAAAG,P12T V14K E100W,0.0118,0.0118,12,87
AGGCGATGCTTCAATT,S60A D357H,0.0119,0.0119,12,86
CATTTAAACTTTGTTA,N74I C364G,0.0119,0.0119,12,86
CCGTTTAATGCGTAGA,L46S G391C Y441H,0.0119,0.0119,12,86
GCAAATATTATTACAA,F262*,0.0120,0.0120,12,85
CGTATAAAAGTAGGGC,C155P G160V M312F I403Q,0.0122,0.0122,12,84
GAACGTTTTTCAAGAT,E67W T81F H92S S476* R491K,0.0122,0.0122,12,84
GTAAACGAATAGGTGA,A123M,0.0122,0.0122,12,84
AAAATACTCAAGGGCT,K161L V183L S199L Q232R,0.0123,0.0123,12,83
CGTGCGTATTCATGAA,S60R S205T N373P,0.0123,0.0123,12,83
CTATGTCAAGTTAAGA,W196L C310Y,0.0123,0.0123,12,83
CTGCTTGTTAATGAGA,S444I W489*,0.0123,0.0123,12,83
TCCGAGAGATCAAATA,I458G,0.0123,0.0123,12,83
AAAAGAACAACCGAAT,L107F S199L L469K,0.0125,0.0125,12,82
ATTTGATAGTCTCGAG,S27C N109L K116F A195R Q321I,0.0125,0.0125,12,82
CAAGACTGAGCGTCAT,L51K,0.0125,0.0125,12,82
TGCAGCTAATATCCAA,L50* T139I M312G,0.0125,0.0125,12,82
TAAAGTTTAATAATCG,Q223L P236T I286P,0.0131,0.0131,12,78
ACTCGCTTTTATAAGG,L68V M192H Q406R,0.0133,0.0133,12,77
TATGTAAACATCCATT,L120W T426K,0.0133,0.0133,12,77
TTCCTGATATACTCAT,N365T,0.0133,0.0133,12,77
GATTGGTTATGACGAA,T108A L387M P464T,0.0136,0.0136,12,75
CCCATTATAAATTGTG,E67A S121I I222D,0.0138,0.0138,12,74
TAATTAACAGCCAGCA,C477Y,0.0140,0.0140,12,73
TTCGCCTGGAAAAACA,M80T R207E I252V V341T,0.0140,0.0140,12,73
GCTCGACTGTTCCTGT,L315K S439F,0.0144,0.0144,12,71
AAAAGTCCTAACTTTG,G64C,0.0146,0.0146,12,70
TCGTCGTGTGGTTTCT,T108R G174V P236L K304P I337F,0.0146,0.0146,12,70
TGACTTCCGGACCCCT,,0.0155,0.0155,12,66
GCCCGGGCAGGGATAA,V97* D156S W227S S255Y K368T,0.0157,0.0157,12,65
ACACAACCTCAAATTA,S138C S171W P466L,0.0160,0.0160,12,64
TAAAAAAAATAGAAAT,S237Y,0.0165,0.0165,12,62
TCCTACCAGGACCCGG,L84N N109T I162* Q406S,0.0165,0.0165,12,62
CAGCATTGTCAGACAT,F262L H455M,0.0168,0.0168,12,61
AAGTCGAAACGCGATA,Q3A L168M I221F E287F A407W,0.0170,0.0170,12,60
GATTCAACATAACAAA,V164G,0.0170,0.0170,12,60
CACCCCTTCGATCAAA,F140L I201L I403G,0.0176,0.0176,12,58
AAAGAGCCAGTACTCA,F7L T40G K161N M214S K291V T296F,0.0183,0.0183,12,56
ATAGGCCTTGAAGACA,G98W L105K C212Y F399L,0.0193,0.0193,12,53
TCGGACCAGATTAATT,I137C A152Y C292A N470L,0.0193,0.0193,12,53
AAAGGACCGCTTGGTT,M134Q G277T,0.0209,0.0209,12,49
TTGGTCATCGACCCAT,C212R T377F,0.0213,0.0213,12,48
TGGCACATACAGGGAC,C41Q Q348K,0.0218,0.0218,12,47
TCCAGAGACAGTACTA,C41N F147N S216L G424S,0.0249,0.0249,12,41
AAACGGAAGAATCGCC,Q3K L73D L105P,0.0256,0.0256,12,40
AGCTTTAATAAACGGC,C180V E287W,0.0262,0.0262,12,39
GCTTTTTACTCTTATG,C155L V450A,0.0426,0.0426,12,24
TTAACAACGGGCATTA,G42Q V298M P466T,0.0444,0.0444,12,23
AACAGAAATTCGACAA,A288Y,0.0465,0.0465,12,22
AGAATCCCATACATTT,E151H L442Y,0.0465,0.0465,12,22
CTGAGGCCCTAGTGAC,C231K A297G T426R G478I,0.0465,0.0465,12,22
AGAAAAAGCGACCATC,D347H N353H,0.0487,0.0487,12,21
GCGTACAGCATGGATA,Y278L I323N,0.0538,0.0538,12,19
TATAGGCAATACCAAA,N37T R235K K481*,0.0538,0.0538,12,19
AAGAACTCTAAGCTGC,I21S R314P Q482L,0.0568,0.0568,12,18
GAACTCATTCAGCAAC,R235T N390V,0.0568,0.0568,12,18
AAATGTATGGCAACAC,G54L S135F W196S,0.0601,0.0601,12,17
ACACAGTTCCTTGTCT,C180S K339*,0.0601,0.0601,12,17
ATGAATAATAGCCAAT,K88R H93I,0.0639,0.0639,12,16
TCACTCCGTTTATCAA,L203K N295G,0.0639,0.0639,12,16
AGAGGCAGTCAAAAAA,N209S L242C L313V L372G,0.0682,0.0682,12,15
CAATGAAACAGTAGAA,G2V C212F F233L Y363S,0.0682,0.0682,12,15
CCACGTGGTAGACACG,C41R,0.0682,0.0682,12,15
TTACACGCCACCAAAG,Q405S,0.0682,0.0682,12,15
AATCAAGACTGATGTT,F7N R248S V485Y,0.0730,0.0730,12,14
AGCACACGTCCTAGGT,H141W S246C D251H E308*,0.0730,0.0730,12,14
AGCCAACCCCCAACCA,E72S N209*,0.0730,0.0730,12,14
CTAATACATTCAGTAC,Y393S F399E,0.0730,0.0730,12,14
TCAAAACTATCAGGAT,Q69P L133F A173T N295I K461M,0.0730,0.0730,12,14
TCCAGACCATTTATAA,F440C P453F,0.0730,0.0730,12,14
TGCATAGAATATATCG,G42R L258T W264M Q324* S333Y V341M,0.0730,0.0730,12,14
AAATCCCTTATGTCAC,T48Q,0.0786,0.0786,12,13
ATAATAGACCGATTAG,F191I G360W,0.0786,0.0786,12,13
CATGGGCGCACTCATT,T77M Y253R,0.0786,0.0786,12,13
CATGTGAATCAGGAAT,Q247S G473Y,0.0786,0.0786,12,13
GACAAGTGAATAAACA,T101W H374D Y441K,0.0786,0.0786,12,13
GCACAGTTGAAGAATA,G160C V450T,0.0786,0.0786,12,13
TATGAAGATGCTCATC,I24* G54L N146K G240R,0.0786,0.0786,12,13
TCCAAGTCAGCCTGAA,Q3R,0.0786,0.0786,12,13
TCGGTCAAACGCGAAA,I458K,0.0786,0.0786,12,13
TTGAGTATGAATGAAT,V28E C57G M134I F140S V298T K481S,0.0786,0.0786,12,13
TTTATGAGCACAATTG,Y172M L242S,0.0786,0.0786,12,13
AAAAAAGAGTACGCCA,G276C H305I,0.0852,0.0852,12,12
ACAAATCAATCAACTA,G102* F117H F293K D432L,0.0852,0.0852,12,12
ACAGTAGTTACAGCTA,N99M N346P,0.0852,0.0852,12,12
ACCTACGTGGCACCAG,Y66K C475S,0.0852,0.0852,12,12
ACTCCATTCCTATAAT,N178S N319V,0.0852,0.0852,12,12
AGACGGAGGAAAATGA,G45L T249F N373L Q416M F440V,0.0852,0.0852,12,12
ATAAATGGTAGCAAAC,M214A E270M P383G,0.0852,0.0852,12,12
ATAGAAAACTACGAAC,E308S,0.0852,0.0852,12,12
CCCATCAATGCAAGAA,C118P S143R,0.0852,0.0852,12,12
CTAGTACCATCACGCC,E307P D432T,0.0852,0.0852,12,12
GCCACCCGATAATAAA,M1* K88L,0.0852,0.0852,12,12
GTATCAAATAGAGTCT,L26N Y166* L469V K488S,0.0852,0.0852,12,12
TCCGTCAAGCAAGAAT,S389I L447Y,0.0852,0.0852,12,12
TCGCAGCATCGCTCCG,L84* Q416Y Y441L S462P,0.0852,0.0852,12,12
TGACCTAAAGAATCTA,C212Y P236L,0.0852,0.0852,12,12
TGTCCGAAACATAACT,C53M S135P K304P,0.0852,0.0852,12,12
TTTTGTATCACAACTG,F157K L349A N353C P483E,0.0852,0.0852,12,12
AACATTCAACGAAACA,N89E E418K,0.0929,0.0929,12,11
ACGTCGCCTGATGGTG,E104N S171C G198I I337T,0.0929,0.0929,12,11
AGTATTTATGGTCCAA,A39D S163H L168S T182K S246* N319S Q331L,0.0929,0.0929,12,11
ATACTTCACGGTATAA,F140W P236W G243E D306S C463K,0.0929,0.0929,12,11
ATATTGATTGTAAGTC,I222S I445Q I458M,0.0929,0.0929,12,11
ATTACCAGGTAGATGT,C155T A173K D347V L415* L469E,0.0929,0.0929,12,11
CCTAGGTAAATATTAA,E17* S121Q G181T A343C Y363I S389L,0.0929,0.0929,12,11
CTAACTAGAAAATCCG,L107V,0.0929,0.0929,12,11
CTATATACTGCCTACG,H398*,0.0929,0.0929,12,11
CTCTAACTTAGATATT,Q9S I201* H374W L382F S439Y,0.0929,0.0929,12,11
GCCTCCACGGTACCAT,L142K I403C P464R,0.0929,0.0929,12,11
TAAGCTTAAATACACA,N127W T438F,0.0929,0.0929,12,11
TAATAAGGTCTATGAT,Q232L N353P F446V,0.0929,0.0929,12,11
TCGGATCGAAGGTCAG,G240L E421S,0.0929,0.0929,12,11
TCTTTTCACGCTTACA,F191S A330V,0.0929,0.0929,12,11
TGGCGTCTGCGACATC,W264S I350L G391S,0.0929,0.0929,12,11
TTTACACAGTGGAAAA,I21* L78A I113H,0.0929,0.0929,12,11
AAAAATGTATGCAAAC,G2Y D130L C212V Y366M,0.1022,0.1022,12,10
AACTGTGCGCTGATAA,Y172C L220*,0.1022,0.1022,12,10
AATCGCCCTCCTCCGA,F147* N167L L220P I445N,0.1022,0.1022,12,10
AATTATATTCGCAATT,V28F Y369S,0.1022,0.1022,12,10
ACCAACGACAAGTAAA,D273F I411F C463L,0.1022,0.1022,12,10
ACTCGCCAATCTCAAA,T182I D229V,0.1022,0.1022,12,10
AGGTAATCTTTATGCA,L188N,0.1022,0.1022,12,10
ATAGCTGCACAACTCG,A343M,0.1022,0.1022,12,10
ATCGCAAAAAGGGGAA,I15P N390T,0.1022,0.1022,12,10
ATTACCCACGACCTAT,Y129H R250A N470A,0.1022,0.1022,12,10
CAGTTTTTTATAAAGA,V65P M75C N365F Y369C,0.1022,0.1022,12,10
CCACCTTCAAATACTT,L266K H305C,0.1022,0.1022,12,10
CCCCAAGACACCCAAC,C155S,0.1022,0.1022,12,10
CGCTAACTACGACCCA,R55W C118L S205N,0.1022,0.1022,12,10
CTAATTGTTGCCGTAC,F262*,0.1022,0.1022,12,10
CTGAATTGAACGTTAC,Q69L I136R T261I L285G A297D,0.1022,0.1022,12,10
GAACAAATCACACACT,Q149V,0.1022,0.1022,12,10
GCACCCACCGAATGAT,C118S N302*,0.1022,0.1022,12,10
GCTACCGTTTTTATGA,Y36* C212E F318I L430P,0.1022,0.1022,12,10
GCTCACGATTTCAAGA,C86S,0.1022,0.1022,12,10
TATTAGACAGAAACCT,C53* Y393H,0.1022,0.1022,12,10
TGATGATCGTATCAAA,Q9*,0.1022,0.1022,12,10
AAAAAATGGAGAAGAG,T110I C118M C212P,0.1136,0.1136,12,9
AAATGTCGCGAGGCCA,E151Y S269T S333C P483L,0.1136,0.1136,12,9
AAATTCTAAATTGTTG,T106P E151Y T274L,0.1136,0.1136,12,9
AACTGTTATGAAAAAA,S135L R314E,0.1136,0.1136,12,9
AATGCCAGGACATCCT,K116I G277V Q406H,0.1136,0.1136,12,9
ACACCAACCCTGGTAA,S121N D156L F191M E228L E308R S392K P453A,0.1136,0.1136,12,9
ATCCGGTATCGCAGGT,F49K C310S,0.1136,0.1136,12,9
ATGGCAAAGAAACGGA,L315M S392G,0.1136,0.1136,12,9
CCCAGCGAATATTTAT,R55W C231V Y419N L442P P464G L479P,0.1136,0.1136,12,9
CGAATACGTCATGAAA,G54V S389N,0.1136,0.1136,12,9
CGCTTCATAGAACAAC,D204T Q247K K272T C292T,0.1136,0.1136,12,9
CTACATGAGCTTTAAG,V28Y N167R,0.1136,0.1136,12,9
CTCCAATATGAATCGC,S199P G260E T376Q V459K P464L,0.1136,0.1136,12,9
GACCAAAAATATCCCC,S255Y I361P,0.1136,0.1136,12,9
GCAAACATGACTCAAC,G98V I254A,0.1136,0.1136,12,9
GCCTATATCACTAACC,S437H,0.1136,0.1136,12,9
GCGCGGAAACATTAGA,G64Y E72M G159C W489S,0.1136,0.1136,12,9
GGTGCTCCACAGTATC,C53L M134K H467L,0.1136,0.1136,12,9
GTCGTCCCTTAATGCA,C41R L242N T261H R456P,0.1136,0.1136,12,9
TAAAATGGCCTCAATA,L61N S85T N167S Y172E G277F K339I Q406N,0.1136,0.1136,12,9
TCGGCCAGTTCCATTC,G181R P464*,0.1136,0.1136,12,9
TGAAAAGTCGAGTAAG,Y62* T380H F434S,0.1136,0.1136,12,9
AACAGTAATGACGCAA,F49M K63L M134D K161S M420F,0.1278,0.1278,12,8
AAGAATACAGACGAAA,C292P K300L,0.1278,0.1278,12,8
AAGTACCGATAATTCT,R55L G64V T261I,0.1278,0.1278,12,8
ACCATAACTACTATCG,M96I T190N H230A A322E K417Y,0.1278,0.1278,12,8
ACTGCTCAGGATAAAG,L32F S237* N409S,0.1278,0.1278,12,8
AGACGAATTTACAGGC,C212N E329Q K425F,0.1278,0.1278,12,8
AGCATATTGTATTGTC,N178Y I337K C364M S439I,0.1278,0.1278,12,8
AGCTAGTGAAGTGGCG,A25I L120S,0.1278,0.1278,12,8
ATCGAAAGATCACTAT,D130G D357P,0.1278,0.1278,12,8
CACAGGGATTTCGAAA,V431S,0.1278,0.1278,12,8
CACTCAGAATGATAGC,D156G I162L V431Y,0.1278,0.1278,12,8
CATTTCGAAATTCGAT,V47E I113M E151S D156P D347I,0.1278,0.1278,12,8
CCCCGCGATTAGTGAA,H92S G98E,0.1278,0.1278,12,8
CCGCAGAAACTAAACC,Q3L D402* S476Y,0.1278,0.1278,12,8
CCTTAAAGAAACAAAA,H92W S111I F147Q C155T S199H S381T,0.1278,0.1278,12,8
CTAATGTGCATACCCG,C212Y D357P G484H,0.1278,0.1278,12,8
CTGACGCCGCTGACAG,N158T H467M,0.1278,0.1278,12,8
GAAATCATAGTCTGAA,K88I A343D,0.1278,0.1278,12,8
GCATTTGAAAAAAAGC,T274I E287* R314G,0.1278,0.1278,12,8
GCCTAGCCTTTAGCGA,L78M S121G C155L Y419H,0.1278,0.1278,12,8
GTAAGCAAAGTAACAT,R193T M214S K300T D347L,0.1278,0.1278,12,8
GTAGAACGATCCATGA,C180L R193K L259H D306N,0.1278,0.1278,12,8
GTTAATAACACTTCGT,S91N T101N T426H,0.1278,0.1278,12,8
TAAAGTGTCATCGTCA,L344S L430N,0.1278,0.1278,12,8
TAATACTGGTCTATAT,T6I Y66N S163Y M214A,0.1278,0.1278,12,8
TAGGCAGACACGTGTA,A195I P275L,0.1278,0.1278,12,8
TGAATTATTAGTGATC,V65E N99S Q247F N346F,0.1278,0.1278,12,8
TGAGCGATACAATTTG,I15W A288T K417A C463*,0.1278,0.1278,12,8
TGTTCCTTCCTCTATC,S169H G473P,0.1278,0.1278,12,8
TTACTACATTTGACTA,C180F S205F I222M K320L D401L,0.1278,0.1278,12,8
AAAGAGCTACGGAGAT,V97E T101N I403G,0.1460,0.1460,12,7
AAAGTACATATATGCG,S143L Y363E,0.1460,0.1460,12,7
AAGCGTATATGAGCCT,E16V V97L H124S G174P,0.1460,0.1460,12,7
AAGTAGTTCAAAGAAC,I144H A322E W370M C463V,0.1460,0.1460,12,7
AGTGTTCGCAGAAAGA,Y172A C231T L244* L326Q,0.1460,0.1460,12,7
CCAGAGAAGCAGTTCA,Y419S,0.1460,0.1460,12,7
CCCATATCAAATTAAT,R282L K425P,0.1460,0.1460,12,7
CGGTTACAACGGGAAG,L61* T274M P486M,0.1460,0.1460,12,7
CTGAACACAATTTTCT,S138D A288E M410W,0.1460,0.1460,12,7
CTTGATGCACGCATCA,M19G T101R D156N G159W V164L K488R,0.1460,0.1460,12,7
CTTGCCCGAACAAAAA,T263Y N346K V431S,0.1460,0.1460,12,7
GACGCCAAGCCATGAG,F147D L355K,0.1460,0.1460,12,7
GGTCCAACGCGCATCA,G2Y,0.1460,0.1460,12,7
GTATGAAGATTCATAG,S246Y F262V F316L N470W,0.1460,0.1460,12,7
GTCTTAGCAGGCTATC,N90D T215D L355V,0.1460,0.1460,12,7
GTGAACCAGATGAGCT,Q189T I201F N295F,0.1460,0.1460,12,7
GTTCGAACACCGAACT,G277R M284* W370* F434S,0.1460,0.1460,12,7
TAATAAACACCAAATT,C231G Q321L,0.1460,0.1460,12,7
TACGACCAGGAACTAC,I334F A340F G424N,0.1460,0.1460,12,7
TCATAGACTGAACCAA,P453N,0.1460,0.1460,12,7
TCTGTGTAATTCTTAA,F7T L52R K126W A176V S246A,0.1460,0.1460,12,7
TGTAACGAAGCAGAGA,F117S Y129L,0.1460,0.1460,12,7
AACAGCCAAAGAAATA,C41*,0.1704,0.1704,12,6
AACGATAACGAAAACA,Y217N D401L,0.1704,0.1704,12,6
AAGAACAAAACGATAA,T108F D122V S400T,0.1704,0.1704,12,6
AATAAAGTATGTATGA,A25R L32K T48P,0.1704,0.1704,12,6
AATATGAGGTACACCC,T106A D347P,0.1704,0.1704,12,6
AATTAAACCATCTTCT,Y129I H230L A288V,0.1704,0.1704,12,6
ACATTCATGGGGCTCA,S444Y,0.1704,0.1704,12,6
ACGGTAGAAAGATTCA,G98D G160R N395W,0.1704,0.1704,12,6
AGAATCATAAATAGTA,T70P C231P,0.1704,0.1704,12,6
AGAGGCATAGAAACGT,L103*,0.1704,0.1704,12,6
AGCAACTCGCCTGGAA,C301R,0.1704,0.1704,12,6
ATACAGTTACCCAGAC,T426V R468V,0.1704,0.1704,12,6
CAATAGAGAATATGAA,T59R R235T N319T L349D,0.1704,0.1704,12,6
CAATATGCGTACTCCA,F147Y G160S G197A G208W Q232R,0.1704,0.1704,12,6
CATAAGAGTAAATTGT,G102E Y219M,0.1704,0.1704,12,6
CCCCTACTGATTAGCA,I4L F8C M192L H467R,0.1704,0.1704,12,6
CGTAAAATCAGACAAG,F8* H305R,0.1704,0.1704,12,6
CGTCAATCTAGCAAAA,L32E N209C S333I,0.1704,0.1704,12,6
GACCATAGGCAGGAAG,N148R T261G T376C,0.1704,0.1704,12,6
GCGCAGACCCACGACC,W370F,0.1704,0.1704,12,6
GGGATAGCTACACATG,S269T M359H K488S,0.1704,0.1704,12,6
GTGCAAATCCTCTATA,I24N S60T L258M G276I Q335H K465N,0.1704,0.1704,12,6
TAACCGCCCTACCCTA,S143D Q223T W283* F293R E303K K490F,0.1704,0.1704,12,6
TAATACGAGAGTTGCT,G102R D156M W264T E404R,0.1704,0.1704,12,6
TCCCGTCACCTAAGTC,N89V A297S,0.1704,0.1704,12,6
TGGAAAAAAGGTCTCG,T58M E72T K339G,0.1704,0.1704,12,6
TGTTAGCAACACCTCA,I112L Y150W P238G K368G P427T H467D,0.1704,0.1704,12,6
TTCACGGGTCCGTAAA,I334L,0.1704,0.1704,12,6
AGAATAGATCAAGATT,Q3M H398F D401N D402N,0.2045,0.2045,12,5
ATATAATTAATATTTA,E287D L430P H448G,0.2045,0.2045,12,5
ATCTACAGGTATAGAA,N167S D402F,0.2045,0.2045,12,5
CAACCAGCATTTTAGA,C57F K125M H131V T296Y,0.2045,0.2045,12,5
CAGGATTCTCCTCTCG,V47L L128G W196S F440I,0.2045,0.2045,12,5
CATAGAGTTAGATACA,A132N,0.2045,0.2045,12,5
CATCATCTGCATGACT,C57W,0.2045,0.2045,12,5
CATTCTTATAAGATGT,V65* P453E P483V,0.2045,0.2045,12,5
CCACTATAGTCCCTCA,V435S,0.2045,0.2045,12,5
CCTGATAATCAGCCAC,L203P S333Y H354L,0.2045,0.2045,12,5
CGGTTGACCAAGCATT,G174I F318R H354T,0.2045,0.2045,12,5
CGTATCAATATGGTAA,T77P P236V L326P,0.2045,0.2045,12,5
CTGTCTGGATAGAAGC,T48L N127* N167I N373V,0.2045,0.2045,12,5
GCAGATGCCATTGCTC,L107A A343Q,0.2045,0.2045,12,5
GCCCATTAGTACCAAT,I136S K327* Y419D,0.2045,0.2045,12,5
GCCGAATTAACCAAGG,I4N T81A E228K,0.2045,0.2045,12,5
GCGGCTGCTACTCCAA,C155F,0.2045,0.2045,12,5
GGGCATGAATGCTAAC,N209H K327P,0.2045,0.2045,12,5
TACTGTTGTGGGACAT,C155R D268L F446L,0.2045,0.2045,12,5
TGACCTGGGAAGAAAG,S60H G98D T110L Y219S H374S,0.2045,0.2045,12,5
TGCTAACGGAAGCAAA,M192Q A202F I411Q,0.2045,0.2045,12,5
AACCCGAACCGCGCCA,G54R H93I H179S S462A,0.2556,0.2556,12,4
AACTGATTCCTTCTGA,L43V M80L K291T,0.2556,0.2556,12,4
CAGCTGATGGCCCTTC,L105Y C301H T375V P483T,0.2556,0.2556,12,4
CGTGATTGAGAAGAAA,G34Q A123H A177N N373L,0.2556,0.2556,12,4
GAAAGGGCCCTAACAC,N295Y H354Y,0.2556,0.2556,12,4
GAACTACGGAGTAACG,H179P T296G Y441F,0.2556,0.2556,12,4
GAAGAAATAAAGATTA,S143E G378R G473R V487M,0.2556,0.2556,12,4
TGCCACGTACTCTGTG,,0.2556,0.2556,12,4
TGTCAATTAATCCCTG,N158D H230I L259T G378C,0.2556,0.2556,12,4
TTCCGGCCAAACGAGT,L50R E76R S91M G473* L479M,0.2556,0.2556,12,4
TTGATTAGTATTGCCC,A176T L220D Y371S D408S C477A,0.2556,0.2556,12,4
AATGAACCTAGAAGTC,S91* E100I Y217F,0.3408,0.3408,12,3
ACAGATGCAAGGGGCA,D229V L244S F309H,0.3408,0.3408,12,3
ATTACACCACTTAAGA,I21L R456I,0.3408,0.3408,12,3
ATTACTCAATTTTTTA,L105T V183* T296S,0.3408,0.3408,12,3
ATTGAGATTTTGTCTA,N109C D175G L220K,0.3408,0.3408,12,3
CAGAGACCATTATGTA,V164D E270V,0.3408,0.3408,12,3
GGTCATACCGTTAAAA,L78V R207Q G277T,0.3408,0.3408,12,3
TAGCCACCCAGAGCCA,Q69R C155L R422G,0.3408,0.3408,12,3
TAGCTGTTCACGTAGG,Q348I M410D K425L,0.3408,0.3408,12,3
TATCACCACACTTAAT,E104V G197T G208I H374D,0.3408,0.3408,12,3
TCGGCGCACACATAAA,A152S L245F K300* G378R R379H,0.3408,0.3408,12,3
AGGACCACGATGAAGA,L23P L449A,0.5111,0.5111,12,2
AGGTCTGACTAGTGCA,V14T S121L,0.5111,0.5111,12,2
GACTCTACATCCTCAA,G2* L51V K116F Y369N,0.5111,0.5111,12,2
TTCGAGAAACCGCAAG,Y129F L258M,0.5111,0.5111,12,2
GATCGGATCGTCTATC,K320* K461R K481R,1.0000,1.0223,12,1
TCGCAAGGTGCTATCA,T101L G208V I213K,1.0000,1.0223,12,1
GATTTTAATAATAACG,T190N,0.0002,0.0002,11,5347
ACCGTACCTAAGCCTG,,0.0002,0.0002,11,4064
TGGCAACCAAGCATAT,K339G,0.0002,0.0002,11,3987
GTCAACTGTGAACCCC,K126N,0.0002,0.0002,11,3858
GATATCTGATGACAAG,I162L,0.0003,0.0003,11,3686
TGAAGACCATTAGTAA,S171F,0.0003,0.0003,11,3548
CCCTTAACCAGGAAAA,,0.0003,0.0003,11,3462
GACCCACCGTTGATCC,,0.0003,0.0003,11,3395
ATATTACTGAGCGTAT,I213V Y278F,0.0003,0.0003,11,3220
GACCACATAACATCCA,,0.0003,0.0003,11,3198
GGACTTACACTTCCAT,S163N,0.0003,0.0003,11,3037
GAGCCGACCTATCAGC,L120W S246E,0.0003,0.0003,11,2961
TACGATCTTTTACTAA,,0.0003,0.0003,11,2939
AAACCCTCTAGACCTG,I201L F316L Q331L,0.0003,0.0003,11,2881
TGAGGTAAAAAATCAT,,0.0003,0.0003,11,2835
TGACCTGAAAATAACA,G64S,0.0003,0.0003,11,2802
TTATAGGTTGTAAGGC,,0.0003,0.0003,11,2772
TACACCTGGAAACAGA,Y200G,0.0003,0.0003,11,2731
GATATACCAGATACCA,,0.0003,0.0003,11,2724
ATGGGATAGAATGTAG,,0.0003,0.0003,11,2722
CACACACTTTGAATAA,W227K,0.0003,0.0003,11,2712
GTGCAACCTTATTTGT,,0.0004,0.0004,11,2673
GAAATCCTAACTCTCA,Q232L E303W,0.0004,0.0004,11,2607
CGGGGAGATTAGACTT,Q335R,0.0004,0.0004,11,2581
AGCTTACGACCAACAA,,0.0004,0.0004,11,2515
TATCAAGGAATGCTGG,,0.0004,0.0004,11,2475
CTGCTACGATGGTCAA,L387Q,0.0004,0.0004,11,2474
AGAATACAATTCTCAC,K272V,0.0004,0.0004,11,2453
CTCTAGAGAGAATCGA,,0.0004,0.0004,11,2378
ATTATCCCTTGAAAAG,E76Q K126F T215N T296Y,0.0004,0.0004,11,2355
TTATAAATATTTACAA,N90A S255V K481S,0.0004,0.0004,11,2351
AGGTGAATTCGTATTA,T281S,0.0004,0.0004,11,2310
AGATTTAAGAACCTCG,,0.0004,0.0004,11,2287
GACGATCGTTAATCAA,,0.0004,0.0004,11,2255
CCATCCCCTGATAGAA,,0.0004,0.0004,11,2253
ATGTCTCAGCTAGATA,,0.0004,0.0004,11,2248
ATGGATGTCACTCGTC,N224A D273L,0.0004,0.0004,11,2228
ATCGATAATGAGAAGC,,0.0004,0.0004,11,2193
TAGTGAGTACAATTGA,T261R,0.0004,0.0004,11,2189
TCGAAGCCGATCTATT,D347G,0.0004,0.0004,11,2150
CATACTAGTGGACAGA,,0.0004,0.0004,11,2145
ATCAGAAAAGACCATT,L50Y S143G G174A Q324L,0.0004,0.0004,11,2126
AAGTGAAAAGGCAGAC,,0.0004,0.0004,11,2115
GTCTAGCACAAATTAA,T48S,0.0004,0.0004,11,2107
CTAGCTATCCCTAAAA,V97L,0.0004,0.0004,11,2103
AGTCCGTACTGACTTC,K126W,0.0004,0.0004,11,2098
CCTATATTTAAACCGG,Q247H,0.0004,0.0004,11,2086
CTGCTCGAACGTCGTA,M96A,0.0005,0.0005,11,2068
AGCGACTTTTGTCCGC,D251H,0.0005,0.0005,11,2057
TGGAGAAAACTATTAC,Q331S,0.0005,0.0005,11,2057
CGAGATCCCATACAAA,L245V T261L,0.0005,0.0005,11,2051
GCCCACCGTCGGATAT,,0.0005,0.0005,11,2039
CACATCTATTGATATT,V97S M414V,0.0005,0.0005,11,2034
GCTCGTGCACAGGAGG,,0.0005,0.0005,11,2021
TCGACACCCTACTGAT,,0.0005,0.0005,11,2020
CATTACAGTGTATGAA,,0.0005,0.0005,11,2015
CTGGGTACCTGTTATT,F233L,0.0005,0.0005,11,2013
CTCAGCAATTATTATA,,0.0005,0.0005,11,2001
GAAAAGATGTTGCGAA,,0.0005,0.0005,11,1970
CAATGCCCCGACCTTA,T110M R248W,0.0005,0.0005,11,1966
TTCAAATGATACTAGA,S163K,0.0005,0.0005,11,1948
TGCGCGGGCCTACGAC,A173N,0.0005,0.0005,11,1944
AAAGGCAATGTTCTTA,,0.0005,0.0005,11,1938
GAACCGAAATATTCAT,I112T,0.0005,0.0005,11,1934
GGACCTTTCACTACCC,,0.0005,0.0005,11,1923
CCCAATCTGAATACAG,I358W,0.0005,0.0005,11,1903
TCGAACACCATAGCAG,,0.0005,0.0005,11,1868
ACCCCGAATAAATCGA,,0.0005,0.0005,11,1866
GACAGCGAATGTTCCA,D175L T261S,0.0005,0.0005,11,1860
GATAAAATTACGCGGA,,0.0005,0.0005,11,1850
ACAATCTGGGACGGAC,I24L,0.0005,0.0005,11,1845
AGGCTTAATTTAGGCA,T182R,0.0005,0.0005,11,1840
CTAACTCTAATTGTTT,R207S,0.0005,0.0005,11,1839
GAATACTTCTACAACT,,0.0005,0.0005,11,1803
GATGGAAAGGCAGGCT,T101R S367T,0.0005,0.0005,11,1796
GATATCACCGGAGGAG,S333M,0.0005,0.0005,11,1761
TTGGAACTCAAGAACT,T48L L84N H230Y,0.0005,0.0005,11,1759
CGGATCTCTTAGTGAA,A25S S121G I201S,0.0005,0.0005,11,1758
GACTCCCCAGTACAAT,T375I,0.0005,0.0005,11,1753
GCCCCTGTTGACTGTT,G294V,0.0005,0.0005,11,1746
ACTCACCCTTTATTAG,S444G,0.0005,0.0005,11,1741
AATTGATAAGACGAAA,,0.0005,0.0005,11,1730
TCTCTCCAGTAAAGGA,N167Y,0.0005,0.0005,11,1725
TAACAGTTCCAAACTT,,0.0005,0.0005,11,1718
CACACTATAGCTACGA,,0.0005,0.0005,11,1710
CAGCTGTAACTTTTGC,K161Y,0.0006,0.0006,11,1679
GGCTACATAATTAGAG,D122K P486S,0.0006,0.0006,11,1659
ATTACACCTATTCAGT,L61V,0.0006,0.0006,11,1647
ATATAGTTATGAAAGA,,0.0006,0.0006,11,1640
AATAACTTGAAAACAA,,0.0006,0.0006,11,1630
ATTGCCCTATATACTA,K300V,0.0006,0.0006,11,1629
TAGAATGGAAACAAAA,N114F,0.0006,0.0006,11,1622
GTTTTATAAAAGCAAG,S169I S389H,0.0006,0.0006,11,1611
GTACTAAAGCGATAAT,I112L N395R,0.0006,0.0006,11,1602
AGTACTGTAAATCTTT,N209S L285F Q321F,0.0006,0.0006,11,1593
GAATCCTCGACCCCTC,R235S,0.0006,0.0006,11,1591
AGGTATATGTGAGTGA,,0.0006,0.0006,11,1579
AGACAGTTAGGATAGA,,0.0006,0.0006,11,1577
TGAGTAGAGGGAAATA,N74T,0.0006,0.0006,11,1577
CTCGCACGAGTTGAAA,S121L G159S G181S,0.0006,0.0006,11,1563
ATTACTACGCTAATAC,M153A E396L,0.0006,0.0006,11,1556
TCTAACAAATCCGAGG,H471Q,0.0006,0.0006,11,1552
CATAGTAATCGTAAAT,Q223R,0.0006,0.0006,11,1544
TTCCAGCTGGGAGTTA,T110Y,0.0006,0.0006,11,1544
TTCCTAATCCGGGGTA,,0.0006,0.0006,11,1533
CCCACAGAGCTTATAT,Q482K,0.0006,0.0006,11,1528
TCGTAATACGCAATAA,H179L,0.0006,0.0006,11,1517
AATATCTGAAGGCCTT,S389Q,0.0006,0.0006,11,1516
CTTAGACCTAACATCT,G64H A152Q,0.0006,0.0006,11,1503
TTAACACACAGCTTTC,,0.0006,0.0006,11,1503
GCCTTAAAATAGTTCA,D122C H170M,0.0006,0.0006,11,1497
TTCCTTGAGAACCTTC,G186W,0.0006,0.0006,11,1496
GAATAATAGATCATGA,R207N,0.0006,0.0006,11,1486
CCATCGATACTCAGCT,E67K I213A E270K,0.0006,0.0006,11,1479
TTGAGAACCTGATAGT,S246F A343T,0.0006,0.0006,11,1471
TACTTAGATACCGCCC,Y62C,0.0006,0.0006,11,1469
AACTTGGGGTGACTAG,N390K,0.0006,0.0006,11,1468
CACCATTCGATAATCA,N158K I411M,0.0006,0.0006,11,1467
ACCATTGCGCACTGAA,I221V,0.0006,0.0006,11,1460
AATCCAGTCAACAGAA,,0.0006,0.0006,11,1454
CAATAAACGAGTTCAA,P486L,0.0006,0.0006,11,1450
GCATTATGAGCTACTG,V341F,0.0006,0.0006,11,1450
TATCGGAATATTCGCA,S169I,0.0006,0.0006,11,1445
AGTACGACACCGAATC,,0.0007,0.0007,11,1437
GATATGAACAACCCTC,,0.0007,0.0007,11,1424
ATCGAAAACGAACTCC,A173V,0.0007,0.0007,11,1418
TGGACCCTTAAACAAA,I221S,0.0007,0.0007,11,1418
AAGTGATAGCAACAAC,T110L,0.0007,0.0007,11,1415
GGGTAAGGACGTGTCG,L51T,0.0007,0.0007,11,1410
GTGCGAGTCTATATAA,S111M M420I,0.0007,0.0007,11,1409
GGCTTTCACTCTATTA,,0.0007,0.0007,11,1402
TAAATGAAGTCCACTG,,0.0007,0.0007,11,1395
CAAATTACCCTAACCT,,0.0007,0.0007,11,1381
GCAACCAAAAGCGCGT,N185T,0.0007,0.0007,11,1367
GGTTGATCACTAATTA,A343S,0.0007,0.0007,11,1363
CTAGGCATATTAGGGA,,0.0007,0.0007,11,1349
ATAAATTTCCGAATCA,,0.0007,0.0007,11,1348
AGCTCATAACTACATA,R207Y,0.0007,0.0007,11,1347
TTTATTCACCTACACT,G206S A328S,0.0007,0.0007,11,1343
TAAAAAAGCTACATAT,T412I,0.0007,0.0007,11,1338
AAGGGATGTTAGCTCT,,0.0007,0.0007,11,1336
AGAAGATGGACAATCA,A328S,0.0007,0.0007,11,1331
TCAAGCCTCCTATGAA,F157V,0.0007,0.0007,11,1331
TCCTCATAAGTATAGT,H354S S437G,0.0007,0.0007,11,1327
CAAAGGTATTCAACTA,G197W,0.0007,0.0007,11,1326
GGTTCTATCAACCCTT,T59V V65A,0.0007,0.0007,11,1325
GGTTCCCTATACGACC,,0.0007,0.0007,11,1310
AAAAGAGAGGACGATG,T376R,0.0007,0.0007,11,1304
TGTCTGTATTTGATTA,K339M,0.0007,0.0007,11,1303
AGAGCTGGTCACTAAA,,0.0007,0.0007,11,1293
AAGTCTACATATGGTA,E16S Q232C,0.0007,0.0007,11,1292
ATTCCACACGGATGTG,L61H,0.0007,0.0007,11,1290
GTTAATCCTATCGAAA,Y253M,0.0007,0.0007,11,1286
CAAATGACACATAAAA,H131Q L133I Q324L N470T,0.0007,0.0007,11,1283
TTCATAAAGATCCCCG,,0.0007,0.0007,11,1279
ATATGATCTTACTTTA,M96H,0.0007,0.0007,11,1272
CTGTACCAATTAAGTC,,0.0007,0.0007,11,1259
AACGTGGCTACAACTG,,0.0008,0.0008,11,1247
TCATGGGGGCAGAATG,Y200N T377I,0.0008,0.0008,11,1247
AATTAAAAGGTGACGA,M19V R235M,0.0008,0.0008,11,1244
GATTTCCATTCGTCAA,,0.0008,0.0008,11,1244
ACAAAAAAGCACTATC,,0.0008,0.0008,11,1242
GACATATATAAGAGGT,,0.0008,0.0008,11,1241
GACTAGTTGAAGTAAA,,0.0008,0.0008,11,1241
CCTGCGGCCGCACGAA,,0.0008,0.0008,11,1224
TAGACATTACTCCTAC,G206E M332I,0.0008,0.0008,11,1219
AATGTAAATAATAATT,,0.0008,0.0008,11,1218
GAATCAATTTCCTAAA,H374S,0.0008,0.0008,11,1218
CAATCGATCTTAACCC,P483S,0.0008,0.0008,11,1213
GCGTACCTTAACCGTA,,0.0008,0.0008,11,1206
AACACCCCAATGTAAA,S444T,0.0008,0.0008,11,1204
GTACACTCTAAATAGA,,0.0008,0.0008,11,1203
AATCACAACCGTAAGG,T110W,0.0008,0.0008,11,1197
AGTGTCGCCCACAAGC,,0.0008,0.0008,11,1188
CTATCACTCTACTTTC,,0.0008,0.0008,11,1188
AGAATACAGTCAGTAA,,0.0008,0.0008,11,1187
TAGACCTTCATCTAAC,G197E T261D M414L,0.0008,0.0008,11,1186
AGGACTGTTAACGATC,N209A,0.0008,0.0008,11,1179
TCGGTTACTTATTGTC,L372I,0.0008,0.0008,11,1174
AACTTTAAAATCACAA,D175L G260K P483I,0.0008,0.0008,11,1168
GTTGAATCTTTTAACA,L285C,0.0008,0.0008,11,1161
CTATTAGTCTAATCAA,,0.0008,0.0008,11,1154
TCGTTATTACTTTTAA,T106A,0.0008,0.0008,11,1149
TTTAAATACAGCCAAC,G181Y,0.0008,0.0008,11,1146
TACCCGCGGAATCTGA,Q321W,0.0008,0.0008,11,1140
AAGTGCCGGGCGGCAC,,0.0008,0.0008,11,1138
TTCAAGGATTGCTCAT,C53T G294K,0.0008,0.0008,11,1136
GTTACAGACTCCAATT,S199L S333E,0.0008,0.0008,11,1134
TAGATATATTAACTTA,S154I,0.0008,0.0008,11,1124
GGGCGTATATTCAAAG,T110M,0.0008,0.0008,11,1120
TTCGATCAGTTACCAA,,0.0008,0.0008,11,1116
AATAAAAGATACAAGC,K384R E413S,0.0008,0.0008,11,1112
CAATATATACCTACCA,Y66W M284T,0.0008,0.0008,11,1104
CAACATAGGCCTACAA,,0.0009,0.0009,11,1101
AACAATGTCTTCCATC,T265N,0.0009,0.0009,11,1096
TTTGTGGTGTCAGAAC,F7L A39F Q405L,0.0009,0.0009,11,1091
ACCAATAAATCACAGA,S255G,0.0009,0.0009,11,1088
CGATGTGGCTCTAATC,G160Y,0.0009,0.0009,11,1084
CTGTCGGCAAGGTAGT,G181I W227K,0.0009,0.0009,11,1058
CCTTACTGAGAAGGAA,D211Q,0.0009,0.0009,11,1054
AACGCAATTCGCTGAA,A184T,0.0009,0.0009,11,1053
ACATTGTCTTGCACCC,Y200W,0.0009,0.0009,11,1052
AGAGAATATCATGGCG,,0.0009,0.0009,11,1047
CCGTCAACAAGTACTG,L61T,0.0009,0.0009,11,1047
ACAGAGGAACTGAATC,I201M,0.0009,0.0009,11,1046
AAAATGTTACTTGAAG,H305R,0.0009,0.0009,11,1035
GAGACCTCCTATCCAT,N178S Q406E,0.0009,0.0009,11,1021
AAATTATTAAGAAGAA,T249Y,0.0009,0.0009,11,1012
TTTAAACTACTACAAA,K339L K481R,0.0009,0.0009,11,1003
TCTCTTACCCCTCTTC,Q189K,0.0009,0.0009,11,997
GGATCTAAGAACCAAA,T376V,0.0009,0.0009,11,992
TGAAAAAATTACGGAA,,0.0010,0.0010,11,980
AAAGTCGACGTGTAAT,N209R K291L,0.0010,0.0010,11,971
GTTCAAGACCGAGACA,,0.0010,0.0010,11,959
AACTTAATATTTGCTT,,0.0010,0.0010,11,958
GATACTCACATGATTG,A152S P275V,0.0010,0.0010,11,958
AGTGAAGTTAAACAAG,,0.0010,0.0010,11,951
TACTTGCACCTTGAGC,I15M M153A,0.0010,0.0010,11,951
AAGAGGAAGTAAAAAC,H354G,0.0010,0.0010,11,950
CGGGAAGAAAAACTAG,,0.0010,0.0010,11,950
AATAAGACATGAAGTT,E270G,0.0010,0.0010,11,949
CAGTACTAAAAAGAGC,,0.0010,0.0010,11,933
GGCCAATCAAGCTCTC,V44L,0.0010,0.0010,11,931
TCTTAGGTATATCTAA,M332R T376M,0.0010,0.0010,11,916
ACCACGGCAATCGTTG,,0.0010,0.0010,11,911
ATTGTCGTTTTGCCAA,A195S H230V,0.0010,0.0010,11,899
AAAACGCAAAGACAGC,,0.0011,0.0011,11,889
CTAACATAGAGATAAG,E10N H115L,0.0011,0.0011,11,887
CGCGACCAAATTATAA,L103I,0.0011,0.0011,11,879
TACCCTAATAAAAATA,,0.0011,0.0011,11,876
TTACGGAACACGGTAG,,0.0011,0.0011,11,871
GGTTCACAAGAAGCAA,,0.0011,0.0011,11,870
AACATCAAACAACGAC,Q69L,0.0011,0.0011,11,862
TTGACCTACAAACGCC,I252N I458A,0.0011,0.0011,11,861
CCAATAATTAACGCAA,,0.0011,0.0011,11,858
GACTACTCGTCCAAAA,T58G,0.0011,0.0011,11,852
TAACCGAAAATTTGAT,,0.0011,0.0011,11,848
CGATGGTAACCTTCTA,,0.0011,0.0011,11,844
CATGTGTTTATCAATT,N99Q E270V,0.0011,0.0011,11,843
CTTCTCGAAGAAAACT,T77A K300Y,0.0011,0.0011,11,838
TATAGCATTCAGGTGT,D204V Y441L,0.0011,0.0011,11,838
GCAAGCATACCGCTAC,F117V,0.0011,0.0011,11,837
ACTCACGGGAGTTGAT,,0.0011,0.0011,11,830
GAATATTTAGGCCACC,V183M,0.0012,0.0012,11,812
GACGAAGAACACAAGC,,0.0012,0.0012,11,812
CACATCCTAGATCTTA,T377A,0.0012,0.0012,11,808
ATGAGAGCCTTCGATC,I222F,0.0012,0.0012,11,806
CCGAGGGAGGCCAACC,D306Y,0.0012,0.0012,11,805
ATTACATAACATAGAC,L61Y,0.0012,0.0012,11,801
TAGAGCCGAATATAGG,L442I K481L,0.0012,0.0012,11,798
CTCTGCTGGGGGGAGT,,0.0012,0.0012,11,797
TAGCATTATCGGACGG,R250E,0.0012,0.0012,11,797
CGCGCAAATCAGTTCA,,0.0012,0.0012,11,793
CCTCGTTACTTGAAAG,,0.0012,0.0012,11,785
GTCCGATCAGCTCTTA,,0.0012,0.0012,11,785
CCAGAAGCAATTCAGA,K352V R379L,0.0012,0.0012,11,784
AAACCGTTAACACGCT,F233C,0.0012,0.0012,11,782
AAGGAACACGTATCCG,T40L S400C,0.0012,0.0012,11,776
TAACTGCTCCAACCAA,W264S,0.0012,0.0012,11,776
CCGTAAGATTGCTGAA,S199R Q232I G391S,0.0012,0.0012,11,775
AGGGTCAGATACTATC,E421Y,0.0012,0.0012,11,772
CAAGCCACACCTCACT,Y217I R325L,0.0012,0.0012,11,771
ATCCAACGCAACAAAA,N127D F140Y,0.0012,0.0012,11,769
ACGGAAAAATTCGAAT,R207E,0.0012,0.0012,11,764
GAACTACACGAATAAT,,0.0012,0.0012,11,764
CTCGCTAATTCCGGCC,G484S,0.0012,0.0012,11,757
CCTGGAAAAACCAAAA,G391T,0.0012,0.0012,11,755
TTCTAGCCGTGCAGAT,R235C,0.0013,0.0013,11,747
TTCGATCATAGGGTGT,T110R,0.0013,0.0013,11,741
CACATAACGAAGACAG,E151M K272N,0.0013,0.0013,11,734
AACAGTTCCCAACATA,,0.0013,0.0013,11,733
AAGACTCCGTATTGAC,T182N Q416G,0.0013,0.0013,11,725
AACAATTCGTTAATCG,,0.0013,0.0013,11,721
CGTTAATTCTTTTAAA,,0.0013,0.0013,11,712
TTACCGGCAAAAAGAA,N90G N158Y,0.0013,0.0013,11,709
TATATGAATACATAAT,,0.0013,0.0013,11,707
CCCTATCAGAAGAGAG,A173C Q189L,0.0013,0.0013,11,703
TAACGTTGAAGAGCCT,,0.0013,0.0013,11,702
GTATATCTCATAGGAG,Y36T G198M,0.0013,0.0013,11,698
AATGAATGAACGCGCG,L133I,0.0014,0.0014,11,682
ATGCCTTCCCACCAGC,K461M,0.0014,0.0014,11,679
TCAGTGCCTCAACACG,,0.0014,0.0014,11,679
TACTAATTGACTGATA,V44P Y62T I474T,0.0014,0.0014,11,678
GACATGTCCCAAGATG,P236M I361W,0.0014,0.0014,11,677
CGCTACCTATTTGTAC,,0.0014,0.0014,11,676
AAATTCAAGCTTGGGG,A184I,0.0014,0.0014,11,672
TAACATGATTGTTACA,D357I G460D,0.0014,0.0014,11,671
AGAGTTTTGACATTAC,S163A N390K,0.0014,0.0014,11,670
GCTAACATACCTCTAG,S111Q,0.0014,0.0014,11,670
ACAACTTATAAGAGAG,,0.0014,0.0014,11,669
TGTCCAACATCGTTGA,L128R,0.0014,0.0014,11,665
CTGCACTTCTGCGGCT,T59I,0.0014,0.0014,11,648
TTTCTATAACCCAGAG,S60L L344V F440M,0.0015,0.0015,11,640
CGATACGGCATCCGAA,H93K H354K,0.0015,0.0015,11,639
TATTGCGTACGGAAAT,N119D,0.0015,0.0015,11,634
CCTCGATCCAACTTTG,N185L,0.0015,0.0015,11,633
ATAAAATTAAAAAAGA,G206Y,0.0015,0.0015,11,623
CTTATTGACGACAATA,A322S,0.0015,0.0015,11,621
AGATGACCATATAACG,L43G E421M,0.0015,0.0015,11,608
TCAATACGCGTCCCCC,E228A,0.0016,0.0016,11,600
ACAAGCGCAATAACTA,T101L N167F G181S,0.0016,0.0016,11,596
CCTACACCGCTGAGAC,,0.0016,0.0016,11,585
TGGCCAACAATACAAT,N127C V485S,0.0016,0.0016,11,581
AGAACGCATAAACAAA,G54S,0.0016,0.0016,11,579
GTGCGAGGCAATAAAC,N99T N167K T274L L285V,0.0016,0.0016,11,576
TCAACCCGATCATATA,H92M Y200W L469I,0.0017,0.0017,11,563
AAACATGGCAGTAACG,I221V K339S,0.0017,0.0017,11,559
TAATCAATCAGGGCCG,,0.0017,0.0017,11,558
TGAGAATGAATAATGA,L449M,0.0017,0.0017,11,557
CTCACCCTGCGCACCT,E418S,0.0017,0.0017,11,556
GAAATTTAAACGATTT,,0.0017,0.0017,11,553
ATAGTATCCCGAGGGC,,0.0017,0.0017,11,549
AAAGTTCACATCCTAT,S462T,0.0017,0.0017,11,544
GCTATTTGATTACTCG,H179E,0.0018,0.0018,11,532
GTCTATCCACGCTATC,G174N,0.0018,0.0018,11,530
TAACACGACGGCAAAT,T215G D251N T274W,0.0018,0.0018,11,521
CGCCCTTACTATGGAA,N79Y S121D,0.0018,0.0018,11,520
AGTATTTTGATTTTCA,N114V G391D,0.0018,0.0018,11,519
AACCAAAGAAATCTCC,,0.0018,0.0018,11,515
ATAAATCACTGACTTG,,0.0018,0.0018,11,510
AACGCATAACCGAAAG,H141A D229R,0.0018,0.0018,11,508
CTAGCTTAACCCATCG,S163L A288N T377V,0.0019,0.0019,11,499
CCGAATAATTATCACC,T40A,0.0019,0.0019,11,495
CCAACTGATACGGATA,S121V Y363M,0.0019,0.0019,11,493
TAATAGCTATAATATC,M153R,0.0019,0.0019,11,493
ATTTATATACAAAAAA,Y278M L290I F440I,0.0019,0.0019,11,481
CCGCCACATGCCAGTT,N158F P486S,0.0019,0.0019,11,481
GGTAGGACTAAAATAC,M194A N224Q I239V M420H,0.0019,0.0019,11,481
GTGTAAGCAAATTACA,N99K T110R S392L,0.0020,0.0020,11,479
ACTAAAGCGGGCAAAC,L105*,0.0020,0.0020,11,477
TGGGCGTGGCAACACC,G181R,0.0020,0.0020,11,472
TGATAGTTACACGATC,T281Y Q416K,0.0020,0.0020,11,471
TTCGCTTTCTTGTAAA,W283S,0.0020,0.0020,11,464
GTAAAGCACGGGTAAC,G2E,0.0020,0.0020,11,463
ACGTACAACAATTTCT,H13V D229Y,0.0021,0.0021,11,453
AAAATACACCAGATCC,S27C,0.0021,0.0021,11,452
TAGTCACGCCCACACA,S269D,0.0021,0.0021,11,447
TATATTTAGCAGACTA,I201A A297L P483H,0.0021,0.0021,11,439
TCGTGTAATCAAAACT,,0.0021,0.0021,11,437
TTGAAACATTCTAAAC,K425M,0.0022,0.0022,11,435
TTGGAATTGATACCAT,H448F,0.0022,0.0022,11,427
GATGGAATAGTGCTTA,K339I,0.0022,0.0022,11,425
AACACATTGAGTCTGA,D229E N470M,0.0022,0.0022,11,424
CGAGCGACGATTTACA,L51K L78A V341P,0.0023,0.0023,11,414
ACATTCATAACTGAGA,G54N M214F,0.0023,0.0023,11,409
AGTAAATGACCGTGAG,H115Q L120F,0.0023,0.0023,11,408
ATCTGCCTCGATTTCT,R256H,0.0023,0.0023,11,405
TCTCAGTGCTCATCTT,H141Q V164W,0.0023,0.0023,11,400
ATGATACAGCACCAAA,Q416L,0.0024,0.0024,11,398
TCGAAGCCCAAAAGTT,C53L A173I,0.0024,0.0024,11,397
AACCCGTACTTCTAGA,Q482A,0.0024,0.0024,11,396
GGTTTCATATGGCAGA,A328H T376P,0.0024,0.0024,11,395
GTTGAATGTGTATGAA,I137Y R314T,0.0024,0.0024,11,392
ACGAGCTGCCAATCGA,,0.0024,0.0024,11,391
CAAAGTACAAATAGTC,M214S D268V,0.0024,0.0024,11,391
TTAGTGTTACTCTCAA,H124Y A176L,0.0025,0.0025,11,376
GACTTCCTGTTTAATT,L387*,0.0025,0.0025,11,375
CCTGTCAAACATTACT,V183E T215I,0.0025,0.0025,11,374
TATTTACGCCCCTAGC,K272P,0.0025,0.0025,11,372
ATACAAATGTCGTTAC,,0.0025,0.0025,11,368
CATATTCATAAGGAGG,,0.0026,0.0026,11,367
TACAATCCTTAAATAT,S60I D211G,0.0026,0.0026,11,365
CAATAACTCGGAAAAA,V44C,0.0026,0.0026,11,363
TTAGGGAGTACTATGT,E287K P486K,0.0026,0.0026,11,362
GATACCAGAATACCTT,S56N K352L,0.0026,0.0026,11,357
ACTAAAAACAATGTTC,M332P,0.0026,0.0026,11,356
ACCAATTTATCGCCGA,V298W,0.0026,0.0026,11,355
GAACTGGACGATTGAC,G484I,0.0026,0.0026,11,354
TAACATATGTTAAAAG,,0.0027,0.0027,11,343
AGCACCGGTATAGGAA,,0.0027,0.0027,11,341
GGAAGAAAAACTTGCA,E100V,0.0028,0.0028,11,340
CACCCCGTAGAAAACG,M82S,0.0028,0.0028,11,337
CCTAATTTAAAGTTCT,N209M A407W,0.0028,0.0028,11,337
AATAACGGTTCAACCC,T426S,0.0028,0.0028,11,330
GAATTAAAAGTAAGAA,N295S,0.0028,0.0028,11,329
TATCCCCAAGCCGCGG,W196R,0.0028,0.0028,11,329
AAATCTGAAACAGGCC,L168A L387E,0.0029,0.0029,11,327
GAACGAAATTTGTATT,L29I S199C D273L S437H I452M,0.0029,0.0029,11,324
AGATAAGCACGTCTAT,,0.0029,0.0029,11,321
TGCAGTACCCCGAGTG,S216P D402T P486V,0.0029,0.0029,11,320
ATAATCGCGAACTGAC,,0.0030,0.0030,11,317
CACCCGAAGAAGGAGC,A25C,0.0030,0.0030,11,314
ACATTCCAATGTAACG,S389T,0.0030,0.0030,11,313
CTCAATATTTGGAATG,,0.0030,0.0030,11,313
ACGTAATCGAGATGAA,V341T,0.0030,0.0030,11,312
CCGCTAACGCAAGCTC,N90K T226S K481Y,0.0030,0.0030,11,309
TAATCCGTTTTCTCTA,E228K,0.0030,0.0030,11,309
AAACTTTGCGACACCA,,0.0031,0.0031,11,306
AACCACGCGGAACAAG,M1L F7I,0.0031,0.0031,11,305
ACGGGTAGAATAACGT,I201D S267K E329D,0.0031,0.0031,11,303
AGTTACATACGGAAAG,K63W,0.0031,0.0031,11,298
AAGTGATCCCAATTCT,G2V,0.0032,0.0032,11,295
CATACGGACAACCTCC,L73Q C86G A152N H374F,0.0032,0.0032,11,295
AAAGACGTTCCATTCG,L313V,0.0032,0.0032,11,293
AAGTGCATAAGAATCG,G34D K488V,0.0032,0.0032,11,290
CTATTTGATCTCATAA,L78W T182W N185Y V388* Y393L,0.0033,0.0033,11,280
AGAATAGACTTTTTAG,L105V,0.0034,0.0034,11,279
AATAAGAGATACGTCT,G42F T110G,0.0034,0.0034,11,278
GATTAGTATCAGGATT,Q69F L103N I252G,0.0034,0.0034,11,278
ATCGGCGAACGTATCC,,0.0034,0.0034,11,277
TATGGACTCCTAAAGT,T101S L142M S143I,0.0034,0.0034,11,272
TCGATTTTTACCAAGT,F147I E228G,0.0035,0.0035,11,269
ACCTCTTGAATTAGCA,T58N E104* I112W,0.0035,0.0035,11,267
TGTAAAGTCACAATGA,V44I H179T I323V,0.0035,0.0035,11,265
CCAATCAGTAAAGAAC,S60Y K300Y,0.0036,0.0036,11,263
TCGACAGCAACTTTAA,T190F S199L V485L,0.0036,0.0036,11,261
GGCCTCGAGCTATTTA,N295T,0.0036,0.0036,11,259
TGAAATATTGACTCGA,L120I F157V S234A,0.0036,0.0036,11,259
TTCGCAAGTTCTACGT,G294Q T377M G378E,0.0036,0.0036,11,257
TGGTTTCCGGTAATTT,G243T I350S,0.0037,0.0037,11,255
GCCATGGAAATGGACG,R282L,0.0038,0.0038,11,247
GTACAACTGAAGAACA,T70N C155G Y217K L387M,0.0038,0.0038,11,247
GTTTAAGAACGTAGAG,S163N Y480N,0.0038,0.0038,11,245
GAGAGAATAGGACAGC,Q69T V298E E404A,0.0039,0.0039,11,243
GTTCCCACATTCCCAA,T81M,0.0039,0.0039,11,243
AACGCAGCGTCCTGAT,S389Y K465L,0.0039,0.0039,11,241
GATGCGTGAAAGCAAC,W386C,0.0039,0.0039,11,241
AAATGCACTGTGAATA,I112W Q331L,0.0039,0.0039,11,239
TAGGTACGTCACCATT,D432L,0.0039,0.0039,11,238
TACCAATATCGCACGC,M153Y R207M T397H,0.0040,0.0040,11,236
AGTTCGCCCAATTAAA,E151S H170Y,0.0040,0.0040,11,235
GCATGTACAATGGCAT,F140A,0.0040,0.0040,11,232
TCACATACAACCCAAA,M80A H131Q I201W G391Y,0.0041,0.0041,11,230
ATTGGAATATAGGGTA,Y36T H124L S234Q K272S L285F N365F,0.0041,0.0041,11,227
CAGACCCGATACCCTG,L32H N99K,0.0041,0.0041,11,226
AGAGCTCAGACTGATA,,0.0042,0.0042,11,225
TACCATTACTCGCGCT,G429S V435F,0.0042,0.0042,11,223
AACGTGTTATCTAGAA,N185T A202C,0.0043,0.0043,11,218
ACAACGGGAGATAACC,G197D D306W,0.0043,0.0043,11,218
AAAGATTAAATAATAA,,0.0043,0.0043,11,216
AATAGGAAAACGTAGA,E104* S135C A184R S389F E396V,0.0043,0.0043,11,216
CCAGCAAATACCGACA,C41S K116F S138C,0.0044,0.0044,11,214
GAAGCCAATGGCAATG,Y363K,0.0044,0.0044,11,214
TTCAGAACCAGATAGT,E104S M359* R456Q,0.0044,0.0044,11,213
ATTTCTAGAAGTTCCC,L120N,0.0044,0.0044,11,212
TAGCCATTACATGCCA,,0.0044,0.0044,11,212
CAAGTAGTCGTTGAAA,M153* V187H Y369R,0.0044,0.0044,11,211
AACTCGCGATTAAGAG,G206H T296P M414S,0.0045,0.0045,11,209
AATATGGGCGAAGTAC,L35S E228* Y253P W283Y P383R P464S,0.0045,0.0045,11,209
CTTAGTACACACAGAT,G460L,0.0045,0.0045,11,208
GAAATTTCGGTCGACG,T58W S138V R207* V485Q,0.0045,0.0045,11,208
AATAAAAACCCTATAA,,0.0046,0.0046,11,204
GCAATCGAAATTGGAC,P486V,0.0047,0.0047,11,199
TGAAGCCATCCACGAC,L142T L344T,0.0048,0.0048,11,197
ATAGAAGTTTCCCCAC,W283R S400L,0.0048,0.0048,11,196
ATCAGAAGTAAAATTA,Q416N,0.0048,0.0048,11,195
AATATTATCTATTCCA,G102M L336P,0.0048,0.0048,11,194
TCTCACCACTATCCAC,A173S Q189* M410L,0.0050,0.0050,11,186
GCTTAGCTACAAGGAA,K490R,0.0051,0.0051,11,185
CTTCGGAAGATAATAC,I445Y,0.0052,0.0052,11,181
TAATTATCCAGACCAG,L142F Q423K,0.0052,0.0052,11,180
AAAGTATACAACCATT,P427Q V435L C475F K481E K488T,0.0053,0.0053,11,177
GAAAAGATTAATCAAT,T87D,0.0053,0.0053,11,177
TAAAGCACGCCACACT,S205M H230R D402H L430H I452S,0.0054,0.0054,11,175
CAGTCGACAGATATAA,L103V D156E C310* I345P,0.0054,0.0054,11,173
CTGGTCAAGAAAAGCT,C180Y E421R K481C,0.0054,0.0054,11,172
TTTCAACGCAAATATA,C155T A288S E396K D401C,0.0054,0.0054,11,172
GTGACTTGTTAAAACT,M214*,0.0055,0.0055,11,169
GAGCTTCATGATAGAG,S60N Y166W T182A C364F I458K,0.0056,0.0056,11,168
ATAGGGCTCGAAATGA,C118Y,0.0057,0.0057,11,163
CGATGAATGCTGTGTG,S60D Y129D D306E,0.0057,0.0057,11,163
GGAGGAGTAAAAATAT,N390I,0.0059,0.0059,11,158
ATAACTCGAATTAAAA,D251T N373K,0.0060,0.0060,11,155
CAATGTCAAACTACAC,G34P,0.0062,0.0062,11,151
ACAACACACGGTGCTA,N148F Q232L W264D C475T G478A,0.0062,0.0062,11,150
GTAATCAAAACGAATA,S138C M284V L469V,0.0063,0.0063,11,149
TAGTCGTTTAACCAAC,R356P,0.0063,0.0063,11,148
TTAAAGCTCCCAGTAA,A25R Q69H A123H L315S,0.0064,0.0064,11,146
TCACCAGAAGTAAAAA,G34R,0.0066,0.0066,11,143
AGCATCTTGTCTGACA,E151Q W196E G294V F434T,0.0067,0.0067,11,140
AAACGAAAGTGTGATA,A30L L78N G206C,0.0067,0.0067,11,139
AGTAAAGATGTGTCGC,I334P,0.0068,0.0068,11,138
ATAGCCAGAATAATAA,H448T Y480T,0.0068,0.0068,11,137
GCGATCATAATATAAC,Y36E L51C S462*,0.0069,0.0069,11,136
CAGGTACTTCCTTGGG,C57F M351S,0.0069,0.0069,11,135
GGAACATTATCTATCC,P238*,0.0069,0.0069,11,135
TTGATAACCCAATAGG,S400C,0.0069,0.0069,11,135
GACTGAAAATAAAATA,N89E A177T F233Y P238L G277F,0.0070,0.0070,11,134
AACCATCCCCTTCACA,G473T,0.0070,0.0070,11,133
CAATGTACAGCTATAC,N167* L203V,0.0072,0.0072,11,131
TCATTGAGCTTATACG,N209A V435L L449K,0.0072,0.0072,11,131
GAACGGTAGCAATTAG,G197V S234P,0.0072,0.0072,11,130
AATCATATCGCTCTCA,E418K,0.0073,0.0073,11,129
TATAGGAGGTAGGTGA,L220N C475K,0.0073,0.0073,11,129
CTCACCGGCGTATCCA,S121D,0.0073,0.0073,11,128
ATGCCATCAACTTGTA,L23P I254P,0.0074,0.0074,11,127
TTATATTTCGCTACTT,C118R K272L K417M,0.0074,0.0074,11,126
CCCCAGACATCTGCCA,I113T I213H P483I,0.0076,0.0076,11,124
GCGTAAGATAGCGATC,C279G F318V,0.0076,0.0076,11,124
CGATACCAGTAGAGGC,L220K,0.0076,0.0076,11,123
TATAATTCATTTCAAA,G2Q K481L,0.0076,0.0076,11,123
ATTGGAATGCAAAAAA,F191S,0.0077,0.0077,11,122
TGTACATCACAAGAGA,G2L L32R G181R G198F G206F L430F,0.0077,0.0077,11,121
ACCTTGTCACAGTACA,I4T E104* N395L,0.0078,0.0078,11,120
AGTCTAACCGCAATAT,S85Y C155Y Q482S,0.0078,0.0078,11,120
CACCCCGCCGACTAAA,Q3P,0.0078,0.0078,11,120
AGATTCATCAACAAAA,C385D,0.0079,0.0079,11,118
CTCTCAATCGATGTGA,A39V F191* H230S Q247I L336G,0.0079,0.0079,11,118
GAGCAAAAATATTTTG,M1* L105Y N109S,0.0079,0.0079,11,118
GTTAGCTGGCTTATCA,V47D I286V H398* L428A,0.0079,0.0079,11,118
CGAAGATATGATTCAA,V5Y S56P H115Y I239L R257W,0.0080,0.0080,11,117
CTTCATCCTATCAGAC,C41R G197L L242M,0.0080,0.0080,11,117
GATTTATACCGAGTCC,L203M L220M G277Y,0.0080,0.0080,11,117
ACAAATTACGTTAAAA,F157N S400L Q405P,0.0081,0.0081,11,116
CCGTCATTAACACCAG,S138I K300N L387R E396K,0.0081,0.0081,11,115
CAAACCGACTTTTAAT,T182R E287Y L442I,0.0083,0.0083,11,113
ACAGCGATAATCACAT,D408Y,0.0084,0.0084,11,112
GAAACACTCATAGGGC,W264H,0.0084,0.0084,11,112
TGCGCAATTGACATCA,E307D L428H,0.0084,0.0084,11,112
ATAAAACTAACACGCT,V47G E67S A343F M414A,0.0085,0.0085,11,110
CTGGCGGGACCCCATC,I21S Y66L K272Y,0.0085,0.0085,11,110
TGACCTCATCCCTACT,V47Q Y217S L394Y,0.0085,0.0085,11,110
AAGAACGGGATTCTCA,K88A L103P,0.0086,0.0086,11,109
AATCCTTAACAGAAAA,I337G P483S,0.0086,0.0086,11,109
GTAAGCCCGGATGACT,L26W Y94D,0.0086,0.0086,11,109
TAACCAACCAGCGCAA,L258A C301W R314G,0.0086,0.0086,11,109
AACACCCCTACATCAT,Y200V L433M,0.0088,0.0088,11,107
ACTAAATCCATCATCT,S400M I458N,0.0088,0.0088,11,107
ATTAATATATAGATGA,C86I R193K N209L D402S R456L,0.0088,0.0088,11,107
CATAAGTATCCCGAAA,A322K N470V,0.0088,0.0088,11,107
CGTGAGAAATAAACCC,R235G T249V C364E,0.0088,0.0088,11,107
AATCCCGATCGTCTCA,,0.0088,0.0088,11,106
TTTTCTCTCATCCTAA,Y172L M192F,0.0088,0.0088,11,106
AACCAGAATTATAGTT,K33L V164Q G294E E307R Q335N M472R C475Y,0.0089,0.0089,11,105
CTAACCCCGTATACGT,Y66K G174R Q406I,0.0089,0.0089,11,105
CTTGTCCAGATCCTCA,L280S N409I,0.0089,0.0089,11,105
TACGGTATCTAAAGAA,A30T G484R,0.0089,0.0089,11,105
TTGCTAAGATGCAATA,N148S Y217*,0.0090,0.0090,11,104
ATTTAATAAGCAAAAC,S138V S205I,0.0091,0.0091,11,103
ACTACTCAAAATCATT,Y66L D317T E329F,0.0092,0.0092,11,102
CTGAGCTCGGAGCACA,,0.0092,0.0092,11,102
GGAGCGTATCTCGGTA,D273P K465S,0.0092,0.0092,11,102
GTGGCCCACCTGGGTA,,0.0093,0.0093,11,101
GGCCGAATTGTAATAC,T48S L105I S333W I403P,0.0094,0.0094,11,100
GTAATACTAATAGAGT,P83F M214K C385Y C477L,0.0094,0.0094,11,100
TAAAGTAAGGTGTTCA,P383S,0.0094,0.0094,11,100
GATGCATCGACCTCAA,G102W G174L G206D T281M A297T,0.0095,0.0095,11,99
CAAGAATAGTACGCTC,,0.0096,0.0096,11,98
CACACAACGAATGTAC,S163R I239T,0.0096,0.0096,11,98
TACGCTAAATAGTCTT,M82W D156V G208T,0.0096,0.0096,11,98
TCATCAATGAGGGTTT,L128Y,0.0096,0.0096,11,98
AATCCACAGCTGTCCA,L32Y E72T L220S T249Y E396L,0.0097,0.0097,11,97
AGGATTTCTAGTACAT,L73E N109K C463Y,0.0097,0.0097,11,97
GCGATTGGCTTCAACT,V183K M192A R468S,0.0097,0.0097,11,97
TGTAGAAAGACCAAAA,I222M N295Y,0.0097,0.0097,11,97
CGATGTCAAAGCTAGA,M284L N470H R491E,0.0098,0.0098,11,96
CTTATAAGTAACAGCG,G2T,0.0098,0.0098,11,96
GAAGGTTGATCTAAAC,W227*,0.0098,0.0098,11,96
TAGGAACCTAACTTGC,F49Q S444R,0.0098,0.0098,11,96
TCAGAAATACAACGAG,S171C I445P,0.0098,0.0098,11,96
TGTCACCTAATCAAGC,R257F T426H,0.0098,0.0098,11,96
AATGGCGTCGATACAT,L43S,0.0099,0.0099,11,95
GGAAAACAAACGAAAT,E76C M134R I201E K300M,0.0099,0.0099,11,95
GTTAAGCTTAAATAGT,Y166R L203S C212S N295* K490R,0.0099,0.0099,11,95
TAAGGCATATGATTCA,G174R N209I E329M E396S,0.0099,0.0099,11,95
AACACCTTGATTCTTG,Y62M L105T T454F,0.0100,0.0100,11,94
GCTAACAGTTTTGTGG,E72R T101P C301F,0.0100,0.0100,11,94
TTGCTGGCCGTAAATG,S56N R422Q,0.0100,0.0100,11,94
AGCCGTTCTATAAGAG,Y94R I136P Y217R I222D,0.0101,0.0101,11,93
CAACCAGCCGAAACCT,S56I,0.0101,0.0101,11,93
ACTATGGAAAACCAAT,S171N L259E E303Q C385G,0.0102,0.0102,11,92
GACGCCAACTCAAATT,T87P W227* V298S N346S L430F,0.0103,0.0103,11,91
ATTAAGATAATGTTCT,E67K L103V I112H D317Y,0.0105,0.0105,11,89
GAACCAGTTAGTAACT,C86V,0.0105,0.0105,11,89
GCAGGTACTAAGAAAA,F7R A173K,0.0105,0.0105,11,89
TATTGCCTAGGGCATA,N99D V164W G181S,0.0106,0.0106,11,88
CCAATTGACAAAAAAT,I201* H230T,0.0108,0.0108,11,87
CCGAACAAACGGACGC,V5C C53L W264R S444V,0.0108,0.0108,11,87
AAAGGACTAGGACACA,T139Y D175Y Y200V,0.0110,0.0110,11,85
CTGCCTGAACATATGT,M134C H398N,0.0112,0.0112,11,84
TCCCTCTAATTCGAAC,L107A,0.0113,0.0113,11,83
CACCCGAAAGAAGACC,Y94A,0.0114,0.0114,11,82
TGACTTTCCTGACAAA,M284L,0.0114,0.0114,11,82
ACCACATAAATTGACG,S199F S216W C475R,0.0116,0.0116,11,81
TTTAAAACATGATTGT,G54R T274K L280S,0.0116,0.0116,11,81
TTTTATAATATCAATA,T108K S135* S246M A297L G391F N409P,0.0116,0.0116,11,81
AAAGACTTAAAGAAGC,W210H I221S E303K,0.0119,0.0119,11,79
AAATAAAAGGGTTAGC,G64C K490Q,0.0119,0.0119,11,79
GACCCATTGTTCCAGC,F49L S56R P83S A330D D408A,0.0120,0.0120,11,78
TACTACTTAACCTATA,N158Y L315Q,0.0120,0.0120,11,78
ATGGGTGGGAATATTA,W196H D229H S389I,0.0122,0.0122,11,77
ATTAAAACAAGATAGC,Q348R E396K S476M,0.0122,0.0122,11,77
CCTCGTCAACAAAGGA,L394A,0.0122,0.0122,11,77
ATAGTAGGATTCTTTA,L220R E307G,0.0123,0.0123,11,76
GATTGCCAAGCCAGTA,S205Q G240L S367F E418C,0.0123,0.0123,11,76
ACTAAAAGAGCCGGTC,R55N T70L L78W H92P M214K,0.0127,0.0127,11,74
ATACCTAATATTAGCA,H131P S389P E396M,0.0127,0.0127,11,74
ACCTCCTGCAATGTTA,L133S L242G L344* S389N Y393G K417C,0.0130,0.0130,11,72
CCCCGATCGATGCACC,S205P I239S,0.0130,0.0130,11,72
GGAGCATATAAATTAA,N224A L355A G391D,0.0130,0.0130,11,72
AGACTATTAACTTGAG,L344* H455F,0.0132,0.0132,11,71
CCACCGATTTCTAACA,M96* A288S M410H,0.0132,0.0132,11,71
CTCACTGCCCTCTTAC,T110I M332I L349*,0.0134,0.0134,11,70
GAATATAACGATTTTA,N119T S154R N302G M351F P427*,0.0134,0.0134,11,70
TGCGACCGATCAAGCA,G54E A297N Q321K,0.0134,0.0134,11,70
CGATGGATAATACCGG,K63S E72N Q223K R250E,0.0136,0.0136,11,69
TACAACAACATTTTAA,L128Y N395*,0.0136,0.0136,11,69
AACATTGAAAAATAGA,Y129K W196K E270R,0.0138,0.0138,11,68
ACTTTAAGACGCAGAT,A39P Q149L,0.0140,0.0140,11,67
GTTGGGTCAATTGCGA,Y36R Y200E,0.0140,0.0140,11,67
AGCTAAACTAAGGAAA,V298T,0.0149,0.0149,11,63
ACTATAAGATGAAAAT,P427T S439R,0.0151,0.0151,11,62
AGTGAGCCACGTACCA,G54H L133G A184R N224I,0.0151,0.0151,11,62
ACAAACTACGATAGAG,N37F,0.0159,0.0159,11,59
TAATTCAGTAGAATCA,S85R,0.0159,0.0159,11,59
GAATCCGCAAACAACG,I24S A343T I361F,0.0162,0.0162,11,58
TCTGCCATTACCCGAA,N148A G160R H179S T397C S439I,0.0164,0.0164,11,57
CGCGTACTAAACTGCA,L107T N178T D229T F440H W489V,0.0167,0.0167,11,56
AAATCCACCACAAGCT,N89K R235L E329G,0.0174,0.0174,11,54
TTACAAACAACCTTTA,L68R I350P,0.0177,0.0177,11,53
CCAAATAACGAAGTTG,L29M C41M S171W G484Y,0.0184,0.0184,11,51
ACAGAGGTTAATTAAT,I24E,0.0187,0.0187,11,50
TAAGAAAGCTCAGACC,H93R C155G T225C S437R,0.0187,0.0187,11,50
ACTACTGTATAAAGTC,I137Q L449R,0.0199,0.0199,11,47
CAACCGCTTAAAGAGA,G34S I254S,0.0199,0.0199,11,47
CCAGTACATAAATAAC,C279V,0.0199,0.0199,11,47
TAACACCGCACTTGAA,G42S I286* E329F H354K S389D R422*,0.0204,0.0204,11,46
GACGCTAAGGGGGTAC,K63F E303T N319F,0.0208,0.0208,11,45
GGAGTTAATTGCTTTG,I162R,0.0213,0.0213,11,44
TCAGAATATAACATAT,E404S,0.0223,0.0223,11,42
ATTTTTTAAGTTGGTC,L133H S367L,0.0247,0.0247,11,38
GTAAGACAAAAAATAA,K33C L68R G159H A177T,0.0276,0.0276,11,34
AAAATTGCGCTTTCCC,L103M E308Q K339*,0.0360,0.0360,11,26
ATCTTATAACACACTT,V31I Y150L G181R S269W C364T L415Q,0.0360,0.0360,11,26
TAGTCTCATTAGTACC,L107R I144F N302K,0.0493,0.0493,11,19
TCGACAATGGCGAATC,H467L,0.0521,0.0521,11,18
AAAAATGATCGAAACC,K33M N158T T296V,0.0551,0.0551,11,17
ATACGGAAACTGTTAG,L107W L349K V450*,0.0551,0.0551,11,17
GATAAAACATTTAAAA,N37V,0.0551,0.0551,11,17
GTGGGTGTATGATTTG,G54*,0.0551,0.0551,11,17
ATGAGCCCATAAGACG,C86L D122L L188E S199W E396M,0.0586,0.0586,11,16
CAAGAGCTAATCAGAT,S444C V459W,0.0586,0.0586,11,16
GAGTTGAGTGGTATGT,C385P,0.0586,0.0586,11,16
TAATGAAGATAAACAA,I4L V5F E308L Y371V,0.0625,0.0625,11,15
TACTCACCGACTTGAT,R282S G294I A343M,0.0625,0.0625,11,15
TAGTGCCAAACCATAA,L78I S237Y I254S C301R I337T,0.0625,0.0625,11,15
AAAAAATAAGACTATA,K88S Y129W T249D T380N,0.0669,0.0669,11,14
AAGACCAAGACCATAA,S171I W196I K291Q,0.0669,0.0669,11,14
AGACTAGTTTGCACAA,T190I I337S S476*,0.0669,0.0669,11,14
ATAACAGTTATACAAC,L61N N146I S333G V341K R356H S389M,0.0669,0.0669,11,14
GCCATACTGAAACGCC,N37* D211L A297Y,0.0669,0.0669,11,14
TGTCGCACACCTTGCA,A176T L242N,0.0669,0.0669,11,14
AAATACGGACCAAAAA,R250H R257* C292F,0.0721,0.0721,11,13
AACAAAGAATATGGGG,H13S F140*,0.0721,0.0721,11,13
ACAACAGTGAGCTATA,E16C N365S,0.0721,0.0721,11,13
ATGACAATTGCACAAG,L78P Q232R F293I P483R,0.0721,0.0721,11,13
GATGGTAGCCCGTACC,M414*,0.0721,0.0721,11,13
GTAATTGCCACTGACT,T58F S267H,0.0721,0.0721,11,13
GTACATAAGCGACCGG,M134I L259R G277F S389T V485L,0.0721,0.0721,11,13
TACGTCCAGGCCCGTT,F8D L313Q N395M P464C,0.0721,0.0721,11,13
AAGCTGATCAGTAACA,L50N T261N,0.0781,0.0781,11,12
ACCTCCGCTACACAGG,C57Y D229W C310S I345L,0.0781,0.0781,11,12
ACGTATTATCGTACTC,L103D,0.0781,0.0781,11,12
AGCCTGGTGATAAGCC,L120A A184S,0.0781,0.0781,11,12
CATTACTAAAATACAC,S91D A176S H398R,0.0781,0.0781,11,12
CGCAACGACCCAATAG,C231G,0.0781,0.0781,11,12
CTTAATACATCATGAC,A25T L46W I201* A328F S367P,0.0781,0.0781,11,12
GAATGGAACCAGTATT,L61N G240V,0.0781,0.0781,11,12
GAGACACTACGTAAGT,C310V,0.0781,0.0781,11,12
GGGTAGAAATCCACGA,E67W K384Q F446G,0.0781,0.0781,11,12
TAGCGCTATCCCAACC,C310G,0.0781,0.0781,11,12
TAGTCTTAAACTGGAA,V31N C86Y F293Q,0.0781,0.0781,11,12
TCCAATGCTTAGCCTG,V14R,0.0781,0.0781,11,12
AACCCGAATCCGATAC,V97G P275G I286S T296P K451A,0.0852,0.0852,11,11
AAGCTAGTACCTGATT,G102Y I334K,0.0852,0.0852,11,11
AGCTAGTACTTACTTA,L73D Y172W R235T K352C,0.0852,0.0852,11,11
AGTCACCAGCACACCA,G277H L387V N470D,0.0852,0.0852,11,11
AGTGCTAAATATAGGT,Q331Y D347S M420K,0.0852,0.0852,11,11
ATAATAAATGAACACT,P464*,0.0852,0.0852,11,11
ATGACATAAAATGAGA,C86* Q189R G198A,0.0852,0.0852,11,11
ATTGCAGTTAGAATTC,M19V D156S A195T C212L S392Y V435L Y441H,0.0852,0.0852,11,11
CAGAAAAAGCAACGGT,M19Q R193G V487Q,0.0852,0.0852,11,11
CAGCGAACTTTCCCGC,C41F E104V L120F,0.0852,0.0852,11,11
TAAAGAACTAGGTAAC,L128I G159P S199V,0.0852,0.0852,11,11
TTATTAACGATACATC,G45P C86Y V183C W210R K339T D357V L415M V450G,0.0852,0.0852,11,11
TTCTCGTAGGTTAGGT,Q9P A123R S143G,0.0852,0.0852,11,11
AAAAAAGAGAATTCCA,I137E,0.0937,0.0937,11,10
AAACTATATACAATAC,Y36S S111A Y200D,0.0937,0.0937,11,10
AAATGTTGAATCTACG,Y94T,0.0937,0.0937,11,10
AATGAAAATACATTTG,E287K A299P,0.0937,0.0937,11,10
AATTTAAATATAATCA,N302P,0.0937,0.0937,11,10
ACTCTCCGACTATAAA,M19N L50Q K465C K490A,0.0937,0.0937,11,10
AGAAATTTTCGTAACG,T190D C385I I443V,0.0937,0.0937,11,10
AGAACACCGTTCCTGA,V22W T281V L433S L449F,0.0937,0.0937,11,10
ATCTTCAACATCATGA,C57* V341Q N346I Y419G,0.0937,0.0937,11,10
ATGCCCTAGAGTCCGA,C155* G294L,0.0937,0.0937,11,10
CAGATTACGGCTCCTC,T87W H457Y,0.0937,0.0937,11,10
CCTTAAATGGGTAACA,N114V Q149L G429L,0.0937,0.0937,11,10
CGAACATGGACCTAAG,L52Q L349S,0.0937,0.0937,11,10
GATATTGTACGGAGTT,L107C V164F L387S,0.0937,0.0937,11,10
TCTTCATACGTTACAC,T110E L242A R456V,0.0937,0.0937,11,10
TGCTAGGCGATTTCTC,T249V K327*,0.0937,0.0937,11,10
TGTGTAGAAAATTAGC,Y217D L382W G473S,0.0937,0.0937,11,10
TTTTTTCCAACACTCC,I162M S205I Q223M Q348I,0.0937,0.0937,11,10
AAAAGAGTGTACTCTG,R207K R248G T249K,0.1041,0.1041,11,9
AACCAATGTATCTGTA,S143Q R256L L266F,0.1041,0.1041,11,9
AACTTGGCCCTCGACA,T87E N167A,0.1041,0.1041,11,9
AACTTTCTTGGGTAGT,A132* W227M A328V T412M,0.1041,0.1041,11,9
AAGCTTCACCTGTGAA,A177K,0.1041,0.1041,11,9
ACATGACGCCTGAGCG,C292M S389L Q482P,0.1041,0.1041,11,9
ACGACTCCCGCCGCAG,L29* S56C G98L T274H C292S V298Q,0.1041,0.1041,11,9
ACTCGTACGGATTGAG,D211A,0.1041,0.1041,11,9
ACTTCCTGAGAACATC,E228W L349R V388A E396F,0.1041,0.1041,11,9
AGATACGGATATTTTA,G2N Y94S,0.1041,0.1041,11,9
AGCAGGTTTGAGGCAA,V47A E151G M194K R248L C475S,0.1041,0.1041,11,9
ATTACAACCACTATCC,I4* Y66L M192W,0.1041,0.1041,11,9
ATTACCAAAAGAATAT,V388F M410*,0.1041,0.1041,11,9
ATTGTGGCTCGACTTA,E72V P427Y,0.1041,0.1041,11,9
CAATACATGATTACTA,K33F L43S A132D,0.1041,0.1041,11,9
CACACTAATAAAGTTG,V5G S205F K272M L430R,0.1041,0.1041,11,9
CAGAACCAGGACAAAA,T106P S267R L394R Q416T S462F,0.1041,0.1041,11,9
CCAATTCAGAACCCTA,N185Q I222M D402L S444R,0.1041,0.1041,11,9
CGCATCCCAGTGATCT,I21T S60L N90P L133F Y172S,0.1041,0.1041,11,9
CGTGCCCCCACTCATA,D122A A340L N409L,0.1041,0.1041,11,9
CTAAGACTACTAAAAT,Q3S Q149I C364Y,0.1041,0.1041,11,9
CTCACAAACACGTAAA,T101D P383S S400F,0.1041,0.1041,11,9
CTTCAATGACCGTATT,L26G Q69V G198A E287F G360D,0.1041,0.1041,11,9
GAAGACTCTTTTAAAA,M153G N167G A173Q G271S,0.1041,0.1041,11,9
GAGAAAGTTTGGATGT,C41G E76L G174P T438S,0.1041,0.1041,11,9
GGAAAAATGTCGACAC,V28N K33W A173S I286*,0.1041,0.1041,11,9
GGGTTAGACATCCAAT,G102D A173V Y200D R282T A288V,0.1041,0.1041,11,9
GTAAATTAGAGACGAT,N20F L336T,0.1041,0.1041,11,9
GTAGCTCGCATATTAG,S135C F140V,0.1041,0.1041,11,9
TACATTTCGTAGGCTG,Q9S T182R Q331N,0.1041,0.1041,11,9
TAGAACGAGATTGGAT,G2C T6L R55W,0.1041,0.1041,11,9
TAGCCGATATTATGGC,E413*,0.1041,0.1041,11,9
TAGTACCACTTATCCC,T59S Y419V,0.1041,0.1041,11,9
TCACCCCTCTTCCAAT,V298M P466L,0.1041,0.1041,11,9
TGAAGAAAAGAAACCC,N37W R314L T377L,0.1041,0.1041,11,9
TGACCCGTTGTTATAT,A152P,0.1041,0.1041,11,9
TTAGAATTCAACGACA,S111L L168F S171Y W370E E421S,0.1041,0.1041,11,9
ACATATCCAGCCAACA,F8Y I144L,0.1171,0.1171,11,8
ATAGGTATAAGATAAT,K88L A177D F191T I286E,0.1171,0.1171,11,8
ATCAGAAGCGCCTATT,T87K D317F I474N,0.1171,0.1171,11,8
ATCGCTGGATAAACCA,T87L L336T,0.1171,0.1171,11,8
ATTAAAACAAAACGCA,T110Y L120*,0.1171,0.1171,11,8
ATTAAATCACCTGTTG,G54T M214R T263N E289K,0.1171,0.1171,11,8
CACAAGCGGGAGTGTT,A173T C212T E329D N365R,0.1171,0.1171,11,8
CACTTTAATGTAACAT,L68K P83Q E404L S462Y,0.1171,0.1171,11,8
CAGAACGCTCTTACGC,S163I M410K,0.1171,0.1171,11,8
CAGACCGAACCCATAA,S27H S205Y F434I,0.1171,0.1171,11,8
CCACAGGAAAATTTAA,G34E D229S K300*,0.1171,0.1171,11,8
CCTAGATTATCGGAAA,S199T L280C A299S,0.1171,0.1171,11,8
CGCTCCCCAATAGGCC,G45A L73G T139Q S439N,0.1171,0.1171,11,8
CGTAATAACAACCAGG,H467K,0.1171,0.1171,11,8
CTTAGATTTCCAAATC,N99F N127Y N178T G277H L372W,0.1171,0.1171,11,8
GAGATAAGTAAACGAT,N79W R282P S381A,0.1171,0.1171,11,8
GATAATGAACTTATAT,P453Q P466L,0.1171,0.1171,11,8
GATACTAAGGAAGAGG,H455M,0.1171,0.1171,11,8
GCACTAATGTTTCCAC,F7V Y62W D229N E303V L336E,0.1171,0.1171,11,8
GCGCATAACTCACAAT,D408S C463N R468T,0.1171,0.1171,11,8
GCTTATTAATTCGCAC,I15R,0.1171,0.1171,11,8
GGCGAACAATAGAAGG,G198D Y217*,0.1171,0.1171,11,8
GGTCCACTTACGTCGC,L105* Y166S V187L Y278L,0.1171,0.1171,11,8
GGTTACATACAGAAGA,D402F F446L,0.1171,0.1171,11,8
GTAGTTAAGATCCCAC,L245Q S439H,0.1171,0.1171,11,8
TAATTGACCGAACTAC,G206E S216V Y363H R422F,0.1171,0.1171,11,8
TATGTACGCGTATAAG,F7L I239A L336E,0.1171,0.1171,11,8
TGACTCTAACGTGTAT,F147D A202H Y241F,0.1171,0.1171,11,8
TGAGATCAACACCAAG,A177V N209R N224T I452G,0.1171,0.1171,11,8
AAAAAGGACTAAACAT,T48* R55I S121L M214W P464L,0.1339,0.1339,11,7
AATGCGATCCGCTCTC,R207K F233N W489F,0.1339,0.1339,11,7
ACAAGTTGCCCCCAAG,M192A P275R A322H K339W,0.1339,0.1339,11,7
ACACGGGCATAATAGT,Y200E K339E P427Y,0.1339,0.1339,11,7
ACCCAAAACCTAGCTC,F49G Y217E T375L,0.1339,0.1339,11,7
AGCGACTCGTTGAATC,K417V G460R,0.1339,0.1339,11,7
ATAAAAAAGAAAATCA,G197* I252W V431I,0.1339,0.1339,11,7
ATCCGAAAAATAGCAC,A340E I411D,0.1339,0.1339,11,7
ATGAGATGTCTTCTAA,L128H W196N K300I,0.1339,0.1339,11,7
CAAAGTAATAACTGCA,Q3L E100D M214L K291A F399N,0.1339,0.1339,11,7
CAACAAACTCTTCTTA,N20* C180R C212K,0.1339,0.1339,11,7
CAATAACGGTTAACTG,Q232*,0.1339,0.1339,11,7
CCACGAGTCCGTGTAA,L266S F399Y,0.1339,0.1339,11,7
CCTGCTCCCAACATTT,D156L R257G I345N,0.1339,0.1339,11,7
CTAACTATTTGTGATG,I113M K291* I452*,0.1339,0.1339,11,7
CTATATACACACGATT,I144R S392Y M414C I474R,0.1339,0.1339,11,7
CTTTGACCGCACTTAT,N346L,0.1339,0.1339,11,7
GAATGAAGAAAGAATA,G42V I334S,0.1339,0.1339,11,7
GAGACAATGTAAACTA,I15Y S91L H124A S143R Y363L,0.1339,0.1339,11,7
GCATGCATGATCCAAC,V11R L442F,0.1339,0.1339,11,7
GCCAGTCTAAGACAGC,S246W L258H Q324I Y419V S444M K461S,0.1339,0.1339,11,7
GGGCCTCCGTGTGGTT,G206V H448L C475R,0.1339,0.1339,11,7
GGGTCAGGAGGAATCC,I15M,0.1339,0.1339,11,7
TAACATATTAATTAAA,I113F R193S F233S D432*,0.1339,0.1339,11,7
TAAGATGATTGTTCCA,Y200* Y217R T380A,0.1339,0.1339,11,7
TAAGCAACGGCAACGC,F233L F293K,0.1339,0.1339,11,7
TAATCCACCTTATAGA,R193K Y219V T397C K465M,0.1339,0.1339,11,7
TAGACTCTCAACAATG,N146P K161E A184T,0.1339,0.1339,11,7
TATAAATTACTCATCA,N20K V485W,0.1339,0.1339,11,7
TCAAGCGTACACTGTG,L220N L315K I345C Q482H,0.1339,0.1339,11,7
TGCAAAGACTTGTTGT,N99D C364P,0.1339,0.1339,11,7
TTGCAAAGCTTATAAA,G2K T101S S255K T397G,0.1339,0.1339,11,7
AACGTGAAACTCCTAG,N109M Y371S,0.1562,0.1562,11,6
AAGTAGACAATAACGC,E270V Y363P D401G P483V,0.1562,0.1562,11,6
AAGTTTGGGTTCACAG,L442A H457T,0.1562,0.1562,11,6
AATCAAAGAACAATAA,K88S H467L,0.1562,0.1562,11,6
ACGGTTAATAACGGAG,C86*,0.1562,0.1562,11,6
AGTCATCTGGCTATAT,C118R S169Q I201L,0.1562,0.1562,11,6
AGTCTCAAAGTCCACA,L73Y L285P,0.1562,0.1562,11,6
ATAAGAAGAGGTATGC,S143Y G378R,0.1562,0.1562,11,6
ATATACTGATTCAGTT,I458K,0.1562,0.1562,11,6
ATCTAGAACCCCCCAA,T215R,0.1562,0.1562,11,6
CAAATACCGAATCAGT,S56Y W227L,0.1562,0.1562,11,6
CAATGTTTAACGCTGC,Q9T Y62* S439L P466R,0.1562,0.1562,11,6
CAGCCAAAAATCTAGT,G197R A297F M472L,0.1562,0.1562,11,6
CATTTTATATACACTA,S171T D251P P275M K488L,0.1562,0.1562,11,6
CCTACCTTACCAAGTA,P83R D306P E396D,0.1562,0.1562,11,6
CGAATAATTTAAGTGA,C475*,0.1562,0.1562,11,6
CGATTGGCACAGGCGA,T274W E404R P427H K461T,0.1562,0.1562,11,6
CTATTATGTCTCTGCA,I21A C53* Y366K,0.1562,0.1562,11,6
CTCTACACAAATGAAA,S135Q D357R N373L D401I,0.1562,0.1562,11,6
GCATCTAAAGTCAAGA,C118Y I334V R456L,0.1562,0.1562,11,6
GGACACAATCAGCCCT,H93L,0.1562,0.1562,11,6
GGTTCATTCAGAAACC,I162D S216G Y369P,0.1562,0.1562,11,6
GTATATCTGCTGCGAT,C155N I445*,0.1562,0.1562,11,6
GTGTTCCAAGGACCTA,L73Q S111* K425G,0.1562,0.1562,11,6
GTTAAAAAAAGCGGAC,L105M L315Q D357S,0.1562,0.1562,11,6
TACCGTATGTCCCCAT,T261L F293H,0.1562,0.1562,11,6
TCAAACAAAACCAGAT,F157S S199F,0.1562,0.1562,11,6
TCAGGAAAAATATTCT,N37K L259G P275Y K327R,0.1562,0.1562,11,6
TCCAGAGTTATCAACT,Q3H L26F K125*,0.1562,0.1562,11,6
TCGATTCTAGAGTCCA,C180P,0.1562,0.1562,11,6
TGGTGCAATCCTGTAG,I4N S171I,0.1562,0.1562,11,6
TTAACAGATGGCGAAA,E100* C310P,0.1562,0.1562,11,6
TTACGGAGACAACACA,T261M W264A A328V,0.1562,0.1562,11,6
TTAGCTGTCTACCATA,K63I R235S I361S,0.1562,0.1562,11,6
TTAGGTGAATCTGCAC,N79S L103D M194N L469K,0.1562,0.1562,11,6
TTAGTAACACGGGTTA,N346A E396F,0.1562,0.1562,11,6
TTCGTAATGATTAGGA,C57P P464K,0.1562,0.1562,11,6
TTCTTATCTTTCTGAC,G198R I213S G243K,0.1562,0.1562,11,6
AAAATCAATGCTAGCA,F117H I222* P383*,0.1874,0.1874,11,5
AAAATTATTTAATATT,G34T L50S G102W K125I,0.1874,0.1874,11,5
AAACGAGATGGGACAC,C118Y I252D V298I,0.1874,0.1874,11,5
AAAGGATCTTGGCCAC,F436V P464S,0.1874,0.1874,11,5
AAATTATAAAGATGGC,H131Y K161P H170* G276M Q348K,0.1874,0.1874,11,5
ACAAGAGATTCCCCCC,R207S T225L L242R,0.1874,0.1874,11,5
ACTCCCTTCGTTCCTG,K33I C180Y D204V E307G S392E Q423Y L430F,0.1874,0.1874,11,5
AGCAAAAAAACACAAC,V47W S246M,0.1874,0.1874,11,5
AGCAATCACGAGCTTA,E16G L50S,0.1874,0.1874,11,5
AGGTAAACAAAAAAGG,Y366R D432E Q482W,0.1874,0.1874,11,5
AGTTTGTAAGAAATGA,P238V R314V,0.1874,0.1874,11,5
ATATATAGTTTAAGCT,S237E R256L P453F,0.1874,0.1874,11,5
ATGATCTAAAAGAACG,G2I T87D N158S,0.1874,0.1874,11,5
ATTGGCCAACGTGCAA,T48C N365I,0.1874,0.1874,11,5
CATGTATATACACCAG,V11T S60Y Q165H I334R,0.1874,0.1874,11,5
CCCAGAAGTATTATGT,K125E N127V E151V V164Y,0.1874,0.1874,11,5
CGAAGACATAGTCAAG,N409T L433S,0.1874,0.1874,11,5
CGACACTTAAAAGATT,L61I Q189* E413*,0.1874,0.1874,11,5
CTAAACCGATATGGAC,T6I M96T G424D,0.1874,0.1874,11,5
CTCTAAAACTACACGT,C118E,0.1874,0.1874,11,5
GAATCAACCCCGATTC,V47R E104W A123L F191M T274Q C364W N470K,0.1874,0.1874,11,5
GACAAGTAGAAAAAAT,S85N,0.1874,0.1874,11,5
GATCACAATTTTTACT,I4L E16Y N409Q,0.1874,0.1874,11,5
TAACGAGCCATGTGCA,N127C N185L F436R I443L C463T,0.1874,0.1874,11,5
TATTACTAGCGACGTT,C475V,0.1874,0.1874,11,5
TATTGAACCATTTTTG,Q3G P275* Y419P,0.1874,0.1874,11,5
TGACATTAAGATCGTA,Q149M D357N M420L K465C,0.1874,0.1874,11,5
TTAGTAAGGCCCTCAG,F147* G294A N390S S444A,0.1874,0.1874,11,5
TTTTTAGTTAAACTAA,M1I L26G G186P L242C I361S,0.1874,0.1874,11,5
AAGAAAGCATACTGAC,H179T T412R Q482P,0.2343,0.2343,11,4
AAGCACGGTGGACTCC,E100D C180L S333H,0.2343,0.2343,11,4
ACATGGTTATTATCTC,D432M,0.2343,0.2343,11,4
ACCTCATTAGACCCGG,W196D I452G,0.2343,0.2343,11,4
ACTCTAGTGTCTGCAA,T81* E100R N158E A173K,0.2343,0.2343,11,4
ATTGTATAAAATTCCT,I15Y I239F G294F I334H,0.2343,0.2343,11,4
CACTAGCATACTCAAT,S143K F262M A328L N390L,0.2343,0.2343,11,4
CCTGACTCAAACGCAC,M214L P466S,0.2343,0.2343,11,4
CTAAACAAATAGAATA,C53V M359Y Y441S,0.2343,0.2343,11,4
CTTCCCCACCTAACAG,K352P,0.2343,0.2343,11,4
GAAGACGCGTCTAAAG,C41W D229G C279M P486R,0.2343,0.2343,11,4
GAGACCATCAAGAGTG,S199H S216K P466W,0.2343,0.2343,11,4
TAATCATACTCGGGTT,Q165R K291I,0.2343,0.2343,11,4
TACTTAAAGATCGTAT,F436P,0.2343,0.2343,11,4
TAGTAACAGAATAAGA,C118R W283S,0.2343,0.2343,11,4
TCCCCCTCAAGTGAAG,K63I F157L A173L A195R,0.2343,0.2343,11,4
TGATCGTTCATTAGGA,E10L M19C Y371R,0.2343,0.2343,11,4
TTCATCCGAGTAATTA,A173G E228R P453K G484E,0.2343,0.2343,11,4
TTTACTGTGACTTAAA,L258S,0.2343,0.2343,11,4
AAAGAGAATCAATGCA,F233S S389N H467R,0.3124,0.3124,11,3
AGCGTTTGCAGCAGAC,T59A L313S,0.3124,0.3124,11,3
ATACACACCTAGGTCC,C292S,0.3124,0.3124,11,3
CAACATTTTAAAATCA,L23M H131G M214R F440M,0.3124,0.3124,11,3
CGGGGGAACCACAAAC,T40M T48A N224I N365E I443G,0.3124,0.3124,11,3
CTAAACCTAAATAACC,P12E S85R M332H,0.3124,0.3124,11,3
GAATTAGCTGAATATA,E308N S400W,0.3124,0.3124,11,3
GAGATTTGATATTTGG,A132T F233L S237E P362L K465P L479P,0.3124,0.3124,11,3
GATGGCGAGTGATTCC,Q405A K451M,0.3124,0.3124,11,3
TAGCGATCCGCAAGCT,L43N E270I K461A C475M,0.3124,0.3124,11,3
TGCGTTTACGGTCGAA,L372*,0.3124,0.3124,11,3
TGTAATGTATGCACCA,E72V T101R D130R I213L Y371S,0.3124,0.3124,11,3
AAAAATTCTTGTTGTG,A195Y K465C,0.4686,0.4686,11,2
AAAAGAAAATTAGGGA,G45L L51R H448V,0.4686,0.4686,11,2
AATAACACGATATCAA,N99K L280A P383Q V435D,0.4686,0.4686,11,2
ATCACAACTAACTAGA,Q405T S439R,0.4686,0.4686,11,2
ATGTACGAATACAGTG,F117T E308V S476F,0.4686,0.4686,11,2
CAATTAGTAGAAAGAC,S154N R207G F293V A343L C364S,0.4686,0.4686,11,2
CACTAAACCTAAATGC,T48N G260*,0.4686,0.4686,11,2
GCAGAATTTTGATGCT,C53R,0.4686,0.4686,11,2
GCTAGATAAAGCTCTC,E17* V183K M214K W264C N342S,0.4686,0.4686,11,2
GGGCGGAAGAGAAACA,F233K I323N S367H,0.4686,0.4686,11,2
TCTTCACTAGAAAATA,W283L M312G H448P,0.4686,0.4686,11,2
TGACATCTACTATACC,Q3G S121Y D273R T281L,0.4686,0.4686,11,2
TTTCCCGAATAAACCA,Y129S I358F P362L E396R,0.4686,0.4686,11,2
CCAGCAGTCAATAATT,G2S K300D S392A,0.9371,0.9371,11,1
GAACAATTAAGTCTAT,G206F I252A N295M,0.9371,0.9371,11,1
TACCACTTTAAGCCAT,G276* L372F,0.9371,0.9371,11,1
TAGTTTAAAAAATAGA,M82R L188P W264L,0.9371,0.9371,11,1
GTATAAGCATGTGGTC,I222W L244V,1.0000,inf,11,0
ACTGAGATACCGTGTG,L133V,0.0002,0.0002,10,3831
CATCTCCTGAACAAAA,I136V,0.0003,0.0003,10,3324
ACGGTAAAAGAGGATA,G159L,0.0003,0.0003,10,3078
GTATCTACATTTTAAC,N167D,0.0003,0.0003,10,2931
ACCAGTACAAAAACAA,A152M,0.0003,0.0003,10,2841
CAAGAATACAAATATA,,0.0003,0.0003,10,2787
GCACTTGACGTATATG,H131T,0.0003,0.0003,10,2732
TTGATTCATGTTACAT,,0.0003,0.0003,10,2726
ACTTCCCATGCAAGAT,,0.0003,0.0003,10,2707
AGTTCCCTTAAATACG,,0.0003,0.0003,10,2687
GGGACGATGTCTTTAA,E228V,0.0003,0.0003,10,2682
TTAGCCTACATTCATC,,0.0003,0.0003,10,2631
ATAAAATGTTCTACCT,,0.0003,0.0003,10,2563
AATGGCAGAATAAAAA,,0.0003,0.0003,10,2554
CGTTAGAATAATAACT,A132S I337F,0.0003,0.0003,10,2542
AGGTGAATGACGAATC,,0.0003,0.0003,10,2522
GTCCTGAACTTAATAA,,0.0003,0.0003,10,2483
TTAATACCATAGCGCA,C53S,0.0003,0.0003,10,2468
CAAAATAAGTCTGAGT,I162M S199I,0.0003,0.0003,10,2460
ATAGTCGAAATTATGT,,0.0003,0.0003,10,2459
AAGCAAACGCATCACA,,0.0003,0.0003,10,2441
ATACAAAGATACCGCA,V44T N119S,0.0004,0.0004,10,2420
ATATCATAGATCTAAT,D204Y,0.0004,0.0004,10,2399
GATAGCGATCCGAACC,S163L,0.0004,0.0004,10,2387
AGACGATACCAAGACA,N99Q,0.0004,0.0004,10,2385
TTAAATTCTAAAATAA,,0.0004,0.0004,10,2310
TCGACACCGCACACAG,,0.0004,0.0004,10,2281
AACATATCATGATACT,L29I S199T Q218S Q324L,0.0004,0.0004,10,2258
GAATTGTCCATCCCAG,A184H,0.0004,0.0004,10,2229
GCAGCAAATAGGAACA,T190M E228K,0.0004,0.0004,10,2195
TCGAGCCAAACCTTCT,I239L,0.0004,0.0004,10,2190
AAGCAATTCTGACTGA,L120Y W227Y K481V,0.0004,0.0004,10,2184
CAGAAGAAGCACAATT,Q247Y D268T A288T,0.0004,0.0004,10,2164
TGTTCTGAAATGCTAA,F233A,0.0004,0.0004,10,2150
ATTATATTCTTAAAGG,S216R N342S,0.0004,0.0004,10,2142
ATAAACAGATATGAGG,T225C,0.0004,0.0004,10,2139
TTACAATAAATATTAA,T101P,0.0004,0.0004,10,2131
AAATAAGGGTAGGTAA,H115R Y200S,0.0004,0.0004,10,2108
ATACCTACTTGAACAA,S246R I252L,0.0004,0.0004,10,2105
TACTAAGGAGGTGAGT,,0.0004,0.0004,10,2085
GTTTCCGTTATATACA,M194L,0.0004,0.0004,10,2071
GCGATTATACATACTC,M192T,0.0004,0.0004,10,2069
AACTTAATATTTATCC,I113V,0.0004,0.0004,10,2060
ATATACTATCTAAAAT,L142A N395L,0.0004,0.0004,10,2044
TGAAAAATTAGGCACC,,0.0004,0.0004,10,2035
TAAGGAGTACAGCGAC,I201N R235S R250H,0.0004,0.0004,10,2034
GTTCGTTAAAGCTTAA,D273K T438A,0.0004,0.0004,10,2006
TCATAAACAACCCGAA,,0.0004,0.0004,10,1993
GGTACTGACTACCCCA,A328S,0.0004,0.0004,10,1983
TGCTGGTTTACAACAA,,0.0004,0.0004,10,1977
TAACACGCAATCACTT,L105M,0.0004,0.0004,10,1939
TAAATGCAAACTAGAT,T87K Y253M,0.0004,0.0004,10,1925
CAGAAGAACAGACAAG,,0.0005,0.0005,10,1882
CATGTCCCGGCATGAA,K125S R207S T261M,0.0005,0.0005,10,1879
ATCCTTACAGCATTAT,,0.0005,0.0005,10,1876
TTAATTCTCTCCACTG,G197E T261D S333A,0.0005,0.0005,10,1873
AAACAGCAAAAGCTAG,Q149N,0.0005,0.0005,10,1851
CTCTAACAAAAAGTAT,K63G T380I,0.0005,0.0005,10,1842
AAGCAAAGTTTGCAAT,S163H N224D H398L P483S,0.0005,0.0005,10,1831
ATTTGACCCAGTGCGA,K161I,0.0005,0.0005,10,1811
TCGAAGTACACTGCAG,A328K,0.0005,0.0005,10,1809
TCTAATTTACACACAG,G260R,0.0005,0.0005,10,1796
AGTATCTGTAAGTCTC,,0.0005,0.0005,10,1793
TATGATTCTCAATATG,K352Q T380V,0.0005,0.0005,10,1784
AGTGAAACCTACAGAT,H230N,0.0005,0.0005,10,1756
TGTCGTAATATCGAGA,K161T Q331H,0.0005,0.0005,10,1737
GCTGAAAAAATGGCCA,Y217E,0.0005,0.0005,10,1722
TTACTAGTCTCTAAAC,L50M M82C Y150E,0.0005,0.0005,10,1722
CCAATCAACCTTCAAT,L51M,0.0005,0.0005,10,1719
CAAAACATCCCCTCTA,D229H,0.0005,0.0005,10,1716
ACCCCCAAGCATGCCG,,0.0005,0.0005,10,1696
TTTTCTCTGGCGGTGC,,0.0005,0.0005,10,1692
TTACAAGTCAGGCAGG,F7T,0.0005,0.0005,10,1675
CCATGGTATGGCCATT,L382M,0.0005,0.0005,10,1670
AAAAGCTTTTGAGTAG,,0.0005,0.0005,10,1666
GAGATCCGATAACAAA,,0.0005,0.0005,10,1664
GACCAACGAACAACAA,,0.0005,0.0005,10,1649
TGATAAGTAAGCCACA,H374R,0.0005,0.0005,10,1643
TCACTAACAGATGGGC,,0.0005,0.0005,10,1640
CAAAAGAAAGGAAAAA,,0.0005,0.0005,10,1635
CAATATCTCTCAAAGC,P145H C292H K300S T376N E421R V431M C475H,0.0005,0.0005,10,1628
TAATAGAACACAAATA,T101H P275G,0.0005,0.0005,10,1617
AGATATCCGAATAATG,L168M Y363F E421V,0.0005,0.0005,10,1610
GCCACACAGCGCCACC,,0.0005,0.0005,10,1594
TGACCAAAAGGGGTAC,,0.0005,0.0005,10,1588
TAACACCCTTAGAGCC,,0.0005,0.0005,10,1577
GCCGGCGAGACTTTCT,G208D,0.0005,0.0005,10,1572
GGATCCTACAAAGTAA,,0.0005,0.0005,10,1550
TCGTTATCGAAGTTGC,,0.0006,0.0006,10,1538
TGGTCCTGTGAACTAA,T101I F117T,0.0006,0.0006,10,1531
GAAGCAAATGGACAGA,V97M S143T E228D P483V,0.0006,0.0006,10,1525
GTAAAGTTAATTCAAC,,0.0006,0.0006,10,1522
TGATACACAGTACCCA,,0.0006,0.0006,10,1522
TGAATATGCGGGTGAT,S381G,0.0006,0.0006,10,1519
TATCCACCTAATGGAG,F233M,0.0006,0.0006,10,1516
TCTAACCTTGAAAAAA,,0.0006,0.0006,10,1508
GTCACGCAACCCTAAC,D273N,0.0006,0.0006,10,1499
TGTGTGAACATAAAAA,,0.0006,0.0006,10,1495
ACAAATAAATTGCTTA,,0.0006,0.0006,10,1491
AACTACCTGACCTCGT,L68V L128M K481S,0.0006,0.0006,10,1485
ATATACGGGACTAAAC,,0.0006,0.0006,10,1476
AATCCAAAACTTCCTT,F38I T261V,0.0006,0.0006,10,1463
CTCATAAATAGTATAA,K272G,0.0006,0.0006,10,1460
AGTCAAGTGTACTAAT,K481M,0.0006,0.0006,10,1455
CTGACGATCAAACATT,,0.0006,0.0006,10,1449
ACTGATGCGTTTTCCA,,0.0006,0.0006,10,1440
AATTTATGAGGGACAT,A288M Q482S,0.0006,0.0006,10,1403
CTAGAGTTACTTATTC,,0.0006,0.0006,10,1403
ATAACCTAAAAGTTGT,E100N S163K S389A,0.0006,0.0006,10,1397
CAATATAATAATCTAG,Y200D R250M,0.0006,0.0006,10,1396
GTAGAGCAGAAACACA,E396L,0.0006,0.0006,10,1394
CTTACAGAACTTGCTA,,0.0006,0.0006,10,1391
CAAATCACAGCTTCGA,I201V,0.0006,0.0006,10,1381
ACTGGTAATCCCATCA,Q9E L382M,0.0006,0.0006,10,1375
CCTAACCATAAAACCT,G276Q T397L,0.0006,0.0006,10,1364
CTCTACACATGTCCCA,,0.0006,0.0006,10,1364
CTTAGCTTCAGTTACG,,0.0006,0.0006,10,1363
AGCCCTTCAGGTATCC,S171C T249W K481M,0.0006,0.0006,10,1360
GTATTCAATAAGCGAC,,0.0006,0.0006,10,1359
TTTTAACATCTCACAG,T110K V183M N295T,0.0006,0.0006,10,1356
CGAATAATAATAGCAT,,0.0006,0.0006,10,1353
GTCCCTTGACATTCCA,D357N,0.0006,0.0006,10,1353
ACGAAAGACGTCGCAA,P275Q N346S,0.0006,0.0006,10,1350
ACACGTATAATATAAT,T87S K161E,0.0006,0.0006,10,1346
TGGTACACCGGCTTGT,,0.0006,0.0006,10,1337
AAATAATGCTTTAGGA,F7M M351I L479M,0.0006,0.0006,10,1335
AATATTTTAAAGCAAA,Q149T K161R,0.0006,0.0006,10,1335
AACCAACTAGCAACAT,,0.0006,0.0006,10,1330
AGTTAAAGTCATGATT,,0.0006,0.0006,10,1326
CTAAATTGCTCGTCCC,,0.0006,0.0006,10,1325
TAAAGCAATTCTTATT,T108A,0.0006,0.0006,10,1324
GAGCGCAGGCAGCAGT,,0.0006,0.0006,10,1319
TCCAGCCAGCCCAGTA,L61M Q232L,0.0006,0.0006,10,1316
CCTATCAGATGAAAAT,S171Y,0.0007,0.0007,10,1297
CATGTAAAGGGTTGAC,I4M T274I,0.0007,0.0007,10,1296
TCACGGGCATCTTCGG,,0.0007,0.0007,10,1296
CATGAAGCCCGTTTCA,,0.0007,0.0007,10,1289
GCACGTGTCTATAGAG,R282I,0.0007,0.0007,10,1284
TCCATAAGCATACGCT,N295S,0.0007,0.0007,10,1283
AGCATCGCACAAATGG,S154R E228M Q348G,0.0007,0.0007,10,1279
TTGATAAGATACGTAC,A288F,0.0007,0.0007,10,1278
CGTGCGCCAATACCAA,T376D P486S,0.0007,0.0007,10,1273
ATTAGAATTTTTGGCA,Q321N,0.0007,0.0007,10,1272
TTTACGTAATATACCA,,0.0007,0.0007,10,1266
CCCTTAGCTCACCCGC,,0.0007,0.0007,10,1248
CTCATTTACTCTACAG,K63R,0.0007,0.0007,10,1244
GTTTATCAGAACTAAT,R193L,0.0007,0.0007,10,1242
GGGTAACAACAGCAAA,R207Y,0.0007,0.0007,10,1230
ATCCCAAGTAAAGTTT,A176L,0.0007,0.0007,10,1223
AACCTACTTCGCATCT,C53N,0.0007,0.0007,10,1209
TCTACCTAAAATAGTG,L220F,0.0007,0.0007,10,1202
GTTGATCATAGTGATT,Y172Q,0.0007,0.0007,10,1201
GGTGACAAAACCGAAG,E76Y,0.0007,0.0007,10,1191
GATTATAGAGGTGAAA,M214R A343T,0.0007,0.0007,10,1178
AAGTTGCTCTGACAAA,,0.0007,0.0007,10,1175
CGATCAAGGGCTGAAC,V65T D156C K272M,0.0007,0.0007,10,1175
AGGACGTATAGAACAC,E72G I252M I286L,0.0007,0.0007,10,1167
ATTCAATAAACATTAC,A177S,0.0007,0.0007,10,1165
AAAATCCTTTAACTGC,,0.0007,0.0007,10,1163
TGGAGGAGGAACCCCT,M194V W210G E228I,0.0007,0.0007,10,1162
AGTCAAAAATTCATTA,K116I,0.0007,0.0007,10,1159
ACCAGTACATAAGTAG,,0.0007,0.0007,10,1149
GAGCCACACTTTCAGG,M214L,0.0007,0.0007,10,1149
TTACCAGGAACAACCG,P362N,0.0007,0.0007,10,1148
GAGCGAACATACTTAA,E287D,0.0007,0.0007,10,1137
TACTTATGGTAGATTT,,0.0007,0.0007,10,1136
GACTATATTACGATGA,C53V N90T,0.0008,0.0008,10,1124
GTCAGGAAACCTTGTT,G181T G360S P483L,0.0008,0.0008,10,1123
AATGAATAATACTCAC,,0.0008,0.0008,10,1114
TCGACGCACTCCTCTT,,0.0008,0.0008,10,1110
TGAGTGTGATACTACG,T81A,0.0008,0.0008,10,1109
CACGGATGTGCTCCGC,T263D,0.0008,0.0008,10,1103
GCCTCTACTATCTAAT,K116I Q405V,0.0008,0.0008,10,1097
AGTATCAGAATGTAGC,N79M,0.0008,0.0008,10,1086
AAAAACGCATCTGTAA,H374Y,0.0008,0.0008,10,1078
CTTTTGGTATAATATC,M194S S267T D408L,0.0008,0.0008,10,1072
AACCAAATTAGGCAGT,Q416M,0.0008,0.0008,10,1069
ATTAAAAAAGCATAGA,S333N K490R,0.0008,0.0008,10,1061
GAGATGCGCAATCTGA,R379T,0.0008,0.0008,10,1060
CTAAAGGAAAAAATTG,V435C,0.0008,0.0008,10,1048
TAGGGTATAGGCTACT,V341C,0.0008,0.0008,10,1043
CGTAAAAGACGCCGAT,,0.0008,0.0008,10,1033
TATGAGAAACCTAACA,,0.0008,0.0008,10,1032
TGAACTTGAATTACGT,M410L,0.0008,0.0008,10,1028
ATATACTTGTGTCAAT,S121N,0.0008,0.0008,10,1025
GTAGTTTAGTTCAGAA,,0.0008,0.0008,10,1019
CTCATCAGTGTACAAA,,0.0008,0.0008,10,1017
TATGTGTATCGCAACA,G197Q,0.0008,0.0008,10,1014
ACGTGGCCCACCAAAT,A177R,0.0008,0.0008,10,1006
GTCAGATTTTTAAACA,S60C,0.0009,0.0009,10,1000
ATGCTGCGTAAACAAA,R193Q,0.0009,0.0009,10,997
CTCACCTTGTGAAGAA,H131N T454S,0.0009,0.0009,10,995
GCGCTACGTTATCCAA,,0.0009,0.0009,10,995
TGAACCAACGCGACCC,N167D S205I L259Q,0.0009,0.0009,10,993
ATCCTCGGGGACCATT,,0.0009,0.0009,10,991
GATTTCAAAACTCACC,,0.0009,0.0009,10,989
ACCTTGACCTGGGGAT,,0.0009,0.0009,10,984
TGTACATTTAGTTTCT,Q232L P275L,0.0009,0.0009,10,981
TTGTGCGCACTCACCT,Q189R R235N,0.0009,0.0009,10,979
GCATATAGTTTCTCCA,L26F A173D I411M,0.0009,0.0009,10,974
ACAACTACCAAACGGG,,0.0009,0.0009,10,959
CGAAAATCCTTTACCA,T182N,0.0009,0.0009,10,957
ACCTTACCTGAGTTTC,E72W,0.0009,0.0009,10,950
ATGAAATGTTCCCCGA,D122G,0.0009,0.0009,10,948
ATCCATTAAAATGACA,,0.0009,0.0009,10,944
ATAAAAAGCAGTACGT,G98R,0.0009,0.0009,10,941
CCGACATCAAATTAGT,Y441L,0.0009,0.0009,10,936
CTGACTTCACCACTAA,C41G,0.0009,0.0009,10,923
TTTCAGCACCCGAGTA,,0.0009,0.0009,10,923
CTATAACTAGATACTT,Q3G N224P,0.0009,0.0009,10,922
ACACAGTGCCCCAGGC,E100L E104A D273R,0.0009,0.0009,10,918
GCGATAAAATTTTCTT,A25T,0.0009,0.0009,10,914
GGAAACAAACGCCCGA,,0.0009,0.0009,10,899
TTTATTGATGCTTGTG,Y217C,0.0009,0.0009,10,898
AATACATAAAGTGGGA,T101I D229E T274R,0.0010,0.0010,10,895
CTAGGCGATAACCTGA,V65L N99K F233R,0.0010,0.0010,10,889
ATGAGAAAACTTAACG,,0.0010,0.0010,10,883
GACTGTATCAATATTA,,0.0010,0.0010,10,883
GAGAAAGGAGACTTTT,V31L F440M,0.0010,0.0010,10,879
TTACTAACCAAGATTA,G64R D175T S269P,0.0010,0.0010,10,876
TATAAGTTTCAGATTC,T77N,0.0010,0.0010,10,872
AGCCCAAATTGCTACC,E228K S444C,0.0010,0.0010,10,871
ATACCGCCATGCGAAT,N167E,0.0010,0.0010,10,864
TCTCACGAACCTGAAC,T397S,0.0010,0.0010,10,861
ACAGGAACTACTTGAT,I162M H179R,0.0010,0.0010,10,848
GAATTTATCGACAACA,L52W G174H A177V N395F,0.0010,0.0010,10,845
CCACCATAACCACCGA,S111V,0.0010,0.0010,10,843
ACTCCAAACCGCAAAA,T182N R314K,0.0010,0.0010,10,839
AGTAACAATTAATTAA,,0.0010,0.0010,10,831
GAAAGACTCAACCCAC,L50S T106S M214T,0.0010,0.0010,10,828
AACATCAATATTTATA,,0.0010,0.0010,10,823
CAGGAAAACGACGATC,S267T E307R,0.0010,0.0010,10,823
TAGAGCACATGAGAAA,,0.0010,0.0010,10,821
CAGAACTTCAAGACGT,,0.0010,0.0010,10,812
GCCTCCAAATAAAATG,T48S T58S V97S L120T A173T R193L,0.0011,0.0011,10,810
ATGCCTAAGAAAACAC,L449R,0.0011,0.0011,10,807
TAATCCCCCGGAATCG,,0.0011,0.0011,10,792
ATAGACACCGACCTAC,,0.0011,0.0011,10,786
AGCATAAACAGACTTT,Y253L T274Q,0.0011,0.0011,10,784
CACCATAAACATGTTG,,0.0011,0.0011,10,784
CGTCGTCGAGCTCGTA,,0.0011,0.0011,10,784
CTACGTACATAGATAA,K125R S205V,0.0011,0.0011,10,784
CATTAATAGAGGAAAA,H471L,0.0011,0.0011,10,783
GCACAAATAACGCAAC,S216R,0.0011,0.0011,10,777
TATAAAGCTTTAGATC,L51I C180I N295K,0.0011,0.0011,10,773
GCATCTGATTTAAACG,,0.0011,0.0011,10,766
TATCACAAAGTAATGA,T426L,0.0011,0.0011,10,763
ACCGGATGCCTTTAAC,,0.0011,0.0011,10,762
ACCTAACAGCTAGCCT,N146Q T376K,0.0011,0.0011,10,759
TTAGTGCAGATCTATG,L107Y,0.0011,0.0011,10,757
GAGAGCCTACCTAAAA,L51T,0.0011,0.0011,10,756
TTACCCGTGTCAAAAT,,0.0011,0.0011,10,756
GAACCAGATCAGCGAG,H170Y,0.0011,0.0011,10,743
GCGATAGCCGTTAAAA,M19A N224Q F262T V298M,0.0011,0.0011,10,743
TACAGCGCTGAACATC,,0.0012,0.0012,10,740
TTTGCACACGCGAAAC,,0.0012,0.0012,10,740
CTCACCGAGTGGAAAC,,0.0012,0.0012,10,732
CACCTATGCTCAACAG,Y441F,0.0012,0.0012,10,727
GAAGAGCGGACTCTGT,,0.0012,0.0012,10,725
ACACATTTGAAAAGGT,N302M,0.0012,0.0012,10,723
ATACTTCTTCTAATCT,,0.0012,0.0012,10,719
TCACAGATTAAGCGCA,N109S,0.0012,0.0012,10,718
TAAACCAACAATTTGA,,0.0012,0.0012,10,716
GGGATGAAGTAGTTTA,,0.0012,0.0012,10,713
AAAACAGGAAAATCTA,E151D,0.0012,0.0012,10,711
ACTATTTCCATCGCTT,G198S,0.0012,0.0012,10,711
GGAGCGCAAGTATCTA,D273W,0.0012,0.0012,10,704
TAGCGGATGAGTTGTA,T215N,0.0012,0.0012,10,703
ACAAGCGCAAACAAAC,D204T S333D,0.0012,0.0012,10,699
CCGTGAAAATATAGAC,K465S,0.0012,0.0012,10,697
GGGTGGTACGATATCA,A176T D408W,0.0012,0.0012,10,695
TATAAGACCAGTCGGT,A340L,0.0012,0.0012,10,695
TTATTAGCAAGGCCGG,,0.0012,0.0012,10,689
TTACATAACGCTCAAA,I136T,0.0012,0.0012,10,688
TTTCGTTTTCAACAAA,,0.0012,0.0012,10,688
AAGACACAGCAAAGAA,,0.0013,0.0013,10,679
TAATAAAATGAACCAT,T274H S400W,0.0013,0.0013,10,678
GGCAACAAATGCTTTT,,0.0013,0.0013,10,676
TGCTAGCATCACATAA,E100W G174Y G198N V485D,0.0013,0.0013,10,673
TACTAACGACGTTCGA,V341A,0.0013,0.0013,10,671
ATAAGAAAAATATACT,K384L,0.0013,0.0013,10,670
GATGGTCCACACGGAT,T110Q W283N V341M,0.0013,0.0013,10,666
ACTTATGACCAATACA,L449H,0.0013,0.0013,10,662
AAAATGTTTTAGAGTA,G294P V298L,0.0013,0.0013,10,658
GGACGATCAGACAGCG,A184S N395H,0.0013,0.0013,10,655
GATAGTGTACCACTGC,W210I D408V,0.0013,0.0013,10,650
CAGTGCCTATTGGTCA,I201P H398Y,0.0013,0.0013,10,647
CTTCCACTGTTAAAAA,N146I F262R,0.0013,0.0013,10,644
TACCTTGTCTTTACAA,A173R,0.0013,0.0013,10,644
TGACATCGCGATGGCA,,0.0013,0.0013,10,640
GTACAAAATATACACG,,0.0013,0.0013,10,633
TATGTTATACCATAAC,R55F,0.0013,0.0013,10,633
GTGATTAGTCATATCG,A132T,0.0014,0.0014,10,623
TAACTAATTTCAAAGA,,0.0014,0.0014,10,623
CTATAGGTATATCCCG,N158G T376S,0.0014,0.0014,10,620
GAACCAACGGGCAGCC,N119M Y150H,0.0014,0.0014,10,620
ACATTACAAGTGCAGT,S205L M332D T376A,0.0014,0.0014,10,617
AACACACAGGTCAAAG,I252T T296S,0.0014,0.0014,10,605
ATTACGGTCGAGATCA,E76N,0.0014,0.0014,10,604
GACCTATCTGGGCGAC,,0.0014,0.0014,10,603
TGACAGATATTAATGA,A39G,0.0014,0.0014,10,598
AAACACGCTATCGGGA,V47T K63S S462G,0.0014,0.0014,10,594
GAATCAACATCGGTGA,Q69R E76S R207S D251N D408N,0.0014,0.0014,10,593
GACCGCCAGAACTTAA,F7T N295S,0.0014,0.0014,10,591
CTTCCCAAAGTTGCTG,S476V,0.0015,0.0015,10,586
AAAACATGTATAGGAA,S400R D408Y,0.0015,0.0015,10,583
CAGTTAAAGCGCGAAC,R250E,0.0015,0.0015,10,581
TTAACTTTGAAAAGAC,H354A,0.0015,0.0015,10,578
TTTAACCATTATTAAC,N74T,0.0015,0.0015,10,576
GCTAGTCACAATCTAG,Q3S,0.0015,0.0015,10,574
CTGAACCTTCTGTGTA,Y200H,0.0015,0.0015,10,572
AAAGGCACTAGTACCC,I358W,0.0015,0.0015,10,570
ATCATGGTTTAGTTGA,,0.0015,0.0015,10,569
AGCGACTAAATATCTC,N148S,0.0015,0.0015,10,557
GGGTTAAGAACCGAAA,L61S Q149S F440M,0.0015,0.0015,10,556
AGAACTGCAACAGAAG,,0.0016,0.0016,10,549
TCACCAAATACTCTTG,,0.0016,0.0016,10,549
ATGCACACGATGATCA,E104S V183I Q189H,0.0016,0.0016,10,548
ATTCCATCGCCCAGGG,T274A,0.0016,0.0016,10,542
GTGCACCAACAACGTG,K161G A288S,0.0016,0.0016,10,542
TCACTAACCGTCAAAG,,0.0016,0.0016,10,540
CCTAGATTTGCAATAG,,0.0016,0.0016,10,527
TAATCCGCGGAGCTGG,,0.0016,0.0016,10,525
CTGTTTATTGCATTTA,V435M,0.0016,0.0016,10,521
GTATCACTATATTATT,G174L R282I,0.0016,0.0016,10,520
TATCCATAAAAGAGCA,D357W,0.0016,0.0016,10,520
TGGCATATCGACACGG,S111E K300E,0.0016,0.0016,10,520
TTCCACTCCGACATCT,,0.0016,0.0016,10,520
TGTAAATGTCACGACA,D130E,0.0016,0.0016,10,518
CGTGGACAACTACTGA,H13T,0.0017,0.0017,10,512
AGAATTTGATACGGAG,H124S,0.0017,0.0017,10,509
TGTAAACTACTCAAAC,,0.0017,0.0017,10,508
ACCTACGTCTACAATC,I15C E303H,0.0017,0.0017,10,507
CAGGAAATTATTACTA,,0.0017,0.0017,10,498
TAAGTCAACAAACCAA,,0.0017,0.0017,10,497
ATCCAGCATAAGGGTC,D306M,0.0017,0.0017,10,496
GGCAAGATGATATATA,Y200V,0.0017,0.0017,10,496
TAAATCATCCATGCTG,,0.0017,0.0017,10,495
GTGCGCGGGAGATAGA,,0.0017,0.0017,10,493
CAAATAATGCTGTAGA,,0.0017,0.0017,10,490
CCCCACCAGGAACTAT,F147T A299E,0.0018,0.0018,10,485
CACTAGAAAGCCAGAG,,0.0018,0.0018,10,469
TTGCAAGAAACTACAT,S138C,0.0018,0.0018,10,469
AGCCGGAACAAGCCAA,M75T,0.0018,0.0018,10,465
GAAGGTAATAACTGCG,Y200F,0.0019,0.0019,10,459
TCAGACGACCAAAATC,N74M,0.0019,0.0019,10,459
ATGGACACACACTTGA,E72W,0.0019,0.0019,10,455
AATGCTAGTTTGATTA,N390V,0.0019,0.0019,10,452
TACCTACTATGTACGA,G174V A407V,0.0019,0.0019,10,446
TCATACAATTAACTCA,N178S W227S E270D M332F,0.0019,0.0019,10,444
CACCAGAAACAAATAT,I221N C231* Q405G P486E,0.0019,0.0019,10,441
CTCGTTAACACCAAAT,G181L I361T,0.0019,0.0019,10,441
TGGAGTTTCCAACTAA,,0.0019,0.0019,10,439
ACTAAGAACTTCCACG,W196K,0.0019,0.0019,10,437
AATCGCAAAGTTTCGG,H179T,0.0020,0.0020,10,436
CTGTCGAGAGGTGTTT,E100V,0.0020,0.0020,10,432
CAATGACCCCAGTCAA,I221V,0.0020,0.0020,10,431
CCCCTCGTAATGATAG,T226L,0.0020,0.0020,10,427
CGACCAAAGTTTTATG,T101D,0.0020,0.0020,10,427
GGACCACAAATAACTA,H170Y G174V R256F M359V,0.0020,0.0020,10,427
AGACGACCATCAAGAT,,0.0020,0.0020,10,424
TATGGAAGCACCGAAT,G174R L315P,0.0020,0.0020,10,422
ACGATGACGCGAAACC,S27A N178T T265V,0.0020,0.0020,10,420
AACCCAAAGTGAAGAT,E289V,0.0020,0.0020,10,417
AAAGAGTGCAGACAAA,,0.0021,0.0021,10,415
AAACTGTGGAAGATTC,H448F,0.0021,0.0021,10,408
ACACCAAGCGCATTAT,L50W T110D W210H N390S,0.0021,0.0021,10,408
GATTGCAATCCGCGAA,,0.0021,0.0021,10,406
AGGAAAAGGGAGCCTA,V47T D229T K488L,0.0021,0.0021,10,404
ACTTAGCTAGCCACAA,,0.0021,0.0021,10,401
CTCAATAATGGAATCC,K33D,0.0022,0.0022,10,396
CCTGCAGGCATTACAT,,0.0022,0.0022,10,393
GACCTCCTGTGAAAAA,H179V G429L,0.0022,0.0022,10,390
GTAGATTCACTGGGTG,V28W N295S,0.0022,0.0022,10,388
CAATATGAAAAATAGG,G198F,0.0022,0.0022,10,387
GATAGATTTTTCACCA,A173P M192K N470S,0.0022,0.0022,10,387
AAAATTCAAGATGCAC,I254W,0.0022,0.0022,10,383
ACGAAATACGGGTAAT,S121N K161N,0.0022,0.0022,10,382
CAAATATCCCCACCTC,Q9R E104L P483A,0.0022,0.0022,10,382
AAAATAGGTCGGAATA,,0.0022,0.0022,10,380
ACATAACACTCAATAA,V22L,0.0023,0.0023,10,378
AACTCTCTGTTAAACC,K490L,0.0023,0.0023,10,375
AGCTACCGCAAGGACA,T182I K300S,0.0023,0.0023,10,375
ATCGCCATGAACGTAG,M134K,0.0024,0.0024,10,359
CGTATATGAGGCAGGG,G160R N338D,0.0024,0.0024,10,355
CGTAGAAATTTCTAGA,G460T,0.0024,0.0024,10,352
CACACCTCTCTTTGAT,,0.0024,0.0024,10,350
ACAATCGAGCATCCAA,H92Q N109S,0.0025,0.0025,10,346
CATAGACAGACCACAG,,0.0025,0.0025,10,337
CTCTTAAGGACGCAAA,S135G E303C S439F,0.0025,0.0025,10,336
AAGCCCGAAAAATCGA,N185I,0.0026,0.0026,10,332
ATAAGGCAAATACTAG,A340M,0.0026,0.0026,10,330
CTGCTAGAATAACACT,M153K,0.0026,0.0026,10,329
GGTGTAGCAAATACAC,W196G,0.0026,0.0026,10,329
AATTATTTAGGAATCA,M19I V31I T296P,0.0026,0.0026,10,328
GAGGTTTAGTGAATAA,S171V Y253R,0.0026,0.0026,10,324
GATAGACATACCCAAT,,0.0026,0.0026,10,322
TTTTATCAAGCGAAGA,I286N,0.0027,0.0027,10,321
GTGCCAATGGCAATCC,E100L I213Y A407W,0.0027,0.0027,10,318
TTACACAGATGACCGA,G181D D357A,0.0027,0.0027,10,315
TAGGAACTAAACCGCA,T110N Y200A R257T T281V,0.0027,0.0027,10,312
GATATCAATCCTTAGG,S56V G174M G181L,0.0027,0.0027,10,310
TGAATATGAGACCCTA,L43T K161N,0.0028,0.0028,10,308
CAGTAGATACTGCCCA,N470D,0.0028,0.0028,10,304
TGCACAGCGAATTCAA,A176E N209S,0.0028,0.0028,10,304
GAGTTTAATCGTCGAG,G54R W227I,0.0028,0.0028,10,299
CACCTCTTATTAATGA,E16R,0.0029,0.0029,10,291
AACATTATAGTACTAC,C475F,0.0030,0.0030,10,286
GGTGATGAGTACAATT,H230Q T377R,0.0030,0.0030,10,285
CAAACCTCCACATAAA,,0.0030,0.0030,10,281
TCAACCTTAGGCAAAT,S85N M192E S199C F233V,0.0030,0.0030,10,281
TCCTAGCAGAGGGTCC,C180D,0.0031,0.0031,10,276
AATTACATCTCGTAAA,F8L,0.0031,0.0031,10,274
AGCTATTAGTAAACCA,W196T Q232D,0.0031,0.0031,10,274
GAGTTCCTTGTAATAC,N99Y A195L,0.0031,0.0031,10,273
ATACATCAAAGAATTT,D229E,0.0031,0.0031,10,272
CTTTATTAGTTAATCA,S444C,0.0032,0.0032,10,269
GCTGCTGGCACCACAC,E100V V164T,0.0032,0.0032,10,269
TCGACTAATAGAGCAC,H170F Y441H,0.0032,0.0032,10,263
ATAAAGGTGATTATGT,Y129T P236L G294E S389C,0.0033,0.0033,10,259
TTCACCAGGAAAAAAA,Q9F E151F A299T,0.0033,0.0033,10,257
AGCAGCAATTCCAGAG,S444K,0.0034,0.0034,10,254
TATCATGGGTGTGAAC,S234K G276R F434Y,0.0034,0.0034,10,252
CAAATCTAGATAAAAA,Q189* C301S,0.0035,0.0035,10,241
AAAGACCTTTGAAATT,S163R R193L,0.0036,0.0036,10,238
CAGAAATGGTCCATTC,I112M R250C S267F M284R L326*,0.0036,0.0036,10,237
AGCACTGCGAAGCGGT,F38W S171H T249D,0.0036,0.0036,10,234
CACGAATAAGCGCCAA,L73V K88L D306L,0.0036,0.0036,10,234
GCAGCCATCACTATGG,I221P V388H,0.0037,0.0037,10,233
GTTCGCTTGCCGTATG,G64W,0.0037,0.0037,10,233
TCCATACATCGTCTTT,N185Y K327R Y441L,0.0037,0.0037,10,230
ATTTCTAAAATGAATA,Y62H I162L F434G C477T,0.0038,0.0038,10,227
ATACTTGGCCTTCATT,T48H,0.0038,0.0038,10,226
AAGACTGCGCACTCTT,G277F N390D K490*,0.0038,0.0038,10,223
TAAGAGAAACACCCTG,L29F M75R D229Y,0.0038,0.0038,10,222
TGAGACAAAACCTCTC,F434V,0.0038,0.0038,10,222
CTCACCCACACACCTG,H141M Y200*,0.0039,0.0039,10,219
TCTAAAAACAATTCTC,N148Y G240D L290C K481V K490P,0.0039,0.0039,10,219
AACACGACTGCCGAAC,,0.0039,0.0039,10,218
CATGCCACCCACCCGC,V28* G208W,0.0039,0.0039,10,218
CTAGATAAGCCAATTA,R55H R207*,0.0039,0.0039,10,217
GTGGGAGAGGTGACTG,K339M T375A P483V,0.0040,0.0040,10,215
CATTGTGAGTCGTAAA,,0.0040,0.0040,10,214
ATCCAAAAGAACAAAC,Q3T T281V,0.0040,0.0040,10,213
GCCTATATAATGCCAC,H92I L442S,0.0040,0.0040,10,212
CCATAGTAGCTTTATT,C118F W264M,0.0041,0.0041,10,206
ATTCGGAATATAGCTG,S135M S171R C463R,0.0042,0.0042,10,201
GACATTACATAGTAGT,M82* N365G,0.0042,0.0042,10,201
TTACGAAAGCGCCCGC,C118S L285Q,0.0042,0.0042,10,201
GGAATAAAAAATCAGC,C155I N178H T377I T412V,0.0043,0.0043,10,198
CTGGAACCCACCGTTC,L105Q F399T,0.0043,0.0043,10,197
AAGATATAAAAATTGA,M96I G102M S143C,0.0043,0.0043,10,196
CTACATGACGCTTGAA,L280F Y363P Q482Y,0.0044,0.0044,10,195
CTATACTTCAACCATT,A152C K425W,0.0044,0.0044,10,195
TCTACGCCTTTTCTAC,G54L A195Y H305F S444N,0.0044,0.0044,10,195
CAACCTTTGATAACCC,Q189P C279V A343R E404I,0.0044,0.0044,10,192
GAGGGAGAACCAGAAC,H374P,0.0044,0.0044,10,192
GCCCGTGTAAACCATA,C118G W227C K339T,0.0045,0.0045,10,191
TGAATTCCCTCCAACG,V5* A30D,0.0045,0.0045,10,191
CCACTGTATGCTGAAG,S85V F157S N178G,0.0045,0.0045,10,189
GGAATAGAAGCCTAGA,T59W L78F R250T,0.0045,0.0045,10,189
TGCCTAGGATCACCGA,T77S Y419F,0.0045,0.0045,10,189
AAGTTCGCCAATCCCG,I361Q G391W,0.0046,0.0046,10,186
GAACGGCAGACCCCCC,C41F I213L Q416M,0.0046,0.0046,10,186
GTATTACCGAATCGCT,S199K S237L D347Y G391S K481F,0.0046,0.0046,10,186
ACTAGGAAGCAGGCAT,I144C C155E,0.0046,0.0046,10,185
CACCTCAAATAATGAA,E396L,0.0047,0.0047,10,182
AGCCCAAGCTTCACAT,I213S Y366K,0.0048,0.0048,10,179
CAATTAAAAAACAAAA,V47* T106I Y150L C180M I239* L280V,0.0048,0.0048,10,178
ATACATAAGAAAACGG,L50R,0.0048,0.0048,10,177
TTTTGGACCGCTCACA,F316A T375D,0.0049,0.0049,10,175
ACAAAATATGATGTTA,G102V M420S K481V,0.0049,0.0049,10,174
TTTACCGATTGTCCAT,S27G F157H,0.0049,0.0049,10,174
AATACATACTGCGATT,D130M C231R,0.0050,0.0050,10,170
ACCGTTAGCATCTTTG,S60F C155A G198S K304Q A407T,0.0050,0.0050,10,169
ATAACCAACAATGGAG,T376S M472F,0.0052,0.0052,10,165
TGCTCGGCGTTATATC,F157L H179N C301M,0.0052,0.0052,10,164
AGGATCGCGTTATCAC,C155I L220M S389V,0.0053,0.0053,10,162
TAATGCCCGCGTTTGA,T106N I201S,0.0053,0.0053,10,162
ATTGCACTGCAATTGA,N89T Y129G,0.0053,0.0053,10,161
CTATATCAAGAGAATT,L35V I112C E151R E228N E308L A328N,0.0054,0.0054,10,157
GACAAGAAACACGGTG,E413F S462V,0.0055,0.0055,10,156
GTACGGGCGTAGCATA,,0.0055,0.0055,10,156
CGGGAATAATGCTGTA,C41P,0.0055,0.0055,10,154
TCCGGAGCCCCGACAG,A184V N302R,0.0055,0.0055,10,154
GTCACGTATAAGCACG,N338L,0.0056,0.0056,10,153
CATTAAGGGTTACTGA,K425N,0.0056,0.0056,10,151
CCAACTCTAAAAATAA,L23W Y36R,0.0056,0.0056,10,151
TCACTGGAATTAGAAA,T40L L52V,0.0058,0.0058,10,148
TTACCGGCATCGTAGT,T380Y,0.0058,0.0058,10,148
ACAAGATCCAACGCTA,R257P K465V,0.0058,0.0058,10,147
TTTAAAATAAACAATA,M82K F399V T426L,0.0059,0.0059,10,145
ACCTCACAAATTAAAA,T263*,0.0060,0.0060,10,141
GAATGCTCGTTTAAAT,L51H S85L,0.0060,0.0060,10,141
AGACCGAATTAGAAAA,L71S R193S,0.0061,0.0061,10,140
AACACAGCTGCATCAA,Q3S K125R C301L,0.0061,0.0061,10,139
CAAAGAGTGTCATCAA,L78N M312L K352M,0.0061,0.0061,10,139
TTGAACCTACTCACTA,K125S C180I,0.0063,0.0063,10,135
ATTTGATGTTCCACCA,F8Q C155R,0.0065,0.0065,10,132
AGAGGATTAGCCGAAA,S91A,0.0065,0.0065,10,131
AGTCGCGGACTCCTTC,S476E,0.0066,0.0066,10,130
CTCTGAACAAGAAAAA,F8S N90T,0.0066,0.0066,10,130
CGTTCCCTCTAAGCAC,L105Y R235H,0.0066,0.0066,10,129
CGGAGCTGACATTTCA,F262S A407T I445F P466R,0.0068,0.0068,10,126
TCTTTCAACCCGAGCG,G42K,0.0068,0.0068,10,125
CAATCCACTAAGGTAG,A25Y L51E L68M T101A A123F A173T R379V G484M,0.0069,0.0069,10,124
CTACCCTCAAAAGACA,T48R H131L G240Y M410E,0.0069,0.0069,10,124
TTGCGACATTACGATT,T59M S91W,0.0069,0.0069,10,124
TAACGCACATTCATAA,F49* D402V,0.0069,0.0069,10,123
CGAGTTGACCTAACCT,L73Q S462R,0.0070,0.0070,10,122
CGGGAGTGCATCAAGT,T48L F157T S163R R193D S199K,0.0070,0.0070,10,122
CACACAGGTAGCTCAC,I144S L349W N470L V487F,0.0070,0.0070,10,121
CTCATAAAATCCTGTT,K272Q,0.0070,0.0070,10,121
GTTCAGACCCCCAAAT,T106D A202D E270L M414R G473I,0.0070,0.0070,10,121
CAATACATTGACTTAA,L285F T454I,0.0071,0.0071,10,120
GATCCCTTCCAACGTA,H93Y G243T Q405K,0.0072,0.0072,10,119
TACAACATACTGCTGT,I21Y F157M G260W,0.0072,0.0072,10,119
TTCTTTATCACTAAGC,V14P P486N,0.0072,0.0072,10,118
GCGAATACCGAATCCG,N127K D156H Q324G,0.0073,0.0073,10,117
GCTCATCCCATGTGTC,M1* I15L I337W N373F,0.0073,0.0073,10,117
TTGGACTCAACTATAC,T182R N224R,0.0073,0.0073,10,117
ACGTGCTAGTAGCATT,A39W C57S N109S A123H,0.0074,0.0074,10,115
ATATTTCGTTTAGAAA,T182S L242Y,0.0074,0.0074,10,115
TAAGAGTAATTCTCTA,C155S R207T,0.0074,0.0074,10,115
TAGAAAGGACTAGTCC,E67G N90S C212W,0.0075,0.0075,10,114
TGCTACTCGAAGCTAC,K339L,0.0075,0.0075,10,114
AATTTGTATTAAACGT,A39Y P483F K488H,0.0075,0.0075,10,113
CAGCAGGATCTTGAAA,G174H,0.0075,0.0075,10,113
GAATAGGACAACTCTT,G473F,0.0075,0.0075,10,113
GAATCCAGTCTCGCTA,F49K C86W S199F,0.0075,0.0075,10,113
CCTTTTTAGCGCATTG,E100M A330L P464K,0.0076,0.0076,10,112
TTGTAGCAGGACCTAC,G276P N395L L449D,0.0076,0.0076,10,112
GGAGAGGTATCGATTG,,0.0077,0.0077,10,111
TGATGAACCCGGGAAC,G424R,0.0077,0.0077,10,111
GAAGATTTCTTTACTT,L68Q H354T C364S,0.0077,0.0077,10,110
TCACTTTAGCAGAAAT,G102F,0.0078,0.0078,10,109
TGTACATTGTCACATT,T59P N79V I144N T397P,0.0078,0.0078,10,109
GCCAACAAAGACATAA,L71V L242T,0.0079,0.0079,10,108
ACAAAGAAAGGGGCAG,L46C S216M K488P,0.0080,0.0080,10,107
ATATTCCGTGATCCAC,V14L R468*,0.0080,0.0080,10,107
CAATAACGTAGGACCA,L68I S135N M312G D401T,0.0080,0.0080,10,107
CCTCTGAAATCTTAAC,W370S Y480T,0.0080,0.0080,10,107
TGTAACTCTTAACATG,N209D I334K,0.0080,0.0080,10,107
CCAACGAAATTACCCA,G54D D130T F434*,0.0080,0.0080,10,106
TTCATACGTCGAAATA,I286R,0.0080,0.0080,10,106
GTTCACCTGAGAAGGG,E308* C477A,0.0081,0.0081,10,105
AGGCGATTTCTCATTT,G276R Y393S L442S,0.0082,0.0082,10,104
CACCTTCGATTAAACC,I15L V164* Q189L,0.0083,0.0083,10,103
CATTTAAGGTCACACG,S143H S255P C310W T412D M420N,0.0083,0.0083,10,103
CGGACCAGACTACACT,F49I W283* K481V,0.0083,0.0083,10,103
CGGGTTGAGTCACAAT,,0.0083,0.0083,10,103
TTTCTCTCGTTGTAAC,M134L S143C,0.0083,0.0083,10,103
ATTAAAAAACGGAAAA,M134S I252V,0.0084,0.0084,10,102
CAAAGGCTAATTACCC,P236V E308D Y369S R379S,0.0084,0.0084,10,101
CAGAGGCTCCAACGAT,S56K S199C N209A,0.0084,0.0084,10,101
GCAAGGTTAGAGATAA,A173R N185T Q223N,0.0084,0.0084,10,101
AGGTAAATAGGGGATG,F140K P145F F191G C310K,0.0085,0.0085,10,100
CTAGACAGCCATTTAG,A177C Y200D T226D,0.0085,0.0085,10,100
TAAGGCGAAAAAAGAA,T81K R250H,0.0085,0.0085,10,100
AATCAGGATCATGTAC,D317F,0.0086,0.0086,10,99
CGCTTGACGTGCGTGA,S199T I222L W283R,0.0086,0.0086,10,99
GAACGAGCCAAGCCGT,A328T I411S,0.0086,0.0086,10,99
TGAATAATAAGTTAAA,E17* E100K A288S,0.0086,0.0086,10,99
AGTCCCGTCAGTGTGC,L103R S143R G240L I334E R456L,0.0087,0.0087,10,98
CAGAGACCTTCGAGCC,E17A N185I N319P,0.0087,0.0087,10,98
AGCCGACAGTACGCTG,I4V P236T L430K,0.0088,0.0088,10,97
ATTCCCATAGAGACAA,K33W V44C K63R F233V S333N,0.0088,0.0088,10,97
GCATTGGCATAAATGT,N302*,0.0088,0.0088,10,97
TAAGATAGTAACCAAG,F191*,0.0089,0.0089,10,96
ATAAAGCCCCGAAAGC,L26T A132T F262Y V341M,0.0090,0.0090,10,95
TTATCTCAAGTAAAGT,K161G Q165A A173T,0.0090,0.0090,10,95
CCAATTAACAAAGACT,M134W E270S,0.0092,0.0092,10,93
TAAAAATACTTATTAG,N99T M214S V435*,0.0092,0.0092,10,93
TTCAACTGAAAGAGTT,V164A C292Y M312V I452R,0.0092,0.0092,10,93
TTCCTAAAATCCGCAG,W386T F440M L479K,0.0093,0.0093,10,92
CCACTAATGCCAGCCA,H13P H230A C279S L290V A330S L394I,0.0094,0.0094,10,91
CCTATCAATAAGTATA,C53N C279L D432F,0.0094,0.0094,10,91
CTCCGGCCCCCCTTCT,A30G T87D D156*,0.0095,0.0095,10,90
ATATCCAAACAGTACA,S143H D408K,0.0096,0.0096,10,89
CCCAAGAAGTTGGTTT,I112E G160D Q218E E287Y,0.0096,0.0096,10,89
GGACATTATAAAAAAA,G98V L103N R379L K481T,0.0096,0.0096,10,89
ATAATGCATGCATGAA,A152M T215D L245N,0.0097,0.0097,10,88
GAGAGTTGTTTATCAC,M284T I350L V487D,0.0097,0.0097,10,88
GTTCAATCACTACTAT,L68Q G186L V388M,0.0097,0.0097,10,88
AAAAAAACTAATAGAC,E228A W283* S333N,0.0098,0.0098,10,87
ATAGCTGTGTGAATCA,N74Y F117S I239V W370I,0.0098,0.0098,10,87
ATTGCCATGTCGCATA,H131P W227F M312L,0.0098,0.0098,10,87
GAAGACCCCCATGCAA,T274K M359Y W370S Q423L,0.0098,0.0098,10,87
GACTTGCCTCGTAATA,S171D L244E I403L,0.0098,0.0098,10,87
TTCAGTTACTAGTAAG,Y94H K161V T182M F316P,0.0098,0.0098,10,87
ATATATACAGGTATCA,V450P,0.0099,0.0099,10,86
GGCTGTAATCAACACT,C53M D156K Q189L,0.0099,0.0099,10,86
GGGTCACAAATGGGCC,E104A A288P T296N C301I L449R I474P,0.0099,0.0099,10,86
TATGGCCCCCAGACTG,A39T V44Q Q165* W196G R282I H457Y,0.0099,0.0099,10,86
TCTGTACGATCTCCTT,L32M T106N V164M L285* Y393H,0.0100,0.0100,10,85
CTCACCCTTGACAAAA,L23R E307I,0.0101,0.0101,10,84
TTTTCAAAATATACCC,I4D V22L L35D A152C A176L E289K I474F,0.0101,0.0101,10,84
AAAAAAATTGTCAACT,F49V R250G K291Q A330H T375L L447T,0.0103,0.0103,10,83
ACACTTAACGTCGTAT,I286W M410V,0.0103,0.0103,10,83
TAGAACGCAATATCGC,G276F P486R,0.0103,0.0103,10,83
TGTCATGTACCTTGTC,C41F G197A I403V,0.0103,0.0103,10,83
AAAGGGAGCTCTCGGA,S91R S205T C463I,0.0104,0.0104,10,82
GTAAATAAACACTCAT,,0.0104,0.0104,10,82
CTCCTATAGTATTCAC,G159S A177L L244A,0.0105,0.0105,10,81
TACCCTCAAAACGCGA,Q69W,0.0105,0.0105,10,81
CAATAATACGGGTTAC,C86F S255L E287H S439Y,0.0106,0.0106,10,80
TCCCAAGACGATTGTA,N178*,0.0106,0.0106,10,80
CAAGAAATAGTAATCT,D251R,0.0108,0.0108,10,79
CGTAATGACAATATTT,F233L D311H,0.0109,0.0109,10,78
GGTCAGGCGGGGAGGT,S389*,0.0111,0.0111,10,77
CGTTTACCCTCCACAC,A30S E104R,0.0114,0.0114,10,75
GGAACAGTCAAGACGT,Y150S,0.0114,0.0114,10,75
GCAAATACTATTTAAT,I21T Q223F,0.0115,0.0115,10,74
GTAGCCTCCGGAACGA,,0.0117,0.0117,10,73
ATATCAGGGGTTAAGG,M75S I112F N209M A288P N395F,0.0118,0.0118,10,72
CATCATACCGAATTAG,V28R,0.0120,0.0120,10,71
CACACACATTATAAAT,W264D T397L,0.0122,0.0122,10,70
GGCAAAGTCGTAAAAC,I4V H13K N20R W196R F233E,0.0122,0.0122,10,70
CGTATAAGATAACCTG,Y217I W227L,0.0123,0.0123,10,69
ATGCGAGGAGTCAGCG,A39V M82T A123S I144L Y172F I239L Y363K N409F,0.0129,0.0129,10,66
CATCACGAAAAAAAAC,N295L G429*,0.0131,0.0131,10,65
CAAAACTAACTCATCC,I112S C155L L245H N319V,0.0133,0.0133,10,64
GGAATTTAACTATCGA,V14L A340R P453C,0.0140,0.0140,10,61
TTTGAGAGCCAGTTCA,T81P H115W Y363L,0.0140,0.0140,10,61
AACATCAAGTTAAGGG,C53M F157T,0.0142,0.0142,10,60
TACGAAAGAATCAAAA,R468L,0.0152,0.0152,10,56
GTACCAACATTTGGAA,Y166A E329R E396S,0.0158,0.0158,10,54
AAAACTCCATGAAGTG,S85D L220R H374R K490S,0.0164,0.0164,10,52
CAAATTAACACGTACT,S154V I213*,0.0174,0.0174,10,49
AACTGTCAAGAGTTCT,G378R E421R,0.0177,0.0177,10,48
ATCGAGAGAACTCACT,M194K E404T P486K,0.0189,0.0189,10,45
ATTATAGAACGAGAAA,P236A N302I L336M G460Y,0.0198,0.0198,10,43
CGATGCCAGAAGAAGA,S205H A299P V459M,0.0198,0.0198,10,43
GTGTGACGGAACCATC,V28G N89D R193V,0.0213,0.0213,10,40
ACCTATATCTGGGAAT,H115V L220V I252S,0.0258,0.0258,10,33
GGACCTTCAGAGAAAT,N319P,0.0294,0.0294,10,29
ACCATTAAATATAAAA,L46I Y241N K339S G473M,0.0304,0.0304,10,28
CAGTCGACGTAGCTGC,F157L Y393L,0.0304,0.0304,10,28
TCACGCAGAACCCGCA,E67V T77I Y129I W227T L315M A343P,0.0316,0.0316,10,27
ATCCCCCGTGGTACTA,C310A,0.0426,0.0426,10,20
ACAACTTCCTACTCAA,R207C C231H R248G L387W N390R D432R,0.0448,0.0448,10,19
TTCTGAATTACGTTCT,Q247K P383L,0.0473,0.0473,10,18
ATCAACCAGCCGTGTC,M332Y Y393D,0.0501,0.0501,10,17
TACGACACAAAAAATT,H93V N302K F309* T377A,0.0532,0.0532,10,16
AAGATTAGGCCCATAG,G102K,0.0568,0.0568,10,15
ACGGCTGTGGTCTCCA,N20S C231T,0.0568,0.0568,10,15
ACGTGGTTACTAATCA,L51I S267R K465P,0.0568,0.0568,10,15
GATGGCTCAGAGCAAT,D156V T182H Q189* K291T,0.0568,0.0568,10,15
GTATAAACTTTGATCC,V14K S169I A299K,0.0568,0.0568,10,15
GTCAAGTGACCAAGCT,G2S N37I,0.0568,0.0568,10,15
TAGCGCGGGAATTAAC,G197S N319F K352V,0.0568,0.0568,10,15
TATGCTTCAAGAGGAG,V65H I452A,0.0568,0.0568,10,15
AGAAATCACTATTAAA,N158I F191K,0.0609,0.0609,10,14
CGAACTTATAAAAGAT,R256M H305L V459P,0.0609,0.0609,10,14
AAGTGCTATTGTTGAT,A184I C301S,0.0655,0.0655,10,13
ATAGTCCGACCTCGTC,T87L I334P,0.0655,0.0655,10,13
ATCGGAATTGTAATAG,N37K,0.0655,0.0655,10,13
CTTAGACCATGTCTCA,S91V G260S,0.0655,0.0655,10,13
GAAATCACAAGTTGTC,T87L P238F,0.0655,0.0655,10,13
GACCATTAAAATTTCA,S381L,0.0655,0.0655,10,13
GCGTCAACTCATACCC,M1V L35V S169K D408H,0.0655,0.0655,10,13
GGATCATCATTTACTT,P427L,0.0655,0.0655,10,13
TACCTAAAAATGCAAT,S163P M332*,0.0655,0.0655,10,13
AATTCATCACTACCTA,D273N C475L,0.0710,0.0710,10,12
ACGAACTTTCAAACGA,M82K T110N I136F P383K,0.0710,0.0710,10,12
AGATAATAACATTTGA,S444Y,0.0710,0.0710,10,12
CAGCATCACCGCGATA,G2L S135P,0.0710,0.0710,10,12
CATCTAAGAGGACGAA,T110S T454F,0.0710,0.0710,10,12
CCAATATTAACGGGAT,D408L F436N,0.0710,0.0710,10,12
CCCAGGACCACAGCGA,E17G T377F,0.0710,0.0710,10,12
CCTCGCTCTCGAAAGG,Y166N I452N,0.0710,0.0710,10,12
CTGACCACATTAGGAG,F8R F140L T261I P383R,0.0710,0.0710,10,12
CTTTTCGATTGGTATA,L73* P427Q,0.0710,0.0710,10,12
GCATCACAACTTTACA,M194E,0.0710,0.0710,10,12
GGGTAAAGTATTGAAC,L103C L258M W264H L442S,0.0710,0.0710,10,12
TCACCCGTGACTCCCA,Y363L,0.0710,0.0710,10,12
TGGAGTAGCAAAATTC,N74P F233G W370F,0.0710,0.0710,10,12
TTGGGCAGATGCCCAC,G294A R356S,0.0710,0.0710,10,12
AAAAATCAGAAGATGT,V47N L107A,0.0774,0.0774,10,11
AACCAACAAGCAAAAC,H13N N158M M414I V431G,0.0774,0.0774,10,11
ACATCATACTAATATT,M80* I350F,0.0774,0.0774,10,11
ACCTATAAAACGAACA,W227L K417S W489M,0.0774,0.0774,10,11
AGGTAACCAAAAATAG,L68K G198L,0.0774,0.0774,10,11
CAACTCTCCCATCACC,R256V D402N,0.0774,0.0774,10,11
CAGTCCTTTGCAGCAC,R257D R379K,0.0774,0.0774,10,11
CCGGCCTCTTAGGTCC,G2E S60R S169Y P466L,0.0774,0.0774,10,11
CGCTGCTTATACCAAT,V14G A39L,0.0774,0.0774,10,11
CTCTCGAAATACTACT,R193K G260S F309T L447P,0.0774,0.0774,10,11
CTTCTTAAGTATCGTA,T40S N390V Y419S,0.0774,0.0774,10,11
GACGCGACATTGTATT,T139*,0.0774,0.0774,10,11
GCCATACCCATTAAAA,G277L,0.0774,0.0774,10,11
GGTCAAAGCGTCACGA,S199A Y253* L387Q D432M,0.0774,0.0774,10,11
GTAAAGCTCAACTCTT,P383T,0.0774,0.0774,10,11
TAAAGATATCAGGCGG,G64R I323N,0.0774,0.0774,10,11
TCCTAAAAAGGCACTA,P12I E76K Q189P Q482L,0.0774,0.0774,10,11
TGGAGAAAGGTAACGA,F38K N74P H131R,0.0774,0.0774,10,11
TTACCATACTTATATC,T412E R468Y,0.0774,0.0774,10,11
AAAGGACAGTGTGCCT,C279V D347N I458Y,0.0852,0.0852,10,10
AGCGCCGAAATAGTAT,G2V Y66A T397A,0.0852,0.0852,10,10
AGGTTGATTCACGAGA,I4A Y129A,0.0852,0.0852,10,10
AGTAACCATCATTAAG,L84* A288K,0.0852,0.0852,10,10
AGTCTTCACCATGACA,R193M L336S L430P,0.0852,0.0852,10,10
ATAGCTTTTAACAAAC,F434N,0.0852,0.0852,10,10
ATATGGTAAGGGCAAG,C118F Q232I,0.0852,0.0852,10,10
ATCGATATTTGCATAC,T40G F147M R491*,0.0852,0.0852,10,10
ATCTTTTGTTTTTAAC,S121C E404R,0.0852,0.0852,10,10
CCAATAGCCATCTGAC,H92R I213H T249V A328P,0.0852,0.0852,10,10
CGCCCCCATCGTAACC,I137T L259V V485Q,0.0852,0.0852,10,10
CGGAACATTAAGTAAA,F191N P236M,0.0852,0.0852,10,10
CTCAAACACTACCAAA,I15W L61N M214Y W283L P466I,0.0852,0.0852,10,10
CTGAGAGATCGATTAC,K33E,0.0852,0.0852,10,10
GACAGGAACAGAACCC,R325C S381E,0.0852,0.0852,10,10
GCCATTGAAATCATTG,E16M N89A L336* S389I,0.0852,0.0852,10,10
GGTACAAAACTAAGCT,G198E Q482L,0.0852,0.0852,10,10
TACCCATAGTCTATCC,E100T E404W,0.0852,0.0852,10,10
TATTACATGGTCATGT,K33T S437L,0.0852,0.0852,10,10
TCATAAAGACTTATAT,F49L G186P,0.0852,0.0852,10,10
TGACCCAGTACGTAAC,S91V R325*,0.0852,0.0852,10,10
TGATCTTCAGAGTACA,L84* R235S,0.0852,0.0852,10,10
TGCGACTGTCGGACTG,V11P T110W R256M,0.0852,0.0852,10,10
TGTTCCAGAAAATAAA,S199C N302M,0.0852,0.0852,10,10
TTTAGACTGTCAGATA,S27V T110C N127W A132K W283E Q335S,0.0852,0.0852,10,10
AAAACAAAATAGTAGC,Y480K,0.0947,0.0947,10,9
AAAGGGAAGCTAATAG,N365L,0.0947,0.0947,10,9
AATACTTACCGGATAT,L32H R55V N89F K125I V187I P483L,0.0947,0.0947,10,9
ATCGGTAAAGACATTA,G206E P238C P464S,0.0947,0.0947,10,9
ATTCTAATTGAAACCA,L50T H92* T426A,0.0947,0.0947,10,9
CAACGAGCTTACAGCC,L266Y,0.0947,0.0947,10,9
CAATCGGCGCTAATAG,I24C F49* A173* L203I T375N Q405* S476T,0.0947,0.0947,10,9
CAATGTCTACAGTGGA,G42C N148K K425M,0.0947,0.0947,10,9
CAGAACGCGACCTCCA,V18M T40G T59V F140T I221W I252K,0.0947,0.0947,10,9
CAGCCCCTAGTAGACC,M194*,0.0947,0.0947,10,9
CTACTCTTATTCCAAC,N470L,0.0947,0.0947,10,9
CTCCAAGGACTATAGA,L220N,0.0947,0.0947,10,9
CTCCTCATTATTGGCG,G2L R55L G186D D273Y H455I,0.0947,0.0947,10,9
CTCGACAACAAGCTAA,G45* G260S E421F H457P,0.0947,0.0947,10,9
GAAACCAAAGGATATC,G2R K126S I144V Y278S,0.0947,0.0947,10,9
GAATCTAAGGTTTCAT,I345T N470C,0.0947,0.0947,10,9
GACAGCACCCTCCCCC,S60N N167S C212K I350Q,0.0947,0.0947,10,9
GAGCAAATATTATCAC,C86V C212A,0.0947,0.0947,10,9
GCGATTCGAGGGACCT,G98V A202K V388*,0.0947,0.0947,10,9
TAAACAGAAAGACGAA,I15S Q247S,0.0947,0.0947,10,9
TCTAAAGTTAAGTGTG,I4F E67R L133F N148M M192G,0.0947,0.0947,10,9
TCTAGGTGACATACAA,C364R,0.0947,0.0947,10,9
TGACAGGCTTTACATT,T225L K417L H457T,0.0947,0.0947,10,9
TGAGCTTGAAAAAACA,V187E D211V,0.0947,0.0947,10,9
TTAGCCCACCCCTATA,G64W D306L,0.0947,0.0947,10,9
AAAAGGTCGAGCTGAG,G102P K161N G174L C180I Y441*,0.1065,0.1065,10,8
AAGCAAGAGGCTCCAA,M19L I403T,0.1065,0.1065,10,8
ACACCCTAACGCGACT,N89Y,0.1065,0.1065,10,8
ACGGAAAATGCCCTAC,L84Q N224H G240S,0.1065,0.1065,10,8
AGTAAGCAATAAAACG,C155D,0.1065,0.1065,10,8
ATATCCACATATTAAC,I334N W489L,0.1065,0.1065,10,8
ATATCTCATTAATAAT,T58K S389W E396L,0.1065,0.1065,10,8
ATTACGCGCCCTTGCG,I213R R257Q,0.1065,0.1065,10,8
ATTGGTAACCGGTGTG,Q3M T87P D273P F434L,0.1065,0.1065,10,8
CAAGACACACACATTC,K272W L315R R379H,0.1065,0.1065,10,8
CAAGACGATCGACCAC,E307S L394M P464T,0.1065,0.1065,10,8
CACCATCGAGCCGTGA,M82I S381* L442D,0.1065,0.1065,10,8
CATCACATGTGCGCCC,L68V N158Y K352V Y366* T454L,0.1065,0.1065,10,8
CCCAACCAGTTCTACT,E10N I213T R314Y,0.1065,0.1065,10,8
CCCGAGGGTGTGCTGC,N409L,0.1065,0.1065,10,8
CGACCTAGGATCTTCT,S143M E151V A184V W210Q S333G,0.1065,0.1065,10,8
CGCAACCTTCACGGAC,C463Y,0.1065,0.1065,10,8
CTACTAACGGACAAGA,V431G,0.1065,0.1065,10,8
GAAATATTATGAAAGA,L52S L103Y N146P D156F K384A,0.1065,0.1065,10,8
GAACGATTGTCCCGTC,M134K A173P,0.1065,0.1065,10,8
GAAGCAAGCGTAACAT,L46A L344P,0.1065,0.1065,10,8
GACCAAAATTCAGAAG,L120*,0.1065,0.1065,10,8
GACCAGATATGTAACA,T48C V65M N74I W264* P427V,0.1065,0.1065,10,8
GACCGATGTAACACGG,V187K G197M H455L,0.1065,0.1065,10,8
GCATTCCACTGTTCCA,L107* T296S N395L,0.1065,0.1065,10,8
GCCAACAGTAACTGGG,T87S I112F I137N P466S,0.1065,0.1065,10,8
GCGTTGCATGTAGATG,F8N H179L,0.1065,0.1065,10,8
GCTTAAGAAATTCATT,T226N A297T,0.1065,0.1065,10,8
GGCTACACGAGTAATC,F49H,0.1065,0.1065,10,8
GGTGCTTTTCACTCGT,V65P N127K W210E,0.1065,0.1065,10,8
GTAAGATGTCAGCGCT,F49N Q165* W283F,0.1065,0.1065,10,8
GTCCTATAGTGCCAGA,N20H A407K,0.1065,0.1065,10,8
TATACCAATTGCTTTC,G102Y F262D,0.1065,0.1065,10,8
TATATAAACAACACGT,T182S L220S F262R N390D I443F,0.1065,0.1065,10,8
TATGTCGTATCTCACC,V11A K465V,0.1065,0.1065,10,8
TCTAAATATGCAGAAT,G34T R379G C463T,0.1065,0.1065,10,8
TCTGAATATTGATATG,F38E I252Y C385Y,0.1065,0.1065,10,8
TGCCCGAAGCACTTAG,Y94S H179M I213L H230Q C463A,0.1065,0.1065,10,8
TTCCTGGTTGCCTAGC,N74P I239S,0.1065,0.1065,10,8
AAAGATCTAGACACCG,L50V I113R T265L Y393R,0.1217,0.1217,10,7
AAATTCATAGCCGTGC,K327P,0.1217,0.1217,10,7
AACAGGATAAACCTAC,V44* N295P,0.1217,0.1217,10,7
AATTACCTACATCCCA,A39L L52E W210M Q247K,0.1217,0.1217,10,7
AATTCAACTGGAAATC,V22S L103I I222V E287S V431W,0.1217,0.1217,10,7
ACAGATACCGGTCCAT,S60G H170I T377P L447P,0.1217,0.1217,10,7
ACCAAAGATTGGATCT,R256L,0.1217,0.1217,10,7
ACTACCCCCTCAGTTT,G208F Y253D E289R,0.1217,0.1217,10,7
ACTTAGATGCATTTTC,N109M P362Y,0.1217,0.1217,10,7
AGCTTCGAGGAACTTC,I337D N365Y V435M C475Y,0.1217,0.1217,10,7
ATGTTGCAGACTTGAT,V450N C475N,0.1217,0.1217,10,7
CAACCCTGAGACTAGA,L107G,0.1217,0.1217,10,7
CAACGAGACGGACCAA,M214I T249Q D347Y,0.1217,0.1217,10,7
CAATTTATCCATCAAA,H93K C212M G243T E307L,0.1217,0.1217,10,7
CACAATAACAGTAATC,T87F G243A S333R P362L Y393R,0.1217,0.1217,10,7
CATAACACAAACAAAG,C231F K304V Q416M,0.1217,0.1217,10,7
CATCACAGCGATAAAA,L78G S121G G181V L188H D357V,0.1217,0.1217,10,7
CATTTGCGGAGCCTCC,P12V,0.1217,0.1217,10,7
CCAAAATTATCACGGT,V431Y,0.1217,0.1217,10,7
CCAACTGAGCGTGGCG,N346L K352I,0.1217,0.1217,10,7
CCCAACGAAACTATAT,F49- L50E,0.1217,0.1217,10,7
CCCCTAACAAACAACC,G34N C212I C364G E421G,0.1217,0.1217,10,7
CCCGCCAGAGCCAGCG,L23P L29A S163M,0.1217,0.1217,10,7
CCGTATCACGGTGTTG,S135C G160E I213S I403F,0.1217,0.1217,10,7
CCTAGTATCATACATA,G2C E104M M194L,0.1217,0.1217,10,7
CGATGAATGAATAGCC,L26K L51G H93N,0.1217,0.1217,10,7
CGGTGGAATAGGTAGT,N99T E104*,0.1217,0.1217,10,7
CTTCAGCACCGAGATT,Y36I W489P,0.1217,0.1217,10,7
GACAATTCTCACATTC,P427V I458V,0.1217,0.1217,10,7
GAGCGGCTTAGAAATA,R207T L259*,0.1217,0.1217,10,7
GAGGTATAGCGTCATT,Y200M Q218V G271Y D347A,0.1217,0.1217,10,7
GATCAAGGCACCCGGA,I15S L103H K272L K352* L442M S444G G460T,0.1217,0.1217,10,7
GCAATAGACGACTTCT,T296I K352P,0.1217,0.1217,10,7
GCATAATAAAATAAAG,Y66K T87E M192V,0.1217,0.1217,10,7
GCCTTCAACAACATAC,Q149T W386C,0.1217,0.1217,10,7
GCTCCCTATATAAAAG,T48A V97K K339P,0.1217,0.1217,10,7
GCTTAGATCGGTTAAC,C463L,0.1217,0.1217,10,7
GGTGCCACTTATTTCA,E307F L372A,0.1217,0.1217,10,7
GTGAACAGGCGGTGAC,L103P S111V,0.1217,0.1217,10,7
TATATCGATTGAATCC,G160R F399E,0.1217,0.1217,10,7
TCATACGATTAGAATC,V18L S60F L336R,0.1217,0.1217,10,7
TCTTGTTGCTCAAAAC,L103T Q223V P466H,0.1217,0.1217,10,7
TGAGGCTACAGGCCTC,F140P P236F,0.1217,0.1217,10,7
TGGCTTTAACGTGTTA,T48L G174K S255C C279N L313P Y393W,0.1217,0.1217,10,7
TTAAACATCCTGGCCG,L46T,0.1217,0.1217,10,7
AAAACATCACTCTCTT,F49R C86R N158S I201C D273A,0.1420,0.1420,10,6
AAAAGACACTGCATAG,F191V D204N V341L L415Q,0.1420,0.1420,10,6
AACATTCCACGTTATA,T106D D251F L258N,0.1420,0.1420,10,6
AATAGCCCCACAGCTC,N127H R256P L344T,0.1420,0.1420,10,6
AATGGGTCTTATCCTG,N99M Y219S L280T D357T D401Y,0.1420,0.1420,10,6
ACAAAATAAAAGAGCG,I15S Y166L C212S C477F,0.1420,0.1420,10,6
ACAGGTTAACGAAACC,N99* L220*,0.1420,0.1420,10,6
ACAGTTGGCAGAAAAA,C475R,0.1420,0.1420,10,6
ACCACATATTCACAAC,Y371E,0.1420,0.1420,10,6
ACGACGCAATCAGCCT,F191N Y419*,0.1420,0.1420,10,6
ACGAGCTCACGACAAT,L349*,0.1420,0.1420,10,6
AGGACATTGATCAAAA,G2F F157K S169T,0.1420,0.1420,10,6
AGGCGGTCACTGTAAG,M1P C53E G197L,0.1420,0.1420,10,6
ATACATAAGTGAATGC,D432V,0.1420,0.1420,10,6
ATAGCTAAATTTAGAA,D204F,0.1420,0.1420,10,6
ATATAAAAAGTCCACC,L35C Y129S N148V,0.1420,0.1420,10,6
ATCGTTAGAAAGAGCA,M19K T81C G243T,0.1420,0.1420,10,6
ATCTCGTAGAGAGTAT,I136G,0.1420,0.1420,10,6
ATTCATATTTCCTAAC,A30T L128H Q149S S171F D229R G260*,0.1420,0.1420,10,6
CAACACAAGACAACAT,L133H G181R I221S L433I,0.1420,0.1420,10,6
CACCCAGCCATTCGTT,G98V L349Y,0.1420,0.1420,10,6
CAGATAACTTTTTGGG,Y441D,0.1420,0.1420,10,6
CCATGAACGCACGGCA,T108K H374G S389N F434L K465S,0.1420,0.1420,10,6
CCCAACTATACATTGT,T87H M153K,0.1420,0.1420,10,6
CGCGATGCGATATTAT,G34T E270L V450K,0.1420,0.1420,10,6
CTAGCTTTTTCGAATC,H179S G473V,0.1420,0.1420,10,6
CTATTGGACCTGCTAC,F117R D401S L479*,0.1420,0.1420,10,6
CTCATGCCTCGTACAG,S91I D311* D432H,0.1420,0.1420,10,6
GAACACATACCTGTAC,N409I Y419L,0.1420,0.1420,10,6
GAACCTTTAATGAACG,M284A F434R,0.1420,0.1420,10,6
GAAGGTGTAAAAGAGC,S60K T81L K425R R456T K461E,0.1420,0.1420,10,6
GACAACCTTTTTAAAT,C53* G64S H124L C279L P383Q L433G,0.1420,0.1420,10,6
GACCAATTACCACATC,N373C P464R,0.1420,0.1420,10,6
GCATTTACTCTATGGT,G64S N338I R456*,0.1420,0.1420,10,6
GCCCCTAGAGACACGA,F157W V298N R422G,0.1420,0.1420,10,6
GGATAAAGCTGAAGAA,E67Y G240F,0.1420,0.1420,10,6
GGTAAAAAATTCGTAC,N89L E287R,0.1420,0.1420,10,6
GGTCTAAATACGACCC,Q189S P238T,0.1420,0.1420,10,6
GTATGCGAGGGCACTC,F147N N209Y,0.1420,0.1420,10,6
GTCGGCTAATAGGATA,T77A D311H,0.1420,0.1420,10,6
GTTAAATCTAACGCGG,L103H C180* I337*,0.1420,0.1420,10,6
TACATCACCGCCCTAG,L415V,0.1420,0.1420,10,6
TACCATTACAGAGTGG,G174Y C231*,0.1420,0.1420,10,6
TACCCCAAGTCTATAT,G240R,0.1420,0.1420,10,6
TACGTGACCTAAATCG,E100R D122V R256I E396N,0.1420,0.1420,10,6
TAGTTTAATTCATAGG,S439R,0.1420,0.1420,10,6
TATATGTAAGAAGCGT,E16K S199F E307* I350N L394I,0.1420,0.1420,10,6
TCAAGTGCGGAAGAAA,V65G W386V T397H,0.1420,0.1420,10,6
TCGTTAACGCTTATTA,G2T E151N N158Y S267F,0.1420,0.1420,10,6
TGTCTGGACCAGCTTT,F436P K461R V485L,0.1420,0.1420,10,6
TTAATAGATAAACAAA,I286K,0.1420,0.1420,10,6
TTAGAATTTAAATCCA,E16R L32G N146M,0.1420,0.1420,10,6
TTATAAGCGATACAAC,F8L V65R N148Y T397I,0.1420,0.1420,10,6
TTCAAAGGTGCTGTTG,E100S C231N Q247R,0.1420,0.1420,10,6
TTTAACCCACTAGGCC,S85C E308N,0.1420,0.1420,10,6
AACATAATGAATCAAT,E16L S135R,0.1704,0.1704,10,5
AAGGGTTGTGTGCAGC,I15D Q69R Y241E D311C,0.1704,0.1704,10,5
AAGTTAACGTTTTGTA,E67* S205T T261F K451T,0.1704,0.1704,10,5
AATTATCCCATGACCT,A123Y W196Q Y200F T274M,0.1704,0.1704,10,5
ACTACAACTCACAAAT,I15S I137S A202I T426Y,0.1704,0.1704,10,5
AGATGTTAAAAATATA,G159M H455N,0.1704,0.1704,10,5
ATACAGCTTCTGATAA,V11E T40A,0.1704,0.1704,10,5
ATATTGCCAGGCGAAG,S269* M332F L394Q,0.1704,0.1704,10,5
ATGAATGAGGTCTCAC,I136L D156N H374L Q482L,0.1704,0.1704,10,5
ATTGCACCTAAAGGCT,N158P V341M D401R,0.1704,0.1704,10,5
ATTTTTAAGTAATCGA,E10Y P453G,0.1704,0.1704,10,5
ATTTTTCTCACGTCGA,G42C S56D D122V,0.1704,0.1704,10,5
CAAATAGAGACATAGT,N178K P383R,0.1704,0.1704,10,5
CAAATTATACCAGAGT,S171C S205L R468L,0.1704,0.1704,10,5
CAACTCAATTTGGTAG,L142V S367I,0.1704,0.1704,10,5
CAAGTACGATCTAAAT,G2T A25F,0.1704,0.1704,10,5
CAGTCAGCAGCTCAGT,L103R E396V,0.1704,0.1704,10,5
CATAACCCTTACAAAA,L107* N178M L259P Q406I,0.1704,0.1704,10,5
CATGTAAATGAACCCA,A176*,0.1704,0.1704,10,5
CCAAGTGATTCACTGA,L336*,0.1704,0.1704,10,5
CGTTCTAAAGGTGGTG,L220D E396T,0.1704,0.1704,10,5
CTCGATATACTAATAG,R207K P362M Q423R,0.1704,0.1704,10,5
CTGAATGAAGCTCACT,Y129T S267F I403F,0.1704,0.1704,10,5
GATCGCAGACCTGGGA,G473P,0.1704,0.1704,10,5
GCAAAGTGGGGGGAAA,N353I,0.1704,0.1704,10,5
GCAACCTGTAGCGCCT,L84E L259* H305S I334Y,0.1704,0.1704,10,5
GCCACCGGCGGGACAG,F7K N89T I113V C231H,0.1704,0.1704,10,5
GCCTAACAACACGCAT,G2Y F140S Y172L,0.1704,0.1704,10,5
GCTTGTCAGTTTTTGT,V97A D156S G174V V187* Y219P L387*,0.1704,0.1704,10,5
GTTATCGCTCAAATTT,V388T R468S P486R,0.1704,0.1704,10,5
TATCAAGAACCACTCT,G42D L244N L259I W264V N409A,0.1704,0.1704,10,5
TCACCCGATAGAAAAG,V298R,0.1704,0.1704,10,5
TGCTTTATTAGCAAGT,Q416P I445S,0.1704,0.1704,10,5
TGTTTGAACACCAAAA,N119I N353Y,0.1704,0.1704,10,5
TTCCTATTTACGCTTT,S163N Y393D,0.1704,0.1704,10,5
AAAACCACACATAAAA,T48M F140S P383M,0.2130,0.2130,10,4
ACATAGAGACATGCCA,G102S N302M,0.2130,0.2130,10,4
ACATTCTCTATACATA,C57G F309T K488T K490N,0.2130,0.2130,10,4
ACCGAAACTAAAGATG,E76C S85N K161M E270A,0.2130,0.2130,10,4
ACCGAAGACACACGAC,,0.2130,0.2130,10,4
ACCTGCCATCCGACTA,S171N L349F,0.2130,0.2130,10,4
ACGATATAGAGGCCCA,S216L Q321T L428V W489*,0.2130,0.2130,10,4
ACGATCCCATCATCTT,P145G I350F,0.2130,0.2130,10,4
ATGTTACATGGACTGG,Y219*,0.2130,0.2130,10,4
CAAGAGGACTTTACAA,K125R Q247P E418K,0.2130,0.2130,10,4
CATGAAGCTAAAATGC,R207V C301I D306Y T376R,0.2130,0.2130,10,4
CATGGCTTGCTCGTAG,T40L I144S,0.2130,0.2130,10,4
CCCGAACAACGCGCTA,F191L E418L I452L,0.2130,0.2130,10,4
CTACGACTTTCCCTGA,M1C L120A A195R T226A,0.2130,0.2130,10,4
CTCTAAGGATGAACGA,N167V A195S I254F T397F,0.2130,0.2130,10,4
GAAAAACGAAGTTAAA,G2S S199R K368V,0.2130,0.2130,10,4
GAAAAAGCCGTTCGAA,N20D S163T C385K,0.2130,0.2130,10,4
GAAATGTTATACTAAA,F157C A173N V450D,0.2130,0.2130,10,4
GAACCTCGCATGACGG,I137C Y363T,0.2130,0.2130,10,4
GACCCACCGATTTGGT,T87A S143L G159V T426Y Q482R,0.2130,0.2130,10,4
GAGCATTAACCATGAG,V44W S91F Y441D H448G H455C,0.2130,0.2130,10,4
GATATACAACAACTGT,H230D E404G,0.2130,0.2130,10,4
GCCTGGACTAAAAGTA,G2Y E413A,0.2130,0.2130,10,4
GGAACCGATACGCGTG,G54F N470F,0.2130,0.2130,10,4
GGGCCACTAACCCGGT,S143H N185L Q223A S267N K300M M410S,0.2130,0.2130,10,4
GTAAATAAAATCTAAC,I239G,0.2130,0.2130,10,4
GTGGCTATGGCGATAA,I334M S400P,0.2130,0.2130,10,4
TAACCAGCGACCTCCT,S135Y S437L W489L,0.2130,0.2130,10,4
TACCTTTCCACGCAGA,V11L N127G E228L W489R,0.2130,0.2130,10,4
TAGAACGAAGTATCTA,Y200T G271T F434V,0.2130,0.2130,10,4
TAGATTTATAATACAA,V485P,0.2130,0.2130,10,4
TCGGCTTAAAAGATGC,G160L A343I R379Q,0.2130,0.2130,10,4
TCTTTATTCATCATTA,N99S A132S H374L T377M,0.2130,0.2130,10,4
TGGAAGTTTGAACGAT,G240D,0.2130,0.2130,10,4
TGGGTAGATGAACAAA,C41F I222F L394Y,0.2130,0.2130,10,4
TTATTTCTATATTAAT,G277L,0.2130,0.2130,10,4
TTCTCTAAACTAAAGC,C86Y,0.2130,0.2130,10,4
TTTCTGTTCAGCCATG,Y369A,0.2130,0.2130,10,4
AAAAACGAAAACTTAT,I24C I113H L128* E404T,0.2840,0.2840,10,3
AACCTTGAACAATCCT,S444*,0.2840,0.2840,10,3
ACAACGTCCTTATGGT,L103* S138W C180A S267R,0.2840,0.2840,10,3
ACGCACAGAAGATCAC,L68Y R250G Y393A,0.2840,0.2840,10,3
AGACTCATACGAATGC,V14R L103Q N319C R325D,0.2840,0.2840,10,3
AGTACAATTTAGTAAT,T40L A177M N342V,0.2840,0.2840,10,3
AGTATAACTACGAAAT,Y172F V485*,0.2840,0.2840,10,3
ATATCAGCTCTACCCA,L133V C212S E396G,0.2840,0.2840,10,3
ATTAGAGCAATAGATT,L50T D229G V341M,0.2840,0.2840,10,3
ATTCCACCTCGAGGGG,V31* H115Y Q232G A299T N365G W370V,0.2840,0.2840,10,3
ATTCGGTCTCGATCAA,R193F C212K,0.2840,0.2840,10,3
CACTATATAGTTAGAC,H115P E307S D347S Y393F T397R,0.2840,0.2840,10,3
GAAACACTACACACAG,T58S M214R F318I,0.2840,0.2840,10,3
GATCCACTACTTACAA,E10* D130*,0.2840,0.2840,10,3
GCTGTTAGTACTTCCC,K352R C463Q,0.2840,0.2840,10,3
GTGACGAGAAGAGAGT,V5H L105G I112D Q149L K304T,0.2840,0.2840,10,3
TAAGGGGTCATTAGAG,C118R W283S,0.2840,0.2840,10,3
TAATAACCACCCCATC,G174L L220Y V341A,0.2840,0.2840,10,3
TCGCAGGCCCCCTCCT,G160I T225A K461M,0.2840,0.2840,10,3
TGACCTGAAAGAACCT,F49T,0.2840,0.2840,10,3
TGGAACCGATTTATTA,P83G K116* G160I A173G A343* H467L,0.2840,0.2840,10,3
TTGAAAAATACAAATC,D251P K272R I358H K368V,0.2840,0.2840,10,3
AAATGGAGTTGTATAA,S216E Y278S H354S S476M K481N,0.4260,0.4260,10,2
AACCCACAAACCAGCT,L107I N209C,0.4260,0.4260,10,2
AGGTGATTTATTAACA,N90R G424*,0.4260,0.4260,10,2
CGTGGACTTGATACAC,I113M L244S R468T,0.4260,0.4260,10,2
CTACATATTAGCAAAG,T77Y N167R C212F M332N,0.4260,0.4260,10,2
CTACTAAGAACGTGCG,V65K I136N C231A E404K,0.4260,0.4260,10,2
GAATGCCAAGGACACA,W210V Y393S,0.4260,0.4260,10,2
GCGAGAAAAAGTCCTA,M19F E104* L394I,0.4260,0.4260,10,2
TAAGAAAAAATGCGCG,T58S I136K E307G L313M,0.4260,0.4260,10,2
TGCTATGCAGAATGGT,L26K V450L,0.4260,0.4260,10,2
TTCAAAAAGCCAATAA,S169M I213G N346G,0.4260,0.4260,10,2
TTTGAACCACTCGGTC,G159V Y219C A288I,0.4260,0.4260,10,2
AGAAGATTGACATACC,I4Y D204G N338Y L433K L442F K481M,0.8519,0.8519,10,1
CAAATAAAACATACAA,T58S W370T,0.8519,0.8519,10,1
CCGAAAGACGACCCAA,G102R I350W,0.8519,0.8519,10,1
GGCATACGTCCCTTTT,F140T Q223K P464M,0.8519,0.8519,10,1
GTCCAAGTACAGCCTA,L46G C155A E307C L428R I452T,0.8519,0.8519,10,1
TCCCTAGTCCAAAGAG,M75* I136V,0.8519,0.8519,10,1
TTTACTAGGAGAACCT,C155R R193S S216* A343T S437L,0.8519,0.8519,10,1
TTTCTCACAAAGTAGG,S27I L449Q,0.8519,0.8519,10,1
AAATATTTATGGGCCC,N127E E307G K490S,1.0000,inf,10,0
GTTTCTAAGGTCTGAT,C475S,1.0000,inf,10,0
AACAGAGGTAAAACTG,G271N K481S,0.0002,0.0002,9,3370
TCGATTATTGAGCTTA,,0.0002,0.0002,9,3176
CAGGCGTTATAATTGT,H170L,0.0003,0.0003,9,2774
TTTGCTAGCGACGAAT,L142Y,0.0003,0.0003,9,2730
AAAAAAATATTAGAGA,D156V,0.0003,0.0003,9,2653
AATAGTCGGCAGACTT,S138G K304A,0.0003,0.0003,9,2599
TGACTAGTCACTAACA,,0.0003,0.0003,9,2583
TCATAAAGGACAAGCA,E270L,0.0003,0.0003,9,2551
ATTCAGTAATTCCCCT,,0.0003,0.0003,9,2535
GCTAGAATGATAAATG,,0.0003,0.0003,9,2396
GAAACGCTGCCCTAAA,I252F,0.0003,0.0003,9,2359
ACGCTGCCGTATCATA,Y393F,0.0003,0.0003,9,2318
GTTATGCGGAGTAAGT,,0.0003,0.0003,9,2283
CGCTACAAAACATCCT,M134L,0.0003,0.0003,9,2269
CCCAATTAATAATGTG,A407I,0.0003,0.0003,9,2221
TAACCACCATCTCTGT,G260L,0.0003,0.0003,9,2213
GAAGTGCTATGTACAA,M19V,0.0003,0.0003,9,2196
CGTTTATAATCCTAGT,,0.0004,0.0004,9,2162
CACGAGGAAGAAGAAG,,0.0004,0.0004,9,2131
CCACTACACGCAATTC,,0.0004,0.0004,9,2131
TGAAAACTCTAAGGCA,G208V N209V,0.0004,0.0004,9,2084
GAAATTGCCTAAGATA,T59R A343V,0.0004,0.0004,9,2057
TGAGAGATCTACACTG,R207D,0.0004,0.0004,9,2047
ACTCAGCAAAAAATCG,,0.0004,0.0004,9,1998
TCAAAACATTCCGCCA,V97M D273F T281D,0.0004,0.0004,9,1998
TGTTGCCCATCTAACT,,0.0004,0.0004,9,1998
TCCATATCACTAACCT,,0.0004,0.0004,9,1961
GAATACGACTATTGAA,,0.0004,0.0004,9,1956
CATCAGGAACTGGCCC,,0.0004,0.0004,9,1950
AAATAGATTGCGGGAC,E10A A177T I334V,0.0004,0.0004,9,1944
AAAAACAAAAAATAAT,,0.0004,0.0004,9,1911
TTGATTCGGGGTGGAG,S216E,0.0004,0.0004,9,1869
CTGATCAATACGTCCA,K272V M414Y,0.0004,0.0004,9,1865
GAAAGTAGAAAAAAGG,,0.0004,0.0004,9,1865
AACAATCATCTAAACC,G360A,0.0004,0.0004,9,1854
TTCTCTAAACTATGCC,T438L,0.0004,0.0004,9,1850
GGTAGATATAGGTTCG,A152S,0.0004,0.0004,9,1846
CTCTCATTGTCCAAAA,,0.0004,0.0004,9,1842
GCCTAGCTAATAGTTA,,0.0004,0.0004,9,1837
CTTAAAGATTATAGGT,,0.0004,0.0004,9,1835
AGTTTAAAATAAACCT,H115D S171Y N209F,0.0004,0.0004,9,1829
CAAACTACGATTTTTC,R248W,0.0004,0.0004,9,1825
TCATGGACACTAGAGA,,0.0004,0.0004,9,1809
GAATTCCACTTAACAG,W210L,0.0004,0.0004,9,1794
ACTCTATTTAGCACAT,L29F V65E,0.0004,0.0004,9,1779
ACCACAAATTATTTAA,K125Y Y200V,0.0004,0.0004,9,1772
CCATGAACGAAAATCC,N109S,0.0004,0.0004,9,1766
AAAGAATACCAGAAAA,K63S L188T T296Q,0.0004,0.0004,9,1761
TAATTTATTCACAGAT,,0.0004,0.0004,9,1750
TCCGACAATTATCTCA,,0.0004,0.0004,9,1749
AAATGGATTAATACCA,N390L,0.0004,0.0004,9,1737
CCACGCTGCATAACAT,,0.0004,0.0004,9,1728
AACCCTGCCAATCCGG,,0.0004,0.0004,9,1725
AACATACAGAACTTAA,N409S,0.0004,0.0004,9,1721
TACCGTGACAGACTCG,M472V,0.0004,0.0004,9,1713
ACAAAACTTATATAAC,,0.0004,0.0004,9,1710
GGTCAACAGCTATATC,,0.0004,0.0004,9,1704
GATAAGTTAATGTACA,,0.0005,0.0005,9,1696
CACTAAATCTAGCCAC,,0.0005,0.0005,9,1688
CCAAGTGCCGCAACTG,,0.0005,0.0005,9,1681
TTTTGCAGCCGAAGCC,I162L A177T,0.0005,0.0005,9,1678
GATGTGCACGTCTCTA,N99F S389N,0.0005,0.0005,9,1655
TCGAAGGTGCATGTAT,,0.0005,0.0005,9,1628
CAAGTAGATATCCCGG,S389D D408S,0.0005,0.0005,9,1618
TCCATAGATTAAAAAG,,0.0005,0.0005,9,1613
ATATTCCAAACTTACT,M82L,0.0005,0.0005,9,1599
AATATAGGGCGACTTG,W196S,0.0005,0.0005,9,1597
GATTGTAAATTACCAC,D273R,0.0005,0.0005,9,1596
TTTACCTAATAAGACC,L220V,0.0005,0.0005,9,1580
ATTAGTATATTAAGTA,A123S S333D,0.0005,0.0005,9,1563
CTTCAATACATATCAG,,0.0005,0.0005,9,1560
TGTATGAAGGCTGAAG,L245F,0.0005,0.0005,9,1557
TAATCGGAAGATTGCA,H179L T375S,0.0005,0.0005,9,1547
ATAAAGACCCAGTTAT,M153V,0.0005,0.0005,9,1543
GTGCGTGGAGAAAACA,,0.0005,0.0005,9,1543
ATCGCGTCTATTACAC,N185C S216T,0.0005,0.0005,9,1534
CGAACTTTAGAAAACA,N79T,0.0005,0.0005,9,1524
AGGCACGTTAATCAGT,I112V K352V H471W,0.0005,0.0005,9,1520
GGAAATACGTAGCGTG,,0.0005,0.0005,9,1516
AACCATGTGCGAAGGA,,0.0005,0.0005,9,1512
CGTACACATATGAGCA,L128E S392V,0.0005,0.0005,9,1510
CAGAACGAATTGACAG,,0.0005,0.0005,9,1509
ATGAAAAAACAATGCA,S154K A343T,0.0005,0.0005,9,1502
CCGGGACGATTACAAG,A343Y,0.0005,0.0005,9,1478
TAAGCCCGAAGATAAC,N74S Y200S Q232L K320M,0.0005,0.0005,9,1476
GAACACATCACCGTCA,,0.0005,0.0005,9,1468
CCCGCAACGTAAAAAG,T48S F233L K451Q,0.0005,0.0005,9,1452
TTTCCGCGACAAATGG,K481V,0.0005,0.0005,9,1428
AGTGACCAGAGTACCT,,0.0005,0.0005,9,1417
TAACTTTGATCAAGGT,,0.0005,0.0005,9,1414
AATAATACTACTCTCG,E10F K461M,0.0005,0.0005,9,1408
GTAAATACTAACAAAA,,0.0005,0.0005,9,1407
TCAGAAGGACACGCTC,,0.0005,0.0005,9,1406
GAGACCAAAAGATCAC,,0.0005,0.0005,9,1399
TTAAGATTAAAATATG,,0.0005,0.0005,9,1398
CATACGAGGAAGCTAA,L280V I334M,0.0006,0.0006,9,1387
TCAGAGAACAATTCGC,,0.0006,0.0006,9,1380
CAATTTCGAAACCAAT,L52T R256I Y393W,0.0006,0.0006,9,1376
TAGATTTCAGCCTAAT,Q324R Q348K Q416A,0.0006,0.0006,9,1376
AGACGAGAACTACGTA,G198S,0.0006,0.0006,9,1361
GTCATTAGATAGATTA,A177R R314N,0.0006,0.0006,9,1355
ACACACAAGCCCGTAC,S389A N470T,0.0006,0.0006,9,1354
AGTCAATAATCAGATG,A184S G197R,0.0006,0.0006,9,1354
AAGCCTTACCCAAATA,G429K,0.0006,0.0006,9,1348
CCCAGGGCTAACTGAC,I222L,0.0006,0.0006,9,1339
ACACATACCATCTAAC,,0.0006,0.0006,9,1335
AAAGATCAAGATGCTG,S333R,0.0006,0.0006,9,1328
TCGCTCCACGAACACC,K161N,0.0006,0.0006,9,1314
ATCCTCAACAGTTTAA,T48S S135H,0.0006,0.0006,9,1297
ATAACTGCTGAGAGCG,,0.0006,0.0006,9,1294
AACCTCCAGGATGTGC,K461S,0.0006,0.0006,9,1291
CCAATGATGGGGCCCG,M284W,0.0006,0.0006,9,1290
TTACTGGACCAATATA,G197S,0.0006,0.0006,9,1288
TTATAACTTCACTCCA,,0.0006,0.0006,9,1281
CGGCGGAAACAATGGA,L285I,0.0006,0.0006,9,1278
TCTCAATGCCTTTTGC,,0.0006,0.0006,9,1271
AATATCCAGCACCTAA,,0.0006,0.0006,9,1265
AGATAAGTTGACCCTA,K291M,0.0006,0.0006,9,1265
TGACTCGATGTTAAAA,L43I S199L,0.0006,0.0006,9,1253
AATCAGGATTAAGTGA,N114R D175E,0.0006,0.0006,9,1246
GATCGGCAAATTTACA,F8Y,0.0006,0.0006,9,1240
GGGGCATGAACTCCAA,,0.0006,0.0006,9,1239
ACATAATCTGAGAGGC,,0.0006,0.0006,9,1237
AACTGTGCTGAATACG,M75F,0.0006,0.0006,9,1232
CAAGCTAACAAATGTG,,0.0006,0.0006,9,1224
ATGTTTGATAACGTCT,W210L P486D,0.0006,0.0006,9,1223
TAATTACATATGAAAA,V97M D204K,0.0006,0.0006,9,1217
GCTAAGCGCTATAACC,G174S,0.0006,0.0006,9,1215
ACTACTACGTCGACTA,S121A K161M,0.0006,0.0006,9,1205
AATAGTATTCATAAAG,R207F,0.0006,0.0006,9,1204
TTTCCTAAGTCCATTG,T106L R422M,0.0006,0.0006,9,1204
CGATCATTAAATGAAT,,0.0006,0.0006,9,1199
AAGAAAAGCAGGCAAA,,0.0006,0.0006,9,1197
ACACGAGGAATTTTGT,,0.0006,0.0006,9,1190
TGAACATGATAAATAC,,0.0006,0.0006,9,1188
TGATCAATGTGGGCGT,T70G G206S,0.0006,0.0006,9,1181
AAGGACGTTTGTCTGG,V450T,0.0007,0.0007,9,1179
TTATGTAATAGGGTAC,N390M,0.0007,0.0007,9,1178
TCGCGTCTAACCCCGT,S462F,0.0007,0.0007,9,1176
TAAATCAAAGGGAGCT,T6S,0.0007,0.0007,9,1170
TAGTGTTAGAGAGCTT,,0.0007,0.0007,9,1167
GACAACACCGTAGATC,A343F,0.0007,0.0007,9,1166
GATAAATATTACTCTA,Q218I,0.0007,0.0007,9,1159
GATTCGTAAATAGACC,N109S,0.0007,0.0007,9,1155
AGCATGCGGACGACCC,L349C,0.0007,0.0007,9,1143
ATGATCCAAGCGCACT,,0.0007,0.0007,9,1135
CACAAGTTCAGACAAA,,0.0007,0.0007,9,1131
GCGTGCTTACTTACGA,,0.0007,0.0007,9,1115
ACGTTAATTTTTAAGA,R207M,0.0007,0.0007,9,1110
ACCAGAAGTTTTAGTC,,0.0007,0.0007,9,1096
ACGTAGCTTCGCTGAA,D122L,0.0007,0.0007,9,1091
ATACGTCAGGTTAACT,H115P S199A,0.0007,0.0007,9,1091
TAAAACTGGAGGCCTT,T397I,0.0007,0.0007,9,1091
ATATGGACTTTACAAA,D229S G391D,0.0007,0.0007,9,1086
CAGGTATATCTTCAAT,H305W,0.0007,0.0007,9,1081
TAACATGATCCTCGTT,K272T,0.0007,0.0007,9,1075
AGGAACATCTTTACTT,I113G,0.0007,0.0007,9,1074
CACCATATAACCCCCA,,0.0007,0.0007,9,1070
AGAACTTCTCGGAGTG,D268M,0.0007,0.0007,9,1066
GTCACGAAGCATGGAT,E228K,0.0007,0.0007,9,1066
GACCACGTTCATATAG,,0.0007,0.0007,9,1064
TAAAACACCAAATACA,,0.0007,0.0007,9,1055
TCTCCCAAAGCCTAAC,Y172S K384R,0.0007,0.0007,9,1055
TGCAATAATCCCAAAT,A202T,0.0007,0.0007,9,1048
GGTGAAATGTCCTCTA,G174N S462K,0.0007,0.0007,9,1046
AAATTGTTTAGCTATA,,0.0007,0.0007,9,1043
GATCACATCATGACCG,T59L L280F,0.0007,0.0007,9,1036
CCAGATACAATGATTT,,0.0007,0.0007,9,1035
ACGTGAGAGCCGAGAA,M332H,0.0007,0.0007,9,1025
TTTTGAGGTTATTGAG,,0.0008,0.0008,9,1016
AAACTTCCAGCTTTTA,T226V,0.0008,0.0008,9,1014
TAAGAACCGTTGGTTA,,0.0008,0.0008,9,1012
CCCCATCTTGACCGCA,D229E N295Q Q321M,0.0008,0.0008,9,1005
CAGTCGACAGTAAGAA,,0.0008,0.0008,9,998
GCATCACGTCGGAATA,T70H G208P,0.0008,0.0008,9,997
GCGAGGCCCGATGATA,S199P,0.0008,0.0008,9,993
GGTAGCAAATTGGTAC,D175A,0.0008,0.0008,9,988
ATTATTTGCATACGAA,P483I,0.0008,0.0008,9,986
ACATGCGCATAAGTAT,,0.0008,0.0008,9,983
AACCAAAACTTCGATG,K490L,0.0008,0.0008,9,980
TCAAGAAACCATAATG,L105M N390Y,0.0008,0.0008,9,980
TAGCAAGCTCGAATAG,I21L,0.0008,0.0008,9,979
TATTTGAAGGAACTTA,G294E,0.0008,0.0008,9,979
ATTATGAAGATCGAAG,,0.0008,0.0008,9,977
ACACCGGACAGACAGC,A202I N224T I452M,0.0008,0.0008,9,972
ATTGAACCAAATTAGT,K88M,0.0008,0.0008,9,972
TAGCGATTGGGCGAAG,E303L,0.0008,0.0008,9,969
AAGAACTAGAGTTCCT,,0.0008,0.0008,9,965
ATCCAATAAGCATCTA,N20T P486Q,0.0008,0.0008,9,958
ATAATCGCTTTTGATT,Q232R T281N,0.0008,0.0008,9,956
AATTTAAGTGACAAAG,T182C V388M,0.0008,0.0008,9,954
AAGTATAGACAGCAAT,T182S,0.0008,0.0008,9,950
GGAGAAGACATAGTCT,I443T,0.0008,0.0008,9,947
TCCTTTATACGTTTAG,,0.0008,0.0008,9,947
TACGGCTAATCAAGCT,,0.0008,0.0008,9,940
CATCGCTCTGAAGGAA,Y66F,0.0008,0.0008,9,938
AAAACAAGTCTGACTT,,0.0008,0.0008,9,926
TATTACGCACAACTCA,D130A S154R,0.0008,0.0008,9,926
GAAAAGTCACAGTTCT,V65A,0.0008,0.0008,9,924
ATGGATTCGTCCTGAA,M19I,0.0008,0.0008,9,918
AGCTATAGGCAATCAT,H13L,0.0008,0.0008,9,916
ATACCGTTTTGCCACA,L61S I286M,0.0008,0.0008,9,915
TAAGTTAGAGAGATCT,,0.0008,0.0008,9,914
ACACTATATAACAAAG,,0.0008,0.0008,9,909
TAGCTGCGTATGTACT,,0.0008,0.0008,9,909
CGCTTTCTTACCCATG,L442T N470D,0.0008,0.0008,9,905
TCATGGTACCCTGCAG,,0.0008,0.0008,9,904
GATGTGCAACTCTGGT,T77P,0.0009,0.0009,9,897
AATGAGGACCAAAAAC,K63F,0.0009,0.0009,9,892
AGCCTAAAATTAGTCC,T40K,0.0009,0.0009,9,887
TTAACCCCATTCATAG,,0.0009,0.0009,9,887
TACGATGAATCCAAGA,F38L W196G R248W,0.0009,0.0009,9,880
TTAGAATAATCCGTAT,,0.0009,0.0009,9,870
ACTATCATTGGAAAGT,A30F,0.0009,0.0009,9,864
TTAAATGGAACGTTTT,T48C N185D I254K,0.0009,0.0009,9,863
CTAAGTCTCCGCAATT,V187I,0.0009,0.0009,9,861
GGACGATGCCCAAGTA,,0.0009,0.0009,9,861
TGACAAACGCCATACA,V47S,0.0009,0.0009,9,861
TCAAGCGCATGTTGCT,T397R,0.0009,0.0009,9,858
AGGGTCGTACGGTAAA,N395R,0.0009,0.0009,9,852
GTTCATTATGCAATTT,Q3G C53S,0.0009,0.0009,9,851
GAGCCGTGTCACGCAT,S389L,0.0009,0.0009,9,848
TAAACAACCATCATAG,F157L,0.0009,0.0009,9,848
GTTAAGAACACTGCAA,G208Y I474L,0.0009,0.0009,9,845
ACATTACTGTAAAACG,T375S K481H,0.0009,0.0009,9,843
ATTATACCTGGCACAA,D268M N390H S439M,0.0009,0.0009,9,841
CTTTATAGTGTTAACT,L242F,0.0009,0.0009,9,835
TCTTAAATCGAGTACA,T77L K384Q,0.0009,0.0009,9,828
TCTATCACGCGGTGGG,A152T,0.0009,0.0009,9,813
CAACGCCCACCGAAGT,,0.0009,0.0009,9,812
TTAAATCCTGTAAAGT,S269Y E287R,0.0009,0.0009,9,811
TAATATTACCCGAACT,V388M,0.0010,0.0010,9,806
ACAAACTTGTCGGCTT,G243F,0.0010,0.0010,9,803
CATTATAGGAGAAATG,,0.0010,0.0010,9,799
AGTACATTGACACACT,,0.0010,0.0010,9,798
ACAGATATACCTGTCA,,0.0010,0.0010,9,795
CCCAAACCAAGAGCAG,N90A G174L,0.0010,0.0010,9,794
CAGAAAGCACATTATA,T274F,0.0010,0.0010,9,789
GCCAAACATTAAAAGT,K161S Y172M S267F,0.0010,0.0010,9,787
ATCAAATTCCGCTACT,A177T,0.0010,0.0010,9,779
GGACTGATCAAATATG,L387T,0.0010,0.0010,9,779
TTGGAGACTAACCAAT,T106I,0.0010,0.0010,9,764
TCTTGTAACAATTAGC,,0.0010,0.0010,9,763
TCAGGTTTGACTGGAT,V14L A184I,0.0010,0.0010,9,760
AAATTAAATATTTATC,S333N,0.0010,0.0010,9,759
AAATATGAACACCTAC,L52W,0.0010,0.0010,9,745
ACGTAACTTGTCGGTT,T226S,0.0010,0.0010,9,744
CTTTTGATTTAGCGTT,G206F,0.0010,0.0010,9,743
GCAGAGTATTTAACCA,T274N N302Y,0.0010,0.0010,9,734
TATGAATAAAATCAAA,V28M F440V,0.0010,0.0010,9,731
AAGTCCACATTATGTT,D306L,0.0011,0.0011,9,729
AATCGTTCAAACAGTC,,0.0011,0.0011,9,727
GCCGACATAACTAGTT,,0.0011,0.0011,9,726
ACAAAAATTGCTGATG,L32C,0.0011,0.0011,9,719
ACCGGGAGAACATAGT,S163F R379L,0.0011,0.0011,9,716
ATTACACACAAATGCT,F7S,0.0011,0.0011,9,714
CAAGACTCTATTGAAA,L349Q C364Y K384L,0.0011,0.0011,9,712
TAAGAATCTGCAACTA,E16D I162L G206V,0.0011,0.0011,9,712
GTATCTCAGCTAAGAA,,0.0011,0.0011,9,708
AAGAGCCGCATCAGGT,,0.0011,0.0011,9,706
AATAACACACTAAGAT,,0.0011,0.0011,9,700
CTGATGGCTTTTACCT,T215H,0.0011,0.0011,9,690
GTACACCGACGGTTGT,I345V,0.0011,0.0011,9,690
ATTTTGATTACACCCC,A177G T397W I445C,0.0011,0.0011,9,689
AACCTGCGGTCCGCAT,,0.0011,0.0011,9,687
ACTATGCTATCGGAAA,I201S,0.0011,0.0011,9,685
TAAGCCCCCAACATAA,,0.0011,0.0011,9,684
TAGTTGACATTCAAAC,,0.0011,0.0011,9,683
GCGAATAATTAATGGT,K125F,0.0011,0.0011,9,682
TCCCAACCTGAACATA,,0.0011,0.0011,9,681
TGTTACACAAAGACAA,S199P,0.0011,0.0011,9,678
GAACTAGTGGTACAAC,,0.0011,0.0011,9,671
GGTCTTTTCGCGACTC,W196S,0.0011,0.0011,9,671
CGGTTACATAAACACT,H93R,0.0012,0.0012,9,658
AAATTTCAAAATGTCA,T397I,0.0012,0.0012,9,656
CAATAAACACAAAGCG,,0.0012,0.0012,9,652
ACTCGACCAATAACCC,,0.0012,0.0012,9,651
ATACCGATCCGGGTTC,L442M,0.0012,0.0012,9,647
TATTCCATCTTTAAGT,Y172V G271S H305Q,0.0012,0.0012,9,646
TCCCTCCAAGTCTCAC,,0.0012,0.0012,9,644
GGCTCTAACAAAATGC,F262V,0.0012,0.0012,9,636
AGCCAACCCCCCGACC,S389K N395F,0.0012,0.0012,9,635
GCTTTACAATTGGATT,,0.0012,0.0012,9,627
AATTGATTAAGGAGCG,G160S I201Q,0.0012,0.0012,9,626
CTCTCTTAACAGTTTG,W283Y G424L,0.0012,0.0012,9,621
AGGAGATTAGAAAGAA,,0.0012,0.0012,9,620
GAAGAGAGCAGGATCA,S121L S138L,0.0012,0.0012,9,617
CCTTCACATGTCTCTA,G102P,0.0013,0.0013,9,598
CAATCGTCCGGGACGA,V450T,0.0013,0.0013,9,595
CTTGAAACTTGCTTGA,,0.0013,0.0013,9,595
TTCTTGGAAACACGAT,Y129F,0.0013,0.0013,9,589
GGTCGAGCGCCCAGCA,S389V,0.0013,0.0013,9,586
TGTGAAGTCACTCGTT,N302F,0.0013,0.0013,9,586
CCAACCCATCATGACA,V487M,0.0013,0.0013,9,584
ATTCCACCCATACTTA,E76S N167G,0.0013,0.0013,9,583
TATAAAGATCACAGCG,A132H I239L,0.0013,0.0013,9,575
CAACTCATGACATGTT,,0.0013,0.0013,9,574
AAAAGAAATAATTGGC,G181L,0.0013,0.0013,9,570
ATGCAAGCGCCCCCAA,I4V T281I L290E V485W,0.0014,0.0014,9,562
GGAACTATATTATGCA,D175I F262A F316Y N338Y,0.0014,0.0014,9,562
ATAAGAACAATTGATG,,0.0014,0.0014,9,555
CGTGCATACAGATAAG,,0.0014,0.0014,9,555
AAAGGGCGATCCTAGA,G34S W227S,0.0014,0.0014,9,553
TTTGATCATAAAAAAG,M75F K481V,0.0014,0.0014,9,553
AACCAGCATAAAGGTT,E10W P486H,0.0014,0.0014,9,551
AATTGAGCAAAGGAGA,Y253W A328V,0.0014,0.0014,9,551
ATAAATCAAATTTAAT,T110R N158P I286S,0.0014,0.0014,9,548
TTCATTCTCATAAGAA,,0.0014,0.0014,9,547
TGACGCGCAAATTCAT,Q149L,0.0014,0.0014,9,545
ATAGCCTTGGCAATAT,V5Y V183A R491F,0.0014,0.0014,9,543
CTTCGATACCGGTCGG,L128Y,0.0014,0.0014,9,537
TAAGGAGACTAGGTAA,,0.0014,0.0014,9,537
ACCGAGTAAGTGTTAA,,0.0014,0.0014,9,534
GCATCTGCACAGAAAA,L142V G260H,0.0014,0.0014,9,534
ATGAGAGCAGCAAGAC,T376H,0.0014,0.0014,9,530
AAAAAAGAAAATGAGG,G45Y,0.0015,0.0015,9,526
AAGAAATAAATGGGTG,S163N G260E,0.0015,0.0015,9,526
GAAATAACCGCGAGCT,,0.0015,0.0015,9,526
AATAACCATACGAGCT,Y200T,0.0015,0.0015,9,521
TCCGATCCGCGTGTTA,A202W I252Q,0.0015,0.0015,9,514
AAAGTCACTTACGGAT,P145M,0.0015,0.0015,9,513
AATTTAAGTCTATCGC,I136W,0.0015,0.0015,9,512
TATGTGATGCAGAGAG,N148I S163L E303P L442S,0.0015,0.0015,9,512
TCTTACGAGAGGGGCA,G460Y,0.0015,0.0015,9,511
AAACGCAATTCAATTA,I445S,0.0015,0.0015,9,508
CTATTGCCTTCGAAAA,N99F Y200W G208L,0.0015,0.0015,9,507
CAGTATTCAATTCTGA,G64A E100R M420E,0.0016,0.0016,9,494
CTTCATGCTATTGCTA,H179Y W264A,0.0016,0.0016,9,493
TCGAGAGAACGTATAT,,0.0016,0.0016,9,480
ATAAAGCAAGTCAGTG,Y36I,0.0016,0.0016,9,479
GACTTTGGACTCTTGG,,0.0016,0.0016,9,478
CCTATCAATGAAATCG,P145S S205P N209E F440T,0.0016,0.0016,9,466
AAAATACCGTTCCAAT,L46C,0.0017,0.0017,9,461
TATTCAGACCATGTCT,G98R,0.0017,0.0017,9,461
CTTCTAACCTAAAAAA,Q69L T87A,0.0017,0.0017,9,452
TAAGGATGTCACATCT,V47Y A340N E396R,0.0017,0.0017,9,446
GGGAGTAAATATCGAA,,0.0017,0.0017,9,445
TGTGCAGGCTATAGGC,R248T G478E,0.0017,0.0017,9,444
AGTAAACAACTTAACA,Q247M T376P,0.0017,0.0017,9,440
ATACAGCAATGAAGAG,N90V W264V V388M,0.0017,0.0017,9,439
GAAACAAACAGATCAG,E76N Q223L,0.0017,0.0017,9,439
AGATTAGTCAGTATAT,H398I,0.0018,0.0018,9,437
CGACCACCGGATCTCT,,0.0018,0.0018,9,433
CCAATAAAAATAATAA,S267D I452P,0.0018,0.0018,9,431
CGAACCAACACCCGAC,T274K,0.0018,0.0018,9,430
TAATCACAAAGTCCAA,S121D,0.0018,0.0018,9,427
AGGGGAGTACATAAAA,,0.0019,0.0019,9,410
CAACCATTCAATGATC,,0.0019,0.0019,9,408
AGACGACCCTGCGCCC,N119S D204R T274Y,0.0019,0.0019,9,406
TCACCCTTAGGTTTCC,,0.0019,0.0019,9,403
TTACGTTCAATTGGAG,,0.0019,0.0019,9,402
ATTTCCCAGCACTTCC,,0.0019,0.0019,9,399
AAATACGTTCATTGCG,K272N,0.0019,0.0019,9,396
TATCACCAGAAAGATA,,0.0020,0.0020,9,393
AAGCTTTGAGCATATT,Q223S L449F,0.0020,0.0020,9,392
GTTTCAAAGTACACCC,Q3M N114E,0.0020,0.0020,9,386
CTAGCCCAGGACTCGT,T77K R257K S333E,0.0020,0.0020,9,382
TGAATACCCTTAATTG,,0.0020,0.0020,9,382
CTACATATCCTCTGAG,I403T,0.0020,0.0020,9,381
CTTTTTAATTCAATCC,,0.0020,0.0020,9,378
TCAATGTAGCTATGAG,,0.0020,0.0020,9,378
AAGTTGACGTCCCTAT,L344I,0.0020,0.0020,9,377
GGCACAATACATAACG,S234L,0.0021,0.0021,9,370
GTTTGAGCATAATGCA,N185Q,0.0021,0.0021,9,368
AAAGGGAATATTTGAC,E16D G260D D268N,0.0021,0.0021,9,365
GTTGGTTTAACCCAAC,E67K I350L N395F,0.0021,0.0021,9,365
ACACGCATCCAAAAAT,K88E,0.0021,0.0021,9,360
GGCACTGTGGGCGTTT,C212S,0.0021,0.0021,9,358
AATGAGATTGTTCTAC,,0.0022,0.0022,9,356
CTCGTGTCCCAGGGGA,V47P K63R F140K,0.0022,0.0022,9,355
GCGGCAAGGCTCATGA,S269M,0.0022,0.0022,9,355
TGCTAGTACCCAAATG,,0.0022,0.0022,9,355
CCCCCGAACTTCCTGG,L447Q,0.0022,0.0022,9,354
CACCAGATGGATAACG,L51S,0.0022,0.0022,9,347
GGCCGGGCAGGCCGGG,D122G D408N,0.0022,0.0022,9,342
AATATACAAAGCTTAT,D273V W370D,0.0023,0.0023,9,338
ACGAACGTAACCATTG,E104A G186R T281P,0.0023,0.0023,9,337
ATTTGAAATTGCAAAA,L103V A184P I201V,0.0023,0.0023,9,337
TAAAAGTAAAATACAC,S205W K339P,0.0023,0.0023,9,336
AAGACCTTGAAAAGAG,M19L I213P L442G,0.0023,0.0023,9,335
ACTCTGATCGAGGAAA,S163V Q223R S392R,0.0023,0.0023,9,331
ACCGGATTTTCAAGGC,V28Y,0.0024,0.0024,9,326
CCCTCTTATTGAAAAA,Q3H N158C K481V,0.0024,0.0024,9,324
ACGAAACCTCTGCGAT,S246Y T380C,0.0024,0.0024,9,322
TTCCTAGATTCTGAAT,A152S Q331R A407W,0.0024,0.0024,9,322
ATGCGAATCGTGGCCT,E270R K465A,0.0024,0.0024,9,321
CGCATACTAGTATATT,E100V T106E K339T K461S,0.0024,0.0024,9,318
ACTAGATACAAAGTCA,,0.0024,0.0024,9,317
CTACTACGTTAATCTA,G34K D156S,0.0024,0.0024,9,317
TTCATAATTTGAACAT,N99Y D273T T426L,0.0024,0.0024,9,317
CGAACGTATACCTACC,H305T I458F,0.0024,0.0024,9,315
CGCAACAGAGCGCAAA,,0.0024,0.0024,9,315
GAATCGGGGATACACG,Y393S H398Q,0.0024,0.0024,9,315
AAACACCCAACTTATA,,0.0025,0.0025,9,311
CATAATCGTAAAACAA,S199Y,0.0025,0.0025,9,311
CTCCTAAAACAGTAAT,G64I A195M,0.0025,0.0025,9,310
GATATCGACATCGAAT,H92P C155Y G174K R491K,0.0025,0.0025,9,309
GTTCTCTTACAACTAC,C41E S135D,0.0025,0.0025,9,307
AACGCAATAACATAAT,M351E L447G,0.0025,0.0025,9,306
CACGACCAAGGGTTAA,,0.0025,0.0025,9,306
AAACGGATAGCAGATA,,0.0025,0.0025,9,303
CCTTTGCTAAAGATGT,Q3V G206L L313K Q405L,0.0026,0.0026,9,300
GATTTTCCGAATCTTA,,0.0026,0.0026,9,296
AAGTGTCGTTAACTAG,N395S S462V H467Q,0.0026,0.0026,9,295
AACAGCCCGGGACAAC,,0.0026,0.0026,9,290
AACCCCGAGCGATAAC,S234L L242I,0.0026,0.0026,9,290
AGTTAGAGAGACTCCA,D268I G276L,0.0026,0.0026,9,290
ATTACAAAATCCAGCA,N342L H467C,0.0027,0.0027,9,289
CCTATAACTGCATAGT,V183K,0.0027,0.0027,9,288
ATGCACTTAGTAGACA,,0.0027,0.0027,9,287
TTGGAATTGGAGGGAA,Q405R,0.0027,0.0027,9,287
CAATTAACCAAAAAGC,T87F W264A D317I,0.0027,0.0027,9,285
GTGGTACAGCAATCAC,N74M G260S,0.0027,0.0027,9,284
AAAAATCACTATGTCC,S56P,0.0027,0.0027,9,283
ATCAACGGACTTAATT,Y66L,0.0027,0.0027,9,281
AATTAATATAACGTCG,L78V,0.0027,0.0027,9,280
TCTAGACTGCATCACT,K425V I458F,0.0028,0.0028,9,275
ATTGCAATATTTCCGA,T182L,0.0029,0.0029,9,268
ATATACTGATGTGCGA,L442T,0.0029,0.0029,9,267
AAATCCATTTTAGATT,L61D T77P T281M,0.0029,0.0029,9,263
CCAAGAAAACTAGTAC,T380N,0.0030,0.0030,9,259
TCACCAATAAAAAAAT,I113T N178M H230Y,0.0030,0.0030,9,259
GTATGGCAACCTTACT,N90T C180W,0.0030,0.0030,9,255
AACAGATCTTAAACCA,L71F K384M,0.0031,0.0031,9,250
ACGGAACAATAGATTT,M19S P236Y W283S N409H,0.0031,0.0031,9,249
TCTTGTCTATGAAAGG,S60C N158T I445M,0.0031,0.0031,9,247
CACACTAGACTAAAGG,,0.0032,0.0032,9,242
ACAAAAAACTCTGACC,V65E M75D,0.0032,0.0032,9,241
CGGCAAAAACATTGAC,M75R H170N I403A,0.0032,0.0032,9,241
ATTCGCCTCTCCTCAA,M134E,0.0033,0.0033,9,234
GATTCCACAGATAGAG,L242F D273S,0.0033,0.0033,9,233
ACCAAGCATAGACCCA,V97W R356L V435Y,0.0033,0.0033,9,231
ATTGGAACCCCACCCA,Y371C Y480K,0.0033,0.0033,9,231
GAAAGCGCTATATGTC,E10C I15V M19* G160* M194L Y371V,0.0033,0.0033,9,231
AACACCAAGTTGAAGT,L107Q,0.0034,0.0034,9,228
TTAAACCTTCACTTGA,Y278* K339S,0.0034,0.0034,9,228
AGTTTAACTTAGTAAC,T70* N79W S85T N99Y,0.0034,0.0034,9,227
GTACCGGAATGTTCCT,P275S,0.0034,0.0034,9,226
CGTCCCCATATAAACT,I21S,0.0034,0.0034,9,225
TTAGACAAGCACGGTA,H170Y G174S D229L S476T,0.0034,0.0034,9,225
ACCTAGAACAATCTTC,S111Y I337M M420V G478A,0.0034,0.0034,9,223
ATTACAAACACTGACC,H124G S205Y G276T I345S,0.0034,0.0034,9,223
CCGCATAAACGTGACA,L168V T215S E289C A299W D317C I458F,0.0034,0.0034,9,223
AATTATATTCCATGGA,,0.0035,0.0035,9,222
TAGAAAGTAACGTAAC,L285T A340D,0.0035,0.0035,9,222
CGCTCATTCGCCCCAG,G198Y E396H,0.0035,0.0035,9,221
CTAACGATAGTAATCC,C180I,0.0035,0.0035,9,220
TCCCCTCCCCGTCAAG,I221V,0.0035,0.0035,9,220
GTTTCTTGATTTAACC,S216P L447S K488M,0.0035,0.0035,9,217
TCCAAGGTCCAATAGG,L43* C118T N390L,0.0036,0.0036,9,214
AACAGTAGCTTTAATC,T40M N319C,0.0036,0.0036,9,212
TCCGCATATCCTTAAC,M19C V28A,0.0036,0.0036,9,211
TATCAAATGAATATAA,R55W L290F F309L,0.0037,0.0037,9,210
ATAAGACAAATGCGAA,L103N G174W,0.0037,0.0037,9,209
ATGAAAAAGTGGAACA,N353L,0.0037,0.0037,9,209
CGAACCTTTTGCAGCT,T40G N146K Q482Y,0.0037,0.0037,9,209
AACAGAAGAAATTTAA,A39Q M192Q,0.0037,0.0037,9,208
GAGCAACATGTCATAT,E16L,0.0037,0.0037,9,208
TTAGGGCTTACCAACA,I239L P464L,0.0037,0.0037,9,208
CAGATAAATACTATAA,V97K Q321S,0.0037,0.0037,9,207
CCCATTCCCATTAGAA,H93I,0.0037,0.0037,9,207
GCATCGATTGTCAATT,E104D T110I,0.0037,0.0037,9,207
ATAATACTCGAGTTGA,K291W,0.0037,0.0037,9,206
GGACGCATTCACGGCC,M194K F399P,0.0037,0.0037,9,206
GAAAATTAACAAGGAA,S246D Q321L,0.0038,0.0038,9,204
GTGAACAATGCTGAAG,Q9S,0.0038,0.0038,9,204
AATGAAGCCCATGCAT,V97C G160T,0.0038,0.0038,9,203
CCGAGGCCAAGATGGA,R235S L285R N395E,0.0038,0.0038,9,203
AATACACACTGCGATT,L50F E72M L430F,0.0038,0.0038,9,201
ATGTTGAAGCATAGTG,V22M,0.0038,0.0038,9,200
TAGGATGACGTTTTGA,,0.0038,0.0038,9,200
TGGTCATAAACATTGC,V183K Q223W D432G,0.0038,0.0038,9,200
TCCTGAAGAACTGCAC,N89Y E100G C180F D229L N365Y Y480M,0.0039,0.0039,9,199
ACAGACCGTTGTACCG,Y278W M284W S476I,0.0039,0.0039,9,196
AACACTAATAAACAAA,,0.0039,0.0039,9,195
TTACCGGTAGTAACTT,F49N L220G Q232L S269N K327S,0.0039,0.0039,9,195
ATCAGATCCAGTAAAC,,0.0040,0.0040,9,194
GGATCTCGAACACATG,L29H A340R,0.0040,0.0040,9,194
CCGTGAAAACATGACG,N342K,0.0040,0.0040,9,193
GCACCAGATAAAAGGT,,0.0040,0.0040,9,193
TCTATCAACAGATTCC,I136H H141R G276R,0.0040,0.0040,9,193
ACAACAAGCATTAGGC,T48L E396I,0.0040,0.0040,9,192
GGACCCAATTAAGAAC,,0.0040,0.0040,9,192
GGGAGCAGTGAGATCA,M134T,0.0040,0.0040,9,192
AGGAAACTTCCAAATA,L52Y C57* K63* T108A L244M Y480H,0.0040,0.0040,9,191
CTGACCGTTTGTCCAG,K126D G198L G460D,0.0040,0.0040,9,191
CCCAATATAGCTTACA,T58E S246N N346K,0.0040,0.0040,9,190
TTTTCCAAGGCCAAAT,N148I D306S,0.0040,0.0040,9,190
GATATTGACCGCTAAT,L50S F140I S169V I474L,0.0041,0.0041,9,189
ACGCGCCACTTCTCAA,Y166S S216G,0.0041,0.0041,9,188
TAGAGTGGCGAGCATT,N167L A177* C364T S381T,0.0041,0.0041,9,188
GTTGATAATGCAAAAT,W283G W370K,0.0041,0.0041,9,187
AGCTGGCAGTATAAAA,M134K G378A,0.0041,0.0041,9,185
CATCAGAATATAAAAG,V183S S216V L259N H457Y,0.0041,0.0041,9,185
AGGGCTCAGTAACGGG,D273T,0.0042,0.0042,9,183
ATAATGCAGTTCCATG,M1S L245P G478M,0.0042,0.0042,9,183
TCTCCATTTAGTACGT,E76P,0.0042,0.0042,9,183
AGCCAGCGATAAATAT,R468K,0.0042,0.0042,9,182
TAAAGTGTGTACGCTG,L280A,0.0043,0.0043,9,179
CACTGAATAATTGTCT,V28T,0.0043,0.0043,9,177
GCAGCTAGTGAGGAAG,G2V L103* T377L,0.0044,0.0044,9,176
AGAGGCTAAGCTTTAT,M1R L23H I95S E308V,0.0044,0.0044,9,175
ACTAAACTTGAGAAAG,L220R I239C,0.0044,0.0044,9,174
CCCAGACCAGTGACAA,F49V H93T P483S W489L,0.0044,0.0044,9,174
GTGACACTTGCCAGTT,E151L L428N,0.0045,0.0045,9,172
AGAAAAATCCATGAGG,V97W W264* S392R,0.0045,0.0045,9,171
CCAAGGTGAACATCCA,C41R L107Y L387P,0.0045,0.0045,9,171
AAATTTTCGATCAACG,P12W I24D I113* S121M I136A I361H,0.0045,0.0045,9,170
TTATTCACTTACCCGC,C212V L326T,0.0045,0.0045,9,170
AAAATTGGAATCGTTT,L23K,0.0046,0.0046,9,168
ATAAATCTGTGAGTAC,T40N,0.0046,0.0046,9,168
TTGAGATCACAAACCT,E228K W264G,0.0046,0.0046,9,167
CCCGAAATAACGGTCG,K33L S56V L344K F446L,0.0046,0.0046,9,165
AGACCTCAATTACGCA,L43I A132S R193G,0.0047,0.0047,9,164
CTTCATGCACTCATCA,F157Y D175T C231F Q406P,0.0048,0.0048,9,160
TCTGCTGTAAGTCAGG,S111K L244V W386M,0.0048,0.0048,9,159
TTAAGCAACTTCGGCA,G198C,0.0048,0.0048,9,159
CGACACGGACGTCTAG,V11L,0.0049,0.0049,9,156
AAAAAGAATCCCGAGC,C86G Y480R,0.0050,0.0050,9,153
ACGGGCTGCAAAATTA,P383V,0.0050,0.0050,9,152
CGTACACTGTTCACGT,S199V,0.0050,0.0050,9,152
GCAAAGTGAATTAGGA,N109* R468G K488C,0.0051,0.0051,9,151
TCTTCCTAGAACATAT,N119I V183N L220S,0.0051,0.0051,9,150
ATCCACACTCTTGAAG,N109P Q189R W196L,0.0052,0.0052,9,148
GGACGCTAATATGCAG,M192Y K425Y G429A,0.0052,0.0052,9,148
ATGATTCAGAACAGAA,V47D F147I I162C W196Q,0.0052,0.0052,9,147
CGATAATAGAGGCTAC,T40C C212G D432T,0.0053,0.0053,9,146
CGGATACCTCCCAAAT,T101N Y200G W227I,0.0053,0.0053,9,146
AAAAACAATAACAAGA,A25S A177L R257G,0.0053,0.0053,9,145
ACTGAAACAAACACAT,T263Y K425G,0.0054,0.0054,9,143
GAGAAACTAAATCATA,V18N Y219A,0.0054,0.0054,9,141
GAGTCCCGTTAAATAA,N20A L71F K384* S389Q T412F P427T,0.0054,0.0054,9,141
GGGAAATCATCCTTTC,A152H C155R V164L L168V R207S,0.0054,0.0054,9,141
AACCACAGGTTTAGCT,,0.0055,0.0055,9,140
CCCCAACGGAGCACAG,L26M S169R G276S D401C,0.0055,0.0055,9,140
TCAGCATTAGATGAGC,G34W F318I Q331S,0.0055,0.0055,9,140
TCTGGCTGAAAAGCGC,I254D,0.0056,0.0056,9,137
TTCCATAAACAAAAAG,L52* H93Y I137* K339P,0.0056,0.0056,9,136
AACTAGTATCATGTAA,F8T L61N F157W N209F,0.0058,0.0058,9,133
CCAGACATAATCACTG,L120*,0.0058,0.0058,9,133
CCTACTGACCTTAAAC,M134S K161Q M214F L280V,0.0058,0.0058,9,133
GTTACAAACAGCTTTA,M80V M134L N338V S392F,0.0058,0.0058,9,133
TACGGAATCCATTAAA,K327R K465Y,0.0058,0.0058,9,133
GAACATTAGGACAGCT,,0.0058,0.0058,9,132
CTACATAAGCTACACT,V14Q,0.0059,0.0059,9,130
TATTCCTTCTCCTACG,M1W Y66R L73I T110S,0.0059,0.0059,9,130
CAGACAACATCGTAGT,L23S G98W I162S K291S,0.0059,0.0059,9,129
ACTACGCCCTTCATCA,I112V I361C,0.0060,0.0060,9,128
TTAATCAGACTTAGGA,V14M L128M E308M,0.0060,0.0060,9,128
AGTTCAATACACATAG,L46S N127R D273I,0.0060,0.0060,9,127
CCCTTCGCACAAAAGA,M214Y T274Q,0.0060,0.0060,9,127
TAGTTCCACACAATCA,T59S E396C V485T,0.0060,0.0060,9,127
CTACTTAACGGAACAA,V5F A202T P362L,0.0061,0.0061,9,125
GGATAACTCCACAACA,T77D T190I N319R K465L,0.0061,0.0061,9,125
ACTAAGTTACCACAAC,L73I T101* G160F L258R K368W R379E L442E,0.0062,0.0062,9,123
ATAATCATATAACTCA,R207G T225I T375C,0.0063,0.0063,9,122
ATGCACAGCTCCATCT,P383L,0.0063,0.0063,9,122
GAAAATTTCCGTTAAA,M214V L315V,0.0063,0.0063,9,121
AAACTCGTCCGTAAGC,T190S I334W Q416M P483L,0.0064,0.0064,9,120
CAATGTCAAGGCTATA,E228T S381K,0.0064,0.0064,9,120
CTAACTCCTGAAAAAC,N148S G360I L442M,0.0064,0.0064,9,120
TAACCAGTAAAACCAA,I21D L259Q,0.0064,0.0064,9,119
TCTTGGAAAACACATC,M19T C364L N373G,0.0064,0.0064,9,119
AGAGAATACATTTGGC,C212Y,0.0065,0.0065,9,118
AGCTACCCAGATTTGG,Y172P N224M F434A,0.0065,0.0065,9,118
AATACATAACCCATGG,L285* D408R,0.0066,0.0066,9,117
GCATATAAAACACCAT,F38W Q69A T182L D432A,0.0066,0.0066,9,117
GTTTTACCATCAACAG,S91G A407C,0.0066,0.0066,9,117
TGTATTAGAGATCTCT,Y94N Q149M A195R Y419V,0.0066,0.0066,9,117
TGTCCTTCGCAAAAAC,G429D,0.0066,0.0066,9,117
CGTTAATAAATCACAT,G159K Y172* P383C,0.0066,0.0066,9,116
GACGTTTGAACATTAA,L105S D156N S199* Y278Q M332I,0.0066,0.0066,9,116
AACACCAACGTAACAG,M1H L285H,0.0067,0.0067,9,115
ATTAAAGACTACCAAT,I4S E72D F157N,0.0067,0.0067,9,115
CCAACAAAGAATCAAC,F434P,0.0067,0.0067,9,115
TCGTCAAATACATTAT,,0.0067,0.0067,9,115
AAGGTACGCACCTTTG,K126Y K368P,0.0067,0.0067,9,114
AGACATACAACTTCTG,A195E L258H,0.0069,0.0069,9,111
TAAGCAGAATACATCA,Y66* Y253M T454F,0.0069,0.0069,9,111
TCTAGTACAAATCTAA,S60P R379F K384V,0.0069,0.0069,9,111
TGGTAGGTGAATGGTG,Q335G L349D,0.0069,0.0069,9,111
AAATGATTCCCAAAAA,T106I Y200S W264A Q324H,0.0070,0.0070,9,110
ATACCTTTCCGGAAGA,H92L,0.0070,0.0070,9,110
GACTAATAAATCGACC,S444E,0.0070,0.0070,9,110
ACGGCATGAAATAGAC,,0.0070,0.0070,9,109
ATCTACTCACATCATC,L188Q,0.0070,0.0070,9,109
GGTACCAATTTGTTAC,K88S Q247L I443M,0.0070,0.0070,9,109
GGTCGGTATTTATTCT,G460S V485E K490M,0.0070,0.0070,9,109
TTCATCAATAATCAAA,L61E A173P L188* D273S C279S L285T Q331P,0.0070,0.0070,9,109
ACAAGATACCAGTGAC,L71S G159D F233L F309Y L372I,0.0071,0.0071,9,108
ACGAAATCTTACGAAT,Q348K,0.0071,0.0071,9,108
ACTTTGCCTCGCGGCA,L50Q C212D P464Y,0.0071,0.0071,9,108
CGTACTTCATAATGCA,Y241A,0.0071,0.0071,9,108
TGTGAATAATGTCCAA,Q232* K481R,0.0071,0.0071,9,108
AGGGACGTATGGCCCT,C57Y S255F,0.0072,0.0072,9,107
CAGGCGGCGCATAACA,R55Y Y94L Q247K,0.0072,0.0072,9,107
CTTACAAATACGATAT,N365L,0.0072,0.0072,9,107
TAAAACTAGCGCTCGA,V47G G159L G174T D229M R379V V435C,0.0072,0.0072,9,107
GTATTCTACCTTACCC,D175H T215I,0.0072,0.0072,9,106
ACATGCATTGCCCCCC,Q69L M82L,0.0073,0.0073,9,105
AGTCTAAACCACCTAC,K272* P383T P464R,0.0073,0.0073,9,105
GCATAACCAAATGTAA,L35H P483L,0.0073,0.0073,9,105
ACCGCCAAATTTGTCT,V5R S138Y R256A E307H M410R,0.0074,0.0074,9,104
CTGTAATTTGAACCAG,T296M T375C,0.0074,0.0074,9,104
CATAGCTTTGCTAACC,E104C Y172V R207G R257S T377P,0.0074,0.0074,9,103
CCGAACAAATGTTCGC,S91R M153W C279N H374L,0.0074,0.0074,9,103
TTTCCCTACCACTCGT,V187G P464C,0.0074,0.0074,9,103
CCATATAACAAAGAAC,I4W I15L,0.0075,0.0075,9,102
GTTAACACTTTTATCA,V47N I222V,0.0075,0.0075,9,102
ACCCGTGAATGATATA,L142* T226D Y371N,0.0076,0.0076,9,101
TAATTACGTTACCCTC,L73Q L394Y C475V,0.0076,0.0076,9,101
AATAGGAAAGTGGTAT,K125G E151A G160L,0.0077,0.0077,9,100
ACATACTACCGTAAAT,T101H D211R T274F W283V E287D,0.0077,0.0077,9,100
AGCGCTTGACAGTGAA,L128N M134V K327V N365S,0.0077,0.0077,9,100
CACAGTTTGATGCTCC,Y253D,0.0077,0.0077,9,100
CCAAGAGTACAAGCCG,L142T K451M,0.0077,0.0077,9,100
AACGTATTTTTAAAAG,G42E,0.0077,0.0077,9,99
CAGACCCCCTCATATA,N109G,0.0078,0.0078,9,98
GAACAAACATGTGACA,D156K Y219I,0.0078,0.0078,9,98
GCTAATTGTACCACAA,Y66L E307* S476*,0.0078,0.0078,9,98
TAGTCCTTACTATGCC,A123I A152R,0.0078,0.0078,9,98
TTTACTATTTATTCCA,L43C D408T,0.0078,0.0078,9,98
AAAAGGTTTAGAGTCC,,0.0079,0.0079,9,97
AAGACGAATAAGGCGG,R248L,0.0079,0.0079,9,97
CAATCACAATCATAAA,A202C T226Q S246N P464V,0.0079,0.0079,9,97
TAATGAACGACGCATA,H374K,0.0079,0.0079,9,97
TGCGCTCCCAGATTAG,F140L I337S,0.0079,0.0079,9,97
TTCGAGAGCTGACTTA,I254S W264L,0.0079,0.0079,9,97
GGATGTAAAATTTAAA,L73P H131C L469K,0.0080,0.0080,9,96
TCCTCTAGAAATATCC,Q165S,0.0080,0.0080,9,96
TTCCTTCCGAACTGCC,R193Y C385M,0.0080,0.0080,9,96
GACTAGAACAAGATAA,G198T N409T,0.0081,0.0081,9,95
GTGCAAGGGGTATAAT,V47G L73W T106D W386H,0.0081,0.0081,9,95
TGACAAGCGTCTAATT,G276* N346M,0.0081,0.0081,9,95
TGATACCTTAGATAGT,K63P Q218C N295S T412A,0.0081,0.0081,9,95
TTCTACAGATCGCAAT,L244S T263K,0.0081,0.0081,9,95
AAATAAGGCATATCCA,I15H S91I D408S,0.0082,0.0082,9,94
AACATGCGATAATTAA,E16R C155Y,0.0082,0.0082,9,94
GAACATAGAACAATCA,L168S F233L I337E C475H K488W,0.0082,0.0082,9,94
TCTTGGCACCGTATAA,T81V F293I,0.0082,0.0082,9,94
CAACCAGGCAATGTAC,L105F N148E E404P G429H,0.0082,0.0082,9,93
GAATGCGGGCGCCGAT,V97E G484V,0.0082,0.0082,9,93
AGAGAATATCAAGGTA,C57R F117K,0.0083,0.0083,9,92
CAGGGGCATCCCGTTT,P236S S462T,0.0083,0.0083,9,92
GGCGCTGAAAGATTAA,C53F V97I T215D,0.0083,0.0083,9,92
TCTAGAGAAATAACAA,V388H,0.0083,0.0083,9,92
AACCCTGGAAGTGAAT,T6K L120M T375Y N409M,0.0084,0.0084,9,91
AGTAGGCGCACGTGAA,L32* H93* G160E Q423A,0.0084,0.0084,9,91
TTGGCTGTGAACGGCA,L78Q P236F,0.0084,0.0084,9,91
AAGGATAGCTCCAACA,,0.0085,0.0085,9,90
ATTTCCAAACTTACGG,E16D N74I S216K V388L S392Y Q482H,0.0085,0.0085,9,90
AACACTTCATGTCTCT,M1S E104M Y200R,0.0086,0.0086,9,89
ATGTCTACTATTACTA,L51M N167I V341L P453L,0.0086,0.0086,9,89
CCAGGTGAACAAAAGT,H170R,0.0086,0.0086,9,89
CCCCCCACCACTTTGC,Y94I E418N,0.0086,0.0086,9,89
ATACATATAAGGTGGA,S111N N295T,0.0087,0.0087,9,88
GGGAGATGTACAAATG,N90D H179D L344*,0.0087,0.0087,9,88
CGACTCAAACAGCACT,S135D R207V Q232K,0.0088,0.0088,9,87
GTGGCTTATCCAAAGC,T265S G378T,0.0088,0.0088,9,87
TCCAAAATCGCTCGGA,K88V S389V,0.0088,0.0088,9,87
CAACATAGATCTAATA,G64W N99L L128F H230R,0.0089,0.0089,9,86
CTCTCGCCCGTTATAT,K161N G360R,0.0090,0.0090,9,85
TAACTTGTATCGTTCG,S135F I252N D273T,0.0090,0.0090,9,85
TTTTACCTCATTCTCA,I21V,0.0090,0.0090,9,85
AAATCAAAGAGAACGT,A297G E418S,0.0091,0.0091,9,84
ATAAAATCTCTGTGAC,N89Y L133S,0.0091,0.0091,9,84
GGCGTTAAATCAAGGC,F7V F316A D408W,0.0091,0.0091,9,84
TAGAAGTGTAGCGTAA,H124Y I239N,0.0091,0.0091,9,84
ATATGCGCACACTCGA,S199I I239Y D306S F316S,0.0092,0.0092,9,83
GTTCTATAAGAACGTC,T40R E404W,0.0092,0.0092,9,83
TTAAATTTATTTCAAG,S267* L447R K481I,0.0092,0.0092,9,83
TGTGACAAGCATAACC,C364M,0.0094,0.0094,9,82
TGTGCAGACTAATACT,V31A,0.0094,0.0094,9,82
AATTAAGGGGTCAACA,A173F W210S I358F K451M,0.0095,0.0095,9,81
CGATACGTAACTCAAC,M1D F49I I213T K304Q,0.0095,0.0095,9,81
TAAATTCTAAGAGTAG,V11M L71E S138G I162M T376S,0.0095,0.0095,9,81
TAGTCTAGTGAATACA,F7A T225S L355S E396S Y419C,0.0096,0.0096,9,80
ATATCTATAGGCCTGG,S143Y R207G T296Y L326M V431Y,0.0097,0.0097,9,79
GCCAAGGCGAGCAATA,L23W N158K Q335G,0.0097,0.0097,9,79
TACGCTTGCGCTTCAT,V47E Q247P T397F,0.0097,0.0097,9,79
AGAGCCTATGTTGAGA,V22A V47Q T263S,0.0098,0.0098,9,78
TCAAATACAGTCATAA,T101C F147N Y371R,0.0098,0.0098,9,78
TTGCCCGGCCAAAATT,A177* Q223G,0.0098,0.0098,9,78
AAAGTAGTGTCGAGAG,E228N C301K I334L R379S,0.0100,0.0100,9,77
AGGTGAACGCCAAACT,K88I,0.0100,0.0100,9,77
ATCAGGCATCCTTCAC,G42W,0.0100,0.0100,9,77
CACGCCATGGAATCTT,Y241C L280P,0.0100,0.0100,9,77
TGTACCTACACACAGC,T426G,0.0100,0.0100,9,77
TAACCGATTATACCCC,M19V D268I Y278F C385A Q416A,0.0101,0.0101,9,76
AAAAGCTACTGTTAAA,G102C D175L Y441R G478V,0.0102,0.0102,9,75
GGCACATACAACACTA,H93L,0.0104,0.0104,9,74
AAACGGAAAATCACGC,Y36T R207V E418L I452L,0.0105,0.0105,9,73
GAGATACCCTGTGTTA,I350S,0.0106,0.0106,9,72
GCAACGTAAACCACGA,F140L T261I,0.0106,0.0106,9,72
TCAAAATGCCAATAAA,C57Y,0.0106,0.0106,9,72
AGCCAGATACCAATCT,D175N D251C,0.0108,0.0108,9,71
GAAAATTTACCCCAAC,G160L I443R R491K,0.0108,0.0108,9,71
CAAATTTAAAAGGTTA,V5I C155K Q189* D306Y,0.0110,0.0110,9,70
GCGTTAAAACGGAACA,F8V P275T L285Q,0.0111,0.0111,9,69
CTGAAGATAAACTATA,V187A W264T R325D C475L,0.0113,0.0113,9,68
AAATTAGCAAATAATG,G271Q E289M P427S,0.0116,0.0116,9,66
GAATCGTAAATAAAGC,L52Q,0.0118,0.0118,9,65
GTATGCTTAGTATGGG,N224T S237V,0.0118,0.0118,9,65
AAATATCAGAATTTAG,E104N R248D,0.0122,0.0122,9,63
GGATCAAGGGCCCTAG,A39R,0.0126,0.0126,9,61
TAATTAACCCACAGCG,Y129C R491F,0.0126,0.0126,9,61
TTCATGCAAACCGATA,Q3L C180Y M472G,0.0130,0.0130,9,59
AAGACCCGAATTCGTT,N148G G243R Q423A L442R,0.0135,0.0135,9,57
ACCATCCGAAACGTCA,Q3Y M134* S476R,0.0137,0.0137,9,56
CGTCATATCACCCCAA,I21R W196A,0.0137,0.0137,9,56
GGACATGCAAATAACA,L78P G160F,0.0137,0.0137,9,56
GTGTAAAGCGCGTTTA,M19K H115T A177T E228K,0.0139,0.0139,9,55
TAACTTCATTGCGTAA,T110F T296K,0.0139,0.0139,9,55
TAGCCTAAAAGAGAGC,S246T,0.0139,0.0139,9,55
TTAAGAAAACCACTCT,L133R G174F T274D,0.0139,0.0139,9,55
GTGACCTGCAACGATC,T40I P238L,0.0142,0.0142,9,54
ACCGGCCCAAAGTTGA,R456W,0.0145,0.0145,9,53
GGACCAACCCGGGTTC,T106* S246L K490S,0.0145,0.0145,9,53
AATCACGTCCGAATAT,A288Q F399S A407C,0.0150,0.0150,9,51
AATATTCGCTAACATT,K352I,0.0163,0.0163,9,47
CTTTCTTGCAACCAGT,D156Y P427C,0.0170,0.0170,9,45
TAAATCAGGATCTGCA,G243F Y393H,0.0202,0.0202,9,38
TAAGCGTATAATGCCG,R193M S246I S389A,0.0202,0.0202,9,38
CCAGCCCCAGCCTTAA,S269R K291* F436W L442P,0.0207,0.0207,9,37
GTAATTCAACATCGAC,P83F L105N,0.0219,0.0219,9,35
ACTCCCGGGCCCAACT,V5L M75K V183R N295Q A328Q,0.0226,0.0226,9,34
GACCGGCCAGGTTATA,V28E S135K G198N,0.0232,0.0232,9,33
AAAATACTATGAAAGG,S121Y S163R R207*,0.0264,0.0264,9,29
ACGCTGGAATTGTTCC,E10L L220T F233A M351I,0.0307,0.0307,9,25
ATCGTCTGCATAATGG,D156Y R193I W210G,0.0365,0.0365,9,21
CTAATTATACAGGAAG,L32F L50I E104V P145Y S444L,0.0426,0.0426,9,18
CAAAAAAGTAGTCGGC,C41K,0.0451,0.0451,9,17
CACAGTCATCCGATTA,G240L N395M,0.0451,0.0451,9,17
TAGCCGGCTTCTGGAC,Q3R N99T A152K P275G,0.0451,0.0451,9,17
CAGACGGTAGTTAATT,I24D K465A,0.0479,0.0479,9,16
GGGCATTTTATACCTT,I136V W264* K304N E308K I443A,0.0479,0.0479,9,16
AACAACCGATATACGC,R207V V341L S381Q,0.0511,0.0511,9,15
ACGATTGAGAAAAGAA,Q69* I254L E396D S462L,0.0511,0.0511,9,15
CGGAATTGGTAGGTGA,I15N G64S I144S T454R,0.0511,0.0511,9,15
GTTTACGTATATCAAG,L32Q I350R,0.0511,0.0511,9,15
TAAGGAGCGACCGGAA,S56E S163L,0.0511,0.0511,9,15
AAAGAGAACTGGTGGA,V28Q,0.0548,0.0548,9,14
AAGTTAAAAAAGGTAC,S237V H305W,0.0548,0.0548,9,14
CAAGAATTAGCTGCAA,G102T D156Y D273Y I361S,0.0548,0.0548,9,14
TGAGCACACGACCACA,A288R S476P P486T,0.0548,0.0548,9,14
TTCAGACAAAAAATAC,S246* V341L L428K,0.0548,0.0548,9,14
AAAACTGTCCATGAAG,M19I P236V L313S,0.0590,0.0590,9,13
AATACGCATATAAACC,L245R T426S S444E L479P,0.0590,0.0590,9,13
ATAACAAGCAAAATGA,I15S I213S C231H H305V,0.0590,0.0590,9,13
CCCTAAGAGATAATAC,M1V I239S K304H Q416L,0.0590,0.0590,9,13
CTGTGCCGCTAACGTC,K304T,0.0590,0.0590,9,13
GAAAATGTGAATATAC,H93F W227I T261Y,0.0590,0.0590,9,13
GTTGGGATACCAGTAG,S205V I452E,0.0590,0.0590,9,13
TAGAAAAGATTGTACC,Y166S E287N I403E,0.0590,0.0590,9,13
TGCATTTAGGCGACAT,H141K C385L,0.0590,0.0590,9,13
TTAACATCGGTTGACA,T110D K125C I334Y N395F,0.0590,0.0590,9,13
TTGGGTTGACGATGCA,R282V P427L,0.0590,0.0590,9,13
AATAAGACCATTTACA,F7R A30* K161M I254W Q321P T377S,0.0639,0.0639,9,12
CGAATCTCTGGACGAA,S267V Q321W I443D,0.0639,0.0639,9,12
CTCGTAGTTGAAACGA,L103Y I113F G473N,0.0639,0.0639,9,12
CTGCAAAACAAAATAT,N178T S255A D311V,0.0639,0.0639,9,12
GCCAAAACTCGATCTC,F49S T58M T110R A123L L188V D229E H457M,0.0639,0.0639,9,12
GGAGCACTGATTGCTG,L84W V97* N127Y D273F L433K,0.0639,0.0639,9,12
TATAGCCGTTCTCGCC,S237R,0.0639,0.0639,9,12
TCCAAATCGGTCACAC,T6L I136M G174Y G197T,0.0639,0.0639,9,12
TTATTTTATAACAAAA,L387Y L430H,0.0639,0.0639,9,12
AACAGATCGAAGTCCG,E67W,0.0697,0.0697,9,11
ACGAACTTAATCAGTA,T6S N373F,0.0697,0.0697,9,11
CGCGAACATTCCCTAT,Q3K V487C,0.0697,0.0697,9,11
GATAGAATCCTAGTTT,G197D Y366L,0.0697,0.0697,9,11
GGTACTTCCATAAGAA,R456G,0.0697,0.0697,9,11
GTATTTCTCATAGAAG,L103S,0.0697,0.0697,9,11
TAAGTCCACACACCCT,E104*,0.0697,0.0697,9,11
TCATCAGTTGAGCAAA,N89T K300M,0.0697,0.0697,9,11
TGCCTATAATGAAAAT,E307R L387S,0.0697,0.0697,9,11
TTTATCCACATTAACT,L51V M96Q N148* E396F C463S,0.0697,0.0697,9,11
AACGCTCAGAAAAGGC,E17K E396H,0.0767,0.0767,9,10
AATACTAAGTTGGTCC,L168P K291I,0.0767,0.0767,9,10
ACAAAAAAATAATAAT,G181R I201L C231A Y441I,0.0767,0.0767,9,10
ACAGCAGACGATGCTT,T101L S163V F318C T454P,0.0767,0.0767,9,10
AGATCTAACCAAACTT,L26H S135P,0.0767,0.0767,9,10
AGCCACCCCATCACTG,C86R A173P,0.0767,0.0767,9,10
AGTCGAATAGCTGTGC,T81Y H124D W227L N373R,0.0767,0.0767,9,10
ATGGGCTAATGCGAAC,L52T C53-,0.0767,0.0767,9,10
ATTTATAGATCCAAAG,R422G,0.0767,0.0767,9,10
CACTGCCCTTGACAGA,T106N L220S S246H K320P A328N,0.0767,0.0767,9,10
CATCTAATAGACACTA,E151H S216T G277W N295Q,0.0767,0.0767,9,10
CATTTACCGCAACTCC,F7K I15S K368S,0.0767,0.0767,9,10
CCACTACACAGATCAC,F7* E228N R282T,0.0767,0.0767,9,10
CCCACTCCCCAAACCG,V44M Y219A N224M I252* W264V,0.0767,0.0767,9,10
CGGTGTGCCGGGGAAA,L84S S85N L336W,0.0767,0.0767,9,10
CGTATGATTTATTTAA,G197K H354C H398R,0.0767,0.0767,9,10
CTACAAGTATCATTCA,Q3V F49S S143P V183I C310K H471I,0.0767,0.0767,9,10
CTCTCTCTGGCCTCAA,E104S C475I,0.0767,0.0767,9,10
GAAAAAAAGTTTACAA,S27N N148R D347R,0.0767,0.0767,9,10
GAACTCGTACCGCCAG,F233R M332S N365E,0.0767,0.0767,9,10
GATGCAGTCCACAGAC,Y369*,0.0767,0.0767,9,10
GCAAAACACAACACTC,T6S L51T L415W,0.0767,0.0767,9,10
GTTAGGTTCCTGGCAT,E67* I136W C310P F434I,0.0767,0.0767,9,10
GTTTTATTGTCTAGAC,A25F G34V G54P H131L H179L L188T,0.0767,0.0767,9,10
TATAGCTAAGCTAATG,G98N N109L W264F Q348R G378M,0.0767,0.0767,9,10
TGAATAACTCTTTGAA,C180R E329C,0.0767,0.0767,9,10
TTCCCTTGCCATACAA,S389Y L394G,0.0767,0.0767,9,10
AAAACGTGTAAATTGC,H131* Y393N A407T,0.0852,0.0852,9,9
AAACCCATAATCAACT,N346K,0.0852,0.0852,9,9
AAACGGGGTCTATATT,K88V I113M W264D N338L,0.0852,0.0852,9,9
AATGCGTTCTGTTCGG,Q3* E10Q,0.0852,0.0852,9,9
AATGGCGCACATAGAA,N295G L326E Q348R,0.0852,0.0852,9,9
AGCTACCTATGCGTAT,I337N H398K S439T,0.0852,0.0852,9,9
AGCTATAAAGGCGACC,P362T,0.0852,0.0852,9,9
AGGCGCTAAGTCATAT,A195T S381K,0.0852,0.0852,9,9
ATATTAAGTAAGACCG,G34S T58R,0.0852,0.0852,9,9
ATCATCATGTAAGCAG,V47R T58G L188C C310Q L387K,0.0852,0.0852,9,9
ATGCCTGCCAAGCACA,T70L D401R I445V,0.0852,0.0852,9,9
CAATTAATCAAAGATA,W264E L394Y G460K K488V,0.0852,0.0852,9,9
CACAATGAAGCGTGAT,T6A T261Y I286D I337Y H467A,0.0852,0.0852,9,9
CACTAAGTCAACCAGC,Y200K,0.0852,0.0852,9,9
CATGACACGCTTGGCA,N373D,0.0852,0.0852,9,9
CCAAATTCAAGGTCAA,R256H Q335L V431L,0.0852,0.0852,9,9
CCTCATCAATGCGGTG,L35* L43S G240S L285I C310Y,0.0852,0.0852,9,9
CGCACTGAAGCCCCAA,G102V Q232T S267T C475F,0.0852,0.0852,9,9
CGTAACATACGGAACA,S56F L71D S255V K465E,0.0852,0.0852,9,9
CTCGTCAGACCCTGAA,E100* Q232A L469R,0.0852,0.0852,9,9
GATATGGAGCCGCACT,S27L S85E F117M Y200L D408V,0.0852,0.0852,9,9
GCCGGAAGTAGTTGCC,T87S C155R,0.0852,0.0852,9,9
GGGTTAAAGTAAGAAT,K88R F446L,0.0852,0.0852,9,9
GTAATTGATCAAGAAT,T6V S154V E270R L290P,0.0852,0.0852,9,9
TAAATGGTTATATACC,L46K A202C C212S R248D E308K H354L T426S V459M,0.0852,0.0852,9,9
TACAGAAAAAGGGGCA,S111P E421P,0.0852,0.0852,9,9
TACGGTCATACTATAT,P453N,0.0852,0.0852,9,9
TATCAAACAATCAGCT,V22D S154G T376E E404I,0.0852,0.0852,9,9
TCCTTAACACCCAGCG,G2R I15T G208P,0.0852,0.0852,9,9
TCTGATCGACGTCCGG,G473Y,0.0852,0.0852,9,9
TGCCCAAACAGACTGT,I162N N395* P464Y,0.0852,0.0852,9,9
TGGGAGAAAATGAGCG,L128H L259* G277M Y419E,0.0852,0.0852,9,9
TGTGGAAAAACGGCTG,F147K Y419L,0.0852,0.0852,9,9
TGTGTTGAAGAACTTC,I4D H179L Y241A L344K D432G,0.0852,0.0852,9,9
TTACAGACTTATTCCT,W196S H398L P427L,0.0852,0.0852,9,9
TTCACACTCGAAATTC,V5Y P466L,0.0852,0.0852,9,9
TTTGCAACGACGGGTG,L26G Q405N,0.0852,0.0852,9,9
TTTTACTGACATGATA,P362L S367F,0.0852,0.0852,9,9
AAACCCAGGTCTTATT,R55L S143P Q223*,0.0958,0.0958,9,8
AAACCTCACCTCGTCC,S143R L394Y,0.0958,0.0958,9,8
AACATAAAAGATGAAA,E307P L382* I443G,0.0958,0.0958,9,8
AAGTGTCAAACTCATA,K33C W386V,0.0958,0.0958,9,8
AAGTTGCCGAACTGTT,S171R C301T,0.0958,0.0958,9,8
AATTAATAACAGTAGA,K272R N319Y,0.0958,0.0958,9,8
AATTCGCTATTGTAAT,Y200* Q232T G260H C310T,0.0958,0.0958,9,8
ACAATATAAGATAATG,R207* L285P,0.0958,0.0958,9,8
ACACGCGACGATGCAT,F49L F434T,0.0958,0.0958,9,8
ACAGAACTATGAATTA,I162E K272S E307V,0.0958,0.0958,9,8
ACCGGACAAACATCCA,Y150W V164P D175Y S255P,0.0958,0.0958,9,8
AGAGACACGTAACAGC,E418K,0.0958,0.0958,9,8
AGTCAAAGACCATAAG,G181K V435H,0.0958,0.0958,9,8
AGTTCAGATACTAGCG,Y94L R256V C301D K327T T376N,0.0958,0.0958,9,8
ATAATTAATGGCCGCT,I112R L442Q I474W,0.0958,0.0958,9,8
ATATTTTTTAAGAACG,H457I,0.0958,0.0958,9,8
ATGAACCTGAATGTGC,L259K N365I,0.0958,0.0958,9,8
CAATTTAAAGACTATC,R55L Q406R V435Y,0.0958,0.0958,9,8
CCGAACTTTGCGTAAT,C155R T375V,0.0958,0.0958,9,8
CCGCACTCCCAGACCA,N158* K490E,0.0958,0.0958,9,8
CCTCAAAGCCGTCAAC,W264A V459H,0.0958,0.0958,9,8
CCTCGACTCCAATAAG,S138Y F233I,0.0958,0.0958,9,8
CTAAAGCGACACCCTA,E72C W370V,0.0958,0.0958,9,8
GACGTCGTCAGGCTAC,G2R K161Y,0.0958,0.0958,9,8
GAGCCGCTTGTAACTT,G208C C212S E404K,0.0958,0.0958,9,8
GATAGTTTAAACAGTC,H93L I334T R491L,0.0958,0.0958,9,8
GATGAACGCAACTAAT,G159R D432N,0.0958,0.0958,9,8
GCTCAGCCCACTCGGG,C301I H305Y N395F K417R C477R,0.0958,0.0958,9,8
GTAGACATTACTCGGC,I4L N158K W264E R325T T426K,0.0958,0.0958,9,8
GTATAGATAAGATCCA,Y172H Y393S V431M,0.0958,0.0958,9,8
TAACTCCGCAAGTATA,E287F N373W D432R K481T,0.0958,0.0958,9,8
TAGAACCACCATCCAC,F8R S163Y K425V,0.0958,0.0958,9,8
TAGGCGCTACAAAAAT,Y129T P236L,0.0958,0.0958,9,8
TCAAAACTAAACTGAG,C364L S389K,0.0958,0.0958,9,8
TCGATATTACAAGTGT,V44A L120A T274V N338M T376S,0.0958,0.0958,9,8
TCGCCCCATACCGAGA,V187H,0.0958,0.0958,9,8
TGAACTCGGATGAATG,V14N,0.0958,0.0958,9,8
TGACCAAAGGACATGC,V431S,0.0958,0.0958,9,8
TGTAAGCGTTGTACTC,S27M S400V L447I M472S K481S,0.0958,0.0958,9,8
TTAGAAATGTGGCTAC,I286N A297V T380S,0.0958,0.0958,9,8
TTGAATCCAGCATAAA,N178L R248T M312L Y480W,0.0958,0.0958,9,8
TTGCGAAGTGCCCCCA,H93N R207L E287N G360P,0.0958,0.0958,9,8
AAACGAAACAGTGATT,Y366A S389K,0.1095,0.1095,9,7
AACACAGAAAAAGGGT,E72Q V341T N346V,0.1095,0.1095,9,7
ACCCCTATTTCCGTGG,F140S G160D G277W,0.1095,0.1095,9,7
ACTATCCAATCCCTCG,L258S R356K,0.1095,0.1095,9,7
AGAGACGACCAAAACC,Y419K,0.1095,0.1095,9,7
AGCAACGAAGTACCGG,T225M W283V K291V Q405*,0.1095,0.1095,9,7
AGCTCAAAAGAAAAAC,Q3C S56E M472V S476N,0.1095,0.1095,9,7
ATACTGCGCACTCACC,G174E V187I K384I S400G,0.1095,0.1095,9,7
ATCGCGGATTGGCTGC,L51*,0.1095,0.1095,9,7
ATCTGGCTCGCAAAGT,F8M I443C K490L,0.1095,0.1095,9,7
ATGCCCGCAAAACAAC,D156M P275S A343K Y419M,0.1095,0.1095,9,7
ATTTCTAAAACCTAAA,S60I S205* W264L R282L,0.1095,0.1095,9,7
ATTTTCATAAAGCCCT,R55L D306T,0.1095,0.1095,9,7
CAATATCCTCGGGCCT,I252F Y393S I403E,0.1095,0.1095,9,7
CACAATCTTAAGTTTG,E104T V187D,0.1095,0.1095,9,7
CCCGGCGAGAGACAAC,N37R C118Y,0.1095,0.1095,9,7
CCGTCGAAAACATTTC,T261S I474*,0.1095,0.1095,9,7
CTACCCTACACATGGG,H179K K300R K304R E307G A322P K327G N338S N342D H354R M359V,0.1095,0.1095,9,7
CTATTCGGTTAAAGCA,L259V,0.1095,0.1095,9,7
CTGTAAGAAGTATACA,C212Q,0.1095,0.1095,9,7
GAAAATTGACTTTAGA,N90S N209Y L259W W283* T375M I403N,0.1095,0.1095,9,7
GACTAAGATTAACGTA,I21P G160* D273T,0.1095,0.1095,9,7
GATAGCAGCGATCTAC,L51* S91K S135F,0.1095,0.1095,9,7
GCAATGGATTGATACA,S85T L168R N302Y,0.1095,0.1095,9,7
GGATGGAAGCCAACCG,L387S P464L,0.1095,0.1095,9,7
GGTCTAGTTGAAGCAC,I136V W196G L442P,0.1095,0.1095,9,7
GTAAGGCTTGCTTAAA,Q3T C86Y S171G,0.1095,0.1095,9,7
TAACTACAAAAACGAA,F7T G64L A173V,0.1095,0.1095,9,7
TAGAGATTGACGATAA,I95G G181L H230R,0.1095,0.1095,9,7
TATTGGAGCTGTAGCA,N470Y,0.1095,0.1095,9,7
TCAAGTACATCAAACT,L220S N302I L382Y,0.1095,0.1095,9,7
TCAATAACATCCCAAA,V164A T261S P466S,0.1095,0.1095,9,7
TCCATTTGAAAACTAC,Y94N E303K,0.1095,0.1095,9,7
TCCCAAGGTCAGAAAC,C212S W227H Q416V M472K,0.1095,0.1095,9,7
TCTACGAGGTCGACAG,E67L S269L,0.1095,0.1095,9,7
TGACGGCATCTACTAA,L78C H93R Y217S,0.1095,0.1095,9,7
TGATTCAACAGAACCA,M82Y Y200F L449D,0.1095,0.1095,9,7
TGCGACATCAGTACCT,T40D I254T L442R,0.1095,0.1095,9,7
TTACATAATGTGTGGA,D357C E404A M414F,0.1095,0.1095,9,7
TTATCGGCAATTATAT,T40Y S138N S237C M410I Y419D K490F,0.1095,0.1095,9,7
TTCTTTCCAAAATATC,L46K C86R L128G S476G,0.1095,0.1095,9,7
TTTAAAACCTGTACTA,L26T C57E,0.1095,0.1095,9,7
AACAATGATTTAAATG,H230Q I239T,0.1278,0.1278,9,6
AACTAGCCTGCAAGGA,L259R,0.1278,0.1278,9,6
AACTTTGAGTAGTACG,I24D S437F,0.1278,0.1278,9,6
AATCGCCCTAGAAAAA,T70I E303A P427I Y441T,0.1278,0.1278,9,6
AATCTAAAGGTGCAGA,L68V C292L,0.1278,0.1278,9,6
AATTGCAACAGTCTCG,E76G V388I N395L Q423P,0.1278,0.1278,9,6
ACTACTGAAACCGCCA,P453S,0.1278,0.1278,9,6
AGATATGCAGGTTATA,N89L N158I P486Q,0.1278,0.1278,9,6
AGGAAATAGGAACAAC,L313W,0.1278,0.1278,9,6
AGGACACCATAAAACA,L50V R491*,0.1278,0.1278,9,6
AGTCTCTAATCCGGTA,V44N H124D N319R,0.1278,0.1278,9,6
ATAAGGAATTAGATTA,G98P K451V,0.1278,0.1278,9,6
ATATGACCATCCGTAT,C385A,0.1278,0.1278,9,6
ATCAGACCGAACCGAA,P362I W386T,0.1278,0.1278,9,6
ATCCCTTAACGAGCTA,E17Q F293A P464K,0.1278,0.1278,9,6
ATGGATTCGAAAAACT,N74W R248V,0.1278,0.1278,9,6
ATTGATCTATAGTGTC,D273I I452R,0.1278,0.1278,9,6
CAACACAGTGGGAACT,I21C S163A F440G,0.1278,0.1278,9,6
CAACCACGCGAGTCAG,C155* W210* S216E R257* D357G,0.1278,0.1278,9,6
CAACCCGTTCAAAAAT,K63R G102E L103M S163L R193K W264*,0.1278,0.1278,9,6
CACAAGTATACATGCA,D229P G276V K352W Y393L,0.1278,0.1278,9,6
CACCGGTGGAATTTAC,E104L S143I Y278S R314G,0.1278,0.1278,9,6
CACGATTGCCTGTCAG,M410F,0.1278,0.1278,9,6
CATGTGGGAAAAATAG,T40R T110I M194K D229A Q482K,0.1278,0.1278,9,6
CCAAAACCAGCTAAGC,M82* K425R,0.1278,0.1278,9,6
CCCATCATTTATCAGA,,0.1278,0.1278,9,6
CGAACGCCCCTGGCCA,G2* L168A,0.1278,0.1278,9,6
CGATAGTTAACATGCT,E16D G429S H467Y,0.1278,0.1278,9,6
CGTACTTACTCTGATA,S85D,0.1278,0.1278,9,6
CTGCCAACCTGTCCTT,Y150L D311Y,0.1278,0.1278,9,6
GAAATTATAATTAGGA,G197Y K465A S476*,0.1278,0.1278,9,6
GAGAAACCCCTATTCC,N148*,0.1278,0.1278,9,6
GAGCGAACGAGCATAT,,0.1278,0.1278,9,6
GCCCGAGTTTTATTGA,L78F W227* S444N,0.1278,0.1278,9,6
GCCCTACTATAATGCG,A123T E396F K465N,0.1278,0.1278,9,6
GCTAGAATGACTAAAT,F147A V164*,0.1278,0.1278,9,6
GCTCACGCATTTATCT,F140S K327E D347T S389I Q482*,0.1278,0.1278,9,6
GTATTACACATAAACC,L50* H124F V435M T454S,0.1278,0.1278,9,6
GTGCTCTGCAATGCGA,L51K F309C,0.1278,0.1278,9,6
GTTATAACAGTGCTAT,G54T Y129V R207Y I334S D402R I445L,0.1278,0.1278,9,6
GTTCCTTATCGATTGC,K88S S234P R456G,0.1278,0.1278,9,6
TAAATTTGGGCAGTGA,N365D,0.1278,0.1278,9,6
TAACACAATAACCCCT,T412N W489Q,0.1278,0.1278,9,6
TAATTAAACCGCCCCC,Q9F S169G,0.1278,0.1278,9,6
TACACAGATTCTAGCG,G98N L220* I361N S381L,0.1278,0.1278,9,6
TATGATCTAAATTGTA,S85V H92Y W196S G424M L449F,0.1278,0.1278,9,6
TCGAAACAGAGATGGC,I213E C475V,0.1278,0.1278,9,6
TCTAAAGTCTTCGAGT,G160R E404*,0.1278,0.1278,9,6
TTCAATAGGAAGCAGA,V28*,0.1278,0.1278,9,6
TTGCGTCTAGCATGCC,V435N,0.1278,0.1278,9,6
AAAGAGCTCGACACCA,A123S P275D L428T,0.1533,0.1533,9,5
AAAGTCATCAAGTAGC,L258* W386R W489L,0.1533,0.1533,9,5
AATCCTTTACCATGAA,T274* K465L,0.1533,0.1533,9,5
ACGCAAGTTTGAAATT,T48S P238G E418G,0.1533,0.1533,9,5
ACTGATGATACCAAAA,S246M K451*,0.1533,0.1533,9,5
ACTGTCATATTTAACC,G54* G198I Y219K R256P M359Q,0.1533,0.1533,9,5
ATACGAGAGGCACTAC,Y219Q,0.1533,0.1533,9,5
ATAGCAATATATAATC,N127H N319L K368N,0.1533,0.1533,9,5
ATCCCTATTTATTCCG,N89K V164M,0.1533,0.1533,9,5
ATTAGCAAATCATCCC,N148I L220Y G260V E307N,0.1533,0.1533,9,5
CACCATCCAATAGCAT,I21H T376* V459W,0.1533,0.1533,9,5
CAGCTACTACTGAGGG,Y419R Y441T S476F,0.1533,0.1533,9,5
CATTTGATTTCTCAGT,L23R I162M D251*,0.1533,0.1533,9,5
CCCTATGAAAACCTCT,L50* F233S Q406T T438L,0.1533,0.1533,9,5
CCTCCGGTGACTTACA,D156N D273Y L372F,0.1533,0.1533,9,5
CCTTCATGTTAACCAT,G98I,0.1533,0.1533,9,5
CGCCTCCAGTAGCCTG,S60Q I252* N295I L315R,0.1533,0.1533,9,5
CGTAAAAGATATTCGA,D156Y W264* E396L,0.1533,0.1533,9,5
CTAGGAAAATATCATT,R422W,0.1533,0.1533,9,5
CTCGACAATCCAGGAT,K116L G260R D432S,0.1533,0.1533,9,5
CTCTAGTAGAAATCCC,N89I A152S C385S,0.1533,0.1533,9,5
CTGTTCCTCTCGCAGA,R282P,0.1533,0.1533,9,5
CTTAACCAAGAGACTT,T377*,0.1533,0.1533,9,5
CTTTAACTCTAAATTG,I4D K352E Q416L,0.1533,0.1533,9,5
CTTTTAGTAGTAACCA,V5I W210S F262C N390L,0.1533,0.1533,9,5
GAGAGAGAAAAAAGCA,V47M L133A D156A E308Q N409W E418V,0.1533,0.1533,9,5
GATATGTTTTGTAAGT,Y166E N342A,0.1533,0.1533,9,5
GCATTCGAATGATCAA,G98N D175L Q321R,0.1533,0.1533,9,5
GTGAGAACAATAGATA,N302Y Q335*,0.1533,0.1533,9,5
GTTTTGTAATTTGGTT,L32R G159Q T375K,0.1533,0.1533,9,5
TAAAAAAACGTTCAGT,T6N T225N Q335N D402A,0.1533,0.1533,9,5
TAAAGTTTGAGCTTGA,A30T Y166C W227P,0.1533,0.1533,9,5
TAACCAAAGAACAAGA,G2S L51R,0.1533,0.1533,9,5
TAAGACTAATATATGA,M1T E10D C310M T375L P383L,0.1533,0.1533,9,5
TAGCACCAACCATATT,H124Y L430T,0.1533,0.1533,9,5
TAGTTCCTATGACAAC,C41V E67R M134I T182R,0.1533,0.1533,9,5
TATTTGTTTGTCCGGG,G102M,0.1533,0.1533,9,5
TCAAATTAATTAACGT,Y166R T190S C463G,0.1533,0.1533,9,5
TCACTATAAATCATGT,L259R L355*,0.1533,0.1533,9,5
TCTCTATTTGCGCGAT,D122M F157R Q331I L382P,0.1533,0.1533,9,5
TGAAAAACACTCGCAA,Q3T H92T W489E,0.1533,0.1533,9,5
TGACAGCCCCCTTTAC,A328Y V388G P466S,0.1533,0.1533,9,5
TGCATACATTGCGGTG,F38Q L259K E303S,0.1533,0.1533,9,5
TGCGATAGAACGTAGT,M1E K125V L203K,0.1533,0.1533,9,5
TTAAATGGAACCACTT,C57V S135C,0.1533,0.1533,9,5
TTATTTATTCTGAGAA,A25S E151D Y253A,0.1533,0.1533,9,5
AACAAATACAGATGGA,L107M S163I R314M K461M,0.1917,0.1917,9,4
AACATTATTATGTAGG,Q165K T190Q,0.1917,0.1917,9,4
AAGTTACTATCCTAGG,L142H Y200*,0.1917,0.1917,9,4
AATGAATTATGATCAA,C86K L479M,0.1917,0.1917,9,4
AATGAGCACTCGAAAG,C41T S171Y I445F C475P Q482T,0.1917,0.1917,9,4
AGATACCGGAAAGCAA,C155S,0.1917,0.1917,9,4
AGATCGTGTGTACATC,N99I Q247V,0.1917,0.1917,9,4
AGCAGGTCGATACCGT,G42W,0.1917,0.1917,9,4
AGGCTATCAACCATTT,T110P,0.1917,0.1917,9,4
ATATATGTGGTAATAC,T70K T110R L133V V164L Y200D S381L,0.1917,0.1917,9,4
ATCTGGCTCCAAAAAA,G54P W264S,0.1917,0.1917,9,4
CAAGGTATATCTCCAA,I95F R356S,0.1917,0.1917,9,4
CACAGCCCAACGATAC,N89* L142I Q223V,0.1917,0.1917,9,4
CAGAGAAACAACCAGG,I252F W489*,0.1917,0.1917,9,4
CAGGTTAAATATAAAT,I21S D156N R235P,0.1917,0.1917,9,4
CAGTAATGTGTTTAAA,H179* V341L,0.1917,0.1917,9,4
CATAGGATATAGTAGC,F191Q S392G,0.1917,0.1917,9,4
CATGCCTGGTAGACGG,Y66N F157* K291E K339R,0.1917,0.1917,9,4
CTACACCCGTATATTT,K320M E418C,0.1917,0.1917,9,4
CTCAGTTCACTCCAGT,T6Q L32A L120T,0.1917,0.1917,9,4
CTCCATATCGTCTCGG,S56R P83L W264L,0.1917,0.1917,9,4
CTGACGATCTTTCCTT,I4L S138R M414P,0.1917,0.1917,9,4
CTGGATCAAGGCCCAG,Y219K,0.1917,0.1917,9,4
GAAAGCTCCTTTTAAG,L78V G98I,0.1917,0.1917,9,4
GAAATATATCATCAAT,L258Y L290M D317L T397D,0.1917,0.1917,9,4
GATCCAAAATAGCAGA,T110P D268E E287* K304R H455I P483I,0.1917,0.1917,9,4
GCAACTGAAACTGACC,G198I R207L T249E G260E T274K A288Y,0.1917,0.1917,9,4
GCCAGGCGAGTAAAAA,R468H,0.1917,0.1917,9,4
GGAATTTTGCACCAAG,N178C W227L L259A,0.1917,0.1917,9,4
TAAAACGAATCATATA,N119W C155H Q232K,0.1917,0.1917,9,4
TAAATCTAGCCTAGTT,A132P S154Y K339G Y441I,0.1917,0.1917,9,4
TAAATGACAGAATAGT,L220D,0.1917,0.1917,9,4
TAAGAGAAAAAACTTA,I15W C41L,0.1917,0.1917,9,4
TAAGGATAGTGGACAA,S111C K161S,0.1917,0.1917,9,4
TACATCACGATAACTG,A30P N37V Y66L Y200N L430K,0.1917,0.1917,9,4
TACGATTAACTGCTAA,V11S Y200T N338I,0.1917,0.1917,9,4
TAGTCCGTCAGTCGCC,F38M N99C E329C,0.1917,0.1917,9,4
TATGCGATGAAACTCT,L336P P453H C463L,0.1917,0.1917,9,4
TCAAAAATTAAGTTTC,T182P E308W G378S,0.1917,0.1917,9,4
TGAACAAGATCCTTAA,N89H A123V K384L,0.1917,0.1917,9,4
TGTGTATCTTATAATA,L51K Y278L,0.1917,0.1917,9,4
TTCAACTACAAATACG,L203K L259S,0.1917,0.1917,9,4
TTGAGAACGGATTAAA,L203C L428F,0.1917,0.1917,9,4
AAAACTCAGAAAAAAT,K272M S367* S462M,0.2556,0.2556,9,3
AACATGTATCCTAAAA,P383G,0.2556,0.2556,9,3
AACCTTGAGTACACGC,E151M I254G M312E A330F L433R,0.2556,0.2556,9,3
AACTAATGCCGGATAA,E289R I337V,0.2556,0.2556,9,3
AATAAGGGCACAAGGT,G34I C301S,0.2556,0.2556,9,3
AATCTCCAGCGTTTAA,S91T K451L,0.2556,0.2556,9,3
ACAAAGGTGACCAGTC,G277R G484Q,0.2556,0.2556,9,3
ACATTGCTTTACTAAA,G2V,0.2556,0.2556,9,3
AGCCAACGGCAGTTGG,T87L E270L D408V,0.2556,0.2556,9,3
CAAATAGCTCAGCATT,C41Q T48W S269F F309I,0.2556,0.2556,9,3
CAGTAAACACGCAATC,I222Y P362T,0.2556,0.2556,9,3
CCATGACTTCAACTTT,S56L R193K T281S,0.2556,0.2556,9,3
CGAAACTGAAATTGTT,E76S F147R C155W D229E P383Y,0.2556,0.2556,9,3
CGAACAAGACTTACCA,N20D I136S C301R,0.2556,0.2556,9,3
CTGCACAAAACTTTGA,N178* A330W E404F K425N,0.2556,0.2556,9,3
CTGCCCTTATACCTTT,M192D C301A S400C V450C,0.2556,0.2556,9,3
CTGTATCAGAGTCAAT,K125D W196V R379* H471F,0.2556,0.2556,9,3
CTTCCCCGAATAATTC,L51R N346H N409Y,0.2556,0.2556,9,3
CTTCGGGGGCGATTCT,N365S,0.2556,0.2556,9,3
GAACAAATATAACTGG,Q9C E67S S333L,0.2556,0.2556,9,3
TCGGAACATTTGTTTC,Q324H P427T I443L,0.2556,0.2556,9,3
TCTCGCACAAGATAGT,W196Y P464N,0.2556,0.2556,9,3
TGCTCGAAGGTTTGCC,T101G L105H F318G,0.2556,0.2556,9,3
TGTATTCGGGCCCAAT,C155G Q331H E421Q,0.2556,0.2556,9,3
TGTTTTATTCACATCT,L32F C118W,0.2556,0.2556,9,3
TTAATCCTTAATAATT,W210F R250I S269N F318A L344W,0.2556,0.2556,9,3
TTGTCATGGTGATAAC,A184K H471C,0.2556,0.2556,9,3
TTTTAATCAATGTGGA,H13N E104I A176V Y219L S389G G473T,0.2556,0.2556,9,3
AAAAAAGTCATCCAGG,W283*,0.3834,0.3834,9,2
AAAACACTCAATGAGT,M1V L245* G294V F436C,0.3834,0.3834,9,2
AAGACACTACGAGTAT,S60C G159K C385Y,0.3834,0.3834,9,2
AATATATCTTATTTAC,T58S N90Q L188M C292L N409K,0.3834,0.3834,9,2
ACAGACCCTTCATACC,D273Q K352R C364Q W489S,0.3834,0.3834,9,2
ACTTGTAAAATCCAGA,N74R T81S N90Y N127L,0.3834,0.3834,9,2
ATGTAAAATGCTACCG,S60Y K88N G197R K368C L394E P464Y,0.3834,0.3834,9,2
CCCAATCCAGTTACAA,C385Y,0.3834,0.3834,9,2
CCCTGTGTATTAACCA,T59K S85P S135Y I323M,0.3834,0.3834,9,2
CGTGGGCACTTTATAA,I4G,0.3834,0.3834,9,2
CTACCTTTGATCATCA,G186L W196G N409D,0.3834,0.3834,9,2
GAGCAGCCTTTAACCA,D317F N390K,0.3834,0.3834,9,2
TAATGGGACAATTAAA,V5R L23Q I345Q,0.3834,0.3834,9,2
TCATAGGAATACATAA,P464A,0.3834,0.3834,9,2
TTAGAGTCAAAACAAA,C155M,0.3834,0.3834,9,2
AACAGCGCCGTCAAAC,V5L E17*,0.7667,0.7667,9,1
ACTGCACAAACTTTGG,M1L Y94A W489V,0.7667,0.7667,9,1
ATTCTAACAGAGTTCA,T225L F293L,0.7667,0.7667,9,1
CATACCATCTCGTCAC,F191E Y200L E270L M414R,0.7667,0.7667,9,1
CCACCAATGGGGGTTA,G2M M153Q N167G,0.7667,0.7667,9,1
GAAATGAAATTTGGAT,L285Q,0.7667,0.7667,9,1
GAAATGGGCGCTTCGT,L68T H92L S111* Y166L G260R E270D,0.7667,0.7667,9,1
GACTAATAAACTCATC,N89D G102N R257F T375K,0.7667,0.7667,9,1
GTAGGTATAACTTTTT,L51K F309* S367A H374L,0.7667,0.7667,9,1
GTGACATCTACTAAAA,Q335*,0.7667,0.7667,9,1
TCTAGTTTCGTAATTT,Y363R,0.7667,0.7667,9,1
ATTTTCTAATAACGAA,T58K E228Y,1.0000,inf,9,0
GACCAAATGTTCCTTG,C57V T190S,1.0000,inf,9,0
TGATGCCGAAAAAATA,P12H T59R V183E F233V,1.0000,inf,9,0
TCAAAATGAAGAAAAT,,0.0002,0.0002,8,3232
GATGTGCAAAAGCCTA,,0.0002,0.0002,8,3209
TATAAATAGCAATACA,T59L,0.0002,0.0002,8,3067
CACTTGGTGCAACTTT,K339R G378S,0.0002,0.0002,8,3016
AACAAATATGACATTA,R207K,0.0002,0.0002,8,2965
CACTACCTACTCATAT,K425S,0.0003,0.0003,8,2572
GATAGAATCCATCCCC,D122E,0.0003,0.0003,8,2539
CCTCATCATAAAGACC,,0.0003,0.0003,8,2531
CAAAGACAAAAAATGT,V5I M284T,0.0003,0.0003,8,2479
GACGCTTTTTAAAGGG,,0.0003,0.0003,8,2468
CGGTGATTAGGTGTCA,A177L,0.0003,0.0003,8,2368
TTATCAAATAAGCTAT,N178P,0.0003,0.0003,8,2322
TGTTATTGTTGTCATA,I334F,0.0003,0.0003,8,2298
AAATATAAATAACCCC,R250S,0.0003,0.0003,8,2248
AAGTGAAAGCGTAATG,W196S,0.0003,0.0003,8,2235
CTAGAAGGTTACTCAG,T58G L336W,0.0003,0.0003,8,2184
ATAAGCCATACCGACG,N99R,0.0003,0.0003,8,2145
TAGGATTGGTCATAAA,,0.0003,0.0003,8,2119
CATCGTAAAGACCCAT,S169R,0.0003,0.0003,8,2070
CTTGGTGTCAAAACTG,S171I,0.0003,0.0003,8,2067
TCTCCAAAGTGATATA,M134L,0.0003,0.0003,8,2040
GTCACCAACTGTCACG,H13S,0.0003,0.0003,8,2034
ACATATACGCGACGAC,V31I K63E,0.0003,0.0003,8,1992
TATTTTGCAACGAAAC,V44M,0.0003,0.0003,8,1976
TTGAACCTTACCCAGC,T225K,0.0003,0.0003,8,1975
ACCTAATTCAATAACC,N90V,0.0003,0.0003,8,1974
TCAAACATGGTTCCAG,,0.0004,0.0004,8,1944
ATACTATTTATGGATT,,0.0004,0.0004,8,1941
CTTTTGGCTCTCGCAA,,0.0004,0.0004,8,1927
ACATTAACGAAAGATA,,0.0004,0.0004,8,1917
AATACACACCTATGGC,,0.0004,0.0004,8,1900
AAGTTATAACAGATTG,S171W G391S,0.0004,0.0004,8,1892
GTCAATACTACCAATA,E270S,0.0004,0.0004,8,1880
ATTATTGAGGTACTCA,,0.0004,0.0004,8,1879
GTATTCCGTCGAATGC,,0.0004,0.0004,8,1846
TTATTGACTTATTCCC,G243Y,0.0004,0.0004,8,1835
GCACTCTACAAAAGCT,,0.0004,0.0004,8,1806
AAACACAGATCATTAC,W210C S255N,0.0004,0.0004,8,1787
ACAAACAATAAACTTC,,0.0004,0.0004,8,1781
TCACCTCCCGAAGTAA,,0.0004,0.0004,8,1781
ATACTAACCACAACAC,,0.0004,0.0004,8,1766
GATATTAGAAACATTT,,0.0004,0.0004,8,1757
ACTCCGATATTAACAT,S169I,0.0004,0.0004,8,1756
GTGAGAATCTCTATAA,L259M,0.0004,0.0004,8,1756
TAGAATAAGGCTCTTT,G198S,0.0004,0.0004,8,1728
GATCATGAATATTACC,,0.0004,0.0004,8,1695
GTTGGCCACTATGCTC,T101M,0.0004,0.0004,8,1677
ACAGATTACCTCAAGG,S389L D408N,0.0004,0.0004,8,1668
GACAACATTCAAAACT,,0.0004,0.0004,8,1663
TAATATTAATTGGTAA,,0.0004,0.0004,8,1662
TTGGCTCAAAAGTTAA,,0.0004,0.0004,8,1633
GAGCCAGATCTTAACT,,0.0004,0.0004,8,1631
ACACTGAGGACCAACT,,0.0004,0.0004,8,1625
TGTGACGTGCTGAAAT,P236L H305Y,0.0004,0.0004,8,1624
TATAAGTATAAAGACG,L203Q,0.0004,0.0004,8,1619
GTAATCATATGCCTAA,H131M D273Y,0.0004,0.0004,8,1614
AATAGAATACCCGCAC,,0.0004,0.0004,8,1601
CGAAGATGACAACCAC,I443S,0.0004,0.0004,8,1597
TGCACTAAATATCCTA,G360V,0.0004,0.0004,8,1583
GTAATATTCACAAAAC,G98T,0.0004,0.0004,8,1581
TTACCAAAGAACAATT,H179A,0.0004,0.0004,8,1581
TCTGCTTGAATTAAAT,I334W,0.0004,0.0004,8,1575
AACAACCTATGCAATC,,0.0004,0.0004,8,1556
TATAGTAGAAGGTGAA,,0.0004,0.0004,8,1556
CGCCCTTTGCCGAAAC,,0.0004,0.0004,8,1552
ATACCATAAAAAGGGA,,0.0004,0.0004,8,1549
ATCACTATGGTACAGC,,0.0004,0.0004,8,1538
TAACAATAACTGTTGC,A288V,0.0004,0.0004,8,1534
TGCTTACCTGCTTTGG,T380V,0.0004,0.0004,8,1532
TTCGAAAATTACATCA,,0.0004,0.0004,8,1525
AATAAAACCCTTCCAA,,0.0005,0.0005,8,1497
AAGGCTCTACGAACCA,V485M,0.0005,0.0005,8,1481
AGCGCAATAAAAATTA,A39G S476A,0.0005,0.0005,8,1449
TGATCTGTCGTGATGC,,0.0005,0.0005,8,1439
ATCCTAGATGATGTAC,,0.0005,0.0005,8,1429
CTTGATTCTAAACAAT,S462N,0.0005,0.0005,8,1415
TGATAACTCCAGAGAA,H179E N395Y,0.0005,0.0005,8,1414
ATTACCGCATTACATA,K291R R379L,0.0005,0.0005,8,1409
AAATACAGACCAACGC,S205C,0.0005,0.0005,8,1402
TATAAATTAGGCTATA,,0.0005,0.0005,8,1399
GAAAAATTTGTACCTA,T59S,0.0005,0.0005,8,1390
CACCCATGATGATTGT,,0.0005,0.0005,8,1388
AGAAGCCAACATATAT,S60N,0.0005,0.0005,8,1385
AACCGAGATAGCCTTT,G186L R207T,0.0005,0.0005,8,1383
TGTATTACATACAGAA,,0.0005,0.0005,8,1382
TGCATTAATAGCCAGT,,0.0005,0.0005,8,1378
AGCGACGTCTTTTAAT,H179Q T261K,0.0005,0.0005,8,1374
AGACAAACTGAAACTA,,0.0005,0.0005,8,1359
TTTTGAACTAGCACCT,S111T Y200S,0.0005,0.0005,8,1355
ACCCAGAAATCTATAG,G34A W196F,0.0005,0.0005,8,1330
TAACAATAGTCGATAA,,0.0005,0.0005,8,1316
CCTAGAGAGAGTTTAC,G294E G460H,0.0005,0.0005,8,1307
CACCAGCATGTTGGGA,Q247L,0.0005,0.0005,8,1270
TAAAAAAGGTTTACCT,G208A,0.0005,0.0005,8,1263
CCTCCGAATGACCACC,N319C,0.0005,0.0005,8,1258
GAAAACCTGTTGTTGC,,0.0005,0.0005,8,1258
TAAAGTAATAGATGAA,T261L,0.0005,0.0005,8,1256
CAATAGATAGGTTGCG,M153V S267M T274V,0.0005,0.0005,8,1247
AGGCCATTTTATGCCG,M82I,0.0005,0.0005,8,1244
CGTACCGGGATGTTTA,D204Y,0.0005,0.0005,8,1243
CTTATGCAAACCATAT,,0.0005,0.0005,8,1242
AGATTTGGATTCTGTG,,0.0006,0.0006,8,1230
TAAAAATTTAAAAAGA,T106S,0.0006,0.0006,8,1224
TACCAACTTAACTATT,F38V S205I F233I,0.0006,0.0006,8,1221
CCTCGAAACTACCATA,,0.0006,0.0006,8,1216
CAAGCCACTTTACTCA,Y200F,0.0006,0.0006,8,1214
GTGGGAACTAACAGAA,M472W,0.0006,0.0006,8,1208
GTCTGTAATCATCTTA,V44W,0.0006,0.0006,8,1206
GTCTTTAAAGCATTTT,I474L,0.0006,0.0006,8,1206
CAAAAAACTCTATAAA,V459F,0.0006,0.0006,8,1190
TGAGCCCAACACCACG,T101A R207I G391K,0.0006,0.0006,8,1174
ACACCAACTATAGAGA,G34S,0.0006,0.0006,8,1173
GACCACTATCTAAACC,,0.0006,0.0006,8,1168
AGCTGGACTTAGTCGG,V388T,0.0006,0.0006,8,1163
ACTAAACTCGATATCT,S246E,0.0006,0.0006,8,1159
AGTTAATTGATTAGTG,V65L,0.0006,0.0006,8,1155
GACATTGGGAACTTGA,,0.0006,0.0006,8,1154
CGACATTAACAAATAT,,0.0006,0.0006,8,1153
GGCTCAACCCGATATA,T225L T261L,0.0006,0.0006,8,1147
TGTTAAATGAAAAATC,A195S,0.0006,0.0006,8,1136
TTACATCTTAAATGAG,G159Y,0.0006,0.0006,8,1127
CTGCTAACTTTTATCA,,0.0006,0.0006,8,1118
CGAGAGCCTACTATCC,,0.0006,0.0006,8,1116
ATTAAATCGATAGGAA,F7V S171T P236H,0.0006,0.0006,8,1113
TATAGGAAAACACCGG,V47L P486S,0.0006,0.0006,8,1111
TGGAATAGGTCCAATA,N209I,0.0006,0.0006,8,1107
GCCCAACTAACCTAAA,E303M,0.0006,0.0006,8,1106
TTATTTCGTTAAATAA,K327N,0.0006,0.0006,8,1102
GAACTTAAAAAGCCCG,,0.0006,0.0006,8,1101
AGATTGAACTCATATA,S234N N302T,0.0006,0.0006,8,1099
GGCTACACACGGTAGA,,0.0006,0.0006,8,1094
TCGCTAAACGCGGCGT,,0.0006,0.0006,8,1091
CCATTCAATAACCAGA,A173Y,0.0006,0.0006,8,1090
GCACAGTCCAGAGTCA,,0.0006,0.0006,8,1090
ACGGCTACCTTGATCA,L188F,0.0006,0.0006,8,1089
TAAATGCCAATAAGCG,H115P,0.0006,0.0006,8,1087
AATGTCATGTAAAGGG,,0.0006,0.0006,8,1083
ACAATAAATCCAAATT,V14M F38T K88L,0.0006,0.0006,8,1077
GAACTAATCTAATAGA,G391K,0.0006,0.0006,8,1076
TATCAACGGTACCCAA,L73I L220I,0.0006,0.0006,8,1074
TCTAGTGTCTTCAAAT,S205W F233Q T261C G294S,0.0006,0.0006,8,1064
TCCACTATGGTTTAGG,,0.0006,0.0006,8,1062
ATAAGCCGCTGCGACT,V485M,0.0006,0.0006,8,1057
AGAGATACTTGCTAGT,T87V,0.0007,0.0007,8,1042
ATCCGCAAAGCAAATA,,0.0007,0.0007,8,1038
GTGACAGGTTATAAAG,V187L D273F,0.0007,0.0007,8,1035
AGTTTAGTGATTAAAA,,0.0007,0.0007,8,1033
GACTACTGTTTAACCA,,0.0007,0.0007,8,1030
CAAATTAGAAAATATT,T376I,0.0007,0.0007,8,1027
AGGCTAGCCTTAGGAA,I239F,0.0007,0.0007,8,1026
TTTGTACTACCAACAA,E104M,0.0007,0.0007,8,1019
TACCTCCCGACATTTG,M96Y M284E Q321G,0.0007,0.0007,8,1016
TTACCGCCTTGGTAAT,,0.0007,0.0007,8,1006
TAGATGAAGTTCTAGC,,0.0007,0.0007,8,1005
GATTGTACCGGTTCAT,A39V L203S,0.0007,0.0007,8,1004
GTTCATCAATGGTGTA,I21M I144V G208A,0.0007,0.0007,8,1004
ATACACTGGTAACATC,,0.0007,0.0007,8,1003
TACAGCCACTCAACAC,,0.0007,0.0007,8,1003
TCTTATATGCCATTTA,,0.0007,0.0007,8,1003
AAAGTCCAAAGAAATA,,0.0007,0.0007,8,1001
AATGATCGAAAGCCAT,,0.0007,0.0007,8,1000
CATTGACGGTTTAAAA,,0.0007,0.0007,8,1000
TGACTAATTGCCCGCC,V44S A173Q,0.0007,0.0007,8,999
AACAGTGTGAAGGAGA,,0.0007,0.0007,8,986
TATATTACTGCACTCC,S60D,0.0007,0.0007,8,983
AAACCCTTATCTAGAG,,0.0007,0.0007,8,982
TCCTAACTCGAACCTA,H179E A343H,0.0007,0.0007,8,980
GCCAGTACCCTGAATA,,0.0007,0.0007,8,974
AGGATAAAAGAGTGGC,G198V E303L T377N,0.0007,0.0007,8,972
TATCAGCAACACATTA,,0.0007,0.0007,8,964
ATTATAACATCCAGAG,N209S,0.0007,0.0007,8,963
AGATAAACGGTATCGA,L336T,0.0007,0.0007,8,962
GATGCTACAACACTCT,E10I I201T S476N,0.0007,0.0007,8,960
CAGCAAAGTCTGCATT,Q416M,0.0007,0.0007,8,957
CCAATACTATTTGCCC,I162L Q232A,0.0007,0.0007,8,956
GACACTTTTCCAGAAT,I213L E287F,0.0007,0.0007,8,954
TGATGACAACAAGCGG,I4A E100V K272M,0.0007,0.0007,8,954
GAACAACAGCTAATTG,G206Y,0.0007,0.0007,8,952
AAGGCACATCGGGCAA,,0.0007,0.0007,8,949
ATCCCCTAACGTTAAA,T380Y,0.0007,0.0007,8,949
TCTATATGACTAATAA,A177F,0.0007,0.0007,8,948
TGACAAAACAAAAATA,,0.0007,0.0007,8,944
TTACGCCGATAATCCA,,0.0007,0.0007,8,937
GGTCCGTAACCACATT,,0.0007,0.0007,8,931
CCAAAGAACAAAGATT,E151D,0.0007,0.0007,8,930
TCTGAATAAAATAATT,,0.0007,0.0007,8,927
AGATGTTGTCAGATTA,T376R,0.0007,0.0007,8,925
TTCCATCAACCGTTCA,,0.0007,0.0007,8,925
CAATTGATATTCTAGG,D211L,0.0007,0.0007,8,924
CTATTAAGATACCAGA,Q331A T375V,0.0007,0.0007,8,922
CAAACATGTAAGACCC,,0.0007,0.0007,8,915
CAGAATTACCAATAAC,,0.0007,0.0007,8,915
AAGCTGAATGATAGTG,D273L,0.0008,0.0008,8,906
AAAATAGAGGGTGTCA,I21V S85F D251L K451A,0.0008,0.0008,8,905
TAAACTCATGTATTCT,R282S,0.0008,0.0008,8,898
GAGACACTTATTAGTG,G240S H374E,0.0008,0.0008,8,897
GACCCAACAGTACAAA,,0.0008,0.0008,8,893
ATGATCAAAAAGACAT,,0.0008,0.0008,8,892
AAGGCATGTAGTTCGT,K272R S462N,0.0008,0.0008,8,888
AACTAGCATTGTGCGT,,0.0008,0.0008,8,885
GTGAATTTATTGTATT,N158I S171G,0.0008,0.0008,8,883
TTACTAATGCCCTAGC,,0.0008,0.0008,8,882
AAATAAGCACTTGCGT,,0.0008,0.0008,8,881
GAGCACTTCTTGATTC,M214E I474S V487L,0.0008,0.0008,8,880
CCAATGTAATTCAGAT,T296A,0.0008,0.0008,8,872
ACTGATGAAACAATGA,,0.0008,0.0008,8,867
GACAAAAAATCTTTCA,,0.0008,0.0008,8,857
TATCCATGAAACAATG,I213M,0.0008,0.0008,8,856
AGACTCGAACTATATA,T377I,0.0008,0.0008,8,855
TATAATATCAAAAGGA,,0.0008,0.0008,8,852
TTGAGGGCATTCTTTG,E396V L442S,0.0008,0.0008,8,850
GTCTAAAACACAACAT,S400L,0.0008,0.0008,8,842
TAGTAGAATCCAATAT,,0.0008,0.0008,8,842
ACAACTACTCAGTCAT,K304S,0.0008,0.0008,8,840
ATAGGTAATGTCTATT,,0.0008,0.0008,8,839
AGCCCTAAAGCCACGA,T139L Y172T,0.0008,0.0008,8,838
AACACCATAATGCTTC,,0.0008,0.0008,8,832
CGTACAACAGGTATTG,,0.0008,0.0008,8,832
GAGCATAATTACTGTA,S255T,0.0008,0.0008,8,829
GGTAGCTATCACGGTA,S121R K126F,0.0008,0.0008,8,821
CAGGTTTATTGTTGTG,N185G M359W,0.0008,0.0008,8,820
AACTCATTCACCTGCG,D273R,0.0008,0.0008,8,819
ATCCGCCTGGCCTAGA,I361L,0.0008,0.0008,8,818
TCCTGTTTACATTACC,T58N K320R,0.0008,0.0008,8,817
AAGTACATGCAGGATC,N89D K116F P483K,0.0008,0.0008,8,815
CTAAAGCCGACTTTAC,I112H,0.0008,0.0008,8,808
ATTGAAGAATACGCTC,,0.0008,0.0008,8,807
CGCGTAAGAAGCTTAG,,0.0008,0.0008,8,807
CATAACACGGTAATTA,S60I K368R N395K D408M,0.0009,0.0009,8,796
TTTCTACAATCATTGG,,0.0009,0.0009,8,790
TACTATTAACCATAAT,G186K,0.0009,0.0009,8,788
ACCAAAATGCAAAAGT,W196F D273M,0.0009,0.0009,8,787
ACGCACTCCAGGCAAA,V459Q,0.0009,0.0009,8,786
AACGTGTTAACCTCAG,E67M,0.0009,0.0009,8,779
CACCTTTTCATAAACA,K490N,0.0009,0.0009,8,778
TACGATTAAACCCTTA,K384Q,0.0009,0.0009,8,778
AAGAGCAAATTAACGA,S216R,0.0009,0.0009,8,777
ACCCACCCAAATTACC,,0.0009,0.0009,8,775
GGGACATCCTTCACCA,N37S P483A,0.0009,0.0009,8,773
TCAAACAAAAAATAAT,D156F,0.0009,0.0009,8,769
ATTGCAAAGTACAAGT,H93N G276N,0.0009,0.0009,8,768
ACAGTTAATCGCTTAA,H13L,0.0009,0.0009,8,766
CGTATGCCTCAAGAAG,N119M,0.0009,0.0009,8,766
CATCACCGTAAAAGAA,,0.0009,0.0009,8,765
ATTAATAACTACTCGC,,0.0009,0.0009,8,763
CCTAAACCGTACGTTG,N90W,0.0009,0.0009,8,763
AATAATAGAGACCACC,G159Q M214V,0.0009,0.0009,8,751
TGAATGGGCGCTTGTA,N148Q,0.0009,0.0009,8,751
TCCGATAGGGGTCCCG,,0.0009,0.0009,8,750
GTTTGCACAGCAACAT,M80Q L442G,0.0009,0.0009,8,749
CCGGCACTAACTCGGA,T375S,0.0009,0.0009,8,748
AAACTTAGCTACAACC,A202F,0.0009,0.0009,8,747
TATCGGATGCCAGGCA,H398F,0.0009,0.0009,8,741
TTTACAACAATTATCG,,0.0009,0.0009,8,741
CCTCCACCGAATGGTA,Q232F,0.0009,0.0009,8,735
CAAAAGCCATGCACAG,,0.0009,0.0009,8,733
CATAGGAATATTCGAA,D156N D229F,0.0009,0.0009,8,733
GCACGCGTGGATAAGA,T397Q H471V,0.0009,0.0009,8,733
AGGAATCCTGACATGG,L433V,0.0009,0.0009,8,731
GACTAAATTTCACTTT,N390R K465R,0.0009,0.0009,8,731
TCCGGAAAAAGCCATA,,0.0009,0.0009,8,729
ATTCAGCATCCCCTAG,,0.0009,0.0009,8,727
ACGCTAGGATCAATAC,S138E Q335S,0.0009,0.0009,8,725
AAACAGAGTTTAAGAC,S333V,0.0009,0.0009,8,723
CTAGATTAGCAGCACA,D130Q,0.0009,0.0009,8,720
CACAGTGGTCAAAGGA,A30L W210I G460Q,0.0009,0.0009,8,718
GTCGAAGAGGCCCGTT,,0.0010,0.0010,8,713
GTTAACTCCGCATATC,,0.0010,0.0010,8,713
GTCTTATACTCTAATT,N37Q,0.0010,0.0010,8,711
ATGCAAATTCCAGCAC,D306V,0.0010,0.0010,8,705
AAATTTTATTTATGTA,H398Y,0.0010,0.0010,8,704
TAGCTCACCACAACCA,Q3D,0.0010,0.0010,8,702
CAACAGATAATTTGTT,,0.0010,0.0010,8,693
CGCCGGGAGTATTGCA,,0.0010,0.0010,8,693
CGGGAAGAGATGTAGA,E303R,0.0010,0.0010,8,687
TAGCTAAGGCAAAAGA,S85W G391D,0.0010,0.0010,8,686
CTCCGACTAAGGCCTT,,0.0010,0.0010,8,683
TTACTCGCTTAAAAAG,,0.0010,0.0010,8,683
ACAAATAACAAAAATG,Q348M,0.0010,0.0010,8,669
GATATACCATTATGAT,,0.0010,0.0010,8,667
GGTTCCTATAGTGATG,H305T,0.0010,0.0010,8,666
TGTCTTATGCTCTCAA,N146Y,0.0010,0.0010,8,666
GATCAAGACCTGGAAG,M351E T376Y,0.0010,0.0010,8,662
CTCATGCTAAAACCCC,S154V,0.0011,0.0011,8,649
TGTACTGAGACAGTAA,H179S G260L,0.0011,0.0011,8,642
AGAATCACTTTATAAC,N158F S246Q,0.0011,0.0011,8,638
TTAACTGCAAGCCATA,T296P,0.0011,0.0011,8,637
ATACCTTATGATAATG,L290M,0.0011,0.0011,8,634
CGATCAATTCCGATCA,,0.0011,0.0011,8,633
AGCCTCGCCCCGAGCA,T438M,0.0011,0.0011,8,632
TCGGTCATGTTAAGCA,P145K S237N,0.0011,0.0011,8,627
GGAGACTACGAAATAT,G197T Q482S,0.0011,0.0011,8,625
AACCAACGAGAGTATG,S171V,0.0011,0.0011,8,616
CTATACCGGAAGTCAC,E67M,0.0011,0.0011,8,615
CCTACAATTTAGACTC,T139V S169T K461N,0.0011,0.0011,8,613
ACGATTCGTAATCATA,,0.0011,0.0011,8,608
GAAAAACTAACCAGTA,D268M,0.0011,0.0011,8,601
CCCAAAAAATGACGGA,H115G S437G,0.0011,0.0011,8,600
ACAAAAATTTTAAAAT,Y217K P486Y,0.0011,0.0011,8,598
CAAACAAAGGAACAAG,,0.0011,0.0011,8,596
GGTTTATTACGGTAGG,,0.0011,0.0011,8,596
TGCCGGAGCCGAGAAT,F316V,0.0011,0.0011,8,596
ACACGTAAACAGCAAA,T40V,0.0011,0.0011,8,595
CTTAATTGACTGCCGT,N319S,0.0012,0.0012,8,591
GTTAAATAGATAAGAC,,0.0012,0.0012,8,591
GCGTGAACAGTCAAAT,E67T G197S E396L,0.0012,0.0012,8,590
CTGTGCAACCAACAAT,E303D,0.0012,0.0012,8,588
TTGTGTTTAGACTCAC,A176M,0.0012,0.0012,8,587
ACTCTCGACTTTAAGA,,0.0012,0.0012,8,586
CACTGCGTACAAAGAG,,0.0012,0.0012,8,586
TTCCACTACACATAAA,V164W H230R D273S,0.0012,0.0012,8,586
TCACCTTACGAGAATC,N178I Y217T,0.0012,0.0012,8,581
ACGTCATTTGCTAACT,A132D S333P,0.0012,0.0012,8,579
ACATTACCAAACCCCA,I113E,0.0012,0.0012,8,570
GTGCACGCGTCGTTAC,,0.0012,0.0012,8,570
AAATATCTTTAATCGA,,0.0012,0.0012,8,569
CTTAAGCCCCAAATTC,W210M,0.0012,0.0012,8,567
TAAAAACAAGCGGTTC,S121H D306Q C463Q,0.0012,0.0012,8,562
TTATTCAAAATAGTAG,,0.0012,0.0012,8,562
GCGCGAACTCCCCAAC,,0.0012,0.0012,8,561
TAAATCGCTCTAACAG,Q482Y,0.0012,0.0012,8,561
GCACATTAGCACATAC,S367L,0.0012,0.0012,8,558
GATCATATATCAAAAC,K88H,0.0012,0.0012,8,557
ACTACGTTCTAGAACA,,0.0012,0.0012,8,554
GAGCCGAAGAAGATGA,,0.0012,0.0012,8,554
AGCTATTCCGGACAAA,N302A,0.0012,0.0012,8,551
GTTATCCCTATCTCCG,S437M,0.0012,0.0012,8,550
AAACTCTTGTGAGCAC,G64H F157L H179Q D229N S400H,0.0012,0.0012,8,549
AGCCAAGAACTAAAAA,,0.0012,0.0012,8,547
GCCAATAGGATTTATG,T225N,0.0012,0.0012,8,546
ATTGAACCTAAAGAAG,,0.0013,0.0013,8,543
CTAACTGAAACACATA,Y278H,0.0013,0.0013,8,537
ACCATGTTTATAAAAC,Y217F T225N L336V,0.0013,0.0013,8,530
CAACACCTCTTACGGA,,0.0013,0.0013,8,522
CAGTAAACTGAATTAT,K63R L103M S163L,0.0013,0.0013,8,522
GAGATTCTGAGCCTAA,G197S,0.0013,0.0013,8,522
TAGTTACGCTCAGTTA,S163F A343S,0.0013,0.0013,8,521
TATTTATTACGGAAAT,G174T,0.0013,0.0013,8,518
CAACCTTATTTAGATG,E10S H170F,0.0013,0.0013,8,516
GATAATAATGGAAATG,T397A,0.0013,0.0013,8,516
ACTGGTAGATACATTT,,0.0013,0.0013,8,514
ACAAGTTGTAAGGCTT,,0.0013,0.0013,8,513
ATAAAAAAGTCGAAAG,,0.0013,0.0013,8,513
CAATAGCAACAAAGTT,L46F,0.0013,0.0013,8,513
GGTGACACCTAAAAGT,,0.0013,0.0013,8,511
TGCACAACAACGACAT,V5L,0.0013,0.0013,8,506
CAATCGTATACTATCA,K161A W227A,0.0014,0.0014,8,504
GCGGACCAATGTGACA,I361F,0.0014,0.0014,8,503
CACTTAGATGTGTCGA,M82V,0.0014,0.0014,8,501
ATGAGGTCAACAGATA,T261H K320N V450D,0.0014,0.0014,8,497
CCGAGGCACGCAATAC,,0.0014,0.0014,8,493
ATGACCCACCGAGCAA,A343T E413L,0.0014,0.0014,8,488
TGATTCGTTGTCATCT,C41T,0.0014,0.0014,8,488
CAGTCGTAAAATCATA,M153Y T261M,0.0014,0.0014,8,486
TCTGACTAACGCATTA,,0.0014,0.0014,8,486
ATAATATCCTTTAAAA,T182D F191*,0.0014,0.0014,8,484
TTTATTATTATGCAAA,,0.0014,0.0014,8,481
TAGCAAACGTACTCAA,,0.0014,0.0014,8,479
CGCGTCCATCAATCCT,,0.0014,0.0014,8,478
GTTAACTAAAGCCACA,,0.0014,0.0014,8,475
AATTCGAAATCATTCA,Q3A L285C R379L,0.0015,0.0015,8,470
TCCCCGCGCAGGAAAC,N74D T249H,0.0015,0.0015,8,468
GAGTCAATTTAGGCGA,Q3G H230P,0.0015,0.0015,8,467
TTGTGAATGTGATGAG,F434Y,0.0015,0.0015,8,467
AGCAAATAACAACTCC,,0.0015,0.0015,8,464
CAACTTATTAGGACCC,T77W Q331R,0.0015,0.0015,8,463
CACGGATGAATAATTG,E308W N319Y L349F,0.0015,0.0015,8,463
GCTACCGCGGCCGACC,Q223F,0.0015,0.0015,8,463
GCCTACACCTTCGCAA,,0.0015,0.0015,8,459
AATCCGCTTGAATCGT,,0.0015,0.0015,8,458
CGCCCCAAACAATTCA,S267N,0.0015,0.0015,8,458
AGCTACGTCACCAATC,G276V S367R,0.0015,0.0015,8,457
CGGCGCATAACAGCTT,,0.0015,0.0015,8,454
AGAGCGCTGCCTCAAG,G64F R207S L258N M284I T377F,0.0015,0.0015,8,452
CCCTGAAAATGACACT,E17G,0.0015,0.0015,8,452
ACAAAGTGATTCCCGT,,0.0015,0.0015,8,451
TATACGCTGTAATTCG,V97G S400Y,0.0015,0.0015,8,447
GAACAACAAAAATTCT,T249G,0.0015,0.0015,8,444
AATAAACTCAGAGTTA,,0.0015,0.0015,8,442
TATGCACCGTCCAACC,K291R,0.0015,0.0015,8,442
CTCCTGCTGATACATG,V97R,0.0015,0.0015,8,441
TAATTACTGCAAAACC,,0.0015,0.0015,8,441
AACTTTTCTCAGAAAA,I136V L326V,0.0016,0.0016,8,439
GACACCGATTTATCAT,E72F S199G,0.0016,0.0016,8,437
GAGAAATAGGATTCAG,,0.0016,0.0016,8,427
CGACAGACAGACATAG,,0.0016,0.0016,8,426
CCGCGCTTGGTGGTAC,S60F H170F,0.0016,0.0016,8,424
CTCTGCTAAAATGTGT,N158I,0.0016,0.0016,8,422
TGTGAATTGTTCAGTA,G460D,0.0016,0.0016,8,422
TCGTTGTCGCCAGATG,E307S Q331E E396I,0.0016,0.0016,8,420
TATCAACAAATCCTTT,D175E T225S,0.0016,0.0016,8,416
CGCTACTTCCTCTCTC,Q331T,0.0016,0.0016,8,415
AACAATGTAATGGAAA,A202R L245Q K300M,0.0017,0.0017,8,413
CTGTATAAAGATTACC,R314S,0.0017,0.0017,8,413
GGATACATATCAGAAT,,0.0017,0.0017,8,413
ATAACAAATAGAACAA,P236H F262H,0.0017,0.0017,8,411
TAACCATTATTGCGTC,G174V,0.0017,0.0017,8,411
AAAGCTTCAACAATAC,V485L,0.0017,0.0017,8,404
AACATGAGCAATAACT,R282N,0.0017,0.0017,8,398
CCATGATATTGCGAGT,T110L G198S R282L,0.0017,0.0017,8,396
AGAGAGTCAACAATAC,,0.0017,0.0017,8,395
TAGAGTAGCCACTTTG,Y253R,0.0017,0.0017,8,393
GACCAAAGTGCCAAGG,,0.0017,0.0017,8,392
CAAAGATCCACTCAAC,D401L,0.0018,0.0018,8,384
CTCCATATTACTTAAA,I222Q N302G I443S L449T,0.0018,0.0018,8,384
AAACGATAGCTTCATA,G181A,0.0018,0.0018,8,382
AAAACCATATTCAAAA,D273R E396G,0.0018,0.0018,8,379
GCCTAATGGCAAGAGT,L50T E421G,0.0018,0.0018,8,374
CGCAGATATGCCAGCA,D273F,0.0019,0.0019,8,368
ATCTTGGAAACCTCCC,Q9F L259M K352E,0.0019,0.0019,8,363
ATTTTCTCAAAATTAG,S60D K161C,0.0019,0.0019,8,363
TCAGCCCATTTTCCAG,G64F,0.0019,0.0019,8,362
AAACTATCCCATAATA,A184I S255Y,0.0019,0.0019,8,361
GGCAAAGGCGGAACAA,N167L,0.0019,0.0019,8,360
TACAGGATCCGAGGGT,,0.0019,0.0019,8,360
CTCAAATTACACTCAA,S56V,0.0019,0.0019,8,354
TTTATAAGTATTGAGT,S60I H115M G208V,0.0019,0.0019,8,354
ATAAATCTCATGCACT,I113M S143T G260S,0.0019,0.0019,8,352
GCTTCCAACATGATCG,,0.0020,0.0020,8,349
TAATAGGAGTACGTGT,Q3R,0.0020,0.0020,8,349
TATGTGACAACACTAA,H93I,0.0020,0.0020,8,348
ATATCCTCGACACCGA,,0.0020,0.0020,8,347
TTTACCTCATAGTGTA,H131C H354M,0.0020,0.0020,8,338
ATGTATGTATAGCAGC,Y62N,0.0020,0.0020,8,336
CCAAGGAACCCAAAAG,L433T,0.0020,0.0020,8,336
AAACCGATGGCGCAAT,D156G F262I M332S,0.0021,0.0021,8,327
GTGCAAATTAGCAGTA,,0.0021,0.0021,8,319
TGGTGAAGGGAGCCTT,T438F,0.0021,0.0021,8,318
AGGGCACGCAAATCAT,K126N F446L,0.0022,0.0022,8,314
TGCTGCATCGTACCGC,R256I,0.0022,0.0022,8,314
CCGCCAATGAGAGGGT,G206C T215S,0.0022,0.0022,8,313
TCTCACAACATATTGA,S169A L245Q E289R,0.0022,0.0022,8,311
TATACAGCACTGACAA,R193K,0.0022,0.0022,8,307
ACACTGTTATCGTAAC,V11L T87I S437N,0.0022,0.0022,8,306
ATTCTGTCCGATGACC,Y150M,0.0022,0.0022,8,306
CTAAGCATCTGACCTA,T40N D156G V164*,0.0022,0.0022,8,306
TCCCCCCATTAATCAA,F49G A297I C364R,0.0022,0.0022,8,304
ATTCGTGCCTCTTATA,T101D G478S,0.0022,0.0022,8,303
GCGTCGTTCCTATCGC,L259Q E421L,0.0023,0.0023,8,302
AGAACACCAATCATTA,C53L S267V I358L S389A,0.0023,0.0023,8,297
GATAATGTCCAAAGAA,G240Y,0.0023,0.0023,8,294
AATGAAGCAATTACAC,A123H H131L,0.0023,0.0023,8,291
AGCTCCCAAGAGCGAA,S400V,0.0024,0.0024,8,290
AAACACTGTAGACCAA,,0.0024,0.0024,8,289
TATAGCTGGTTATACA,E72L K461Q,0.0024,0.0024,8,289
AAGATCCGGAATTGCG,S171N,0.0024,0.0024,8,288
AGAAAAGACAATGTAA,T263W,0.0024,0.0024,8,288
GATCCGATTCCAACGG,D211L M214E R248T,0.0024,0.0024,8,287
AATTGGCGGTAACACC,Y200I K352L,0.0024,0.0024,8,286
TGCATTCACGACAAAT,K339M,0.0024,0.0024,8,286
AAAAGAAAGTAGAATA,K417V,0.0024,0.0024,8,285
CACCGTGTTTGATACC,L43M,0.0024,0.0024,8,282
TTCCTCAAATTAGCTA,I403L,0.0024,0.0024,8,282
ACACCTATCATCCTCA,K88C,0.0024,0.0024,8,281
CCACTATAGTGTACTT,,0.0025,0.0025,8,273
ATTATAGAGATAGCTC,H374A,0.0025,0.0025,8,272
AGGAACAAAAGCCCAG,L449T,0.0025,0.0025,8,270
CTATATCAGACAGAAC,Q189T M214K,0.0025,0.0025,8,270
CAGCAGTCACCTTTAT,N90F T139E G198T D311V L442T,0.0025,0.0025,8,269
GAACAACACCATGATA,M192G L387M,0.0025,0.0025,8,268
TCCAGACCATCACAAT,L61V I113G W196* M420T,0.0026,0.0026,8,264
CATATGTCGCAACTGA,T225R S392N,0.0026,0.0026,8,262
TATTATCGGACACATA,L29I N90Y V97G N346V,0.0026,0.0026,8,262
AATAGATCGTACGAGC,E72W Q232T,0.0026,0.0026,8,261
GACTATATCCGCACGA,H179G S237Q K461A,0.0026,0.0026,8,261
AAGGTATTCCCGTAGG,H131K K417Q,0.0026,0.0026,8,260
ACGCTCACGTAGACTA,G42L F49S A184V S333F,0.0026,0.0026,8,259
CATAAGTCACCTATCA,V31A N79L K125H Q149L,0.0026,0.0026,8,258
TGTAAACACAAATAAG,S27N A152I S199R,0.0026,0.0026,8,258
CACACGCCATCATCAG,C292F I361V L372F L382S,0.0027,0.0027,8,256
ATGAGACGCACCAAAT,H354S T377G K481R,0.0027,0.0027,8,254
GAACTAATTAGAAAAT,A195C N302W,0.0027,0.0027,8,254
AATAAATATACCGCAA,,0.0027,0.0027,8,252
GTCAAGCATTCAAGAC,T48M Y200V W210R,0.0027,0.0027,8,248
CTTAGACTGCTGTTCC,E270G,0.0028,0.0028,8,244
TTCACACGCTGCGACG,C57N E76K C155G N319P,0.0029,0.0029,8,239
ACGTGTCAGACTGCCA,T40Y,0.0029,0.0029,8,236
ACGTCAATAATAAACA,Y200K,0.0030,0.0030,8,229
ACTAAACCACCCGTAT,S60T Y441H,0.0030,0.0030,8,229
ATCATAACTGCGTCGT,A39V C231W A328S,0.0030,0.0030,8,229
GTCACCTGGTAAAAAT,T296N H354L,0.0030,0.0030,8,229
AATACCGCTACATAAC,T397I,0.0030,0.0030,8,228
CCGGTTATAAAAAAAT,N114M,0.0030,0.0030,8,225
ATACCTAGAGCATACG,S111G V298Y,0.0031,0.0031,8,223
GGCTCAAGCGACCGAA,L245E T296N,0.0031,0.0031,8,221
TAGGAAGATCATCAAT,I15V T296G,0.0031,0.0031,8,221
AAGATGATAAATAAAT,Q9C,0.0031,0.0031,8,220
CCCAGGAAAAAGACAT,G429Q,0.0031,0.0031,8,218
CAAGTCGATAGGACCC,P236Q,0.0031,0.0031,8,217
GTACCCACTAGAGATT,,0.0031,0.0031,8,217
TCACTTGTAAATACTA,T426I,0.0031,0.0031,8,217
ACTAGCAAAGTTCCCA,L46S Q232L I452F,0.0032,0.0032,8,216
AGGGACCCTAAAATCT,A195T S381T,0.0032,0.0032,8,216
CCATCCTCAAAGCATA,S27K T87A R257M V388E A407Q,0.0032,0.0032,8,216
CGCATTTACTAAGTTA,C180S T375M,0.0032,0.0032,8,214
GTAACCCATCTTTCTC,F157S I252L R491V,0.0032,0.0032,8,214
AAAATGCTGATGTAAA,W227R Y393F,0.0032,0.0032,8,213
CCGGGATTAAAAGTGC,L68V H124I T281V Y393D S462R,0.0032,0.0032,8,212
GGCTGGATCGTCCGTT,L120S A202T G271I,0.0032,0.0032,8,212
AGGGACCGACAGTAAT,T106I T426I,0.0033,0.0033,8,208
GAACACTACCCATAAC,L285P L449I,0.0033,0.0033,8,207
TCATGTAACTGATCGT,S121V K272* G484N,0.0033,0.0033,8,207
GTTTAGTAACTCACCC,L68A A184V,0.0033,0.0033,8,206
TACATACTGTTAGAAC,H131V E287Q L349A,0.0033,0.0033,8,206
CTAGGTAACTGTAATT,Y129* S135R L336V K488P,0.0033,0.0033,8,205
TTATGATCGAAGCTTA,R456W,0.0033,0.0033,8,205
TGACAAACGAATACAT,S199L I222N G240L Y369N S389L,0.0033,0.0033,8,204
TGGCTGTATATTATCA,A176L D211A G277C N409A M420W,0.0034,0.0034,8,203
TGAGTTTGTTACACAA,W210L,0.0034,0.0034,8,202
ACGTAACCCGACTGTC,M19G D317F N390M T397P M410I S439A,0.0034,0.0034,8,201
GCAAGGAACAAATCCA,K88W Y441L,0.0034,0.0034,8,201
AGATGGGACGAATGCA,N373* S462C,0.0034,0.0034,8,200
CTCGACGTACCCGCAG,W196R H305I Q405P,0.0034,0.0034,8,200
AATATATAAATCATCT,G98S K116S F157Q M332S,0.0034,0.0034,8,198
ACCCGGGGGCTCGCTA,E307V T397S,0.0034,0.0034,8,198
GTTACTGTATCATATC,G159S L266V K451M,0.0034,0.0034,8,198
AACTTGAAATGTTACA,L68R Y253* G277R H448*,0.0035,0.0035,8,194
ATCGTCCAGACTTTGA,W210A D273E W386* L428S,0.0035,0.0035,8,194
GAGTTCATCCTAATCT,L428R,0.0035,0.0035,8,194
CTGTAATACTAATATC,K300G L447Y,0.0035,0.0035,8,192
ATAAAGTAACTGAACA,,0.0036,0.0036,8,191
GACGTAGTCATCGCTA,W283* C310P,0.0036,0.0036,8,191
GCGAAATTATTTGCGG,V11M S216V,0.0036,0.0036,8,191
GTAATTAATATCCGGC,F7V I221* H230E,0.0036,0.0036,8,191
CTCGGCTAGATATATA,C155G T265L K327C C364L,0.0036,0.0036,8,190
TTCACATCGGAATACT,Q69H I136L G260C W489P,0.0036,0.0036,8,189
ACGAGTGAATATAAAT,M192R A297F Q405M,0.0036,0.0036,8,188
ATCCGAATGTATAACA,V47I G102S N178* T225K,0.0036,0.0036,8,188
AACGGTAACAGCTGCA,S121F M134K Y363K,0.0036,0.0036,8,187
AATATAACAGCCTAGG,D273R,0.0037,0.0037,8,186
TATATAATACGCATCT,E16R,0.0037,0.0037,8,184
GCAATAACCGTTAAAG,F7K G54* A123R,0.0037,0.0037,8,183
GTTACGCGCGGGGATA,K272M,0.0037,0.0037,8,183
AAGCCAACGACGATAA,G243R,0.0037,0.0037,8,182
AGAGGCTAAAAGCTAA,T81L W227Y,0.0038,0.0038,8,181
AGGATCCAAATTTAAT,Q3L W283M Q335R,0.0038,0.0038,8,181
CCTTACGCCCAGTCGG,I15V S138V K161L W196*,0.0038,0.0038,8,181
GACTTAAAGACCGTTT,F157L A202L G208K H305I F446M,0.0038,0.0038,8,181
CGCGTCATCTTTTAAT,L107* Y150H W264E G276N,0.0039,0.0039,8,176
GCGAAGTATAGAGCGA,L244K E287Y H305*,0.0039,0.0039,8,176
TTAGGAAATAATGTGA,N395A,0.0039,0.0039,8,176
TTGCCAAGAGGACTAA,I201T S216T P275L,0.0039,0.0039,8,176
CGGAGTGTATAAATAT,K33I F309G R314*,0.0039,0.0039,8,175
GACACAATCCTGACCT,S169R G276S D401C,0.0039,0.0039,8,173
CAATAACATGCAAATC,N148A L430E,0.0040,0.0040,8,171
CGTTGTAGAACGTAAC,E104L C118N D156G L242C T375D,0.0040,0.0040,8,171
CATGAATACATGTACC,K339*,0.0041,0.0041,8,168
CGCACTACCGAGTTCT,G45R T101E S462F,0.0041,0.0041,8,167
CCAACCGTTAGCAAGA,L61I C231N,0.0041,0.0041,8,166
TATGGGCCCACGACGC,I21G,0.0041,0.0041,8,166
AAATCTAGAAAAAAAG,E16H G174R,0.0041,0.0041,8,165
CAGCGCTTACCGAGAA,I4F I144V T274I,0.0041,0.0041,8,165
GTTACTTTGTCAAGAT,Q223M D432G L442T,0.0041,0.0041,8,165
CCATTGCAAACGAGTT,Q3L,0.0042,0.0042,8,164
TGCCCGATATCAATAT,T101G V187A E396F F434D,0.0042,0.0042,8,164
GCCCCCCTCTGCATTA,N373V I458Y,0.0042,0.0042,8,162
TAGTGCCCATGAAAAA,N338F,0.0042,0.0042,8,161
TTAGTTTAATCTCGCA,,0.0043,0.0043,8,160
AAAGCAGCGTCGGATC,L290F,0.0043,0.0043,8,159
ATGCCAAGAACTCACT,G478*,0.0043,0.0043,8,159
AGCCGTCATACTTTCA,E16* S56Y,0.0043,0.0043,8,158
TATGTAAAGAAATAAG,K88N,0.0043,0.0043,8,158
GGAAGACGTACCGGAT,L344F,0.0043,0.0043,8,157
AGAACTCGGTTTGCAT,,0.0044,0.0044,8,156
AAGAAATTTCTATCAT,A328Y E418R,0.0044,0.0044,8,155
AGGTCAGCTAAACGAA,,0.0044,0.0044,8,154
GAAACTATAGTAAATA,C212T C231D N373G S476Y,0.0044,0.0044,8,154
GCGTACGTTAAGCCAT,A297* S392W R422F I452T S462V,0.0044,0.0044,8,154
TGTAAACAATATTTTA,,0.0045,0.0045,8,153
GCAAATTCGAGTGATT,I137N N158S R379V,0.0045,0.0045,8,152
TGTTATTAATTTTATA,S163T E228D T281L,0.0045,0.0045,8,150
ACAAAAATCAGAAACC,,0.0046,0.0046,8,149
TAACGGAGAGTATACA,M194V D311Y,0.0046,0.0046,8,148
ACCCTGAAATGCTATC,G160L D251K,0.0046,0.0046,8,147
AAGGTACTACGTAAGT,C86R M472Q,0.0047,0.0047,8,146
ATTGGAGCTGGCCTAA,Q3F T376W,0.0047,0.0047,8,145
ATGCTAAGATACAATG,V47S Y166L,0.0048,0.0048,8,143
GCCATCTACTTCATTT,T108L T261L E307S,0.0048,0.0048,8,142
ACCGAGCTTTCGAGCT,,0.0049,0.0049,8,140
GTTAGCAGCTTTACTT,V28H M312S E396V,0.0049,0.0049,8,139
ACAGCATAGCAAACCC,E303M,0.0049,0.0049,8,138
AAATTACATATAAAAA,H124C G243S K327R K339I N395P L428D,0.0050,0.0050,8,137
GACCAAAAGCATCCGT,H230I T261N,0.0050,0.0050,8,135
GACGGATTCTAGTACT,L242V T376E S389L,0.0050,0.0050,8,135
GGAAACGAGATAGTTG,A176M K490L,0.0050,0.0050,8,135
AAGATAAGTGAATATA,L51*,0.0051,0.0051,8,134
TTGTTATGCCCTTTTG,R55P T101V T110K Q165* G174E K291N E308K W489*,0.0051,0.0051,8,134
CCTCTTAGAACGAAGG,T58G K88F L105T M134H F233L H467L,0.0052,0.0052,8,131
CGAGATACAGCTGTAT,G64N S389I,0.0052,0.0052,8,131
TACAATACAATGACGA,L107Q A202C S389W Y480*,0.0052,0.0052,8,131
TAGCACCCTCACACAT,T106* K125V L168R Q218L H230Y C364M V485M,0.0052,0.0052,8,131
AAACATTCACGTGCGT,D401C Q416Y I458*,0.0052,0.0052,8,130
AATCACAGAAGAACAC,L29T F293R,0.0052,0.0052,8,130
AGTTTAAGTACATGAT,E104L,0.0054,0.0054,8,126
ATAGAATTATTGGGAA,I136G T375P E404L,0.0055,0.0055,8,125
GAAAATATATACTCAA,I4L C118S V298S,0.0055,0.0055,8,125
CAATACAAGATAATAG,I15C L51S F157T R379L,0.0056,0.0056,8,122
GAATTTTACGGGACTG,H115* S255F G484L,0.0056,0.0056,8,122
GCCTCTCAACTGAAAT,Y62A I252K H305Y,0.0056,0.0056,8,122
GGCGCCGTTGCCTACG,C475L,0.0056,0.0056,8,121
CCATTATACTTGACTG,V388R,0.0057,0.0057,8,119
TTAACCTATCCTAGTA,L285T C385G K490L,0.0057,0.0057,8,119
ACATCGAAATGACCTA,Y36R H471K,0.0058,0.0058,8,118
CCTAACACTCTTAGCT,E67G H141M F147W L242R S267Q,0.0058,0.0058,8,118
TAAGTCATACCTTACT,T139G M332F Y419G,0.0058,0.0058,8,118
TAAATAGCCAATTAAC,K272L M284K,0.0058,0.0058,8,117
AGATTGCATTAAATAA,Y200L N224G Q416H,0.0059,0.0059,8,115
TACATTATGACTATCA,D251V F316R,0.0059,0.0059,8,115
GAGCGATACATTCACA,N89G,0.0060,0.0060,8,114
TACGTGAACAACGCGT,M214V L245R,0.0060,0.0060,8,114
TGCAGAGAACGGTGCG,S169P A202N,0.0060,0.0060,8,114
AAAACAAAAGTACATT,F233I D251Y T375P Q405M,0.0060,0.0060,8,113
ATTCTAGATGCAAGTC,N99V L449A,0.0060,0.0060,8,113
AAAGCGGCAAGGCTAC,N302F,0.0061,0.0061,8,112
ACCTTAACTAAAGGTA,N224K S246I W489N,0.0061,0.0061,8,112
TTAGGCATTCATCACC,D402W P466L,0.0061,0.0061,8,112
AAGTAATGCTCAAGCT,D122S S163H Y219C,0.0061,0.0061,8,111
AGAAGGTTCGCGATAC,E104R L203S P362S C475R,0.0061,0.0061,8,111
TGAGGTAATGATGAAG,G378R,0.0061,0.0061,8,111
AATGTTCTCAGTCTAC,F8L Q149W A202F M359A S381F,0.0062,0.0062,8,110
AGTATATCCCGTAGAA,R193T R282M L349P,0.0062,0.0062,8,110
CGTGAGTCGGAATAAT,V5R A123T R250W S462L,0.0062,0.0062,8,110
CTCAGTAATCCGCCCG,,0.0062,0.0062,8,110
ATTTAATTTAGCACAA,R257K A288K Y419H F440S,0.0063,0.0063,8,109
AGAGCGATAGAAGACG,L105H A322L V341M S389Q Y393S,0.0063,0.0063,8,108
ATATCAAAGGATTTCC,N158H G174R W264R,0.0063,0.0063,8,108
TCACTGATGTTTGATC,P83T F262K P483T,0.0063,0.0063,8,108
ATACAGGAATGAACCG,N146R W227H E396V C475L,0.0064,0.0064,8,107
AAGGGAATTCCGGTCC,G198S P483*,0.0064,0.0064,8,106
AGTCAGCTAAATTGCC,L220Q A340P K451N,0.0064,0.0064,8,106
CTGTGCGCACGTCAAT,,0.0064,0.0064,8,106
GATCCAATCAAATTGC,Y62L L103R L133E I221K L430P,0.0064,0.0064,8,106
ACACTCACGACTCACA,T261L D306R L387V V485L,0.0065,0.0065,8,105
ACCCAAAAAAATAATC,N37V T108G V183T Q189T I403S,0.0065,0.0065,8,105
ATATGAACCAAGTAAG,G2M,0.0065,0.0065,8,105
CGTGTGAAACAGAATT,N295L,0.0065,0.0065,8,105
CTTAATAGCTTCCAAT,Y219K V298P,0.0065,0.0065,8,105
TATTCCAAAATACAAG,F293S,0.0065,0.0065,8,105
ACTGTAATTAACCCAC,Y129V K327V,0.0066,0.0066,8,104
ACTACTCCTAGAACAA,A132M Y278T N342*,0.0066,0.0066,8,103
ATGTCGCTCAGTGTAT,N470G,0.0066,0.0066,8,103
GTCTAGTGACAAAAAA,T77S Y278H F399R P427S,0.0066,0.0066,8,103
TACGATAATTAATGGA,L336Q Y366S,0.0066,0.0066,8,103
TACTATACCCATTACT,E67G L133M L336A I345R,0.0066,0.0066,8,103
TCATAAATGCACTGAA,L61N N99*,0.0066,0.0066,8,103
AAGACAGCCCTTAAAA,K63L L68R S135V Y200V Q247* Y393D,0.0067,0.0067,8,102
ACGGACGTATCTCCTA,L52V N395R,0.0067,0.0067,8,102
CCGGGTAACGGGCTAT,L51* N302C,0.0067,0.0067,8,102
GATTCGGAACGTTTAC,F147H S154K L245K,0.0067,0.0067,8,102
AAATAATTTAAGTCGT,T40V Q416M H455L,0.0067,0.0067,8,101
GCCTACGTACACAAAG,Y366E,0.0067,0.0067,8,101
GTACACAGTCTAATAA,L266N,0.0067,0.0067,8,101
AAATTGTCTCAAGCCC,Y36C L51V S169E I201T L285P T376G,0.0068,0.0068,8,100
AGTAGGGATCTACTAA,Y62S L220A N342L L442F,0.0068,0.0068,8,100
CAAGAAGCAACGGGGC,L315I L394E,0.0068,0.0068,8,100
GTGCCAAATGCAACTA,T101R Y150N Y363P T454S,0.0068,0.0068,8,100
TCTATACTCGCAGGGT,V5D Y166K,0.0068,0.0068,8,100
TTTTATCGTATGTGAA,,0.0068,0.0068,8,100
AAGTAAACATAGAGCG,C310R E404W D432C K451H,0.0069,0.0069,8,99
ATTTTAAGAAAGGAGG,S169V C212S Y369F,0.0069,0.0069,8,99
CATACCAATAAATAAA,H179L G198P,0.0069,0.0069,8,99
CATTTAGAAGAGCTGC,N158W Q247R R314D I361F,0.0069,0.0069,8,99
GATTAGCGATGCGTTG,T296R I452Q,0.0069,0.0069,8,99
TCGAAATACGGTTACC,E100* T110M V183L Q335L,0.0070,0.0070,8,98
AATGACCCTCCACAAC,V47F M192P I445M,0.0070,0.0070,8,97
ATCCATAATCTCCTCC,Q149P F233S,0.0070,0.0070,8,97
ATTTAACCTTATGTTC,G34S Q149L,0.0070,0.0070,8,97
GATACGCTAATTGTTT,T87S L103H,0.0070,0.0070,8,97
TAGTACGGCTTCACGT,R250S K300P S392N,0.0070,0.0070,8,97
ATACCTATAATAATTA,D156Y T225P D317V C475F,0.0071,0.0071,8,96
ATTATAGTGACCACAC,Y172V L326D C364M,0.0071,0.0071,8,96
CGGTAACTTTCATTAA,Q165D,0.0071,0.0071,8,96
TAACAATCGAAGAAAC,N90M L168E,0.0071,0.0071,8,96
GAACTTTGATGTGCAA,R256Q D347T,0.0072,0.0072,8,95
TAACTGTGTTAAAAAA,Y393S,0.0072,0.0072,8,95
TACTTTTCAGCATAAT,L188W Y278P,0.0072,0.0072,8,95
TCTTACAATCTATAGG,L103* D268L F434Y C475V,0.0072,0.0072,8,95
TTAAGCATACGGTAAT,I334A Y441S,0.0072,0.0072,8,95
AACGTGCCCGTTACCA,T281H A322L R356P I411S,0.0073,0.0073,8,94
AGCCACCAGTCACATA,Q9L T190C A202S,0.0073,0.0073,8,94
AGCCCTCTATTTCAGC,T70I I221F,0.0073,0.0073,8,94
CAGATCCGTGAGAGTA,I4H L128I,0.0073,0.0073,8,94
GAGCATCATTCATTCT,Y129S G181L Q247T,0.0073,0.0073,8,94
GTGATTATCTTTAATA,N353I,0.0073,0.0073,8,94
TCAAAAGAGTCCTACC,H93N T101C V431A,0.0073,0.0073,8,94
ACATCACATAAGATTA,F8S,0.0073,0.0073,8,93
GTAGAAGTTATACAAA,N89C S216N Q232L,0.0073,0.0073,8,93
TGTCAAATAACAAATA,S91K L428*,0.0073,0.0073,8,93
AGACCATATGGACCAA,C53K S111V K327D,0.0074,0.0074,8,92
CTACACCCAGTGATAA,M214L P238L,0.0074,0.0074,8,92
CTTACTGAAGGCTACA,Y219Q S392V,0.0074,0.0074,8,92
CTTCCTCATCATATAA,T48N L280H K304M H354L E396L,0.0074,0.0074,8,92
TCTGAAGTCGAAAATA,G198R S267P K339P,0.0074,0.0074,8,92
AGCAATACTCACTCTA,N99S W264H S389E,0.0075,0.0075,8,91
TCCTATAAGAGAGGAT,L103Y G208E K451L,0.0075,0.0075,8,91
TTAATAAAGCATCTGC,H93R I474T,0.0075,0.0075,8,91
AATAACAATACACTTC,W227C W386L K465P,0.0076,0.0076,8,90
ATTTAGATATATGCTT,D357A,0.0076,0.0076,8,90
CAACCAACACAGATGG,P12Q T225V A328V Q416G,0.0076,0.0076,8,90
CTGTAAGATGCCACGC,M19S,0.0076,0.0076,8,90
TTAACAGTGACATTTG,Y200R Y241S R256S,0.0076,0.0076,8,90
ACAAAAAGGCCGATAA,L71W,0.0077,0.0077,8,89
ATTTACGTAGGCTAGA,N353F,0.0077,0.0077,8,89
GAGTCCACTAGGGACC,G276F Q416F,0.0077,0.0077,8,89
CTAAAAAAACGTAGAA,E67C A173R N185G,0.0077,0.0077,8,88
GACACAAACGTTACAA,Y369M,0.0077,0.0077,8,88
GATGATTTCAACTTTT,V459A H471L,0.0077,0.0077,8,88
AAGCATGAAAAGCAAT,M75L N346T,0.0078,0.0078,8,87
AAGTACTTATAAACCG,H124S V487L,0.0078,0.0078,8,87
CCGTACGTGGCACTCA,S169A L245Q E289R,0.0078,0.0078,8,87
CGAAAATCTCTACGCG,F293R,0.0079,0.0079,8,86
CTCCGCCAAAGGGAGC,E404C,0.0079,0.0079,8,86
TGCCTCTGATAAAGAG,H93G D130G H179L G294W C364L S437H K488M,0.0080,0.0080,8,85
CAGGGAGTCCGTAAAT,K88S A152H T226H S269T,0.0081,0.0081,8,84
GCCCGCACCACTGAAA,E16W Y36P M75K A173V M192L,0.0081,0.0081,8,84
GGTTAAGTACGCACTA,A30V E404S S476A,0.0081,0.0081,8,84
TACATTCTATTTTGAC,K490P,0.0081,0.0081,8,84
CTCTCATCCATCAGGG,L51Q S400C,0.0082,0.0082,8,83
GCGAAGAAAAATAAAA,,0.0082,0.0082,8,83
TCACATATATTCGGGA,G2M F147P C155S L315E N409P,0.0082,0.0082,8,83
TGGTGCCGCTGCACCC,K490P,0.0082,0.0082,8,83
AAAAAAACGGCGATTA,N37V V183T Q189T,0.0083,0.0083,8,82
AATCCCTCAACATATA,L128*,0.0083,0.0083,8,82
AGGGATTGTATAAATC,N158L,0.0083,0.0083,8,82
TAGTGAACTCAAGAAG,V47F Y129S N178K Q223E W283* S437V,0.0083,0.0083,8,82
AGCCATTCAAGTACAA,S216*,0.0084,0.0084,8,81
GACTGGGTGAAAACAA,V47M G98S S154G K161Y I213V H398I T454G,0.0084,0.0084,8,81
AGGTGTATATATACAC,E329A H398K,0.0086,0.0086,8,79
GACTTTACCGATAGTC,G174C T274S,0.0086,0.0086,8,79
AAAACTCAAAACACTA,S56* G197V I201L,0.0087,0.0087,8,78
ACCCGTAAATCGTAGT,V5I C57R D156Y E404R,0.0087,0.0087,8,78
CTTGTTCCCATGATTC,T59P L68D R207Y,0.0089,0.0089,8,77
CCTACCGATTAAAGGC,A184S I337S,0.0090,0.0090,8,76
CTCCACGTTACACCCA,F7W,0.0091,0.0091,8,75
GCTGGGAGAGACACTC,F7L S27I C231M K300L N470S,0.0091,0.0091,8,75
TATGGATGGCTAAACG,L32H,0.0091,0.0091,8,75
TCGCGAGAAGAAGACA,I222* I350M K352N N373W S476F,0.0091,0.0091,8,75
GTGTATACAGTTTTTT,N209H,0.0093,0.0093,8,73
TCTCCGGTTAATTATA,C180I S199N,0.0093,0.0093,8,73
ACAGCAAGCGCGAAAC,A25D L26Q,0.0095,0.0095,8,72
AGCGTGAGACCCTAGA,V431G C475F,0.0095,0.0095,8,72
GTCAACGCATACTTTA,L103K S333L,0.0095,0.0095,8,72
TTCAATAAAGATAGAA,C118R N390*,0.0095,0.0095,8,72
ATCAAAAGTAAAAAAA,S121K,0.0097,0.0097,8,70
CTAAAATCTCTAAGAA,C53F P362T,0.0097,0.0097,8,70
GTATATGCATTCTCCA,S143P S389I,0.0097,0.0097,8,70
GTTCTCCAAGAGATGA,I15V,0.0097,0.0097,8,70
TTTAACACAAAACAAC,F49K A173L G198A T281G M420T,0.0102,0.0102,8,67
AAAGTAGTGCAAAAGA,Y253S T274V L344R L449H,0.0103,0.0103,8,66
GAATTATAACTGTAAG,C41M A176V,0.0103,0.0103,8,66
GTCCAGATTTTGCATC,L68T S476F,0.0103,0.0103,8,66
AAAAACCAACTGTTTG,C155T I221M A299L,0.0105,0.0105,8,65
GAGACAAATAAGGCCT,P83Y I137L V164S W210T L449N,0.0105,0.0105,8,65
TGTAGAGGCACATAAT,S389E,0.0105,0.0105,8,65
TTCAGTTTTTTCAACA,M1K T397V,0.0105,0.0105,8,65
TTTTATACAAATAAAT,S121A C231L L344E,0.0105,0.0105,8,65
ACAGATCCTTATCCAA,S333L S392R,0.0108,0.0108,8,63
ATAGACCATAACTGCC,N99I,0.0108,0.0108,8,63
TAATCCTTTTCAAACA,I112* S267R,0.0108,0.0108,8,63
ACATGCGCCTATTTCC,A39L V97K V164M,0.0110,0.0110,8,62
ATTTAACATTAAGTGC,Q149I G276Y,0.0110,0.0110,8,62
CCAACCCTACAAAACA,G2S E308S,0.0110,0.0110,8,62
CGTCCGTATTCGCCAC,M82K,0.0114,0.0114,8,60
TTAAGAAATTGTTTCT,I4N V14D,0.0118,0.0118,8,58
TGTCGCAAACCTACGA,T48I L84Q I201N L242N,0.0120,0.0120,8,57
AGTATTAAGGCGCTCG,E104R L128R,0.0122,0.0122,8,56
ATAACGGTTACTGTCC,,0.0122,0.0122,8,56
AAATCGAGTGAAGTTT,C301K K461F,0.0126,0.0126,8,54
ACTCTCAGTCTCCAGT,L78G M192W N470Y,0.0126,0.0126,8,54
CATTCAATTAGTTCGA,C231N,0.0126,0.0126,8,54
GCACGATTTAAAAAAC,V97N S199M C231Y S237*,0.0126,0.0126,8,54
TAATAGGAGATATGAG,K126W T261K T438K,0.0131,0.0131,8,52
AAAACCAAGCAACATA,T87Q E104H S154H,0.0134,0.0134,8,51
GGCATTCGAAATAGAT,,0.0134,0.0134,8,51
ACAAAACTATGCAAAA,F49L,0.0136,0.0136,8,50
ATAGCACATACAAATG,S135F S143M K327N H354N,0.0139,0.0139,8,49
TTATCAGCTATAATCC,Y129D S444R I474N,0.0139,0.0139,8,49
TCTCTAATTGCAACAC,A25R M214I I252L,0.0148,0.0148,8,46
TTGTAATTGAAAATTG,C155S,0.0148,0.0148,8,46
ACGATAAAACGAGCGT,Y66S,0.0151,0.0151,8,45
ACCACGCAACCAATCG,C180D G424V,0.0158,0.0158,8,43
AAGAGATCCATTGAGA,T58V C180L G260* T274E A343L,0.0162,0.0162,8,42
CAAGACAACAAAACAG,D204V D229T G276D L442F C463R,0.0166,0.0166,8,41
ATAGAGTTTCGGAGCA,A173I I222S P383K,0.0170,0.0170,8,40
CAAACTAGTACTGTTG,M75L I254N,0.0170,0.0170,8,40
GAGCTAGTACGGTACT,K33L,0.0184,0.0184,8,37
CGTAACGGAGCCCACA,R207*,0.0220,0.0220,8,31
TACGCGCTTTATTTAA,F293G,0.0243,0.0243,8,28
GAATCATGGAGCTGCC,I15N L46K E67F D273Q R379L,0.0262,0.0262,8,26
TATAAAAGACCAAGAC,Y62R Y200F,0.0284,0.0284,8,24
AAAATACCGTTGATAC,Q223F D273L M410F,0.0310,0.0310,8,22
AAAAACGCTAACCCGT,H13G N37Y,0.0325,0.0325,8,21
AAATCATCCTAAAAAC,K161T S171D C385*,0.0341,0.0341,8,20
AGGTGGTTCCCCTAAA,V164P R256L G460L,0.0379,0.0379,8,18
TCACGACACTAACTGA,V47I G98N M134L E151S V388D,0.0401,0.0401,8,17
GATTAAGATCAGGGGC,I136G L315T,0.0426,0.0426,8,16
AGCCATAACAATGTGC,H93N T380N,0.0454,0.0454,8,15
GATCAGTTAATAAGGA,T101H S111N T281N L285K,0.0454,0.0454,8,15
ATCTCCATTAGTCATA,T108D M194S I201K,0.0487,0.0487,8,14
CAACGAGTTTCTTCTA,L280G A328L,0.0487,0.0487,8,14
CTAAATGTAAAGCAGT,M1* E10M,0.0487,0.0487,8,14
CTTCCATCAGATTGCC,N127R F157K,0.0487,0.0487,8,14
TTGTCTCTGTGTTATC,K488*,0.0487,0.0487,8,14
AGTCTGTATCATCTCG,T48N E104N M312Q T376D,0.0524,0.0524,8,13
ATGAATTGATGAAAAA,C118G,0.0524,0.0524,8,13
CGGCAAATGCATCCAA,T40K C155K K339M,0.0524,0.0524,8,13
GAAGGAATTTGACATT,L142P G160M,0.0524,0.0524,8,13
GATTATATAATGTATA,L46E F157K R257M V450A,0.0524,0.0524,8,13
GCTTGGATACGCTGAA,I112W D317N T438F,0.0524,0.0524,8,13
TCATTTGGATTGCACT,G240A T281Y K327I Y366H Y371K L449T,0.0524,0.0524,8,13
AAATACAGCGAGACCT,F7T D204W,0.0568,0.0568,8,12
ACCGACTAGTCTATGG,N119Y N158I G240E W370V L394S,0.0568,0.0568,8,12
ACGAAGGTCGGCCAAA,Q69P T106G,0.0568,0.0568,8,12
AGAATCTTACATATTC,L168P C231L S439N G478A,0.0568,0.0568,8,12
AGGGATTAATTGATCA,K368N K384N G391A P486I,0.0568,0.0568,8,12
AGTGCACGACAGATTA,L61G C279Y,0.0568,0.0568,8,12
ATATCTATTTGCGAAG,L23P S216A T261R V388E G460C,0.0568,0.0568,8,12
ATTTCCTTAAACTAAA,S199A M332I L447I R468Y,0.0568,0.0568,8,12
CAACCATTTGGGGTAC,A297Y I337D,0.0568,0.0568,8,12
CCCTGATCGACACTCT,L326K L349A T375P,0.0568,0.0568,8,12
TCGATCCTGCGTCAGC,L23S L120* C180L G260L V431N,0.0568,0.0568,8,12
TTTTGTAACACGTATT,L46S G98R S121C N148W,0.0568,0.0568,8,12
AAAAAACCAATAAGAC,Q149A N158I F233* G271T E307G F316L,0.0620,0.0620,8,11
AACACCATTAGTAACT,Q232* C475G,0.0620,0.0620,8,11
AACTTCTCACAGGCGA,A297H R456G,0.0620,0.0620,8,11
AAGGATCGAATGCGGT,M1R Q321I,0.0620,0.0620,8,11
ACCGTGGTGATGTTTG,G42K N342P,0.0620,0.0620,8,11
AGAGCTGACGGTAGGA,M75* P83N,0.0620,0.0620,8,11
AGCGAAATTGAAGTAA,T6P Y36P L68M Q149F L449T,0.0620,0.0620,8,11
AGTTTAACTGAAAGAA,C86S I112F D122L R256G T438F,0.0620,0.0620,8,11
ATGGATTTATAACTTA,I24T Q165M Q223F,0.0620,0.0620,8,11
ATTGCCCAAAACCAGT,A152C L188R Y200V F399E R468L,0.0620,0.0620,8,11
CACGATCAGATTATCG,Q232G L344E H398L,0.0620,0.0620,8,11
CAGATGAAATAGCTTA,C57G S121M G174*,0.0620,0.0620,8,11
CAGCGTCGAACTAGTT,W196V R235L F399E,0.0620,0.0620,8,11
CTAAGAAAACAACAGT,T58Y Q331T T412G,0.0620,0.0620,8,11
CTAATCCAGTCAATCG,F7M Y166L,0.0620,0.0620,8,11
GAAGAATAGAAAAAGA,Q3V F293C L344E K465F,0.0620,0.0620,8,11
GTATCCCAAATTAAGT,F49V I222R K272P G277Y D311T I361L,0.0620,0.0620,8,11
TAAAAAAGTGACCCTA,I15T D229T L428I I445G,0.0620,0.0620,8,11
TACCCAATCGTGTATA,E151F P466F,0.0620,0.0620,8,11
TATACACGTGGAGAAT,S91L N109L,0.0620,0.0620,8,11
TCAAGCCGTTTGGCAA,S56T L220G,0.0620,0.0620,8,11
TGCCATATCCAGTTAA,I162M C364F,0.0620,0.0620,8,11
TGGAAGCCTGTTATGC,I136* N295E,0.0620,0.0620,8,11
AACATTCACTCCATGC,F49N,0.0682,0.0682,8,10
AACGGGTTACTGGACA,F7Y R193L E287T A340T L449K,0.0682,0.0682,8,10
AAGAATAATCATATGA,I136R I162K,0.0682,0.0682,8,10
AAGTATCCTAGAGTGC,M19Y D347F,0.0682,0.0682,8,10
CAAGTAGAGTTATCTC,S91A G102V K300W F399G,0.0682,0.0682,8,10
CATATTCAGATAAAAT,G42V G98I,0.0682,0.0682,8,10
CATCACGCTCTGATGT,D311H,0.0682,0.0682,8,10
CTCGTAAGCATTTATG,E151D R193F L344N V485S,0.0682,0.0682,8,10
GCAACATCTTTAGTTA,R55Y E308T Q335V,0.0682,0.0682,8,10
GCGTCATATGGCAAAT,I136T I144S G174F N390L,0.0682,0.0682,8,10
GGAGCCCTCCCGTCGC,L105M Y172H C364S,0.0682,0.0682,8,10
GGATGTGAGCAAGTTC,H131R S143G K291F Y371F,0.0682,0.0682,8,10
GTAAGTACCAGGTTAA,M75G M312C K461S,0.0682,0.0682,8,10
TATATTACCAAAGGAA,A25R Y172A,0.0682,0.0682,8,10
TGACTCCAAAGTGATT,C180V Q247M L479*,0.0682,0.0682,8,10
TGCCGCTACACTACCC,C53M C118S Q405*,0.0682,0.0682,8,10
TTGTCGTGCACAAAGG,V22C R193L E396K,0.0682,0.0682,8,10
TTTTACATACTGATTG,Y217P V298G,0.0682,0.0682,8,10
TTTTTAATTACACTGT,A132N P427H,0.0682,0.0682,8,10
AAAGCGTACCACTCTG,L23H H92S C364A W370*,0.0757,0.0757,8,9
AAAGTAAGCACTGCTG,L52M I222T V485K,0.0757,0.0757,8,9
AAATAGCTAATGACGC,,0.0757,0.0757,8,9
AAGAAAGAGTCCTCGA,S60L S111* Y172R V485Q,0.0757,0.0757,8,9
AAGACTAGGCGATCAG,D401Y S437*,0.0757,0.0757,8,9
AAGCACGCGATGTCAT,L285E,0.0757,0.0757,8,9
AATAAGTAGCTCGGCG,L84N S171T M359N,0.0757,0.0757,8,9
AATCTAATTGAACATC,S135P E287L R456F,0.0757,0.0757,8,9
AATGAAATATATTGCC,L244F W264Q I286T Q331I,0.0757,0.0757,8,9
ACAAATTTGAGCCGCC,V97R L326K I337F T380*,0.0757,0.0757,8,9
ACCTACTTCATCTTAC,G2R V18* C301G K425W,0.0757,0.0757,8,9
ACCTATTTTTGAGCAA,Q3F V14E,0.0757,0.0757,8,9
ACTAGTTATGGTTGTA,N20C G271*,0.0757,0.0757,8,9
AGCTGTACATTTAATG,M214L Y369* K417*,0.0757,0.0757,8,9
AGGTGAGTATTAGAAA,M82H T263N I337N F399L,0.0757,0.0757,8,9
ATGCATGTATAACCAT,P464N,0.0757,0.0757,8,9
CAAGTGATTAAAGCGG,L52K H141N,0.0757,0.0757,8,9
CCATCGATTAAAGCAA,Q69G F147N L442V,0.0757,0.0757,8,9
CGACTATAACACTCGA,M1C V44S Y129R A340I,0.0757,0.0757,8,9
CGGAAGTTCAAAACGA,V18L G174L M192L,0.0757,0.0757,8,9
CTAATCGTAAATCACC,Q9C N20C E67T L73H,0.0757,0.0757,8,9
CTACTGATTTTAAAAC,H93G E289A,0.0757,0.0757,8,9
CTAGAAACACATCTTT,I21E T40* W196L V431P,0.0757,0.0757,8,9
GAAAACCCGTTAATCA,S154* N158K E287T C463G,0.0757,0.0757,8,9
GACCTTTTGTATTGAG,K33N K339R K352S,0.0757,0.0757,8,9
GCACCGAGAAGGCTGA,I21L S56M I136N Y166R A297S,0.0757,0.0757,8,9
GCGACATTCGATAAAA,V11* L43M,0.0757,0.0757,8,9
GCTCCTCATATAATAT,N119V Q331A,0.0757,0.0757,8,9
GTATTATTAATGAATA,S56P N148S G174C A340W,0.0757,0.0757,8,9
GTTAGAATTAGGATGA,K88Q G260L S462V,0.0757,0.0757,8,9
TAAAAGTCCCCCATGA,T81K E228* K291T P383V,0.0757,0.0757,8,9
TAAGTTACGAAGAGAT,S27* N99T S437M P464V,0.0757,0.0757,8,9
TATTAAAGGAAATATT,S135V I222S Y241I A297H S367F L387S S400H Q416*,0.0757,0.0757,8,9
TTAGTGAACCCAGCCA,N119T D130H T263R,0.0757,0.0757,8,9
TTCTAAAAGCCCTAAT,C41V L128Q F434N P466Y,0.0757,0.0757,8,9
TTGATTGCACAATAAG,P236V L344K,0.0757,0.0757,8,9
TTTACATTGTACTGAA,C364A K488R,0.0757,0.0757,8,9
TTTAGAACCATATCAC,E100R I136S,0.0757,0.0757,8,9
AAAACCTACCCATTCG,S85*,0.0852,0.0852,8,8
AAGCTCACAGAATCTT,S171F Q223K W264S,0.0852,0.0852,8,8
AATAGCATAGAAACAT,G198W E308A,0.0852,0.0852,8,8
ACAGAACTTTAAAACT,G208L N365K L449V,0.0852,0.0852,8,8
ACGCAACCAGAATTGA,L43D Y419F,0.0852,0.0852,8,8
AGTATCGAGACCTCTT,T106S K126T G198R G277P L344V S400T,0.0852,0.0852,8,8
ATAAATGTTAGATTAG,C41R S267P,0.0852,0.0852,8,8
ATCCCGGAAGAGCCGT,S91L F157S,0.0852,0.0852,8,8
CAATACTAAATAAGGT,M80P N302P,0.0852,0.0852,8,8
CAATTTCTGAATCCCT,V47T Q223P E287Y C475Y,0.0852,0.0852,8,8
CACAGAAATTCTTGCT,L32P T139Q D402S,0.0852,0.0852,8,8
CAGTCTGTAAGGAGAA,G64F D347N,0.0852,0.0852,8,8
CAGTTTAAAGAAACCA,T139Y V450M,0.0852,0.0852,8,8
CCACCTACAGCGGTAG,S91L A173L W227L M414A,0.0852,0.0852,8,8
CCGAACACGCCCTTAA,L315P M359N C364L,0.0852,0.0852,8,8
CGATCGCTATAAGATA,A173I N224L K339M N409I L428R,0.0852,0.0852,8,8
CGTGATCGATGCAGAA,V5R V14K C180N L242S,0.0852,0.0852,8,8
CTAAATAGTCTAAGAT,Q3N I254S L285A,0.0852,0.0852,8,8
CTAGAGAAAACTGAGT,N20L G159L E287Y K352R,0.0852,0.0852,8,8
CTCATGGTGTCATCTG,L103H Q331E,0.0852,0.0852,8,8
GAACGTTGCATACTAC,S267Q H305M N409M I474T,0.0852,0.0852,8,8
GAATAAAATTGTCATG,R193Q C231W P238K,0.0852,0.0852,8,8
GAATGATTTAATAATG,V183R T263P D317L,0.0852,0.0852,8,8
GACCTGATTGGAAGCC,L35R K161V S267A L290P,0.0852,0.0852,8,8
GATGACAAAATTTCGA,D432N S462A,0.0852,0.0852,8,8
GATTTGTTGTATAAGG,F434D,0.0852,0.0852,8,8
GCCATAGTTCGTGACC,I4T Q69S L103D T190M G271N L442A,0.0852,0.0852,8,8
GCTTTGCACCCCAACT,S135L I337S H354*,0.0852,0.0852,8,8
GGAACAACAACACTAA,N89L,0.0852,0.0852,8,8
GTAGACTGGAAAAACC,Y62E S135T I162M V459G,0.0852,0.0852,8,8
GTGATGGACCACCCTT,,0.0852,0.0852,8,8
TAAATCCCACATTCAT,L46T A173L N209P S267D N342K E404G,0.0852,0.0852,8,8
TAATCCAGCAGCATTA,N158* Q247S Y278* M420Q,0.0852,0.0852,8,8
TACTCACCTTACTACC,R207H I443D,0.0852,0.0852,8,8
TAGACTACCTTAAACC,Y200R,0.0852,0.0852,8,8
TAGCACGGCCTAAGCC,Y241S I254S M414Y,0.0852,0.0852,8,8
TATAACACCCGAAGAC,Q149L C180R Y200* D273* D401N G460T,0.0852,0.0852,8,8
TATACACCTGGCATTA,M192T,0.0852,0.0852,8,8
TTAGATCAAAATGAAC,K88Q H93S T139L,0.0852,0.0852,8,8
TTATAGAGGTCTTAAA,M312W,0.0852,0.0852,8,8
TTCAGAAACCAAAATT,Q3G A184V I254K I334L C477L,0.0852,0.0852,8,8
TTCCCCGACTTATCCA,K161V I445P,0.0852,0.0852,8,8
TTTAATACCCCAAAAG,N346R,0.0852,0.0852,8,8
AAAACTTGTGCCGGGT,F191V E270C F316S Q482V,0.0974,0.0974,8,7
AAAATAAAGCAAATAA,D156Y C279I C301Y H398L,0.0974,0.0974,8,7
AAACCCCGGGTCCAAA,V450P,0.0974,0.0974,8,7
AACAAGGTCTATGCTG,K33I L128* Y172M,0.0974,0.0974,8,7
AATGACCTAGAAATGC,N20L N119T S267I D273K A340Y,0.0974,0.0974,8,7
ACAAGAAGCGGAATTG,N409P S476N,0.0974,0.0974,8,7
ACCAGTTGATACAAAC,I286R N295I,0.0974,0.0974,8,7
ACTTCATCTAGTGAGA,V31C M134E F293T N390K,0.0974,0.0974,8,7
AGCCCAAAAACGCTTA,G160K A173V R207A T261S C279Y P453F,0.0974,0.0974,8,7
ATACCGAAATATAGGA,C41A C180Q N346S,0.0974,0.0974,8,7
ATACGAAACTTATTCA,G34L Y129L,0.0974,0.0974,8,7
ATCAGGAATCGTCACA,G198V T296P I334F K417L,0.0974,0.0974,8,7
ATCATGTAGCTATTTT,L50K M82L,0.0974,0.0974,8,7
ATCGAATGCTAAACTA,C86T G102L T106R F147K,0.0974,0.0974,8,7
ATTAAGAATGTCCTCC,S60F Y441R,0.0974,0.0974,8,7
ATTTCCTTGCAACTCG,H131S M153Y D306L,0.0974,0.0974,8,7
CAAAAACCAAAGTCAC,A340G I458S,0.0974,0.0974,8,7
CAAAACGATAACGACC,V28W L71N G208*,0.0974,0.0974,8,7
CAAAGATAATCTCCTA,V5D N185L W210Y I337L N390I R422S,0.0974,0.0974,8,7
CAACTCTACAGGGTAT,Y480A G484S,0.0974,0.0974,8,7
CAAGATAAGAGAACAC,G45K T190S M214S I337R,0.0974,0.0974,8,7
CCCAAAGAATATCCGA,K88Q Y129* G186V L433E,0.0974,0.0974,8,7
CCCCCATCTGTTAAAG,N90G M194L T261G E418K,0.0974,0.0974,8,7
CCGTTCCGATAGTTTG,S169C L447* K481L,0.0974,0.0974,8,7
CCTCTGTCAGAGAAAA,Q232S I254G N319H,0.0974,0.0974,8,7
CCTTACCTCATCCATA,F309C I361L,0.0974,0.0974,8,7
CCTTGCATATGCACAT,T376A S439H P464V,0.0974,0.0974,8,7
CGCGCTGAGATGTTAA,D268K N319R E421Y,0.0974,0.0974,8,7
CGCTTCGTTACAATTC,F434R,0.0974,0.0974,8,7
CGTACACACGTTATAC,L168G W196R,0.0974,0.0974,8,7
CTGGTATTGAAGAAGT,S154N Y371M,0.0974,0.0974,8,7
GAAAAAAAACCCGGTA,I239Y F309Y,0.0974,0.0974,8,7
GAAAGGCTCCATCGCA,G198A L290P,0.0974,0.0974,8,7
GATTGCGGACGTAGAG,R456S V459G,0.0974,0.0974,8,7
GCTCCCCTATTTACCA,L142T S171L F293D,0.0974,0.0974,8,7
GGTTATACTAGGGCAC,S56I L120T,0.0974,0.0974,8,7
GTTCGTTACAAACTGA,K116T P362V,0.0974,0.0974,8,7
TACACCGCTGATTTAG,L35F N89R T375S,0.0974,0.0974,8,7
TACGTCTAGCATGAAT,Y94I S135L S267G K272M F436H V487A,0.0974,0.0974,8,7
TCCGCATCACTTACAA,C155F G174F,0.0974,0.0974,8,7
TCGATTCAGTAAATTT,P83G Y363F,0.0974,0.0974,8,7
TCGCACGCTATACCAA,M1R K116I R491T,0.0974,0.0974,8,7
TGAACTACTGTTAGCT,F140K Y217G D401V S437I,0.0974,0.0974,8,7
TGCACACAAAAGAAAC,G277C,0.0974,0.0974,8,7
TGCCTCGGTTAACTGA,I15N W264L A328K,0.0974,0.0974,8,7
TGCGCCAGAAAATAGG,D156F Q321K S462R,0.0974,0.0974,8,7
TGGACGATCGAGAGAC,K63* F140G E418H S437V,0.0974,0.0974,8,7
TGTCAATATGTGCTTA,N74W D130A C155F F316V H448M,0.0974,0.0974,8,7
TTGCTAGGTTGATTCA,V431E,0.0974,0.0974,8,7
AAAAAAAGCGAGTTAA,L68A,0.1136,0.1136,8,6
AAAATAAAGAACACAC,L73R I221F,0.1136,0.1136,8,6
AACGGAATTGTCTAAC,M1C,0.1136,0.1136,8,6
AATGATGACTGCGAGC,P83S,0.1136,0.1136,8,6
ACAATTTAAACGATAC,V298Y A343Y Q416E,0.1136,0.1136,8,6
ACACTAACAGGCTACC,L344D,0.1136,0.1136,8,6
ACAGGACTAGATGCCA,V341M L372I N390P,0.1136,0.1136,8,6
ACTTATGATAATCAGA,H92F L245T,0.1136,0.1136,8,6
AGAATTGTATGACCGC,S169I S199F L442H,0.1136,0.1136,8,6
AGATTCAGAAGCATTG,E104K G277R K291R C475F,0.1136,0.1136,8,6
AGCATTGGGACAGCAT,Q3E Q416K,0.1136,0.1136,8,6
AGCCAATCTTTTGGAA,E104A A195E G391F N395T,0.1136,0.1136,8,6
AGTAAAAAAACAAATT,P12M F140R L244H Y371S C385F,0.1136,0.1136,8,6
AGTCACGAACGTGCGT,L51G V97Y,0.1136,0.1136,8,6
ATAACAATATACTCAA,I15S S154M V450C,0.1136,0.1136,8,6
ATAAGTCTGATCAGTA,N127D D156I H354Y,0.1136,0.1136,8,6
ATAATCGCGCTCGTGT,T70M T77V K88N Y129I G484N,0.1136,0.1136,8,6
ATCAGACTTAGCCTCA,K88C I201R Y241L,0.1136,0.1136,8,6
ATCTAGAACGAACCCA,V164S N338L E396L L430I L469G,0.1136,0.1136,8,6
ATGAAGTTTAATTTTA,A184R H305Y M359K Q406*,0.1136,0.1136,8,6
ATTCAATCGGAACTAA,L43* T110K,0.1136,0.1136,8,6
CACATGCGAATATAAT,L133V G378V A407M,0.1136,0.1136,8,6
CACTAATGGGCAGCTG,V47L L107T G174V D311I A328V,0.1136,0.1136,8,6
CAGCCGTCCTCAATCT,F140S P383V L469C,0.1136,0.1136,8,6
CAGTAATACTATCGCT,L428N,0.1136,0.1136,8,6
CATACCTGTGTAGGTT,E72*,0.1136,0.1136,8,6
CATATATCATGGATCC,E104L D311F Y363F F440W,0.1136,0.1136,8,6
CCATCAACAGAACCAT,F157R A407S G460V,0.1136,0.1136,8,6
CCGACAGAACGCTCAA,L32K L415E,0.1136,0.1136,8,6
CGCCGGTAGAGTTATG,L32T V65R S85R C364*,0.1136,0.1136,8,6
CGCTATTTTACGATAC,S163P S246L D273T,0.1136,0.1136,8,6
CTACCCCACTATAGAA,G54V F140L Y150F H179Y,0.1136,0.1136,8,6
CTAGAGTTACAGGTAC,W370Q S476N,0.1136,0.1136,8,6
CTATCAAATAAGAACG,K425V L428S,0.1136,0.1136,8,6
CTCTATTGAGTAAGAC,N148F L344F,0.1136,0.1136,8,6
CTTAACATCTCAGCAG,Y36S S269V E287N L415F,0.1136,0.1136,8,6
GACTGTTATAACAACT,Q3* S216N N395K,0.1136,0.1136,8,6
GAGAGGAAAGCAGTAT,I136W D156H G473R,0.1136,0.1136,8,6
GATACATAGTTATTAA,T274P R282F K300Q W370R T377N L442D,0.1136,0.1136,8,6
GCACGGTATTTAATGG,E104R S138E G181K,0.1136,0.1136,8,6
GCATTCTCGTATCGAT,I113K S234R,0.1136,0.1136,8,6
GGACCCCTGACGCTGA,C155L P383A,0.1136,0.1136,8,6
GGCAGAATTCGTAAAT,E10S Y129L,0.1136,0.1136,8,6
GGGTAGCCTCGTTGTT,F399T H455L G484C,0.1136,0.1136,8,6
GGGTAGGAGTAGTCTG,G181R R207M Y419C W489C,0.1136,0.1136,8,6
GTAAGGTGAACCAAAT,M134K D408L,0.1136,0.1136,8,6
GTCGGTCAACACCTTA,Q69V K126D I337A,0.1136,0.1136,8,6
TACATAGATCTTCTGG,W264H S389E,0.1136,0.1136,8,6
TAGGACAAAAAGCTCG,P238D,0.1136,0.1136,8,6
TATTACACTATCCATC,N319R G429E,0.1136,0.1136,8,6
TCAGTCTAGTCTCAAA,L43* D273T L355Y,0.1136,0.1136,8,6
TCATAAATTCTCTAGA,V11* H230* P275L,0.1136,0.1136,8,6
TCTAAATAATGAAAGA,G2S P236F Y366D R491S,0.1136,0.1136,8,6
TGGCAAACTTATTGTA,N295* C364A L442F,0.1136,0.1136,8,6
TGGTCACTGTTTCAAT,T397N V459Q,0.1136,0.1136,8,6
TTCGGTCGAGTGAAAA,N37M A184M,0.1136,0.1136,8,6
TTGCAGGGCCAACCTC,I162M L430R F440L,0.1136,0.1136,8,6
AAAAACAGGAGTCACT,V14K I95Y V431G,0.1363,0.1363,8,5
AAAATATGCTCTCCCA,N127C I144P,0.1363,0.1363,8,5
AACAATACACTTTCAG,G2A F7S N127Q Y419R I443G,0.1363,0.1363,8,5
AAGAAATAGTGGACAG,Q9F S111I K125L,0.1363,0.1363,8,5
AAGAAGTCAACAATCA,Q3D L26S M153V,0.1363,0.1363,8,5
AAGGCCACGAAACCAA,D130T L479W R491T,0.1363,0.1363,8,5
AATATGACTCCAAATA,F7* H354E,0.1363,0.1363,8,5
AATCTAAGTACAAGAA,M96P E104V,0.1363,0.1363,8,5
AATCTTCTATGTAGAC,F49G C292R,0.1363,0.1363,8,5
AATGAGTAGACTTGAA,V97K D156E H305C,0.1363,0.1363,8,5
AATGCTGACTGCTTCA,L78E E396S I474V,0.1363,0.1363,8,5
AATGGCAATGTCAGCT,L326P,0.1363,0.1363,8,5
AGAAACGAAAGTCAGT,I443F,0.1363,0.1363,8,5
AGAGCATTCAAATCAC,S138R,0.1363,0.1363,8,5
AGAGTTGAAACCCCAT,T87D S199F D204N L245H K368L K384D N390K,0.1363,0.1363,8,5
AGGCGTCACCGACCTA,T81N V298P,0.1363,0.1363,8,5
AGTAAAAGCATTCAAT,I24P T87G R193Q H467M,0.1363,0.1363,8,5
AGTAACCACGAGGGTT,T139S C155F,0.1363,0.1363,8,5
ATAACAAACCTGCAAA,N158H D251S T426E,0.1363,0.1363,8,5
ATACAAAACCGTTACG,L107S,0.1363,0.1363,8,5
ATCGGGTAATAATGAA,S367E,0.1363,0.1363,8,5
ATCTTAACCATATTTA,G64I L326P M472D,0.1363,0.1363,8,5
ATGCGGCATTCTTCAT,L73* V435T,0.1363,0.1363,8,5
ATTCTTGACGATAAAC,K352S I445G,0.1363,0.1363,8,5
ATTGGAGAAGGACATA,T40* I239W I254S,0.1363,0.1363,8,5
CAAAAAAACAAGGACC,V5E A123Y L315* I445A,0.1363,0.1363,8,5
CAATAGAAACTCCGCG,Y219V,0.1363,0.1363,8,5
CACAAACGAGAGACGA,N74P,0.1363,0.1363,8,5
CACTATAAGTAAGCCA,D156Y N167V G206Y,0.1363,0.1363,8,5
CAGTATAGTTATTCCA,F233V G294M N342M I350M D402K,0.1363,0.1363,8,5
CATCCTGTAACCTATA,P12L D268T,0.1363,0.1363,8,5
CATGAGCCAACGTAAA,F7N E100S F436K,0.1363,0.1363,8,5
CCCAGATAAATTGCAC,Y219N H230T,0.1363,0.1363,8,5
CCGACTCAATTTCTTT,V97R L259P C463S,0.1363,0.1363,8,5
CCGTTATATGGTGGCC,N20K C155W I254T,0.1363,0.1363,8,5
CGAGGCTAACCCTCAT,D204S K451S,0.1363,0.1363,8,5
CGCCCATCTTGCATGA,L344P G378*,0.1363,0.1363,8,5
CTACGGCCGTATAACC,G2L I21D N109S D130F V164L A173G Y393N,0.1363,0.1363,8,5
CTATACGTATTCTGAA,F7L S163K Y369L,0.1363,0.1363,8,5
CTGGCTTATCGTTAAT,C118I,0.1363,0.1363,8,5
GAAACACATGTATAAA,Y200I G240R D251R,0.1363,0.1363,8,5
GACGTGCCCCTAAACC,F7* E67A L84P H141L A152S,0.1363,0.1363,8,5
GAGAATCCACATCATA,E100K K339L N342S T454C,0.1363,0.1363,8,5
GATTCTGAGATTACCT,N365E I443G P486L,0.1363,0.1363,8,5
GCCGTAAAGGTGCAAA,V164G K451L,0.1363,0.1363,8,5
GCCTGCAACTTAACAG,E104N F157V,0.1363,0.1363,8,5
GCCTTCCATCGCTCTC,E72Y G208Y S269G T281G G478D,0.1363,0.1363,8,5
GCTACATACAGATCGC,T261K,0.1363,0.1363,8,5
GCTACTACAATATTAT,T87A Q348S S476I,0.1363,0.1363,8,5
GGAATCAACAAGTGTC,H305F C475L,0.1363,0.1363,8,5
GGATACCCTAATGTAT,L259E H471E,0.1363,0.1363,8,5
GGCAGTACTAAAATAC,T274A L336K S389E K461R,0.1363,0.1363,8,5
GGCTACCCTCGATGCA,N146V V341Q,0.1363,0.1363,8,5
GGTAGTAAACCCAACT,G54V L61A,0.1363,0.1363,8,5
GTAACATGACAAAAAC,Q3S L50Q C57P G260F S389N M410K,0.1363,0.1363,8,5
GTACCATCGATCAAAC,R257K L315* Y480R,0.1363,0.1363,8,5
GTCGAGTAATATCTTC,G208L N319W I337M,0.1363,0.1363,8,5
TAAAGCCAATAATGTT,L349P G378T,0.1363,0.1363,8,5
TAAAGGCATCTTAGCA,T101D H374K,0.1363,0.1363,8,5
TAAAGTTATCAAACCA,L23K L107V C180F Y219L D402T P464L,0.1363,0.1363,8,5
TAACATTGGTGACTAA,G243F Y393H,0.1363,0.1363,8,5
TACAAAAGTTATACAA,A343S I350R,0.1363,0.1363,8,5
TCACTCAAAGATCAAA,N224R Q348S,0.1363,0.1363,8,5
TCGACGTACGTGTCCG,E151N I361D H398M M414Y V431H,0.1363,0.1363,8,5
TGACCACATAATCCGT,L107G W370R,0.1363,0.1363,8,5
TGCTTTATATTGGCGA,R207D P466G,0.1363,0.1363,8,5
TGGCAATTTCGCTGAC,E151N N409C,0.1363,0.1363,8,5
TTGTGGGTTGCAATTG,P466Y,0.1363,0.1363,8,5
TTTAAGAACTCGAAAT,L120E R468G V485L,0.1363,0.1363,8,5
AAAATTTACGAACATT,E228T Y393I,0.1704,0.1704,8,4
AAACTGAATTAGTTAA,C155T M472V,0.1704,0.1704,8,4
AAATTAGTTTCAAATT,E10R G186M,0.1704,0.1704,8,4
AACAAAAATTCATAAA,I15Y K488P,0.1704,0.1704,8,4
AACAGACGACAATTTG,E100S H141R A177D Y363G,0.1704,0.1704,8,4
AACCGCGCAAATACCC,H131P L290W P362V,0.1704,0.1704,8,4
AAGAGATAAATCCTAG,S199W H305S S381I E396W,0.1704,0.1704,8,4
AAGTAAAGGACGTGCG,T87Q Q165L V459A,0.1704,0.1704,8,4
AATAATTAATTCTCCA,F49S G186F Y200V,0.1704,0.1704,8,4
ACAACAATTAGCTAAA,A39N N224M I286G N338A L382R,0.1704,0.1704,8,4
ACACATTAACCCTTAG,Y172K K291*,0.1704,0.1704,8,4
ACAGGTCAATAACCCT,D156G S199N A340D G391K D401R N409Y,0.1704,0.1704,8,4
ACAGTTTTGCATTTGG,L52S W386R,0.1704,0.1704,8,4
ACATATAAGAGACAGG,M96R N146* D156H F233V T249L P453N,0.1704,0.1704,8,4
AGAGTAATATTCGGAA,I144* G198V R207T H354V,0.1704,0.1704,8,4
ATACACCTCATAGTCA,M75A T87F G198N,0.1704,0.1704,8,4
ATAGAATGCATTACTC,G206F S255K P466N,0.1704,0.1704,8,4
ATCATCTCTTGTGGAT,L46A T263G K451I,0.1704,0.1704,8,4
ATCGCACACTGTGCCG,A176Q Y441N,0.1704,0.1704,8,4
ATCTAGCAGCTGGTAT,I221D P362S Y393F,0.1704,0.1704,8,4
ATGGCCCATGCCCGAA,V65R L280G,0.1704,0.1704,8,4
ATTTAATACGAACAAG,S171K G424*,0.1704,0.1704,8,4
CCAGTCATGGTAACCC,M351P,0.1704,0.1704,8,4
CGAAGTTAGTGTCTAA,L68P S216T L344A N390K,0.1704,0.1704,8,4
CGACACTAACAAGTTT,F191T F309T I452S,0.1704,0.1704,8,4
CGCATTGCCCATGAAG,V5F M19N C180L A343V L394R L428N F440H,0.1704,0.1704,8,4
CTACCCAAGGTAAATA,S56K L128P F157V L326S P383F Y393A,0.1704,0.1704,8,4
CTCCTAACCGTGAAAC,L84Y R257*,0.1704,0.1704,8,4
CTTTACAAATTATGGT,G2M Q218M,0.1704,0.1704,8,4
GAAATGACCCCATTCA,K125H S199F N209V S367A D401M,0.1704,0.1704,8,4
GAAGTGGTGGACTACA,V65M S111Y R193F L280F H305M V435K,0.1704,0.1704,8,4
GAATTATTTGAGCTGG,H92C L203V D229S Y253D I286T D357A,0.1704,0.1704,8,4
GACAGCAGGACTAATA,C155K A288R T380I,0.1704,0.1704,8,4
GACGAACGTAAATCGA,T40M G198* G473C K481L,0.1704,0.1704,8,4
GAGAGAAAATACTAAG,G186E F233E M472T,0.1704,0.1704,8,4
GATAAAATATGCACCC,E72G I112Q A202N F440T,0.1704,0.1704,8,4
GATTAACCGGTCGTGC,E72* A123V,0.1704,0.1704,8,4
GCCACCAAACCATTTC,G378A I443Y,0.1704,0.1704,8,4
GCTATTAATTGAAAAG,C86L,0.1704,0.1704,8,4
GGATGTAATCTATCTG,I162F G276S F399S Q416K H467F,0.1704,0.1704,8,4
GGTAGAAATCAAAAGA,T58I,0.1704,0.1704,8,4
GTCGTAACATTTGTAC,Q3C F262* L336G T412R,0.1704,0.1704,8,4
GTTGGGAAGCGTATGT,C53W F233V,0.1704,0.1704,8,4
TAACATACTGATAACA,D273W K320M S462P R468G,0.1704,0.1704,8,4
TAAGGATAACTAGTTA,S169N L266H Y480F,0.1704,0.1704,8,4
TACTAATCATTATAGA,C477S,0.1704,0.1704,8,4
TCGATGATCAGCACGG,G98A I239T R282H Q324P R356L T376S,0.1704,0.1704,8,4
TCTAGAACAACCATCA,T139L S154I T215G,0.1704,0.1704,8,4
TCTAGGTGATATTCTA,R250* P427*,0.1704,0.1704,8,4
TCTGATACGAGTATAG,F157* Y200* G260D V487*,0.1704,0.1704,8,4
TGGTGCCTACAATATC,F147A Y172M,0.1704,0.1704,8,4
TTCGAACGACAAAGGC,D156L Q218N E307S C475G,0.1704,0.1704,8,4
AAAACAGGATCGTTCC,S163T N319I,0.2272,0.2272,8,3
AAAGATAAAGCAGGTT,F157D G208N,0.2272,0.2272,8,3
AACATAATAGAGATAA,K352*,0.2272,0.2272,8,3
AACCGTCGCTTATCGA,T87P Q406P,0.2272,0.2272,8,3
AAGAGAAAAACATCTC,S255* A343S G360C R468I,0.2272,0.2272,8,3
AAGCAAGTTTAAACAA,L78R G102K,0.2272,0.2272,8,3
AAGCCATAACAGTAGG,T110V,0.2272,0.2272,8,3
AATAATGAAATGAATT,R235P H457D,0.2272,0.2272,8,3
AATCGTAAGCGAGAAG,M19N F140L A177T E228D,0.2272,0.2272,8,3
AATGACTGACAAAAAC,E72K G206S C212G Y217*,0.2272,0.2272,8,3
AATTTGCATTTTCTAG,C279E F318M I361L,0.2272,0.2272,8,3
ACACTAATAACTGGTA,A173L G197H I252V T274M,0.2272,0.2272,8,3
ACCTCTTACTACTAAA,L128V C364A F446T,0.2272,0.2272,8,3
AGACGATGGGCATCCC,H93E L103F D204M,0.2272,0.2272,8,3
AGCAAACTGCCGTTTC,S234G,0.2272,0.2272,8,3
AGTCGAAGCCTAATTA,E16* L32V W264M,0.2272,0.2272,8,3
ATAAGATCCAAAGCAA,,0.2272,0.2272,8,3
ATACTCTAATGAGATC,N20L M96Y I144N Q348L T375C C475S,0.2272,0.2272,8,3
ATCACAACAATCTCAA,C310T I337*,0.2272,0.2272,8,3
ATTAAAACATATCGAT,N342W L442P,0.2272,0.2272,8,3
ATTTGATATCCTACTC,I4V E76L S171Y T296N N395I I445F,0.2272,0.2272,8,3
CAGGAAGTCGCCAAAC,G64V L266F Y371L,0.2272,0.2272,8,3
CAGGCAGATACGTATT,W264D M351T,0.2272,0.2272,8,3
CCCAGGGAGTTATCAT,Y217C S237Q F440P,0.2272,0.2272,8,3
CCGCACCAAGAGCCAA,V14K M194E K425G W489P,0.2272,0.2272,8,3
CCTAGAGGAGCGCATA,R55T K320*,0.2272,0.2272,8,3
CGCACATATTTCCACT,S246T L394N N409T,0.2272,0.2272,8,3
CGTATACAATACCAGT,C155F C231W N390R S400W,0.2272,0.2272,8,3
CTAATAATACGAAATT,V187E,0.2272,0.2272,8,3
CTCAGTTCTGCGAAAT,N185H N338Y Q348H,0.2272,0.2272,8,3
GCCCATAATAATATAC,N346W K384W S444Q,0.2272,0.2272,8,3
GGAAGTGTATATCAAT,E104D H374R,0.2272,0.2272,8,3
TAACGAAAGCAAATTC,S169I A184S S234I,0.2272,0.2272,8,3
TACAAATGCGTACCAC,Y200R D229N,0.2272,0.2272,8,3
TACCAAAACACCAAAA,L415Q,0.2272,0.2272,8,3
TATAAATAATATCATC,I24G C57I,0.2272,0.2272,8,3
TATAGGATGATAAGTC,L35K K481*,0.2272,0.2272,8,3
TATCATAAGAAGCGCT,D317R S333R,0.2272,0.2272,8,3
TATGTATGCACCGAAT,L244D V298P,0.2272,0.2272,8,3
TTAAGTAATCCTAGCC,E16L V47P,0.2272,0.2272,8,3
TTACTAAGGAATACTT,C463S,0.2272,0.2272,8,3
AAAATATGGCCCGATC,F7I M80L R207* L355V,0.3408,0.3408,8,2
AAGACTTGTTAGACGG,S216Y Y419M,0.3408,0.3408,8,2
AAGGAGACAAAAACTA,M192N I201Y N353F H457D,0.3408,0.3408,8,2
ACCAACTGAAAACCAA,Q3R C86W I113K M134G A297V,0.3408,0.3408,8,2
ACCCTAAAACTATCCG,M192T K304Q F436Y,0.3408,0.3408,8,2
ACGAATTCTATAATTA,T77I T454S I474F,0.3408,0.3408,8,2
ACTTTTCCCTATACGA,V65G,0.3408,0.3408,8,2
AGACAGGGCGATAAGA,C118R D273V L394I,0.3408,0.3408,8,2
AGCTAACGGGAGAACG,T6L K88N W210G L220Q,0.3408,0.3408,8,2
AGGGATAATGACCACA,M1* S111N K125N I162M,0.3408,0.3408,8,2
ATATACAAGACTCGAG,L355P,0.3408,0.3408,8,2
ATCAAGGAACAGGCGA,V97N S143L M214L,0.3408,0.3408,8,2
ATCCATCTCTAAGTTG,Y371R,0.3408,0.3408,8,2
CAGTGTTCCTGAGGAA,A328V I337K F434P,0.3408,0.3408,8,2
CCTCTAACCAAACGCC,V31H,0.3408,0.3408,8,2
CGAAAAACTATAACCC,H115*,0.3408,0.3408,8,2
CGATGTCCAACAATCA,Y66S,0.3408,0.3408,8,2
CGTATTATCTCAATTT,C180S Y217K A299T D317V,0.3408,0.3408,8,2
CTCAGGAAGAGAAACG,N209V T249Y L280*,0.3408,0.3408,8,2
GAATTGTAGACGTGAT,E104A C231L,0.3408,0.3408,8,2
GACTATATGCAATCAA,G174T L220N C301*,0.3408,0.3408,8,2
GAGGACCACTTCATGC,G54M M75W F157K V435F,0.3408,0.3408,8,2
GATCATCGGAACTACA,G54A E100N K126S L442I,0.3408,0.3408,8,2
GTAGCAAGTTGAAAAT,S121N N185* S199D L479V,0.3408,0.3408,8,2
GTCCCAAGAATACGTA,I4F I286S F436A,0.3408,0.3408,8,2
GTGTTCCCACAATGTG,G2A G174R M351K,0.3408,0.3408,8,2
TAGACTCCACTCCTAC,K126V M194Q G294D F309C C475E,0.3408,0.3408,8,2
TATAGGCATAGTACTC,G102V Q218N,0.3408,0.3408,8,2
TCTCACATATAAAAGG,L120R G473M,0.3408,0.3408,8,2
TTACCGAAAGACCATT,I4D S143I T377H,0.3408,0.3408,8,2
TTTTATGAGGAAGAAA,G42C M420Y H467G,0.3408,0.3408,8,2
ACAAAAAGCTATAAGT,G102V C231R R314L,0.6815,0.6815,8,1
ACAAAGATCGCGACAA,E287M W386K F399C,0.6815,0.6815,8,1
ACACTCATGCATCCTT,L50E S205Y,0.6815,0.6815,8,1
AGGAAACACATTTATA,Q3M Y66M,0.6815,0.6815,8,1
AGGATTAAGAACATAT,T110S K461* V485*,0.6815,0.6815,8,1
CCAAAATAGCATAACG,L244A G294F,0.6815,0.6815,8,1
CCAGAAAAAGACACTA,Y66L S255K L259H G276R,0.6815,0.6815,8,1
CCATGTCAATCGCCCG,G34L M192R,0.6815,0.6815,8,1
CCGAATATGATAACAT,T77S L84C N89H I113A F434P,0.6815,0.6815,8,1
CGTCTTCCCCACCGAA,Y166A W196G I201S D273F,0.6815,0.6815,8,1
GAATATCTGACGCTTA,C292S H457R I474C,0.6815,0.6815,8,1
GACTGGGAAAATATGT,F7Q G102L C279N,0.6815,0.6815,8,1
GCACCGATATATTCGC,S56R S121E A343V S439L,0.6815,0.6815,8,1
GGAATGTTATATTTCA,L372F,0.6815,0.6815,8,1
TAATTAAGTACTAGAT,I443- S444-,0.6815,0.6815,8,1
TATAACCATAGATTAG,T225F,0.6815,0.6815,8,1
TCAATTTTAGTATTTT,F318L K368A,0.6815,0.6815,8,1
TTACGCTATATCCAGA,V14A I21V T263F P486R,0.6815,0.6815,8,1
TTTATTATTAGATTGT,D122T N178R M192S F446L,0.6815,0.6815,8,1
AAAAGGCATGGATACT,Q3F H131T A173S S199E,1.0000,inf,8,0
AACCTGAGTTCAGGAT,L133P D251V,1.0000,inf,8,0
AAGGTCAGCTACGTTA,Y200G H354K L387P,1.0000,inf,8,0
CCCAAAAACAGATCAC,I112M I136D A343R D357* T375N,1.0000,inf,8,0
CTGCTTAGCAATTAAT,Q3E Y219H T377H,1.0000,inf,8,0
GTTTCAAATGTAGTAG,F7N G197S,1.0000,inf,8,0
TATGTAAGAGCGCCTT,I24Y K320L L479P,1.0000,inf,8,0
TTAAGACAAGAAAAAT,G277I L394N,1.0000,inf,8,0
GTTATATAGACATGAA,D251G,0.0002,0.0002,7,3125
TCTTCATTAAAACATC,A123S S392F,0.0002,0.0002,7,3091
AAAGTGATATCTGCCT,T110L,0.0002,0.0002,7,2821
CGCCTTAGCACCATTT,T59Y H131S,0.0002,0.0002,7,2639
TTATTAATTTAGTAGC,,0.0002,0.0002,7,2458
ATTAAAGTTCCCATGT,S135Y,0.0002,0.0002,7,2457
GTCTGCGTCGGATATT,H398N,0.0003,0.0003,7,2359
GTAATCCGAAACAACA,,0.0003,0.0003,7,2319
CATGCACATTTACAAT,G45S,0.0003,0.0003,7,2296
GTTAGCTACTGGAACT,,0.0003,0.0003,7,2213
TAATTGCGAGGTGATA,K125T,0.0003,0.0003,7,2195
TCTCGTCTATTTTAAA,A176T,0.0003,0.0003,7,2193
AATACACGGAGACAAC,,0.0003,0.0003,7,2151
GATGACAACAACTAAA,,0.0003,0.0003,7,2128
AAAAATTAAATATGGG,Q423S,0.0003,0.0003,7,2123
GATATGATCGCATATG,N178H,0.0003,0.0003,7,2101
ATAACACATGGTATTT,T101R Q149L,0.0003,0.0003,7,2084
TAACAGAAGACACCGA,,0.0003,0.0003,7,2030
GGATAAAAGTTTTAGC,W227C,0.0003,0.0003,7,2026
TATTCATAGATGCATA,I286M,0.0003,0.0003,7,1961
TCACTACTTGCAAGAA,G42K W196I,0.0003,0.0003,7,1922
CCTGGGAAGTAATAAA,G159N,0.0003,0.0003,7,1895
ATTACTTATAAGAACT,T106A Q149T D211R,0.0003,0.0003,7,1867
CTGTAACTTACGAGAC,,0.0003,0.0003,7,1866
AATTTAGCACACAAAT,,0.0003,0.0003,7,1865
ATACCTGAAAGTCATC,I137Y M332H,0.0003,0.0003,7,1854
GGGAATTCTAAGACGC,H179Y M194W,0.0003,0.0003,7,1850
GCAATCCTCACTTACA,I323T,0.0003,0.0003,7,1836
TATGAATTACCAGCCA,N127D,0.0003,0.0003,7,1830
CTAGATGCAACAAGTC,A132V,0.0003,0.0003,7,1776
GAGACCCAGCAAATAG,A39F N390L,0.0003,0.0003,7,1767
GACCATTCAAACCATC,,0.0003,0.0003,7,1753
GTCCGTTTATATATCC,,0.0003,0.0003,7,1748
TCAGTGGTTTAAAGAC,G243M,0.0003,0.0003,7,1724
TTTAAAGAAAAAATGA,K300R M332L,0.0003,0.0003,7,1715
ATTAATGTCCATTAAA,S60R,0.0003,0.0003,7,1709
TTCCCATCAACACCCT,Q247W L349T,0.0003,0.0003,7,1705
CGAAGCCCGTGATAAG,M19I Y200L,0.0004,0.0004,7,1698
GAAAAAACAGGAATTA,,0.0004,0.0004,7,1643
TCACGCTCCACCTAAT,W283Q,0.0004,0.0004,7,1629
TACAAAGCAAAATGAT,S199V L355V,0.0004,0.0004,7,1614
ACATAGCCCCTGATAA,,0.0004,0.0004,7,1609
ACGTAGTCAGGACACA,,0.0004,0.0004,7,1606
ACAAAAATATAGTTTA,C180S W264V,0.0004,0.0004,7,1604
ATGAGATTAACACCTA,N99G R250L,0.0004,0.0004,7,1583
ACCGTTAGATAAAGCT,E104T,0.0004,0.0004,7,1582
CAAGACCAGCGCCCAG,,0.0004,0.0004,7,1562
AGACACAGTATCCTTG,T48A,0.0004,0.0004,7,1559
ACAAATGAGAAAAAAA,I162M,0.0004,0.0004,7,1536
ACAGGCAAGAATCTTA,,0.0004,0.0004,7,1531
GAGTCATTCCAGACCC,C41S T110K,0.0004,0.0004,7,1529
GAACTTAGGAGCCCAT,S91T K461S,0.0004,0.0004,7,1528
AACTAAGCCCACACCT,,0.0004,0.0004,7,1525
TAACAAGACAGTACTT,H131C,0.0004,0.0004,7,1525
CGTATAATTTAAATAC,,0.0004,0.0004,7,1518
GTCAACACTTATTTTG,G159M,0.0004,0.0004,7,1516
CCGACGAAAAAAAACA,,0.0004,0.0004,7,1512
TAGAAAACTTGACACA,,0.0004,0.0004,7,1507
TAGGTAGTTGAGACGA,Q69G T261S,0.0004,0.0004,7,1484
CAGTATAGATAAACCA,G160A,0.0004,0.0004,7,1467
AGGTGCCCCGAACCAA,,0.0004,0.0004,7,1464
CCGTACCTAACTAGCA,G243N,0.0004,0.0004,7,1455
ACATGCTGTGGTACCG,W210E,0.0004,0.0004,7,1445
GAAAACCACGTTATAG,,0.0004,0.0004,7,1434
CTTACCCGAAAACAAA,G174N,0.0004,0.0004,7,1433
AGCAAAAGTGTTCGGA,M82L W227Y P483F,0.0004,0.0004,7,1422
ACACCTTAGGGACCAC,,0.0004,0.0004,7,1420
AAAGTAAACCTTCCGA,L73I S389Y,0.0004,0.0004,7,1410
CCGTTTAAGTTTTGCT,E228T K384E,0.0004,0.0004,7,1408
AATGTGGTTTACATCC,G198M,0.0004,0.0004,7,1405
CAATGAGGAACAAGCT,S267T,0.0004,0.0004,7,1404
TATTCGAGATTGTTAA,G271T F436Y,0.0004,0.0004,7,1399
CACCATGGAAGCAGAG,,0.0004,0.0004,7,1389
TTCGAACGCATGTTCA,F7V N90L,0.0004,0.0004,7,1380
TAGCTAAATCCTGATC,,0.0004,0.0004,7,1379
GTAATGTTGTCCATTA,N178M,0.0004,0.0004,7,1373
AGCTCACCTAAGTTAG,A30T N99I L128Y,0.0004,0.0004,7,1371
TGATCTAAAGATTAAT,V31F,0.0004,0.0004,7,1366
CAACGTAGCAAATCAG,R55F,0.0004,0.0004,7,1358
CACCAGAACTCTGATA,,0.0004,0.0004,7,1353
AATCTCCCCTCGATAA,E228G,0.0004,0.0004,7,1347
TTAAAAAAAAATGGAA,Q69G,0.0004,0.0004,7,1347
TCTCAAAACCTCAATT,T377I,0.0004,0.0004,7,1339
GGATACATAATCGGTA,K272W,0.0004,0.0004,7,1328
AAATCCCTTCCAAGGA,,0.0005,0.0005,7,1323
GATGGAAAATTGATGA,Y219W,0.0005,0.0005,7,1322
AAATAGCAATAAAGGT,,0.0005,0.0005,7,1321
AGCAAGGTAGGAGAAC,H92V,0.0005,0.0005,7,1316
GAAAAATAGATTTAGT,E228S Q232R,0.0005,0.0005,7,1300
TATTACAGAGTTAAGT,,0.0005,0.0005,7,1294
CCGCAATATAGAATAT,D122T,0.0005,0.0005,7,1291
ACAAGGATAACCCATA,G42K Q223M,0.0005,0.0005,7,1288
CAAGCGAGTAAACTGA,Y278A,0.0005,0.0005,7,1285
TAGGAGAGAATAGCAT,E76L,0.0005,0.0005,7,1281
AGTAATAATAAACTGA,,0.0005,0.0005,7,1267
CTAATATTGAATATTC,,0.0005,0.0005,7,1264
CCCTAATGACGCCCCT,G460D,0.0005,0.0005,7,1262
AGGCCGTCTGTGTATC,N209I M410Q,0.0005,0.0005,7,1252
AATTTTCACCAGAAAG,K161M,0.0005,0.0005,7,1247
CAATTTCTATAGGGCA,D273V Y366K,0.0005,0.0005,7,1237
AACAATAATGTTGAAC,,0.0005,0.0005,7,1230
TGGAGGTACAAAAGTG,,0.0005,0.0005,7,1228
GTATATAACAAAGCAT,Q189L H230R,0.0005,0.0005,7,1225
ATATATCCAATCGAGC,,0.0005,0.0005,7,1223
TGATCCATAAATAAAT,,0.0005,0.0005,7,1220
TTCGCTGGCGACTTAT,V485A,0.0005,0.0005,7,1217
TTACAAGACGAACAAA,Q223V,0.0005,0.0005,7,1208
TCACAGGAGAACCACA,Y253I,0.0005,0.0005,7,1206
GCACTATCGAACAGAG,,0.0005,0.0005,7,1204
AACTTTAGGCTCACAG,K304M,0.0005,0.0005,7,1199
ACTAAAATTCTCTTTT,H471P,0.0005,0.0005,7,1198
TACGCCTTCAACCTTT,H179L,0.0005,0.0005,7,1194
ACCGAACTAACATGAG,G206S,0.0005,0.0005,7,1190
CAGCACCCGCGATAGT,S205P M284F,0.0005,0.0005,7,1189
TTAAGACAAAATAATG,N185A N209M,0.0005,0.0005,7,1178
GGCATCGTAACCTAAA,G197D T380S,0.0005,0.0005,7,1164
ATTGTACAAAGCTCAA,,0.0005,0.0005,7,1142
CGTGTGTCACAGCCCA,I443V,0.0005,0.0005,7,1141
CTAATAATGGCTTTCT,F293V,0.0005,0.0005,7,1137
CAACCTGCTAGGGCAG,,0.0005,0.0005,7,1136
GGAATACAGCCAAGAG,,0.0005,0.0005,7,1135
TTGCTTATAATCTTAA,,0.0005,0.0005,7,1134
CAACGACTCTACGATG,G159K,0.0005,0.0005,7,1130
TACCTCAATAATAGAG,,0.0005,0.0005,7,1119
AACTAGAAATATGTCC,N178Y,0.0005,0.0005,7,1116
TAAGACGTCGTATAGT,C53F,0.0005,0.0005,7,1115
CGAGATAAATCAAAAA,G460D,0.0005,0.0005,7,1113
AAAAAAACACAACGCG,W227T,0.0005,0.0005,7,1110
ATTGTCTAAAGCAAAT,I254F T261S,0.0005,0.0005,7,1100
ACTATCATAGCCACCA,,0.0005,0.0005,7,1098
AGCCGTTAGCTGGGTC,,0.0005,0.0005,7,1098
AAACGATATATAATAA,,0.0005,0.0005,7,1097
AGACTATGTGCTTGTG,T101I N158H T377I,0.0005,0.0005,7,1095
CACCAAATCAGAAAAA,G45E,0.0005,0.0005,7,1091
TCAGATGGAAAAGACT,,0.0005,0.0005,7,1086
ATAAAATGAAATCGGA,F147Y,0.0005,0.0005,7,1085
AATCCAGACCGAGAGC,K481T,0.0006,0.0006,7,1081
GTCTGTATAGTACTGC,K161V M332I M414I,0.0006,0.0006,7,1079
CACGCCCATCCTATTA,G186A T261S K481L,0.0006,0.0006,7,1078
GATTGCAACCGTAAAC,,0.0006,0.0006,7,1066
TGAATACACTAAGATC,,0.0006,0.0006,7,1065
AAGAAGACTATATGAA,T274L,0.0006,0.0006,7,1049
TAGCTTCATCCATAGA,R207E,0.0006,0.0006,7,1047
CGGGCCTTCTTCCCTG,,0.0006,0.0006,7,1039
CACTCGGCGGCCTTTT,S143N,0.0006,0.0006,7,1029
CAATTATACAGAATCG,,0.0006,0.0006,7,1020
AACAACGGATTTTTTT,K116E K126W,0.0006,0.0006,7,1019
TAACCACCAGTTATAC,G197S M351L,0.0006,0.0006,7,1014
TCCTGAGTTAATGATT,M134V A152S S389R P483T,0.0006,0.0006,7,1010
TGGAAACAGCTTCTGG,V485L,0.0006,0.0006,7,1009
AATTCCCCCGATATGC,T87R Q218S S246I M332N,0.0006,0.0006,7,1008
TAAATGCTGCCACCCT,A328F,0.0006,0.0006,7,1006
GCATTAGGCTTAACTT,,0.0006,0.0006,7,1001
TGCGTTAGACGGCTTC,M332S,0.0006,0.0006,7,1000
GATCAGGCTACATTGT,I162L D432E,0.0006,0.0006,7,993
CGGTTAATTCAAAAAG,H124D,0.0006,0.0006,7,988
TACAGGTTGCGCAAAC,,0.0006,0.0006,7,987
GTCAGTATGATCCCAG,,0.0006,0.0006,7,983
TCCCACGGCGGCAACA,H170N,0.0006,0.0006,7,981
TTTCTCTTTCATGTTA,G197A,0.0006,0.0006,7,975
ATTGAACACAATTAGG,K125T K481S,0.0006,0.0006,7,971
AATCACATAACACGCA,L32S,0.0006,0.0006,7,967
ATCAATACATGTATCC,A173S,0.0006,0.0006,7,965
CGAAAACGGGCCACCC,,0.0006,0.0006,7,962
TGACGAAATAACTATT,F233Y,0.0006,0.0006,7,956
GGTATTCCCAAACAAC,,0.0006,0.0006,7,954
GATGTCTCAATAAGCA,N74D Y129* E303L,0.0006,0.0006,7,953
GTGTGGAAATTACTAA,K425M,0.0006,0.0006,7,953
TGGAATTTATGAATAA,A132T,0.0006,0.0006,7,950
TTACTCTTAGATGCCT,D156F,0.0006,0.0006,7,941
CCACCAAGACCGTCAG,,0.0006,0.0006,7,939
TCCCAAAAACTTGGAA,I162L T296P,0.0006,0.0006,7,937
TCCCTAATATCATAAA,L78F,0.0006,0.0006,7,930
TACCAAGAGGCATTTA,M19T E76L M284I,0.0006,0.0006,7,926
AAGGTTATCGGACCGT,F38T,0.0006,0.0006,7,925
AGTAGTTCTTACATAA,,0.0006,0.0006,7,919
AGATCTAGTGGAGACA,D130N,0.0007,0.0007,7,916
CCTAAAAGGTTTATTG,E76P,0.0007,0.0007,7,914
ATAATGTTAGAGACAT,,0.0007,0.0007,7,913
GAAGATGTTTTCACAA,T101E,0.0007,0.0007,7,912
GACCAGCGTTAATACA,M82L K481I P486M,0.0007,0.0007,7,905
AATAAAGGAATCCATG,E228S,0.0007,0.0007,7,901
AACATTGCTGGAAAGT,M192N,0.0007,0.0007,7,900
GATAGCAAATATCGCA,,0.0007,0.0007,7,900
AGTTCCGACTCGAATA,,0.0007,0.0007,7,899
AAAACAGAAACCAATC,D251G K272R,0.0007,0.0007,7,897
ATAAAGTTAATTACTG,G98L,0.0007,0.0007,7,895
AAGAAAAGGAATACAA,K161E G276V,0.0007,0.0007,7,893
AAGAGAAACAAGAAAC,,0.0007,0.0007,7,893
GATCCGGCCTTCAAAT,,0.0007,0.0007,7,888
TACGTCTGACTACTAC,,0.0007,0.0007,7,886
ATCTGTGATAGTTTAG,M19T N146W,0.0007,0.0007,7,884
ACTGACTCTTTGAAAA,I445M,0.0007,0.0007,7,879
CTTTCAGTTCAAACTA,E104G,0.0007,0.0007,7,879
GTAGGATAATAGCTAC,,0.0007,0.0007,7,872
CAAATCAGGCGATTAT,,0.0007,0.0007,7,868
CATACAAAATATGAAA,T263K M414L,0.0007,0.0007,7,867
TTTCCTCTGACGTATT,N90M T397R,0.0007,0.0007,7,865
CCATTTGACCAAGACA,W210P,0.0007,0.0007,7,863
AGAGTACTTAAGTACT,,0.0007,0.0007,7,860
ATCCACACGTAAAACT,,0.0007,0.0007,7,858
TATAAGCTATATTCTG,G174C Q331E S476Q,0.0007,0.0007,7,857
ACCTAGGATGAACACA,F233G,0.0007,0.0007,7,856
TTGTAAAAATGTCGAA,,0.0007,0.0007,7,855
AGACTAAATGTTCATG,L433C,0.0007,0.0007,7,853
AAAGCTGGACGAATGT,,0.0007,0.0007,7,852
CTGCCAACCTACTTCA,N90T,0.0007,0.0007,7,845
CTAGCAGGATCTCCCG,K161R V183T D432E,0.0007,0.0007,7,843
TACCGCTCCATAACCG,V44A,0.0007,0.0007,7,839
CTAAGACTTAAAAATT,G98R,0.0007,0.0007,7,835
ACACATCGGAGAGAAC,K291R E303M,0.0007,0.0007,7,833
CGATCGCTGGCAAAAT,Q416L,0.0007,0.0007,7,833
GGTGCCTAGTTACAGA,T40R S60Y D156S,0.0007,0.0007,7,831
AGGGTGGGAAGCGATG,,0.0007,0.0007,7,827
CCGCTGACGTTCTATC,N209S L442S,0.0007,0.0007,7,823
TGTTAGCCATACAGTT,M134I S163T,0.0007,0.0007,7,820
CATAACAATAACGATG,A173Q T215C,0.0007,0.0007,7,816
ATTGATGCGACAAAAA,W196F,0.0007,0.0007,7,811
GGTAGTCTAATCAAGG,T225R,0.0007,0.0007,7,810
AAGATAGTCCCTGTGA,,0.0007,0.0007,7,807
CCGCGATTAAAGATAA,,0.0007,0.0007,7,805
GATCAACTCCAATCAT,E100S D251N N390F,0.0007,0.0007,7,801
AACTCTTACACAGTAA,N148S A195H,0.0007,0.0007,7,798
AGAGTAAAGACGATCA,I286M,0.0007,0.0007,7,797
CGTTCTAGATCTGGTC,,0.0007,0.0007,7,797
TATATAAAAAGTACTG,,0.0007,0.0007,7,797
AAGAGTCCGTTAACGG,L61N,0.0008,0.0008,7,791
ATCCGGTTTTACGATA,R207S,0.0008,0.0008,7,789
CATCGGGATCCTTAAC,Q223R I252V H305L I361S,0.0008,0.0008,7,789
CCAATCTGGTAATACA,F262M,0.0008,0.0008,7,783
TAGTATGCGTAAAATC,D211N,0.0008,0.0008,7,783
ACAACCCAAGTACCCG,L73I,0.0008,0.0008,7,782
GTTAGCGATGGGGCGT,A343E,0.0008,0.0008,7,782
CTTAGAAACAATTCGT,G64Q F147P,0.0008,0.0008,7,780
GAGTACTACACCTTCG,,0.0008,0.0008,7,772
TATGCAATCTAGTTAC,,0.0008,0.0008,7,772
ACGCAAATCAAGTGAT,,0.0008,0.0008,7,768
CCCAAATCGAAACTCT,G181P,0.0008,0.0008,7,768
ACTAGCCAAGATATAG,,0.0008,0.0008,7,766
AATCACAATTACCCGT,,0.0008,0.0008,7,763
CTAAATATCACTCAGC,G174I,0.0008,0.0008,7,761
AAGGAAATTACGGTGA,,0.0008,0.0008,7,759
TACACAAGCTAGAGCA,Q223R,0.0008,0.0008,7,757
CCTTCGAAACCTAAAT,A202Y G260A,0.0008,0.0008,7,756
CAGGGGGTCGGTATGC,V97F D130N G174S Q223V,0.0008,0.0008,7,753
AAAAAAAATGCCACGA,V341A,0.0008,0.0008,7,748
CGCACCCCCCACTATC,,0.0008,0.0008,7,745
ATTTCTGATAGTCAAA,A328C,0.0008,0.0008,7,744
TGTGACCAAGCTTACA,Q218T,0.0008,0.0008,7,743
AGCTTAAAACCAAAAA,G174L,0.0008,0.0008,7,741
TTGCTAATGCTCCTTG,G54R,0.0008,0.0008,7,741
GAGACCCCAGGCATCT,F38Y G260W R379H,0.0008,0.0008,7,739
AAACACTGTTATTTGT,V28I S389R,0.0008,0.0008,7,738
TAAAGCTATCGCGTCA,,0.0008,0.0008,7,734
AGCAATAAAAAAAAGC,F157C,0.0008,0.0008,7,733
CTTTCAACACCCTTTC,K63L E228R Q335E,0.0008,0.0008,7,728
TTAGAAAGGATCAATG,,0.0008,0.0008,7,725
GGCAAAGTCTAAAAAC,E76S,0.0008,0.0008,7,722
CAGCTCCAAAAAAGTA,,0.0008,0.0008,7,721
CCTGACGGTAAGATCG,V450A,0.0008,0.0008,7,721
AAAAACCTATGCGAAA,H92L K116L,0.0008,0.0008,7,719
ATACCCTGAGAAAGTG,,0.0008,0.0008,7,714
TGAACGCGCATAAATC,S163W,0.0008,0.0008,7,714
AAACTTATCTTTTAAA,S216A I474M,0.0008,0.0008,7,713
CATAGACGATGTGCAA,F7L L449M,0.0008,0.0008,7,709
CATGTAAACAACTATA,G240Y,0.0008,0.0008,7,708
AAATAATATTCACACA,E76S G391F,0.0009,0.0009,7,693
GCACTCCTAGATCCAA,V47M L245I M284S,0.0009,0.0009,7,693
AAAATGCCAGTGAGAT,E10S R325K,0.0009,0.0009,7,684
ATAACAACCTTCTTAT,A328L M414A,0.0009,0.0009,7,683
GCTATCTTCGATGAAG,K88V,0.0009,0.0009,7,683
GATTGTCGCAAAACGG,G54E R379S,0.0009,0.0009,7,682
ATTGGTTAAATTACCA,,0.0009,0.0009,7,680
GCAGCCTTACGTAAAA,M192L,0.0009,0.0009,7,674
GAAGGCGCGTAACGAG,R248I,0.0009,0.0009,7,673
ATACAAAGTGTCCATG,,0.0009,0.0009,7,672
ACAGCCCCACTACCAA,,0.0009,0.0009,7,670
AAGCTTCTTTAGGAAA,L266H A328I,0.0009,0.0009,7,669
TATAATCTAAAAGCAC,H13L,0.0009,0.0009,7,669
TGTCTCGTAGACCATG,E76H F117S N390T,0.0009,0.0009,7,667
GGGCCTCTATTCTGAT,Q406M S439F,0.0009,0.0009,7,663
ATCAAAAATAGAAAGT,D211I,0.0009,0.0009,7,660
TTCCTGGCTACTCGTC,K490T,0.0009,0.0009,7,657
CGCAGTAGACTTCTAA,L133S Y172D S400A,0.0009,0.0009,7,652
AATTGGGGTTCTTGAG,,0.0009,0.0009,7,651
AAACAATTCTCTCTCA,Q406L,0.0009,0.0009,7,642
GCACCACTCTCCCTGA,K88L I201P,0.0009,0.0009,7,641
ACACTAAGAAGCATAG,T226I,0.0009,0.0009,7,639
TTGAGCGACTGAAAGT,N90T S135K,0.0009,0.0009,7,637
CTGACTCGTTTAACAA,N167T,0.0009,0.0009,7,634
ATATACACTCTAACGG,,0.0009,0.0009,7,632
GCATTAATGTGCTTAA,T182A V388T,0.0009,0.0009,7,631
TCTTTGCTCCCAGAGA,E228L,0.0010,0.0010,7,620
ACGAGTCCGTCAAAGT,,0.0010,0.0010,7,619
TCCGAATTACGTTGAT,E17S L430F,0.0010,0.0010,7,619
CTTCAATAAAAAAGTC,S199F,0.0010,0.0010,7,618
GGAATATACGTCCAAC,I254P,0.0010,0.0010,7,615
ATAAATAGCATCTACC,,0.0010,0.0010,7,614
CTACTGGAATACCTCT,Q218L,0.0010,0.0010,7,612
TTTACTTATACACATC,S154L,0.0010,0.0010,7,610
ATGATAAGAGTACACG,T108L H448N,0.0010,0.0010,7,607
TTCAGCAATCTAAGGA,,0.0010,0.0010,7,606
TTGGTCGATTATGCAG,V183W D251V,0.0010,0.0010,7,606
TGAACTGCATAAAGCC,,0.0010,0.0010,7,604
AACTTATCGAGTATTC,,0.0010,0.0010,7,603
ATGCAATGATAGAAAA,G271R,0.0010,0.0010,7,599
CATTTAAGACAAATAT,T101D S199N A343V,0.0010,0.0010,7,599
AGTGAAGCTGAATAAA,,0.0010,0.0010,7,598
ATAGAAACAGTCTTTA,G159M D211P,0.0010,0.0010,7,596
CAAATGACTACAGACT,,0.0010,0.0010,7,596
TGGTACGTAAATACAG,,0.0010,0.0010,7,596
TTCCTTAAGCATAACT,,0.0010,0.0010,7,596
TACCAACAAGACCCGT,N99C I452V L479Y,0.0010,0.0010,7,593
TAACTACTAATGGAAA,N319T,0.0010,0.0010,7,592
GGAACTAAACCGTTTC,S400P,0.0010,0.0010,7,588
AAACAACACGAGTCTG,,0.0010,0.0010,7,587
AAATACCGAGGCCAAG,A184T A195Y,0.0010,0.0010,7,584
TCTACTGAATACAAAG,,0.0010,0.0010,7,582
ATTTTTAAGTTTGAAC,S392D K490N,0.0010,0.0010,7,581
AAAAAAAAGCTATATT,L326M,0.0010,0.0010,7,580
CGCGATTCAGCAAGAG,T77H,0.0010,0.0010,7,580
GGCCGCAAGTTGCACG,D402G,0.0010,0.0010,7,577
CCAAACCATTGCAAAA,,0.0010,0.0010,7,576
CAACGTGCACGGACTT,K161R I403C K417Q,0.0010,0.0010,7,575
CTTGACATCGAACTTT,S154I R207H T296I,0.0010,0.0010,7,575
GGATCGACTTGACGGT,S216V,0.0010,0.0010,7,574
CGGAACAAAGTAATGT,E151L,0.0010,0.0010,7,572
GATCGCACTTAGCTTG,S400L,0.0010,0.0010,7,572
ACCCGAGGAGCCACCT,S400M,0.0010,0.0010,7,571
CTATAAGTTACAACAT,,0.0010,0.0010,7,568
TCCAATAAGATCATAA,S154N,0.0010,0.0010,7,568
TCTCATCAGTATATTA,F147Y L290C K417S,0.0011,0.0011,7,567
GCTGCCAGCGCAGTCC,,0.0011,0.0011,7,563
GACAGCTGAAACGCAA,I201M,0.0011,0.0011,7,561
GTGATATAGCCCGAGA,G271K,0.0011,0.0011,7,560
AGAAGACTGGCAATGT,P236L,0.0011,0.0011,7,558
TAACCCCGCTTTCCGA,,0.0011,0.0011,7,557
CGGTTCCCTCTCAATT,M19G A25S,0.0011,0.0011,7,555
GGCAATGCGTTGAAAA,K490S,0.0011,0.0011,7,552
TATATTTTAATGTTAG,A177R,0.0011,0.0011,7,552
TTTACTAATTTACGAC,N79E,0.0011,0.0011,7,552
AACCTACAGAGATTTC,,0.0011,0.0011,7,546
ACGTCTACGTACGTTA,,0.0011,0.0011,7,546
TACCGACCACCGATAC,N338A Q348M,0.0011,0.0011,7,543
GATCTAGAACGAACGG,,0.0011,0.0011,7,540
GGGCAATCTGTTTACT,,0.0011,0.0011,7,540
AGTCCTGGATTAAATT,M82I N99F E396A,0.0011,0.0011,7,538
GAGATCGTCATCAGGC,S91N,0.0011,0.0011,7,536
TATATAGAAGTGCAGC,I162Q,0.0011,0.0011,7,535
TAACAGGTACCCCCAT,K126P,0.0011,0.0011,7,532
TACGCGAGACTGGACT,S171C,0.0011,0.0011,7,532
GACGAAAACTGTTACC,S216V,0.0011,0.0011,7,529
GCAGTCCAACTAAAAA,L428M,0.0011,0.0011,7,529
TACCGGGACGACAATA,N74R,0.0011,0.0011,7,528
CGCTTCTTGTAAACAT,S154I Y253L A328D,0.0011,0.0011,7,526
GTACCCTGACCTCCCA,G197L,0.0011,0.0011,7,525
TCAAGCTTCTGTACAC,L32Y Q189L,0.0012,0.0012,7,518
ACACTAATCTAGCTAA,,0.0012,0.0012,7,516
ACATCACCCACACGGA,H131S P486H,0.0012,0.0012,7,515
CCAACCCGCGCACGAA,K125I G181L,0.0012,0.0012,7,509
TAGAAGTAGTATGAAT,S205P,0.0012,0.0012,7,509
CGTAACTTAAAACCAG,I21M,0.0012,0.0012,7,507
GAGTTCTAAAGTACTT,G174W,0.0012,0.0012,7,507
GCCAAGAACAGAAAAA,,0.0012,0.0012,7,507
ATCAATCCCTCAAACT,S85A M410V L442S,0.0012,0.0012,7,498
GATGGCACTAAAGCCT,,0.0012,0.0012,7,498
GGGTACCACAATGCAG,E287W,0.0012,0.0012,7,498
GTAAAATTCTGGGTAG,W196G Q232L,0.0012,0.0012,7,498
TAACAGAACGAACATA,Y217G,0.0012,0.0012,7,497
CGGCCAAAAAAGCTAC,,0.0012,0.0012,7,495
AACCACTATAACCTGG,K451C,0.0012,0.0012,7,493
ATCCAGCCGTTTAGTC,E270Q E287L,0.0012,0.0012,7,490
AATACGGACACAGGGG,,0.0012,0.0012,7,489
TACATGTAGCAGTGCA,,0.0012,0.0012,7,487
TTCCGCCATGGCCGTC,K272S,0.0012,0.0012,7,487
CGATACGCATAACGAA,L107I Y172S,0.0012,0.0012,7,485
ATGGACCGAAGTCCAC,Q149T W196I,0.0012,0.0012,7,479
TTAAGTGAGATAGTTA,E151S,0.0012,0.0012,7,479
AACCTATCAAGACAGG,F436T,0.0013,0.0013,7,474
CTTGAGAAATTTCATT,E17T L35I T226H K481I,0.0013,0.0013,7,473
GCCCATTGTGAGCTGG,,0.0013,0.0013,7,473
TTTGCTCCATACCACT,A39T Y363W,0.0013,0.0013,7,473
GAGCAAGAAGGAACAA,R379L,0.0013,0.0013,7,471
AAAATATTTTTCGAGC,L326M,0.0013,0.0013,7,470
TAAATTACCGTATAAT,F157Y H179L,0.0013,0.0013,7,469
GCAACAGCACTGCAAG,N37S L52E,0.0013,0.0013,7,467
AAAGCCGCTGTGCATC,N90T,0.0013,0.0013,7,466
ATGGATTCCAATCATT,D156F,0.0013,0.0013,7,466
GCAACATATCCACCGC,,0.0013,0.0013,7,457
GAGAATTAAATAGGAT,,0.0013,0.0013,7,453
GCTTTAAATAGGATAT,E72W N342L,0.0013,0.0013,7,453
CTTACAAGTAGTCGAG,,0.0013,0.0013,7,449
TATCTTCCAAATACCG,N158F M284E E307D,0.0013,0.0013,7,446
TGGCATTTTACTTAGT,Q3M,0.0013,0.0013,7,446
AAAAGATTAACCAGTC,,0.0014,0.0014,7,440
TTATACACACATATGA,S169V,0.0014,0.0014,7,439
CAAAACTTCTACTCTG,,0.0014,0.0014,7,438
AAATAGCCGCATACCG,T249D,0.0014,0.0014,7,437
CGCAGGAAATGAATAT,,0.0014,0.0014,7,437
TAGCAGTTAAGCCCAC,,0.0014,0.0014,7,435
AACTTGTGTAAAACTC,N395Q,0.0014,0.0014,7,426
TCTATGTGCGTCTAGT,,0.0014,0.0014,7,421
ATTGAGAAAGAAACTA,R235Q,0.0014,0.0014,7,420
CAAATTGAGTTTACAT,Q149C S246F,0.0014,0.0014,7,420
AAATACCCATTATATG,,0.0014,0.0014,7,418
ACCCTGATAACGGAAC,V431L,0.0014,0.0014,7,416
ATGATCCTCTCAACTA,,0.0014,0.0014,7,415
TACTGAACTATAACGG,M19C G98C I137L,0.0015,0.0015,7,411
ATTTAAAACCTTTCAT,D130V H170A Q405F,0.0015,0.0015,7,409
ATTCACCAGGATCAGA,S216R G424A,0.0015,0.0015,7,406
TCCTCAGGGTCTACAC,L50E,0.0015,0.0015,7,405
GCGAAAGATTCTGACT,S135D,0.0015,0.0015,7,404
AGGCCAGCAGCCCCTA,S199T,0.0015,0.0015,7,402
TGTACCTACTGTAACA,T261M T281H I345T,0.0015,0.0015,7,402
CGTGGGAGATGACCAG,T274S,0.0015,0.0015,7,401
TGTGGTTTGCGGGATA,T87C H179T K300Y,0.0015,0.0015,7,398
TAATCTCGTGTTTGAA,L128F E396I,0.0015,0.0015,7,395
ACCGGGAGGCGATAAA,,0.0015,0.0015,7,394
AAAGCCCCTTATGAAT,R207S T274H V435G,0.0015,0.0015,7,393
TCGTAATAACATACCA,L128M,0.0015,0.0015,7,389
GTCACACGGCATCTGT,S169F,0.0015,0.0015,7,388
GGGGCTGTGTTTCTAG,,0.0015,0.0015,7,387
AAATAAACAATATATA,,0.0015,0.0015,7,386
GTCTATTCCCCCCACC,V47M R55L G181R,0.0016,0.0016,7,382
ACAACCAGAGACGCTA,Y150G D156F,0.0016,0.0016,7,381
TCAAAGTCTAATATAG,,0.0016,0.0016,7,379
CTAAAATAAATCACCA,Y278I S333N,0.0016,0.0016,7,377
ATAGACCCAATTCCCA,G98E A177K,0.0016,0.0016,7,376
AATATGCAAAACACGA,,0.0016,0.0016,7,371
ACGGAACTTTGTAGAA,N90T,0.0016,0.0016,7,365
AGGTACTTAATCTAGT,S267T N346T,0.0016,0.0016,7,365
ATCGCGAAGTACGCAC,,0.0016,0.0016,7,365
AGTCACAGTGCAAATA,C41M G98S,0.0016,0.0016,7,362
AAGTAAGAAAATAAGC,I112R,0.0017,0.0017,7,361
CACGGATCCAGACAAG,L336S N373F,0.0017,0.0017,7,356
GTCTAAAACGACTACA,K300V T397F,0.0017,0.0017,7,356
AAAAACACACAAGCAA,T426I,0.0017,0.0017,7,354
TCAATAGATTAGAAAC,G271S,0.0017,0.0017,7,354
TATAATAATATGATAA,,0.0017,0.0017,7,351
ACTAGGTACCAGTGAA,F293L,0.0017,0.0017,7,350
ATCAACAAATCACACG,T265S Q405S,0.0017,0.0017,7,348
CTCGGACACTCTTATA,I213H,0.0017,0.0017,7,344
GTATCAAAGTGTTAAG,,0.0017,0.0017,7,342
CGCTAGGACAACAATA,A39Y Y150L,0.0017,0.0017,7,341
ACTGAAAAGATTATAG,S143Y S439F,0.0018,0.0018,7,339
CTAACCTAACAAGTCC,R282N,0.0018,0.0018,7,339
CATTCTCCACAAGATA,H374L,0.0018,0.0018,7,338
CTCGGATGAAGAGCCT,I337L P486D,0.0018,0.0018,7,338
GTGATAAACTGCATTA,E67W,0.0018,0.0018,7,338
TAATTTTTACATCAGT,,0.0018,0.0018,7,338
TCTTCATAATGACCAC,G98R N302V,0.0018,0.0018,7,338
TGTTTGAGTCACATAA,L449R,0.0018,0.0018,7,338
CAAAATCTAATAATCC,T110R S255N G277S,0.0018,0.0018,7,332
ATAATGTGTAAAACGC,G429A,0.0018,0.0018,7,329
ATTTCGACAAATACAG,,0.0018,0.0018,7,329
GAAGATCTGGACGAGC,E10V N89V I112N R193Q I201L,0.0018,0.0018,7,329
AATAGCTTACCAAACC,,0.0018,0.0018,7,327
TCACGCGAAAGACGTG,T225Y,0.0018,0.0018,7,327
GAATTCTAATCTAAAC,A299T N353H,0.0018,0.0018,7,326
TAGTTGGAATATACAC,,0.0018,0.0018,7,326
GCACTACCATAAGCAC,,0.0018,0.0018,7,323
TTATTGAAGCAAAAAA,,0.0018,0.0018,7,323
AGGTACAAAAATAGCC,A152V I213P,0.0019,0.0019,7,321
TTAACTAAAATCTGAT,D306S,0.0019,0.0019,7,320
ACAAACCTCGATATCA,N127P,0.0019,0.0019,7,318
ATATGTGAGTCGGGCT,V18T K161M Q331D,0.0019,0.0019,7,318
AGAGTCACAATTCTAC,S476Y,0.0019,0.0019,7,316
GCCCAGGGTAGATCGC,G186F L258I I452C,0.0019,0.0019,7,316
TGATGTTATCAATGAC,H131N Q189T F262C,0.0019,0.0019,7,315
ATGGCATTTGCTTATT,,0.0019,0.0019,7,314
CATCCCTATAAACAAT,D175Y S205P,0.0019,0.0019,7,314
CCACTATCCACCACAA,R207E E303G,0.0019,0.0019,7,313
GGCTATATCAGGCATG,,0.0019,0.0019,7,312
AAGAATCTCACCTCAG,,0.0019,0.0019,7,311
TCACACCCTCGCGGGC,N90M,0.0019,0.0019,7,311
AACGACTAAATATCAA,K425Q,0.0019,0.0019,7,308
AACCTGCAATCCAAAG,K352H F436Y,0.0019,0.0019,7,307
AGTATGTTACAAAAAA,L61F L442D,0.0020,0.0020,7,305
GAACATTGATCCAGTA,N119R M284A,0.0020,0.0020,7,305
CTTGGCCCTTTACGCG,,0.0020,0.0020,7,304
GGGCTCCATTTGGGAC,Y66N L220S,0.0020,0.0020,7,301
CACCTCACTACCATAC,F7C N74M,0.0020,0.0020,7,300
CAGTACCCTCAGCCAT,F157* N224Q,0.0020,0.0020,7,300
CTTTGAAAATTTCCAT,,0.0020,0.0020,7,300
AATATAGCTGCTCCCA,,0.0020,0.0020,7,299
GGGACACAAGCAAAAA,T40M R193Q,0.0020,0.0020,7,299
TTCCGGAAAAACGAAG,K327F,0.0020,0.0020,7,298
AAAGTCGTCCGTTTAT,F440V,0.0020,0.0020,7,296
CCAGTTCAGAATGATT,H230G,0.0020,0.0020,7,296
CCACACACCAAGTACA,,0.0020,0.0020,7,295
AACTATGTGTTTGTTC,V22G,0.0020,0.0020,7,291
ACAGCGAACGAGAACG,G54E,0.0021,0.0021,7,288
GGGAGTATCATTGAGA,S400L,0.0021,0.0021,7,287
CAGAAATAGTCTACAT,G2E R468K,0.0021,0.0021,7,285
ATTATTAAAACGAACA,C41S N99L A288G,0.0021,0.0021,7,284
ACGCACTCGAACCACG,D273Q,0.0021,0.0021,7,283
CCACAGTAACGCAGGG,S389E F399K,0.0021,0.0021,7,283
TTAGACATTGATCAAG,P362S,0.0021,0.0021,7,282
CGCAGAATTCGTCAAA,S60R D311N,0.0021,0.0021,7,281
ACTGTATTGCCAACTT,,0.0021,0.0021,7,278
TTGCAGTCTTGACCAA,,0.0021,0.0021,7,278
AGAAACTCGCGAAGGC,I337M C364I,0.0022,0.0022,7,274
AGATAATTCTAACGTA,S91R K465C,0.0022,0.0022,7,270
GTTACTCCTCGGCCAA,,0.0022,0.0022,7,270
GAAAGGGGGACATATT,T59A,0.0022,0.0022,7,268
GAAATCTAAAAATTGA,N209C,0.0022,0.0022,7,267
GAACAGTTGCACCCTT,A173M S392R F440I,0.0022,0.0022,7,266
TAGACGTAAACGTGCT,R193W,0.0022,0.0022,7,266
AGTAATTCCATGCTAG,,0.0023,0.0023,7,265
AAGGATACATTGGTAC,C212I W264A N338Q,0.0023,0.0023,7,263
TAGTAAGCATAGGTGA,T296D,0.0023,0.0023,7,260
GCCAACGGATCAGCTG,G174Y L285V I445N,0.0023,0.0023,7,259
AATTTCTTAAAAATGG,F49T Q149L Y393C A407* H448F,0.0023,0.0023,7,258
AAACTTTCAATAATTC,V97L T261G,0.0023,0.0023,7,257
AGAGGGTCAATAGAAA,Q482G V487M,0.0023,0.0023,7,254
GATCACAACCCGGGAG,L258F,0.0024,0.0024,7,249
AGAAGGTCCCTTGCGT,,0.0024,0.0024,7,245
GAGACCCCATGGCTCA,L46W L120F,0.0024,0.0024,7,244
GAACTTAATAACCAAC,L46S Y217P,0.0025,0.0025,7,242
TTACAAGAAGCCTAAA,A152P,0.0025,0.0025,7,242
TCCTTAAAAATAGAAA,V5S,0.0025,0.0025,7,240
ACAGAACTAGCCTAAT,N90E Y278C,0.0025,0.0025,7,239
ATTAAGTCAGTCACAG,G42R N178T,0.0025,0.0025,7,239
TCACTTCAGACATGGA,F157Y,0.0025,0.0025,7,239
TCCTTAAAGATAAATA,,0.0025,0.0025,7,239
TGGCGCTTACTTATTC,Q69S S389R V485M,0.0025,0.0025,7,236
GAAAGAATACGCAATT,H374F,0.0025,0.0025,7,235
ATATAGGTGGTAGACA,N99* K161S I254L,0.0025,0.0025,7,234
GACCTAGTTGGAAATA,L68S G198W K481T,0.0025,0.0025,7,234
ATTCGTACTATTTGAG,Y200L D273Y H305Y,0.0026,0.0026,7,232
TGTCACGTTTCAAAAC,G159S L203P,0.0026,0.0026,7,231
AACACCTTACTATTTA,V298R M359R H457N,0.0026,0.0026,7,230
TGGCAGTAAGATTAGG,T40M K368H,0.0026,0.0026,7,230
CTTGCCTCCCGTTTGT,F309I,0.0026,0.0026,7,229
GTTAGCTGAAAAAGAA,T110I G159N L242S F316S Y369P,0.0026,0.0026,7,229
TCTTCGCAAGGTAACC,K88E H93N T377R,0.0026,0.0026,7,228
AAGGTTATCGGAAATA,,0.0026,0.0026,7,227
AAGTAAACTAACAGAA,E16* E67K Q406Y,0.0026,0.0026,7,226
ATACGTTATGAATAGC,E104L Y166T E307D N409S,0.0026,0.0026,7,226
AACAAGCAATCAGATT,L336V S367E,0.0027,0.0027,7,224
TAAAAACAGCCTACAA,C180M F316* S444F I474A,0.0027,0.0027,7,224
TTCCTTAAAGGAGCCA,L469I M472C,0.0027,0.0027,7,222
AATCCGAGGCGGCAGT,T190R W210K,0.0027,0.0027,7,221
CTCTTGAAGTAATCGG,S111H P486S,0.0027,0.0027,7,220
TGATAGCACATAAAAA,F233L L447H,0.0027,0.0027,7,220
TACGACAGAAGTTGTC,S85E,0.0027,0.0027,7,219
CATACACCCATCGAAA,L105F D175G G197R S246R,0.0027,0.0027,7,218
GAACTATTAGTTAAGA,L336K,0.0027,0.0027,7,217
GGCATTACAAGTAAAA,,0.0028,0.0028,7,216
AAAATCTCAGATAGGA,I15V G34S T106I I221S T263I D402E,0.0028,0.0028,7,215
ACCAATATACGTATGA,Y129W,0.0028,0.0028,7,215
ATATCTCCAGACTTCA,,0.0028,0.0028,7,213
CTTTCGCCATAAAGCA,G98L S234R E413W Q482*,0.0028,0.0028,7,213
GAAGAGTTATGCAACT,D130A A184N F436S,0.0028,0.0028,7,213
TCTTATAGAATCCACA,L344P P383H P466L M472P,0.0028,0.0028,7,212
AATACTCAGGAATCAT,M194A N295R,0.0028,0.0028,7,211
TGTAGTCATAGGTACA,,0.0028,0.0028,7,211
TTACTAGTATAATTCC,K339L,0.0028,0.0028,7,211
ACGAGCAGTCAAGTGA,L133F I213S I252R,0.0028,0.0028,7,210
CAAAACTTACATAATC,V65K Q232K Q247L,0.0028,0.0028,7,210
ACTACTGTCTTGTGCT,W283Q K300G,0.0029,0.0029,7,209
CGGTCACATGTATTTA,L68R,0.0029,0.0029,7,209
GTCAATTATTAGCTGA,K161N A173K Q232F K272I F318Y T380S,0.0029,0.0029,7,209
CAGAGCGTACATTCGT,K300* S444N,0.0029,0.0029,7,208
ACATGACTCGGAGTAT,Y217N,0.0029,0.0029,7,206
GCAACCTCAGTCAGTG,W196D T225V A328S I474M,0.0029,0.0029,7,206
GCATACAACTATTAAA,G206D T225S T249L K451N,0.0029,0.0029,7,206
TACCAAAGCTTGACTT,H124Y A176T S216L L258Y,0.0029,0.0029,7,206
AGACAACAAAGAAAGG,P12S C301S L372Y E396W,0.0029,0.0029,7,205
ACACACGCAGCGATGA,,0.0029,0.0029,7,204
TTACAAATAAAGCTTC,L50R M82R,0.0029,0.0029,7,203
ATAAGTCATCAAATGT,E100M Q149P A297V,0.0030,0.0030,7,202
AGACAACAGCATATGA,E104* Q189T C231G P483H,0.0030,0.0030,7,199
CGGGCCATAAAACCCC,V47L F233Y F318L,0.0030,0.0030,7,196
CGTAAATAGAGGGTCC,P83W L259H,0.0030,0.0030,7,196
GACGCTCGAGTGCACA,L107C,0.0031,0.0031,7,195
GATTCCAGTCTTAACC,,0.0031,0.0031,7,195
TGATAATTGCGGATAA,H131* H230F S392R,0.0031,0.0031,7,195
ACACCTGAGTGAAATG,P464L,0.0031,0.0031,7,194
GTGCGAACGCTGAAAA,S91I D268N,0.0031,0.0031,7,194
ATTGGTATCGTGACAA,S163T,0.0031,0.0031,7,193
CCAACACAGCCGACAA,A39T L43M S60Q E104H,0.0031,0.0031,7,193
AATAAAGGTCCCGAAC,M19P K291Y T438G K490*,0.0031,0.0031,7,192
TTAATTGGAAATCCAA,M414S,0.0031,0.0031,7,192
ACGTCTGAACGGGCGA,G160M A202T S216* F440S P486L,0.0031,0.0031,7,191
GTGATGATTTAAGCAA,S462F,0.0031,0.0031,7,191
CCGACATGCCAACTTA,E100A M214E,0.0032,0.0032,7,189
TCAACAACCCAGGGTT,Y62K,0.0032,0.0032,7,189
TCTGGTGATGTCTGAT,G360H,0.0032,0.0032,7,189
AACAAATGTTCACGAC,G42N L133S E151D W489A,0.0032,0.0032,7,187
ATGGCGAGTTTTATGC,L387V,0.0032,0.0032,7,187
TCCTGAGAAGAAGCAA,M192* C463F,0.0032,0.0032,7,185
ATCATAACCAATATTA,G160R N185I I334W,0.0032,0.0032,7,184
TTCCCTCGAGTCTAAA,M134S,0.0032,0.0032,7,184
GCTATAGAAAACTAAT,R256H A407S,0.0033,0.0033,7,183
CAAACCCTTAACACAG,L61N L387P,0.0033,0.0033,7,181
GTGCACTGTGAGGAAT,N89W M414F L430Y,0.0033,0.0033,7,181
AGATATTCTACATCTC,L78V,0.0034,0.0034,7,178
TGGTTAACAATCAATA,N90G D156I Y393V,0.0034,0.0034,7,178
ATCAAACTACCTGAAT,I201R H230I I452T,0.0034,0.0034,7,177
CTTCGGAAATTACATA,G159I G360L,0.0034,0.0034,7,177
TACGCTTTAGTGACGC,E67M S171L,0.0034,0.0034,7,177
AGATTTTATTATGTTA,I144L E307W I458S,0.0034,0.0034,7,176
GGATATTGTTCACTAA,V18M M194S T215W H455E,0.0034,0.0034,7,176
TGGTGTATTTCAAATA,N20V T110I F293W H471S,0.0034,0.0034,7,176
ATGACGAATTACCTTA,T281L L326Q,0.0034,0.0034,7,175
AACAAACCTTTATCTG,T296S S389Y,0.0034,0.0034,7,174
CGATCACCTAATAAAG,S135V N158L N178L I254H D357R,0.0034,0.0034,7,174
GTCTCTAAAAATCTTT,L35S T296S,0.0034,0.0034,7,174
TGAATAATTCCGGACT,L32M G98S A330Y,0.0034,0.0034,7,174
ACGATCAACAGAACCG,Q247* S400V,0.0035,0.0035,7,171
AAGTGTACGCCTGCAC,N224G G243C,0.0035,0.0035,7,170
GAATTAGTAGGCCTGA,G198F N338K,0.0035,0.0035,7,170
GACTCAGATACCACGC,A39P K320L,0.0035,0.0035,7,170
GATGTAAGTCAGACCT,V65M S138E Q335W,0.0035,0.0035,7,170
TAATTCACGGAGATAG,G240L S444N,0.0035,0.0035,7,168
TTCAACGAGTGGCTAC,S85N S169L,0.0036,0.0036,7,167
AGACAGCATATCCCTC,L242H L336V P427M,0.0036,0.0036,7,166
GTATTTTAACATGAGC,,0.0036,0.0036,7,166
AATGGCCCCATGAAAA,M1T Y66F P483F,0.0036,0.0036,7,164
GATAACCCTTCACACA,V5I Y66L T182P L188R W264* T296F,0.0036,0.0036,7,164
TACATTAAACCTTCAA,C180D L442P,0.0036,0.0036,7,164
ATAATTTCTTATTCGT,,0.0037,0.0037,7,163
TTACAGTACAATAATA,Y166K N224* I252N,0.0037,0.0037,7,163
ACAAAACCCTCCTCTT,Q165M F316L I443T,0.0037,0.0037,7,162
TATCTCACCCCCCCAA,G160S G260L,0.0037,0.0037,7,162
AAACGCATACTTAGGT,N178S,0.0037,0.0037,7,161
TAGGAGAGTAAAAAGG,L133H,0.0037,0.0037,7,161
TCGCCATGTGCGGTGG,I323S Y441G,0.0037,0.0037,7,161
ACCGGAGACATGATGT,G197A A288W,0.0038,0.0038,7,159
AAGTACACCCCTGGAT,C155L S389A N409H,0.0038,0.0038,7,158
CGAATCATGCGATCTA,D122L D432C,0.0038,0.0038,7,158
AAGATACAGACACAAT,L61P E76C M153I H448K,0.0038,0.0038,7,157
GGGCCCTACATAAAAC,N90P S121E E303R,0.0038,0.0038,7,157
TGCAACGTGTACAAAC,T6L H170L D402L I445S,0.0038,0.0038,7,157
CCTCCTGGCGAGTTAA,L23P S154E L336A,0.0038,0.0038,7,156
CAAGAATTTCCCATTA,C41W,0.0039,0.0039,7,154
AAACAAAGATTCTATC,K339P,0.0039,0.0039,7,153
GCCGCGTCTCTGTGTC,I4A,0.0039,0.0039,7,153
ACTCTATACGCATTAA,S138C N319Y,0.0039,0.0039,7,151
TCCCCCAGATTTTCTA,I15Y T281*,0.0040,0.0040,7,150
AAACTGCTGCCAAATG,D156N S199D R248T,0.0040,0.0040,7,149
GGTCAAGTTCTTAGCT,L23V T77R,0.0040,0.0040,7,148
GTTAAGCTGTCTACTA,L29I L73R L315K,0.0041,0.0041,7,147
GCTTAGGAAGAATAAC,I24F S199A W227Q F440S,0.0041,0.0041,7,144
GTTGTAAATGTAAAAA,E307C,0.0042,0.0042,7,143
ATGCAAACGACAACGT,T106N,0.0043,0.0043,7,140
GGCGTTTCTAAACCTC,K425V,0.0043,0.0043,7,140
ACATGCCCAAACTCTC,N148F G174T Y253T E289S L433K,0.0043,0.0043,7,139
GTGGCATCATTTATGG,,0.0043,0.0043,7,138
ATGACCATAAATCAAA,S171V Y253R V431W,0.0044,0.0044,7,137
CCCGTAACAGTTCTAA,Y441F,0.0044,0.0044,7,137
ATTACCTAACACCTAA,Y217R,0.0044,0.0044,7,136
AAAGTGGTCTGAAGGA,C180K F399D F446L K481F,0.0045,0.0045,7,133
ATTTGACACCCTTAAG,N37R,0.0045,0.0045,7,132
CGTTCTAGCTATACAG,I4F L120Y S171W N224E,0.0045,0.0045,7,132
CTATAGCAAAATTTTG,G45A Q232* C279Y T375M,0.0046,0.0046,7,131
AAGAGCAGCAGAAGAT,L32I K126L S400Q H467*,0.0046,0.0046,7,129
CCGGAAACGTCTGAAA,G45S C57R F117Y K481W,0.0047,0.0047,7,128
TAGAACCACCAGTCTA,H13R F309Y,0.0047,0.0047,7,128
TCCATCTGTGCTTGTA,L447V V485R,0.0047,0.0047,7,128
TTCGGCAACAAAACAG,D156S D204L C364V,0.0047,0.0047,7,127
ACATCCGAAACTTGAT,V22A L73V Y172N C385F,0.0047,0.0047,7,126
TACAATGAACTAGACC,R193L F293Y,0.0048,0.0048,7,125
ACATTACAAGTTATAA,Y363L,0.0048,0.0048,7,124
ACTCGGGACACACAAT,N338M L430V,0.0048,0.0048,7,124
TAACAATGAACCTACC,A25Y I162C N185Y E228S L344* Q406M V431L C477F,0.0048,0.0048,7,124
TCATAAACTAGACCAT,K33D N209W,0.0048,0.0048,7,123
AACAAAACGGATCAGA,L46I Q149F Q165* E418L,0.0049,0.0049,7,121
ACTACAATAACATCCC,N319L T438P,0.0049,0.0049,7,121
GTAAGCCCCTACAGAC,Q165N E228S,0.0049,0.0049,7,121
GGATACCCATGGTAAT,Q3I N470Q,0.0050,0.0050,7,120
ACTACTAATACCAGTT,W196* K291W M359L,0.0050,0.0050,7,119
CAATCCTGTATATCGA,P464V,0.0051,0.0051,7,118
GACCGTTATAGCAAAT,L50P I201S S444C C463S Q482P,0.0051,0.0051,7,118
AATCAGGAGAACAAAG,S85C H93D M194L,0.0051,0.0051,7,117
ACATCAGCCCACATGA,I445F R456A,0.0051,0.0051,7,117
AAGCAAAACCAAAGGT,I24G N365S,0.0051,0.0051,7,116
ACTCGCACTGTACCAT,F7* Q149G T380V,0.0051,0.0051,7,116
CATCACGCTGTGCCTG,P464M,0.0051,0.0051,7,116
CGGCCTTCTACCCCCA,T40Y P236G,0.0051,0.0051,7,116
CTCTCCCCAATGCTAT,T6Q S255A L372F W489V,0.0051,0.0051,7,116
GAAGAAATAATAACTA,C475* K490R,0.0051,0.0051,7,116
GTATGGCAATCAAGGA,T81C T225P G271A E287N N409V P427N,0.0051,0.0051,7,116
CATCCGATGATATCTT,K63L W210M C310P,0.0052,0.0052,7,115
GACCATTTCAGAAACC,P83L,0.0052,0.0052,7,115
ATCCTGTGCCAGTAAG,H115* S135D D317I N342V,0.0052,0.0052,7,114
ATGTTGAATCAAACCC,,0.0052,0.0052,7,114
CAGGGTTGATACCACA,E16S K88S K116* D311H,0.0052,0.0052,7,114
CCGGAGTAAAAGCACG,Q149N T182P Q218S Y241N A343Y,0.0052,0.0052,7,114
CTCTGATGCTATCACA,G240E K291L G391S,0.0052,0.0052,7,114
TAACAGGAGATACCGG,T215D F446M,0.0052,0.0052,7,114
GACACTTCTCATATTC,E10S H374N,0.0053,0.0053,7,113
CCAGGAAGATTTTACT,D251V A328K N338Y,0.0053,0.0053,7,112
CTCAAAAAAATATTCT,T59L Y172F F446A K461F,0.0053,0.0053,7,112
TAGTCAAGATGTGATT,H179S Y200W G484V,0.0053,0.0053,7,112
AATTAAATGAGGTGAT,V388K D402I,0.0054,0.0054,7,111
GAGGGAGCAGAATACT,C57A T87R E289L I411T L449F,0.0054,0.0054,7,111
TAACAGACTATATCAA,I136L N209* P486S,0.0054,0.0054,7,111
TACTACGCCAGTTTGA,M82I L245G G378S L428P,0.0054,0.0054,7,111
TGCACCATGTCTAAGC,H93M F446N P466L,0.0054,0.0054,7,111
TTAAATCTTATACGAA,L105S M332I L430V,0.0054,0.0054,7,111
ATTAGAAGGAAGCCGT,N109L K126L L394R,0.0054,0.0054,7,110
CAAATGTCATTACGAC,C118R K300R K451E,0.0054,0.0054,7,110
CACCCTTAGACCAGTA,G34F I136*,0.0054,0.0054,7,110
CATTACAGAAGTCCTC,M75I G198S L315K V388M F440Y,0.0054,0.0054,7,110
ATACGACCCGCCCTAG,V14W C155P L394F I452S,0.0055,0.0055,7,109
ATGAGTACATCTACCA,M19* T87L R356W N395L,0.0055,0.0055,7,108
GGATACCTGCCGGGTA,M96E G160V N178M G271D,0.0055,0.0055,7,108
TAACAGGCTGATTGCA,T376L,0.0055,0.0055,7,108
TGTGTAACAAACCACC,N99* N295G,0.0055,0.0055,7,108
AACCCAATTTACCAAG,P145G L168H,0.0056,0.0056,7,107
GCTAAAATTCTTAAAA,L29I C310M L387S,0.0056,0.0056,7,107
TATTCTCCGAAAGTAA,S91P T101S P464*,0.0056,0.0056,7,107
AAGGGTTGCCGTAGCG,A132D G276A,0.0056,0.0056,7,106
CAATTATTTAAAGCAT,Y241* K300S K304A Y371I,0.0056,0.0056,7,106
TCGCCGTCAATGCAAA,L32N L68G L259P T296I L447Y,0.0056,0.0056,7,106
AAAAAAATTGTCTCCC,L32V A195D,0.0057,0.0057,7,105
AATAAGAACAATTAAT,T139W L244C T397S,0.0057,0.0057,7,105
ACATCAGAAAATCCTC,S27G P238L Q405H,0.0057,0.0057,7,105
CCTAAAAGCGAAACTC,C41G M284Y,0.0057,0.0057,7,105
CGATAGTCTCTACAGC,A173F S255W K417M,0.0057,0.0057,7,105
GATGCTCACTCAGAAG,S169T M332G V435C,0.0057,0.0057,7,105
GTTAAAAATTCGATAT,L78M L259T Q331H H471R,0.0057,0.0057,7,105
TCAGCTATAAGCTACG,Q69D E76L T261V E289G,0.0057,0.0057,7,105
AACCCATATTAGCTTT,N395*,0.0057,0.0057,7,104
ATATGAACTAGGGCAA,F8S G424S,0.0057,0.0057,7,104
GCAAGTATACACAGGG,S56C S143I G243N,0.0057,0.0057,7,104
TCTACAGAGCTTCTAT,L52Q N89F H179D A195Q Y480H,0.0058,0.0058,7,103
GAGAAACCAACACCAA,C463I,0.0058,0.0058,7,102
TTTTGAACCAAGGGCC,I286Q,0.0058,0.0058,7,102
ACTCAATAAAAGAACT,S234K W264V G277C K291E Y419K,0.0059,0.0059,7,101
AGAATCACTGGAATTG,E104V G159M S199L K300L E421D,0.0059,0.0059,7,101
CAAATGTGCGGTCACG,S199E N395L K490S,0.0059,0.0059,7,101
CAATTAATACGTCTCA,I162V E396Q N470V,0.0059,0.0059,7,101
CTTACAGTCAAGGATG,H230T H305F R422V,0.0059,0.0059,7,101
GAGCATACACGCAAAA,T226R Q335*,0.0059,0.0059,7,101
GATGACGTAAAAATAT,L430R,0.0059,0.0059,7,101
TTCTATTACTCTCGAG,S143I,0.0059,0.0059,7,101
GTCCACACGTTCTAAC,T81M F318L L355E,0.0060,0.0060,7,100
GTGTATGCATTCAAAT,Q3W,0.0060,0.0060,7,100
TTTTATGTGGTCTTAA,N37I C155Y L220R T263K S269N,0.0060,0.0060,7,100
AAAAAAGGATTCCTGG,L43V T87P T226M S437I G473L,0.0060,0.0060,7,99
ACTTGAAAATGAAAAC,L68M N79L I136G D156P L244Y,0.0060,0.0060,7,99
ATGACCTAAACTCACA,G181R G277N N470A Q482S,0.0061,0.0061,7,98
ATTTAGATTAACCTCA,E100L K368S,0.0061,0.0061,7,98
CGGAGTCAGACAAAAC,S27R M80H,0.0061,0.0061,7,98
GAGTCATCCCAGCGCG,C53K N90D K125I,0.0061,0.0061,7,98
TACTCATATGTCATGG,L50M N89E G473D,0.0061,0.0061,7,98
TCATTTCTAAGTTGAA,H398L M410*,0.0061,0.0061,7,97
CTAACGAGACCCAGAG,E151L G160A L245R,0.0062,0.0062,7,96
GAAAATACGTTTTCAC,P83H L315R,0.0062,0.0062,7,96
TAATATTAACCACTAG,R256K,0.0062,0.0062,7,96
ATGCAAGAACGAACCA,G271V R456Y,0.0063,0.0063,7,95
CTACGTGACCTAAGCG,W227Y G240L,0.0063,0.0063,7,95
TCCTATCCGCCCTGTT,D156N I345F Y371L L433Q Q482Y,0.0063,0.0063,7,95
ATCAGGGAAGGTTAGA,E16V Q149T Q218A,0.0063,0.0063,7,94
CACGTACACCCAAGGG,F293M N302V N365M,0.0063,0.0063,7,94
CTGGGGTCACATGAGT,N127L S255Y M420I,0.0063,0.0063,7,94
TCAAATGATTGCTTGG,C180V,0.0063,0.0063,7,94
TCAGGGAAGCATTAAA,L61T E67M G102K G186E W264C,0.0063,0.0063,7,94
ATCTCGTGCAGACCAG,W264G,0.0064,0.0064,7,93
GGGACTCTGTGTACTC,G45L M153W D204L,0.0064,0.0064,7,93
TAAATACTATTATCCA,S205Y G240L C385F F446S,0.0064,0.0064,7,93
AGAAAACGCGAGAAGT,T412L,0.0065,0.0065,7,92
ATAAACAATCGCTTAC,N90P C118Y Y129R Y278N,0.0065,0.0065,7,92
GAAGAACCCATAACTA,V450Y,0.0065,0.0065,7,92
GATAAAGGAGATCCTA,Y253D,0.0065,0.0065,7,92
GCCCATTTACTTTCAC,,0.0065,0.0065,7,92
GTTATAACTTCACAAA,K33F K88N R193F T377M,0.0065,0.0065,7,92
TGTCTCTAGCTGAATT,L43P S269W M420S,0.0065,0.0065,7,92
AGGAAGGACGTCGGCA,N295W K300E,0.0066,0.0066,7,91
ATATAAGAGAGCGACA,,0.0066,0.0066,7,91
CAGCGACCCCAAACCA,C155A G160M,0.0066,0.0066,7,91
CCGGTAAGTAGGTTGC,M82W,0.0066,0.0066,7,91
AAGCAATATGATTAAT,V14R D204I S267P,0.0066,0.0066,7,90
ACAAAACCGCCCCGAG,Q348S K481V,0.0066,0.0066,7,90
AGCTCACAGATATACC,A25I D273N,0.0066,0.0066,7,90
AGTATTTTTCAGCAAG,I403T,0.0066,0.0066,7,90
GGAATCCAACAAGCCA,E76W G198I I221T S367F,0.0066,0.0066,7,90
TTTGTTTGAGACAGAT,N99R C301P E413* S444F,0.0066,0.0066,7,90
ACCTAGCTCTTTAATC,C57Y,0.0067,0.0067,7,89
ATGATTCGACGTTATA,H230Y,0.0067,0.0067,7,89
CAGCGCCGTTAACAGT,T6I S85I S169F N319K S462G,0.0067,0.0067,7,89
GAATTGCCCGCGATAA,H179Q P464R,0.0067,0.0067,7,89
TATTCAAATGGATTCA,I15K L120Y,0.0067,0.0067,7,89
TCGGTCCTCTACATGT,Y219H,0.0067,0.0067,7,89
AATGAACGTTACCTTA,M19P N158H V435W,0.0068,0.0068,7,88
CCTTGAGTCTTATAAA,I136V D347Q I458S K465G,0.0068,0.0068,7,88
GCCTTACGACAATAAA,G2D A195E D401V,0.0068,0.0068,7,88
TCCAAGCTGTCGTGAT,N74R A152W R314N,0.0068,0.0068,7,88
TCCGAAACTTATTGAC,N109Y K339N V431M,0.0068,0.0068,7,88
AGCTAATCATTCGCGA,C118D Y219G,0.0069,0.0069,7,87
CAGCCAGATGTCTACG,Y62N C155Y M472T,0.0069,0.0069,7,87
AACAACAGCAATTTAT,N185G M214S,0.0069,0.0069,7,86
AATCACTAATCAATAA,S56* T110* L220*,0.0069,0.0069,7,86
AATCGGCTGAAAGGCA,V47P T249S T261L,0.0069,0.0069,7,86
CTCAACAACCGCATTA,T6I G391A L449V,0.0069,0.0069,7,86
TCATCGTTATCGGAGC,T139C G277R,0.0069,0.0069,7,86
ATAGAAGATCGAACGT,I21M,0.0070,0.0070,7,85
CACCTGGTAATAAACA,M19P V28S E76P D130I S199P,0.0070,0.0070,7,85
TAAACAACGAATGGTT,G174R Y253P K481L,0.0070,0.0070,7,85
TGGTATAAAATTTATA,S56C Q232R C310K D347S Q416L L442S,0.0070,0.0070,7,85
AAAACCTATCGAAGAT,E396D Y480N,0.0071,0.0071,7,84
ACCTAAATAGCTGACT,Q3S T106G K116P S439R,0.0071,0.0071,7,84
ACGACACTTGGGGGGC,M312S H457T Q482R R491S,0.0071,0.0071,7,84
GAAAACAACCAAGACT,K161N Q189K H457*,0.0071,0.0071,7,84
GGACGTGCGAACGGTA,Q9H S91L,0.0071,0.0071,7,84
GGGAGTCAATAACGCG,I252F H467V,0.0071,0.0071,7,84
AATCCTCTCAGATCCT,T249R I350S,0.0072,0.0072,7,83
ATACCTAGTGAAGCCA,L78S C231V I252R H374S,0.0072,0.0072,7,83
CAAGCTACCAAAGTTA,Y480I V485R,0.0072,0.0072,7,83
AGCGACACCTAGATCC,F440Y,0.0073,0.0073,7,82
CAAAAGTGGACTCTGA,N99K F436S,0.0073,0.0073,7,82
AATAAACAGAGCGTTA,G160W L266*,0.0074,0.0074,7,81
GAGTAGTTCTTTTGCG,I112M,0.0074,0.0074,7,81
GCATTAGAAGCACGGT,Q416R H448E,0.0074,0.0074,7,81
GCTAAAGAGAGTATTG,V487A,0.0074,0.0074,7,81
AACAGAATCCCCTAAG,H455R,0.0075,0.0075,7,80
ATAAATGAAGTGCACA,G181L,0.0075,0.0075,7,80
GATGGAAGTGAGGGTC,G2V Q223I L315M,0.0075,0.0075,7,80
GTTATCTTGCCCCTAC,F318S K465R,0.0075,0.0075,7,80
TAAATGAAGATAGTCA,S163I A176I,0.0075,0.0075,7,80
TCCGGAAAACTACAAA,V44S Y62S M312V I345Y,0.0075,0.0075,7,80
ACACTCGAGTCCGCCT,L73Y Y94E F147S T281S M472E,0.0075,0.0075,7,79
ACCGGATTGTCAGTTA,A184T L245R N470S,0.0075,0.0075,7,79
CCATCATTAAAATAAA,L46Q K490H,0.0075,0.0075,7,79
CCGGGATCAGTCTTCT,,0.0075,0.0075,7,79
CTACCACTGCAAAGAC,V431R V450R,0.0075,0.0075,7,79
CTCAATCCTATTATAA,L26G R256P N395M,0.0075,0.0075,7,79
AAATTAGTACCCAACA,N470H,0.0076,0.0076,7,78
AAGTGTTAAGACGTAC,S121L A152E,0.0076,0.0076,7,78
GTAGCAGCCGGGGGCT,F7P L43C I474M,0.0076,0.0076,7,78
CAAAAAACCCGTATTA,V44A S111D I254T,0.0077,0.0077,7,77
CAAGGGACGGTCCAAG,Q149M F446K,0.0078,0.0078,7,76
AAAGTCCTCATAGCAA,V31I A176D I221F W264D S439V,0.0080,0.0080,7,75
ATGGCCGCAAACCAAG,M153V I337Y,0.0080,0.0080,7,75
GGGTACGGACCATACC,M82T,0.0080,0.0080,7,75
GTCGGTGTCAATGTAT,N302L N373H I443T,0.0080,0.0080,7,75
AAATCCTCTGCGATCC,F147S M153S D211P,0.0081,0.0081,7,74
AAATTAACCCCAAATA,C118Y,0.0081,0.0081,7,74
TTGAACAGGCGTCATC,S91- H92- H93A M134*,0.0081,0.0081,7,74
AAGTAGCCTACGTGAA,A132C Q232F S389R,0.0082,0.0082,7,73
GACCCCAATTATCAAT,D156S R235W M410L,0.0082,0.0082,7,73
TTCAGTACGGTTCCCA,L78R,0.0082,0.0082,7,73
AGACGGGAGCAATGGC,N90S Y129R K339S,0.0083,0.0083,7,72
AGGAATGAGGAAGAAA,V31A L142Y M194Y L290S,0.0083,0.0083,7,72
GCGGCATGAATAGAAC,M192L N209T L266T G360L,0.0083,0.0083,7,72
TCGGAGGCGGGGCCAG,A173L F262V R491*,0.0083,0.0083,7,72
AGTGTTAAAAATTTTA,L128C C212A Y219T,0.0084,0.0084,7,71
GACTATATAAAGTCCT,V14K,0.0088,0.0088,7,68
CGGACACACAAAACAA,T426H,0.0089,0.0089,7,67
ACCATGTCGTCCGATA,H179L,0.0090,0.0090,7,66
GTATTACGACTCCTCT,T6D N167R K300N G378R,0.0090,0.0090,7,66
TGAGGAATATACGGGG,S169V C180K M284C,0.0090,0.0090,7,66
CCAGTACCGCTCTTAG,N90T D432R,0.0092,0.0092,7,65
TTTAAGAAGGCAAAAG,S111K R314*,0.0092,0.0092,7,65
TTTCGTGAACTGTCTG,,0.0092,0.0092,7,65
GCAGTACGGCCAAGCT,M1L Q149K C212Q S437M,0.0095,0.0095,7,63
TTTTGTCGGTATTTTA,E104I C231G,0.0096,0.0096,7,62
GTGACATAAAAATTCC,C155L Q218* I254D G429C,0.0098,0.0098,7,61
GCAAAAATCTACCCAC,Y36S C53M Y200L Q232K,0.0101,0.0101,7,59
GTCCCAGACTTGAGCT,K465F,0.0101,0.0101,7,59
GAGCAGAAAACGAATA,I21T Y363L,0.0103,0.0103,7,58
AAAACAATACCCTATT,N114P E303R I358K,0.0108,0.0108,7,55
AGCAGTACGGCCGGGT,S85R S246V K304F M359C S389V,0.0108,0.0108,7,55
GAACTTTCTGGTATTC,K88S Q247K N295L V388M S462L,0.0108,0.0108,7,55
TACCGGACTGATCTAC,I144L T190V L344R,0.0108,0.0108,7,55
TCCCAGAAGCAAACAC,Y217C,0.0108,0.0108,7,55
AAACCGTATTCAAGTA,E151V Y172* N395W,0.0110,0.0110,7,54
CCTGGAGTTTACTCAA,,0.0110,0.0110,7,54
ATTTGCAGTTAGGCTC,L105R C292P S462G,0.0117,0.0117,7,51
CGGTTAATCTAAACGC,S143A W283R I358L,0.0122,0.0122,7,49
GATATCCAACAAATAA,G206D,0.0122,0.0122,7,49
ATAGCACTCCGGGAGC,W196L Y369T,0.0127,0.0127,7,47
ATTCAAACATTATAAA,L61F T226P D311A T412H,0.0127,0.0127,7,47
TGTAGTAAACTACATT,M75E N209F,0.0127,0.0127,7,47
AAGGCAAAAAACATAA,Q218F S255P,0.0130,0.0130,7,46
GGTCATATAAACAAAT,,0.0130,0.0130,7,46
TTGAAATGAAAAAAAT,G208N L469D,0.0130,0.0130,7,46
AAACAACACCCTCATA,S121I T190I Q232W S234P C463K,0.0145,0.0145,7,41
TCCATGCAAACTAAAT,A30G L61C L103* P275H,0.0149,0.0149,7,40
ATACAATTTAGAGTCT,E10R E303W,0.0298,0.0298,7,20
GTCAAACCATTACCTG,M332E I445S,0.0314,0.0314,7,19
GTGCGAAATTCGTGAG,T182Y C212G,0.0373,0.0373,7,16
AAAGAAATACACCCGG,Q165G Q324P R379L I474N,0.0398,0.0398,7,15
AAACGGACCACCACTC,L50P G98M A299Y F309S V431K N470R,0.0426,0.0426,7,14
AATATCACTGACTCCA,L73N A132V W227I I443G G473R,0.0426,0.0426,7,14
AGCTAGTGCGATGACA,R55V W283C,0.0426,0.0426,7,14
AAACCTTGTGACAAAA,Q416*,0.0459,0.0459,7,13
AAGGTTAAAAGATCAA,S205V R314P,0.0459,0.0459,7,13
ATTCCCAAGCCCAATG,N99D A176V L349R,0.0459,0.0459,7,13
CTCATCTACGTTGAAA,M1H T225D H230V A288R T377S S400L S439Y,0.0459,0.0459,7,13
TAAGTGCATATCATTA,Q189P M420V L449*,0.0459,0.0459,7,13
TGTACATGGCATAACA,L244E A299K I350N,0.0459,0.0459,7,13
AATTCGCGCAAGGACA,G54C C155R N178I T296P L415M,0.0497,0.0497,7,12
AGGCGTGTCAGAGCAT,E16K L50E A173T T274W,0.0497,0.0497,7,12
GATAGGAGAATGTATA,F316S,0.0497,0.0497,7,12
TCTAACTACATAAACT,A152L D347R N373P,0.0497,0.0497,7,12
TGCATATAAACGAAAT,A297V V388Y,0.0497,0.0497,7,12
AAATGTTAATCTAAAC,V28H T106F H179S L259Y,0.0542,0.0542,7,11
ACACCCGGAGTGCACG,H92M L103H,0.0542,0.0542,7,11
AGATTGTTAGCCCCAT,V31*,0.0542,0.0542,7,11
ATCCGCCATAGCTAGG,E404I K417* T426R,0.0542,0.0542,7,11
ATCGTGCAAACTTTGT,C41R K116S A202S,0.0542,0.0542,7,11
CCTTCGTTTCTCCCCA,E287V C463I,0.0542,0.0542,7,11
CTATAAGCGACTAAAA,Y278S E418L S476I,0.0542,0.0542,7,11
TAAATTTTATAATGCA,C231Y R256K T274N N319H,0.0542,0.0542,7,11
AAAAGGCCATGCCACA,L105Q S143M C180V,0.0596,0.0596,7,10
AACAAGACTAACTAAG,G2F L449P,0.0596,0.0596,7,10
AACACCATAATCGGAC,V22A V28F N209Y S269D D273Y P464R,0.0596,0.0596,7,10
AAGCGACTTAATTAAT,L387E I411*,0.0596,0.0596,7,10
AAGGTTCAGACCTATA,F49E E100F T110F T265P C477I,0.0596,0.0596,7,10
AATCATCTCATAACGC,C477I,0.0596,0.0596,7,10
ACATGGTGCAATCGTG,R282Y A340Q,0.0596,0.0596,7,10
ACCCAGAAATCAATCT,V47P N89K S205F Y441N,0.0596,0.0596,7,10
AGTTTGTAAAAGCTAA,L78R Y129L Y166K N342C T426S,0.0596,0.0596,7,10
CTCATGTAGTCCTTAC,I15P Y219V,0.0596,0.0596,7,10
CTGGAAATGACGGGTG,E16F S27G M192T L245G T376R F446D,0.0596,0.0596,7,10
CTGTGCACTACCGTGG,Y94I E329Y K384R,0.0596,0.0596,7,10
GCTATCTCTTTATGTT,V5M A195G L258G K368V C385G,0.0596,0.0596,7,10
GGGGGTTGGAACATCT,E16C F49D E67S F147Y L313P,0.0596,0.0596,7,10
GTACATTTAAGATGAC,L84I H131R E228V I337Y,0.0596,0.0596,7,10
GTACGAACAAACTTAC,D311G,0.0596,0.0596,7,10
TCATACGAATCGGCAA,F7S S143T D156R I286K A330F,0.0596,0.0596,7,10
TCTGAATAGTCCCACT,D156M G181C W196A,0.0596,0.0596,7,10
TGACGTAGATGCCCCT,W264G,0.0596,0.0596,7,10
TTAGTTTCTTAAACAA,G208V E303T E308M,0.0596,0.0596,7,10
TTCATAATAAAAAACG,P362A Y371L L447M,0.0596,0.0596,7,10
AACAACAACACCCTAA,H13L Y62R T426H,0.0663,0.0663,7,9
AATACCCATCAAAAGA,C118Y C155R Q189P H471S,0.0663,0.0663,7,9
AATTAAGCCACATACT,A173R Y217F D347T L447V,0.0663,0.0663,7,9
ACACGTGGTAATCTAA,S56K T70L V485R,0.0663,0.0663,7,9
AGAGCAGTCAAAAACA,Q69R L128R Q232P K304H K488L,0.0663,0.0663,7,9
AGCTTTTACAATATAT,S135K Y200L Y253A,0.0663,0.0663,7,9
ATACACTAATAGACCC,T48I F140V S269Y C279A I350S F399K,0.0663,0.0663,7,9
ATGCAGCCCCACAACG,M1* L315S M414G I458N,0.0663,0.0663,7,9
ATTCAAGGTACAATGA,T81F L133P P464T,0.0663,0.0663,7,9
CAAAAGGCTGAACATG,,0.0663,0.0663,7,9
CAAGTGTAGTTCGAAT,A177M N346* L447M I474V,0.0663,0.0663,7,9
CAATTGAGCACGTTCG,S154V H179C L259Q C301A,0.0663,0.0663,7,9
CCACTGATAGCAATAA,V47A S255L T438G K490M,0.0663,0.0663,7,9
CCGTGAGATCAACAAA,T87A L259*,0.0663,0.0663,7,9
CTCGGCAGTTCCAAAA,L107N,0.0663,0.0663,7,9
CTTAGCTACACAGATC,G34H R207I R491V,0.0663,0.0663,7,9
GACAGAATACACTAAA,S91D N99L H141F Y166L K339A C463G,0.0663,0.0663,7,9
GCACTAATTAAATTAG,C41Y T70G G206R E228S D273S,0.0663,0.0663,7,9
GCATAGATAAATAAGA,M1D N209Y,0.0663,0.0663,7,9
GGGTAGTGCATTTACT,A176I M332A L449E,0.0663,0.0663,7,9
GGTATTTAGAAGTTAC,I24T A25F V44G C155R C364F C463K,0.0663,0.0663,7,9
GGTTATCGAACACTAC,L344R,0.0663,0.0663,7,9
GTATAAATGAAAACCA,N20R M214Q,0.0663,0.0663,7,9
TAAAAACGTTGAGTAC,G98L A123S L220Y,0.0663,0.0663,7,9
TAGTCTCCGAAAAAAC,K33L L394E,0.0663,0.0663,7,9
TATATCCCACTCGAAC,L51V R468*,0.0663,0.0663,7,9
TATCAACGGTCTAACC,M75D T110S N224K,0.0663,0.0663,7,9
TCAATTGAGATCGTCA,C53K N89L H124R F140T S216V S234L I403V,0.0663,0.0663,7,9
TCCCACTTACGCACGA,F49W P362S,0.0663,0.0663,7,9
TGACAGACGACATAGG,G160C T296R C364*,0.0663,0.0663,7,9
TGATTTCTGTTCACAG,V5R T70R Y200F H467S,0.0663,0.0663,7,9
TTAAAGATATTATGGA,N109M Y166* I361D D432* H471*,0.0663,0.0663,7,9
AACCTCTCAATCATGT,K465Q S476V,0.0745,0.0745,7,8
AAGATACTTATACAGC,T58F N89T H93K H305T,0.0745,0.0745,7,8
AAGTTATTTTATCCTT,T77Y M134F N295K,0.0745,0.0745,7,8
AATGACTGATGCTCTT,V11R S143N V183F I358Y,0.0745,0.0745,7,8
ACTAGTAGCAAACAGC,K291* D311A D357V T375L Q416V,0.0745,0.0745,7,8
ACTATATAATCAAAAG,L259A,0.0745,0.0745,7,8
ATCATAATCGTCAATC,L394V T438L H448Y I452*,0.0745,0.0745,7,8
ATGTGGAATACCTAGG,Q232K C477Y,0.0745,0.0745,7,8
CAAACCTATGTTGAAC,I21V G64A G198R N302I,0.0745,0.0745,7,8
CAAGCCCCACCTGCAT,Q218A L259K T281I,0.0745,0.0745,7,8
CACTATTACACATTTT,K161* G294V,0.0745,0.0745,7,8
CAGCTAAAAACCCGGA,T101H G160V N178* C475Y,0.0745,0.0745,7,8
CATCGCGATTAACACT,N74Y P236H L242A,0.0745,0.0745,7,8
CCCACATACACCTCCC,G2V C155S T274P,0.0745,0.0745,7,8
CCGAGCGCATTAGGCT,E72R E418G S437D,0.0745,0.0745,7,8
CCGTTCAAATCCAAAA,V47Y M194P,0.0745,0.0745,7,8
CCTTCATGAGTGCTTT,Y219C K291W S439H H448T,0.0745,0.0745,7,8
CGGACTGGTACCAGAA,C86T F233S G478F,0.0745,0.0745,7,8
CGGATCCTAAAACGGG,F157M A176T L203M P236I F262E,0.0745,0.0745,7,8
CTATCAAATCCCCAAA,S267P P383V I411T T454Q H457Q,0.0745,0.0745,7,8
CTCCTAAAAAGATACG,H170* W264I,0.0745,0.0745,7,8
CTGACCCATGTTCAAA,L68H L280V,0.0745,0.0745,7,8
CTGCAGATCGGAGATA,H13K,0.0745,0.0745,7,8
GAAACTGACTATAAAA,E104S I452R,0.0745,0.0745,7,8
GAAGGCAACACCTTCC,Q348*,0.0745,0.0745,7,8
GAAGGGGATAATAAAC,T6N,0.0745,0.0745,7,8
GACGTAATGCTAACAT,V14D Y366N V450D K481S,0.0745,0.0745,7,8
GAGAAGGCTATGACAA,S56V F117*,0.0745,0.0745,7,8
GCATGATATTATACAA,L133S S267G L428E L433Q,0.0745,0.0745,7,8
GCCACTTTAGTGGTGC,L68C,0.0745,0.0745,7,8
GCTGTCCATAGCGTGG,E16K N90D M192T V388S A407V C475E,0.0745,0.0745,7,8
GGAAGCCATGCCTCGC,V14Q M96K Q324I I337S,0.0745,0.0745,7,8
GGACCAAATAGGAATT,M1S K88V I137Y I201L E307M I452S,0.0745,0.0745,7,8
GGGCGACAACCTCACT,K33R L51Y L84K K300E,0.0745,0.0745,7,8
GGTACTAACTCACATA,L78K K126F,0.0745,0.0745,7,8
GGTCCATTTGCGTTGA,D229R L259K,0.0745,0.0745,7,8
TACATCAATTAAAACT,L50K G102F E404S Y419I,0.0745,0.0745,7,8
TAGAATCAAATCGTCG,T6* S216T K291E,0.0745,0.0745,7,8
TCATCAGCACGAATTA,S91A L103D W196I P238R Y253F,0.0745,0.0745,7,8
TGAAGTATAAGACACA,N146C S154R,0.0745,0.0745,7,8
TTATTGAAAATTACCA,L103S C292F L430Q,0.0745,0.0745,7,8
TTTTAGAATAAAACAA,A202T I222S I458T,0.0745,0.0745,7,8
AAACGAATGAATACAG,E104D C212L,0.0852,0.0852,7,7
AAATGATGCCATGGTG,I136E D311K L394R R491W,0.0852,0.0852,7,7
AAATGCTGCTAGCTGA,Y172T K300A C477Y,0.0852,0.0852,7,7
AACTATAAAAATCCTT,M194P I213C S255V S267*,0.0852,0.0852,7,7
AAGAAAAAATTAACAC,F8S G64I G98A K126T R491G,0.0852,0.0852,7,7
AAGAATGAAATAACTC,S135L N395K I458*,0.0852,0.0852,7,7
ACCGTTACCACAATTG,V298R I403M,0.0852,0.0852,7,7
AGACAACAGAATCAAT,Q3D M194S I201L,0.0852,0.0852,7,7
AGCATCCGTGTCTTAA,M1V S27F,0.0852,0.0852,7,7
AGGCGCAATCTAGAAG,H170L P453H,0.0852,0.0852,7,7
AGTGGAATCTGCATGT,I221L L387M P466W,0.0852,0.0852,7,7
ATAAGCCCCGATCTGG,P427L,0.0852,0.0852,7,7
ATACAAGCTTGCCTCC,G198F P466E,0.0852,0.0852,7,7
ATACGCCAATAGTTAT,I201* W264A F316L V388K,0.0852,0.0852,7,7
ATAGATTGAAACAAAC,A184V E404R,0.0852,0.0852,7,7
ATATCTTAGATTAGAC,D311N L372I S389K V487L,0.0852,0.0852,7,7
ATCCCGCAGCACTTTA,L78S,0.0852,0.0852,7,7
ATCTCAGGGCCCTTGG,V5K E287G C475Q,0.0852,0.0852,7,7
ATCTGCCCGTTCACGG,Q69F C310*,0.0852,0.0852,7,7
ATTGCCTGTCGCGACA,E303G A340Y,0.0852,0.0852,7,7
ATTTAATTGTAATAAA,I4N G198T,0.0852,0.0852,7,7
CAGAGGCTTAACTTAT,T101K G260V L336K Y371F Q416R Y480V,0.0852,0.0852,7,7
CATACCCACGTGACCC,Y480S,0.0852,0.0852,7,7
CCCCTAAATAGTGCGA,L449P,0.0852,0.0852,7,7
CCGGGTCCAACTTTTA,T58H Y66P I350K,0.0852,0.0852,7,7
CCGTCCGAGGCCGGAA,N295K I337T,0.0852,0.0852,7,7
CCTCTCGATGTGCATC,V187L D273V F293T R422D,0.0852,0.0852,7,7
CGCATTTGAAGACTCG,F157K S171W G460N,0.0852,0.0852,7,7
CGCTAATTTATTAACT,S85T G277I,0.0852,0.0852,7,7
CTAGCTAGCAGAGTTA,,0.0852,0.0852,7,7
CTAGTGGTAAAGAATG,Q9F M19Y Y200* K272*,0.0852,0.0852,7,7
CTTGAAATCAATACTT,S389Y E396C,0.0852,0.0852,7,7
GAAATCATGTGGACGA,N146* L387Q,0.0852,0.0852,7,7
GAACAGGTTTCCCACA,Y62N G102R E404* Y419H K490T,0.0852,0.0852,7,7
GACATTTAATATCAAT,G42S G102C C180V,0.0852,0.0852,7,7
GATCTTAACATAAATC,V44K P145W G243A L449I,0.0852,0.0852,7,7
GGAACAAGACCGAAAT,Q331* Q482D,0.0852,0.0852,7,7
GGGTGTACAACACGAT,C57Y H305Y G360T N395S G484V,0.0852,0.0852,7,7
GGTAGTGGCCGATATT,T110F T377R,0.0852,0.0852,7,7
GGTCGGGATACACTAG,L43F T87L E151P Q165L,0.0852,0.0852,7,7
GTAGAAACAATCGTGA,T375S D432F,0.0852,0.0852,7,7
GTCCCGTGCTTATATT,S199H Q223R I337E,0.0852,0.0852,7,7
GTTCTGAGCATAAGGC,N158R L258Q E308T D347C K490V,0.0852,0.0852,7,7
TACAGAGCGTAAAGGG,L372R P464V,0.0852,0.0852,7,7
TAGGATTATTAATGAT,C155R C180M G378D M420L P464H,0.0852,0.0852,7,7
TCCATTAAGTCACGGA,M96H N346L,0.0852,0.0852,7,7
TCCTACCATAGACACT,W210* Q223N P275D,0.0852,0.0852,7,7
TGACTTAAATCACGAG,G159S Q165K L280R,0.0852,0.0852,7,7
TGAGATATAATATTGT,Q3* I221W,0.0852,0.0852,7,7
TGTACTTCCAACGGTG,A177I P464L,0.0852,0.0852,7,7
TTAAACCACCTACAGG,I144A C292A C364T,0.0852,0.0852,7,7
TTCCCCCATCAAAAAA,P83D Y241* S333L K352* K425H P483M,0.0852,0.0852,7,7
AAAACCTCAAATTCAT,A152H Y219*,0.0994,0.0994,7,6
AAAGCCTAGACTAATC,I286N K339N,0.0994,0.0994,7,6
AAATATATGATTAATA,C155T C385G,0.0994,0.0994,7,6
AAATTTACGTAAAACG,D211* G429D,0.0994,0.0994,7,6
AACAAAAACGGATGTG,M82P,0.0994,0.0994,7,6
AACATTAGCCAAACGT,M192K D401N,0.0994,0.0994,7,6
AACTACGTGTCATCAA,G260T V435N,0.0994,0.0994,7,6
AACTCTGCAGCGAATA,D273K Q423K,0.0994,0.0994,7,6
ACAAGTATTAAAATAA,N119R M153W Y363D,0.0994,0.0994,7,6
ACCATATATTGAAGAT,A288H T376L P466G,0.0994,0.0994,7,6
ACCTGGACTGCAAGAG,S234A L242F P464Y,0.0994,0.0994,7,6
ACTTTACATGCAATTT,H93L Q482L,0.0994,0.0994,7,6
AGAAAGAAGATGACCT,C475E,0.0994,0.0994,7,6
AGAATCATACTTTATA,S121A C180F Y200F V450C,0.0994,0.0994,7,6
AGCCATTTTCGGAAGA,L326R,0.0994,0.0994,7,6
AGCGGCCCAGGATCCC,G34L L78W,0.0994,0.0994,7,6
AGTGGATAAAACCTAT,T225N I350T,0.0994,0.0994,7,6
ATATGAGCGGTTAATG,T87R N99I Q149R P275S H457Q,0.0994,0.0994,7,6
ATCACTTCCCGAACCA,T110A H457Q,0.0994,0.0994,7,6
ATCAGACATATGTTTT,I221L C231N,0.0994,0.0994,7,6
ATCCTCCATTCAACAA,E76K C180F W264* N353K,0.0994,0.0994,7,6
ATCTAACAACCCGCAG,G473H,0.0994,0.0994,7,6
ATGCACACCATTATGA,M96V L103C G159L M312I,0.0994,0.0994,7,6
ATTACACTCCCGAAAA,L203P T377L Q416L,0.0994,0.0994,7,6
ATTCCACAAAGAATAG,Q9F F233S R256S,0.0994,0.0994,7,6
CAAACAACTAATCACA,Q3R F117N,0.0994,0.0994,7,6
CAAATCTTAATAGCCT,P12C W227A C231D I254H Y366V W386E F434S,0.0994,0.0994,7,6
CAAGTACAACAGGACG,T182S P464H,0.0994,0.0994,7,6
CACAACATGGGTCTCC,E151V D211R Q232I T426A S439F S462N K481A,0.0994,0.0994,7,6
CACCAATTCATACTCG,N185R W370Y,0.0994,0.0994,7,6
CACGATCCCACACCGA,F7E I15H,0.0994,0.0994,7,6
CACTGAAAATCAAAAC,S85G A177S E289V Q321S,0.0994,0.0994,7,6
CAGATATCAAAACGGC,R379H I411S G473W,0.0994,0.0994,7,6
CAGCTAGCCTCGTCCT,C180T D251T A343S,0.0994,0.0994,7,6
CAGTGAAACGTAAATC,C86L E228S,0.0994,0.0994,7,6
CCTATTTGTTAGCATA,N146W T190H T274L,0.0994,0.0994,7,6
CGAGGAGGGGGCTGAA,G102D F147A C155F I201K P486L,0.0994,0.0994,7,6
CGTCCCTTATGCTTTA,S91L I136Y S163M S462Y,0.0994,0.0994,7,6
CTCATGCAGAATACAC,G64T T101Y G260P L433A M472A Q482L,0.0994,0.0994,7,6
CTCTCCTAACTATGGA,W386A,0.0994,0.0994,7,6
CTGCATGAGCTTCATT,E72R K116L W489R,0.0994,0.0994,7,6
CTGGAATTAAACTCAA,Y129S S392H,0.0994,0.0994,7,6
CTTACACTTACTCGCG,I4R,0.0994,0.0994,7,6
GAAGCAGAAAGTCTCC,Y66I L447S H448P V487K,0.0994,0.0994,7,6
GACACCACAGCACATA,H170N N178A N295G I411Q,0.0994,0.0994,7,6
GACATAGCCCGAAAGT,F8L A39H L51A H93D A132V T397G K451* G460C,0.0994,0.0994,7,6
GATGCTAGTGATTTTC,T101A L430S,0.0994,0.0994,7,6
GCGATGCCCTACTTAC,V65I T81H R193T,0.0994,0.0994,7,6
GCTATGCTCTTACATT,L61N I201Y T438F,0.0994,0.0994,7,6
GGAAACCCCAGACACC,F7C G271D V341S K352F I358Y L394F,0.0994,0.0994,7,6
GGATCATACGGCTAAG,I21G H131Q S205A T375S,0.0994,0.0994,7,6
GGTATAGAGATTCACC,S27C E67W I201M Q232W P362L,0.0994,0.0994,7,6
GTCTATACCGAGATAA,A39N L46S A152I N224S S462R,0.0994,0.0994,7,6
GTTATGACCATTGCTG,L103M L220G T377L,0.0994,0.0994,7,6
TAACGTGAAAAAATAC,L336E,0.0994,0.0994,7,6
TAATACCATGAAACGA,R257H D306L N319H,0.0994,0.0994,7,6
TAATGCTGATTAATGA,S171M G391A N409L,0.0994,0.0994,7,6
TACCCCCTAGTAGGAG,Q3Y M153L,0.0994,0.0994,7,6
TATAGATCCACGATAA,G159T N224T G243D,0.0994,0.0994,7,6
TCAGAACCCTAGATGG,D156L M194T W227K D273L,0.0994,0.0994,7,6
TCAGACAACGATTTTC,T274R T426N V435F,0.0994,0.0994,7,6
TCATCCGCACGTTTGG,V22F E303W E329D Q335S,0.0994,0.0994,7,6
TCCCCCAATCTCAATA,K425R,0.0994,0.0994,7,6
TCGACGACAAAATAAG,,0.0994,0.0994,7,6
TGACCATAAAATTCCG,P238L G240W,0.0994,0.0994,7,6
TGAGCTGACTAAATCG,M82I E151L S437R,0.0994,0.0994,7,6
TGATAGGAATCGATCA,R468G,0.0994,0.0994,7,6
TGGAATGTATATGTGT,Q3F N99G K125L F262L P383G,0.0994,0.0994,7,6
TGGATCTCATTTAGCT,I286S,0.0994,0.0994,7,6
TGTGAGTCAAGGAACT,,0.0994,0.0994,7,6
TTAATAATCAATAATT,V18G A202H S439K C477H,0.0994,0.0994,7,6
TTCATCACTTTGTTTA,N209H Y393H P427S,0.0994,0.0994,7,6
TTGGATGGATCTTTAA,L133M A184Y G186E K384E L428S,0.0994,0.0994,7,6
TTTATATGTCATTTAA,T87Q V164R P453V,0.0994,0.0994,7,6
AAAACAGATGGAACAG,K304G Q406C L479N,0.1193,0.1193,7,5
AAAACTTGCCAGGCAA,R55L I239M Q416T,0.1193,0.1193,7,5
AAAATGTAATAAATCC,L51K M96L,0.1193,0.1193,7,5
AAAGGCCGGAACAAGT,T48D C364L F399R,0.1193,0.1193,7,5
AAATCAATCCAGTCAC,V164A S255Y G277H A297P,0.1193,0.1193,7,5
AACATACGTGAGAAAG,R193E V341T T426Y,0.1193,0.1193,7,5
AACTTCGAACAAACTA,I252C G271S Y393I,0.1193,0.1193,7,5
AAGGCTTTTAAATTCA,L51V A177I A202V N470E,0.1193,0.1193,7,5
AATATTCGACTTAGTC,T182N N209Y,0.1193,0.1193,7,5
AATCATGTGAAACCCT,L51F Y480S,0.1193,0.1193,7,5
ACAATTCACAACTAGA,G98H K291*,0.1193,0.1193,7,5
ACACTTTTAAAGCAGA,G2N Y66W Y94D Y172M I201P S216R,0.1193,0.1193,7,5
ACCAGCGAACCGAATG,W196S Y441W,0.1193,0.1193,7,5
ACCCTTAGGATTGTTT,P464F,0.1193,0.1193,7,5
ACGAAGACCCATGAAC,K368W,0.1193,0.1193,7,5
ACTATGACAAACTTGT,Y36S G429N H467T,0.1193,0.1193,7,5
AGACACGTCTCGATTA,I95W I137W,0.1193,0.1193,7,5
AGACTGAATGCAGACC,G64Q T377G F440S,0.1193,0.1193,7,5
AGTAAGTGTGCAACGC,G102R M134H,0.1193,0.1193,7,5
AGTATTCGTTAATAAT,V435S,0.1193,0.1193,7,5
ATACAACAGCTTAAAG,F8T Y66T G360T,0.1193,0.1193,7,5
ATATTACCAAAAAGAT,A407I C475H,0.1193,0.1193,7,5
ATCAAACTTCGGACGC,A25T S199C L244E,0.1193,0.1193,7,5
ATCAATTACTAGAGGG,M1R F140N,0.1193,0.1193,7,5
ATCCGGATCGGGCACA,F8I K272A C364Y,0.1193,0.1193,7,5
ATCTGTAACCAGCTCT,T59L Y129I P362W F440L,0.1193,0.1193,7,5
ATGTTAACCTACTCCT,D130F S234F R257G K352E,0.1193,0.1193,7,5
ATTCAAATATCTCGAA,I15V A202T L258E,0.1193,0.1193,7,5
ATTTACCTCAAAGCGG,V22G R55T F157L G206Y S439R,0.1193,0.1193,7,5
CAAGCCACCTTTACAG,T77A H457W,0.1193,0.1193,7,5
CAATCAGGAAAATAAG,G34D G64* T375N H455Y P486S,0.1193,0.1193,7,5
CACGGGTTTACCTACC,G54Y T101G,0.1193,0.1193,7,5
CAGAGATGCTTACAGG,F8I N90I S199T I286R R468V,0.1193,0.1193,7,5
CATTGCTCATCGTGAT,I15R K161A N390F,0.1193,0.1193,7,5
CATTTACTTATAGGCA,F38R G159D K161L L259H Y371R,0.1193,0.1193,7,5
CCATCTTGTACAATCC,Y166T L290R V388* S400G I411K,0.1193,0.1193,7,5
CCCACCGTAGGTGCCA,I15C Y369P,0.1193,0.1193,7,5
CCCAGTAAAAAGTACA,T87P K116L D401Y,0.1193,0.1193,7,5
CCCCTCTAATGTAATG,I4L T249R I350S,0.1193,0.1193,7,5
CCTAATGATCTTCTTA,G2Y T226Y P275T T426M V431T,0.1193,0.1193,7,5
CCTCCAAAACTTATAA,Q69I V487A,0.1193,0.1193,7,5
CCTTAAACAAAACGAG,N167H I337L T454K,0.1193,0.1193,7,5
CGAACCGACCATCTCT,M414N,0.1193,0.1193,7,5
CGCTGAGGGCCCGACG,M82Y S205Y E404V F440N,0.1193,0.1193,7,5
CGTCTGAAACTCAAGC,G2E S111A P145A E308R,0.1193,0.1193,7,5
CGTGCATTTTGTAAAG,S143P S154M,0.1193,0.1193,7,5
CTATCTGTCAACCATC,N89T T263A,0.1193,0.1193,7,5
CTCATTGAACGCATTC,F7E T48L,0.1193,0.1193,7,5
CTGTCCCTAGACGACA,I136E,0.1193,0.1193,7,5
CTTCTCATTAGTACCC,G98T L105K I201N K417Q,0.1193,0.1193,7,5
GAAAAACCGTCCAATA,V65P A202V T426A S439F,0.1193,0.1193,7,5
GAAAGCATAAGTAAAC,M96T S246R L387M C463G P466Q,0.1193,0.1193,7,5
GAAGTAAGAAAGAAGT,A176F,0.1193,0.1193,7,5
GACTCGTTTCACAAAT,V47Y K88E G160S W283E Q335G,0.1193,0.1193,7,5
GATGAATCTTCCTCTA,P83* N409V,0.1193,0.1193,7,5
GCACCAAAGAAGAAAA,Y172S G208S G277C N295* A299V,0.1193,0.1193,7,5
GCCCAAAAGGCCCCAG,C86R L133G E270Q G429C C475F,0.1193,0.1193,7,5
GCCTCGGCCCCAGTGT,K33I M284H Y393E,0.1193,0.1193,7,5
GCGCTACCCTTAATTT,Y172S Y363V F440T F446V,0.1193,0.1193,7,5
GCGCTGGAACTTGAAA,G102C H115N F309L,0.1193,0.1193,7,5
GCTGAAACTGCTAACA,Y217*,0.1193,0.1193,7,5
GGAGGATTATAGCAAA,G2Y N90I,0.1193,0.1193,7,5
GGGATGACACAATTTT,K33W S163T,0.1193,0.1193,7,5
GGGTAACGCCAAGAAA,M214P I254D H374T,0.1193,0.1193,7,5
GTACACAATCATACCT,Q247M I334N,0.1193,0.1193,7,5
GTCAACGATGAAAGTA,E67L N346A,0.1193,0.1193,7,5
GTTATAACAACCAGTA,E16Q G42S M96W N158C N373E G460S M472T,0.1193,0.1193,7,5
TAATGTGGAGCTTGGC,R193P K291D,0.1193,0.1193,7,5
TAGATAAAGGTTGGCC,K33S H141I V459M K490*,0.1193,0.1193,7,5
TAGTCGATAACTAGAA,T215A H230G E396C,0.1193,0.1193,7,5
TCAAAGTCACCTGTCG,L258D Q482*,0.1193,0.1193,7,5
TCAAGTCTAGCGAGCA,H179I I334H L394G,0.1193,0.1193,7,5
TCATCTAAGACGGGAA,K291V V298L E307P,0.1193,0.1193,7,5
TCGAACGCTTGTAAAA,M153T S444N,0.1193,0.1193,7,5
TCGCTAAGAAAAGAAA,V47K,0.1193,0.1193,7,5
TCGGGCCTCTCCTAAA,T296D E418S,0.1193,0.1193,7,5
TGCCCAAGAGAGCTGC,T40G L68R Q232L,0.1193,0.1193,7,5
TGGCCATAAAATCCAG,G102V W489K,0.1193,0.1193,7,5
TTATAGTTACATCGCG,C364S E421K,0.1193,0.1193,7,5
TTATGAGAGAAGAAAC,I445P P453V,0.1193,0.1193,7,5
TTGAAACCGACTACTT,G42W R207T E421R,0.1193,0.1193,7,5
TTGATGAACAAGGATG,G42W G276S,0.1193,0.1193,7,5
TTTAATCGCTTAGGAA,C86G I443M,0.1193,0.1193,7,5
TTTATTACTTAGGGAG,S27C L244A N373R L394I T397V,0.1193,0.1193,7,5
TTTTCAATAAAAACTA,L372H M472R,0.1193,0.1193,7,5
TTTTCATACCCCTTGA,S111N F434E,0.1193,0.1193,7,5
AAATCCTGTTGAAATA,D204C,0.1491,0.1491,7,4
AACGTCACTCATAAAG,W196D,0.1491,0.1491,7,4
AAGAAGAAACCATGCC,H93L W196G,0.1491,0.1491,7,4
AAGCAACTTTTACAAA,N20H V298L,0.1491,0.1491,7,4
ACAAAATTCGCGAATG,Q223* L259M G391E,0.1491,0.1491,7,4
ACAGAAATGAACAGGA,L244K,0.1491,0.1491,7,4
ACCACCGAAATAGAAA,L142P,0.1491,0.1491,7,4
ACCGAACAAAATGTAG,I15F M19S E104M P464R,0.1491,0.1491,7,4
ACCGGGGATATTGCTT,I24L M194I S199G W227*,0.1491,0.1491,7,4
AGACAGTTACTAACAG,G34* Q335I C475D,0.1491,0.1491,7,4
AGACCATATACGCCCT,N158L T182D H230T,0.1491,0.1491,7,4
AGTTATTAGCTGCATC,K63L C212N A297D Q331L,0.1491,0.1491,7,4
ATAACGTACTCAAATC,L259*,0.1491,0.1491,7,4
ATACGTTACAAACAAA,V431D,0.1491,0.1491,7,4
ATACTGTTGAAACTTC,F318I,0.1491,0.1491,7,4
ATACTTGGCAAAAGGC,E10G T48G T190G,0.1491,0.1491,7,4
ATAGGACAAAATGGTC,L32N L107G C155S N209S A340V,0.1491,0.1491,7,4
ATATCACGCTAGTAGT,R55H Y66R M153S T249N,0.1491,0.1491,7,4
ATATCGCGCACGGAAC,S216I R235F E307P L372V,0.1491,0.1491,7,4
ATCCAGTAAGTAAATC,T59H G197W L203P D273P N295Q I334T,0.1491,0.1491,7,4
ATCGAAATAGAAGAAC,L105Q,0.1491,0.1491,7,4
ATCTACAAAAAAAGAC,S27N Q405L,0.1491,0.1491,7,4
ATGCGTAAATGGCTAA,A39N Y166* S199T R422K M472V,0.1491,0.1491,7,4
ATGGGAAGGAATGAGG,A184V G391P,0.1491,0.1491,7,4
ATGTTGCTTTGTAACT,A123I S267R,0.1491,0.1491,7,4
CACTCTGAACACCTAA,M134W W264L,0.1491,0.1491,7,4
CGCAAAAAGAACCTAC,F8Y L120E,0.1491,0.1491,7,4
CGGCAATGCCTTGTTC,V47Y V65E G160I G277* A340L F446V,0.1491,0.1491,7,4
CGTTAGAAAACTATAG,V11K T87K,0.1491,0.1491,7,4
CTAAAATGAGACCAGA,S27P,0.1491,0.1491,7,4
CTATGACCATGATTAA,L46* V65* R193K T225D,0.1491,0.1491,7,4
CTGTACAAAGGGAATA,C463E,0.1491,0.1491,7,4
GAACACCAACTGAAAC,G45V S444L K451G C463S,0.1491,0.1491,7,4
GAACTGATACCTAATG,R193P,0.1491,0.1491,7,4
GAATATCGCTACCGAT,T48D L52K R250H K465L,0.1491,0.1491,7,4
GATGGTTATTTCCAAA,L142*,0.1491,0.1491,7,4
GATTTACTGTTGGAAG,C155S L290A,0.1491,0.1491,7,4
GGGTTACATGCAAATT,A173T Q218G L258V E303H I345C M359I,0.1491,0.1491,7,4
GGTCGGCATAAAAAAG,I213D T375I,0.1491,0.1491,7,4
GTAATTTAGAAAAATA,N185W I213G N365S T375R,0.1491,0.1491,7,4
GTCAAATGAAAATCAA,Y419S,0.1491,0.1491,7,4
GTGTATAATCTAAACC,M194E G276F,0.1491,0.1491,7,4
TAAGCTATGGAGAATG,N20W M214G C292S,0.1491,0.1491,7,4
TACAATGCGGTCCTTA,L442T,0.1491,0.1491,7,4
TACACACTTGTTTTTG,Q405A,0.1491,0.1491,7,4
TATACCTGGAAGAACA,T261* N295L L313Q,0.1491,0.1491,7,4
TATTAAGCGCGAGCTG,Y219A S255N,0.1491,0.1491,7,4
TCAAATGTAATCCTGC,A177T C364T,0.1491,0.1491,7,4
TCATAAGAAGTCCATA,T48P S169E R235P T281L T375R,0.1491,0.1491,7,4
TCATCAAGCCTAGGTC,M134E,0.1491,0.1491,7,4
TCCTTCAGAAATTCAA,C53L C86S,0.1491,0.1491,7,4
TCGGCCAGTTAACGTA,L35I,0.1491,0.1491,7,4
TTCTTAACTGCTATCT,L78M K125V L355N L382I Q405V,0.1491,0.1491,7,4
TTGGTTAAACTCAAAC,S27* N158Y I337S,0.1491,0.1491,7,4
TTTGATGTACAACTTA,V47P G98H L258T N295K,0.1491,0.1491,7,4
TTTGTTTACCACCCAA,T81R,0.1491,0.1491,7,4
AAAGAAGAACTTGTTC,G98V G277A C477G,0.1988,0.1988,7,3
AACACAAAAGCCTACT,G2V L68W N119A S135Y E270V G378S,0.1988,0.1988,7,3
AACATTTGCGAAGGCA,M82R T375N,0.1988,0.1988,7,3
AACCCAAGCGCGGTTG,C212P P483K,0.1988,0.1988,7,3
AAGAAAATCTCCAAGA,T40P T81S,0.1988,0.1988,7,3
AAGAGAACCACAATGA,I411N F446K,0.1988,0.1988,7,3
AATCGCGCAACTAAAT,L203R Y217E M312W,0.1988,0.1988,7,3
AATGCAAGATAGCAGA,L61R F140S,0.1988,0.1988,7,3
AATTTCGAGACTATGC,D251A M332K C477S,0.1988,0.1988,7,3
ACAAATGATTACTTTC,L26I L52* V164K M284I N390I L394A D402V,0.1988,0.1988,7,3
ACAACATTGGATCAAA,R55* F309W,0.1988,0.1988,7,3
ACACTTCTGCTAGGGT,L51H,0.1988,0.1988,7,3
ACATTTTCGTAAGAGA,S444I,0.1988,0.1988,7,3
ACCACATCTGAGAACA,S56N T81N W210M E396*,0.1988,0.1988,7,3
ACCCTAACATAAGACG,W489R,0.1988,0.1988,7,3
ACCTAAAATGAACATC,M82Y I334H L469F L479T,0.1988,0.1988,7,3
ACCTAGCGCCTACGCG,M75I C212F K272F M312* K352* K461G,0.1988,0.1988,7,3
ACTCCCAAAAGAGAGG,L103* L244V M351S,0.1988,0.1988,7,3
AGAATCACAAATCAGA,Y253S A297R,0.1988,0.1988,7,3
AGCAAGACTAGGACCA,T59M E72F H170R E303P,0.1988,0.1988,7,3
AGGGTAGTATAACTAA,G478*,0.1988,0.1988,7,3
AGTATCCTATTATAAT,V65L N148R A328V,0.1988,0.1988,7,3
ATAGCCACGAAAGACC,I4K G64M E413N P464L Q482Y,0.1988,0.1988,7,3
ATATAGAGGTTAGAGT,I323K T412G,0.1988,0.1988,7,3
ATATTGTAGGGAGCTA,L168F C231Y I286R K352*,0.1988,0.1988,7,3
ATCCCTCACAATTAGC,E287K S437I,0.1988,0.1988,7,3
ATCGTGAAAGGTGCCA,G240R,0.1988,0.1988,7,3
ATGCAACGCCAAATAA,G2L E287N I358R W489T,0.1988,0.1988,7,3
CAAATTAAAGCATCGT,N158C R257L,0.1988,0.1988,7,3
CAATAATTCACTGATC,M80R N178L Q423P L428R L442T S476Q,0.1988,0.1988,7,3
CAGGCAAATAGGAACA,Q223L E329I,0.1988,0.1988,7,3
CCAAAAAACGCTGCGA,L51H,0.1988,0.1988,7,3
CCACAATGATTGTCGC,M75E L133Q A195F K465F,0.1988,0.1988,7,3
CCAGAAGTTCTAATCT,A25R L387P D408V,0.1988,0.1988,7,3
CCATATCGAAATCGAA,V5I M82T W370A,0.1988,0.1988,7,3
CGGATGCTGATAGTTT,D122L N390M F399M,0.1988,0.1988,7,3
CGGCATTGAATCGGGA,L78W,0.1988,0.1988,7,3
CGTCGACAATAATAAA,M153N G208N,0.1988,0.1988,7,3
CGTTCTATCAGGCACG,S60P N90F I221T F309L,0.1988,0.1988,7,3
CTACCCACCGTTGGAC,I239H,0.1988,0.1988,7,3
CTGCTAAAGGCTAAGA,T6* H92D,0.1988,0.1988,7,3
CTGGTGAGACAGCGCA,H131Y K161P H170* T377P,0.1988,0.1988,7,3
CTGTCGCCTATAAACC,S234G S267* C475K,0.1988,0.1988,7,3
GAAGGGATATACCATT,F318S,0.1988,0.1988,7,3
GAATTGAGAATTGAAT,S237N L442*,0.1988,0.1988,7,3
GAGCAATGAACCATTC,T110F L382S D401G,0.1988,0.1988,7,3
GATCCAACCTTGAGTA,,0.1988,0.1988,7,3
GATCTCTATTAAACAG,L280G,0.1988,0.1988,7,3
GATGTTGAGGTCCAAT,C364M M472I,0.1988,0.1988,7,3
GCAAGCCCAGATTACA,D229G I458D,0.1988,0.1988,7,3
GGACAATCAATCATGA,W489L,0.1988,0.1988,7,3
GGGATTAAGAATTTTT,C155E G159A Y172N,0.1988,0.1988,7,3
GGGGAGCGGCCTAAGC,M359R D432V,0.1988,0.1988,7,3
GTACTATGCTGATACA,C231*,0.1988,0.1988,7,3
GTATCCTTACAATCGA,H92N C155V C212S,0.1988,0.1988,7,3
GTCTGACGAAATCAAC,Q223*,0.1988,0.1988,7,3
TAAACATCAGTTGTAG,C364V K384I,0.1988,0.1988,7,3
TAACCATAGCTAAGTA,D402Y N470F,0.1988,0.1988,7,3
TAAGAACATTAATTTA,N74V L242Q A322R,0.1988,0.1988,7,3
TACACTAATAAAATCA,T81E N158Y T263I L285S G391T,0.1988,0.1988,7,3
TACCGCTTAAACCTAC,C364W,0.1988,0.1988,7,3
TAGTTAGAACACTCAT,N90V G102L I452A,0.1988,0.1988,7,3
TATACCTAGGAAACCA,Y200L N209D I213G G360M,0.1988,0.1988,7,3
TATACGATATATTGAG,C57Y Y253L,0.1988,0.1988,7,3
TATTAAAAAATTAAAG,F8Q R193T,0.1988,0.1988,7,3
TCAGGCGACGTTAGAA,M410L P427A,0.1988,0.1988,7,3
TCCGAAACGCAACCTA,S255M R256S M332K D408E S476G,0.1988,0.1988,7,3
TCCTAGCGTACTAATT,E151S I239S,0.1988,0.1988,7,3
TCGGCCGCCCTATTAA,E151K I286N F293E,0.1988,0.1988,7,3
TCGTTTAAGGATAACA,C231*,0.1988,0.1988,7,3
TGAATAATTAATATGC,T87V T110P T139R F262R I323S Q348W T412I I452F,0.1988,0.1988,7,3
TGACATATATAATGAG,H131L F318Y,0.1988,0.1988,7,3
TGGGTCAAACGGACTT,I113T L220R K352N,0.1988,0.1988,7,3
TTCATAATATCCCCAA,W264I D311T T376*,0.1988,0.1988,7,3
TTCCATTCATCCTATA,S60* Y129D S199T,0.1988,0.1988,7,3
TTGAAGCTAAGAGATT,E72L D130N C155S,0.1988,0.1988,7,3
TTGGAGGGCATGTTAC,C57P Y172* L442H P464R,0.1988,0.1988,7,3
AAAAAATACAAGTACC,G160A R256H N338V Q405R,0.2982,0.2982,7,2
AAAAAGTTGCAAAACA,N79T Y366I,0.2982,0.2982,7,2
AAAACCGTACAGAAAC,C86I I162M S171P C279F,0.2982,0.2982,7,2
AACACATAACACAGAC,T40L M80S,0.2982,0.2982,7,2
AAGGACTGGTGGACCA,L29* M472V,0.2982,0.2982,7,2
AATACCGAACAGACTG,C212V F446L,0.2982,0.2982,7,2
AATTCTACCGTAGAAT,F446E,0.2982,0.2982,7,2
ACAAATCTTTTTGATA,Y200R,0.2982,0.2982,7,2
ACATAGATAAATATAA,I239F A299T F399R F434L,0.2982,0.2982,7,2
ACCAACTATAAAAGCT,T40S V187K G197M H455L,0.2982,0.2982,7,2
ACGCCCCGCAGCAAAT,N148H G206F L259R,0.2982,0.2982,7,2
ACTAATCTAGTGCATA,I4V G54M,0.2982,0.2982,7,2
ACTGGCGAACCTGAAG,V14M I252K A343T,0.2982,0.2982,7,2
AGAAATAGGTAACATT,E289V L326P,0.2982,0.2982,7,2
AGAAGCGACCAATGCA,P383S C477K,0.2982,0.2982,7,2
AGCACAACAACGTGTA,N37H K116R F316E T375*,0.2982,0.2982,7,2
ATCAAAGTGTGGCCCA,A328P A340V P362S,0.2982,0.2982,7,2
ATCCCGATTCCACCCC,Y419C,0.2982,0.2982,7,2
ATGCATAAAATAATAA,P12* N37D L61Y A184D,0.2982,0.2982,7,2
ATTCATGATAATCAGG,Y36I Q406L S476V,0.2982,0.2982,7,2
CAAAAGCTCTCCATTG,P464S,0.2982,0.2982,7,2
CAGATTGATCTAGTGT,G484L,0.2982,0.2982,7,2
CATCACCGTTGGTGAA,E104R P236V,0.2982,0.2982,7,2
CATGTATGAACCACCC,L50K P83T E228* K352T I411P,0.2982,0.2982,7,2
CCCGACGAAAGCCCGA,L32V S135N S216A Q232*,0.2982,0.2982,7,2
CCTAAGATGGTGAACC,S163G G208* N224R Q247W,0.2982,0.2982,7,2
CTAGCGGTCGGATTTA,T139L D211H L442S G478F,0.2982,0.2982,7,2
CTATATTCATATCACG,I361C L415K,0.2982,0.2982,7,2
CTCTCGACGTTAAGAC,K116S Y393H,0.2982,0.2982,7,2
CTGAATAACTCCGAAA,G42R D432Y,0.2982,0.2982,7,2
GAAAAACAGCCGGAAT,Q69W S121Y D156E C180L R235C,0.2982,0.2982,7,2
GAATTCTGAAAACCCT,S138E G208E,0.2982,0.2982,7,2
GATTGCGTCCGTGAGA,C53R L78T K304W R379G I474P,0.2982,0.2982,7,2
GCAAACGAGAGTAGGT,C212P,0.2982,0.2982,7,2
GCAGAAGAATTGGCAA,I21L,0.2982,0.2982,7,2
GGTTAACGCTTCAGCA,G198N K339T N390A T454L,0.2982,0.2982,7,2
GTAAGCAATTAGAAAG,Y129T D229T H305K Q321D,0.2982,0.2982,7,2
GTAATATAGTTTAGAA,L107R,0.2982,0.2982,7,2
GTAATCAGGAGATATA,T110* L259K N390A V459T,0.2982,0.2982,7,2
GTAGGCGGGTGTTTAG,E76V S121R I358R M420H K451W W489Q,0.2982,0.2982,7,2
GTCAAGGCTTATCCTC,G42R M192S A202G S234E I350G,0.2982,0.2982,7,2
GTCGCAGCCTCGACCA,N346Y,0.2982,0.2982,7,2
TAAATAACAGGTAACG,Y94F H179* L242A,0.2982,0.2982,7,2
TAGCATTTATGTCTAT,S381L,0.2982,0.2982,7,2
TCACGAGGTCCAAAAC,H467N,0.2982,0.2982,7,2
TCCCTTCACGTACATA,S27F V485*,0.2982,0.2982,7,2
TCCGAAAGATATACAT,E17L W196H C231N I286Y,0.2982,0.2982,7,2
TCCTTCCAATACAAGT,G159I Y441E,0.2982,0.2982,7,2
TCTGTAATATACCTAG,N99* G277N,0.2982,0.2982,7,2
TGACTGAGAATGGCCG,Y166*,0.2982,0.2982,7,2
TGTAATTCTAGCGACA,P464F,0.2982,0.2982,7,2
TTACACCCAAACTCAA,M214W W227A L242A R468K,0.2982,0.2982,7,2
TTTCAATAGCTAACAT,L50E I239P,0.2982,0.2982,7,2
AAAATAAGTGAGGATC,N37E,0.5963,0.5963,7,1
AAATGCCGACATCGTT,M1* I15N,0.5963,0.5963,7,1
AGAGTGTAGACGATGA,T48I I112N L336M I411K,0.5963,0.5963,7,1
ATAAACAGCTGAATAT,S138M E228*,0.5963,0.5963,7,1
ATCCAAGGTATAACCC,W264F I458T,0.5963,0.5963,7,1
ATCGGGTGTAATAATT,S91V G160P L245G M410G,0.5963,0.5963,7,1
ATGCGTATGATATACT,A39T S56M D130R Y200V Y217V V431M,0.5963,0.5963,7,1
ATTAAGAAGACAGAAA,F38L L73P F147D M214K P275R N365S S389N,0.5963,0.5963,7,1
ATTGGGACAAAAAAGG,F117L D156N E418P,0.5963,0.5963,7,1
CCGCACTACAAAAATT,C53Y G473D,0.5963,0.5963,7,1
CTACCGTATTACATGC,Y172G C180I,0.5963,0.5963,7,1
CTAGTAAGCCCTCAAC,G391F L449F,0.5963,0.5963,7,1
CTATACATATGGAGAA,L105V D306I,0.5963,0.5963,7,1
CTCAAACCAAAGTGGT,N178V T296L K339V E421K,0.5963,0.5963,7,1
CTTCAGAAACAAAGCC,N146A M194L M312P,0.5963,0.5963,7,1
GAAGATGGGGAATAGG,L103T D175V,0.5963,0.5963,7,1
GGCACATAAATCTTGA,V65L Y363S S476D,0.5963,0.5963,7,1
GGGAGGCTTTTCCGGC,G2V S135N,0.5963,0.5963,7,1
GGTACGTCACGCAGAC,I21D S246L K384*,0.5963,0.5963,7,1
GTAACACGGAGACCGT,P12F M194L,0.5963,0.5963,7,1
TACAAATGAAATTCCA,A123W L220R L242I S444L,0.5963,0.5963,7,1
TATCAAAGCAGTGGTC,S169* V298D K461R,0.5963,0.5963,7,1
TGAGACAGCCTCTCTG,P12M C41V F316L L344S G391I,0.5963,0.5963,7,1
TGCAACGAGAAGATGA,F38L T58* N127R N146T S154* C231W L428I,0.5963,0.5963,7,1
TTCGCTATCTATAGGC,Y166V W210H,0.5963,0.5963,7,1
AAAGCAACAGAGGGGG,V44D Q232R Q405E P427R,1.0000,inf,7,0
AATAACAGACAGCCGA,L103R E287L,1.0000,inf,7,0
ACAAATAGGCTATATT,G45K G174L F436A Y480G,1.0000,inf,7,0
ACGTGATTAAATTTAA,D347F N470I,1.0000,inf,7,0
ACTAAGAGCTGCCTGA,I162M A177N D251K Y366L,1.0000,inf,7,0
AGAACCCTATTAGTGA,L242K Y278V K368S,1.0000,inf,7,0
AGTATCTAAGATATAA,D156S G160D D347P,1.0000,inf,7,0
CAAGTTAAACACATAT,L285C C292F,1.0000,inf,7,0
CGCCAATTATAACGGA,Y62S E72S V187Y R193G P238L F293T N302A,1.0000,inf,7,0
GAAAGGGTAAACGCTT,G198I V341* I345Y,1.0000,inf,7,0
GGGCATCTGGCTGGAG,Y66R E303V P486Q,1.0000,inf,7,0
TTACACTATTCAAATT,T59K L103I G159D K320V L442R,1.0000,inf,7,0
TTGTCACCTCATATAT,L23G I136F S333F S392Q,1.0000,inf,7,0
TCAATACCGTGGTGCA,M96I H170Q,0.0002,0.0002,6,3099
CCGTGAGAAAAATGGG,N148S,0.0002,0.0002,6,2653
ACCATGCACGTAATTT,G240N,0.0002,0.0002,6,2481
AATGAATTAATAAGAC,M284W,0.0002,0.0002,6,2412
AACGGACTTTATACAG,I201Y,0.0002,0.0002,6,2174
TTTCACAGAAGACCGT,S216A E421L,0.0002,0.0002,6,2093
GTTCTACCCCAACCAA,L133K,0.0002,0.0002,6,2089
GGGAACACTGCTCCCG,N99I,0.0003,0.0003,6,2021
TAGATTCTCCTGAGAC,G34S T110Y L142Q G174N,0.0003,0.0003,6,2007
GCTCCAACAAAAATGA,,0.0003,0.0003,6,1934
TTAGAAAGTAAAAGTT,G174Y,0.0003,0.0003,6,1886
AACTATGGACCGAAAT,L258M,0.0003,0.0003,6,1883
TTCACCGAGTATCTCT,G159D S169T G174L S246A G360K,0.0003,0.0003,6,1850
AAGAATATCGCAAATA,,0.0003,0.0003,6,1841
GCAGCCTCATTGGGTC,,0.0003,0.0003,6,1828
GACGGCGAACTCTTTG,Y200L G360Q,0.0003,0.0003,6,1818
GCACCTGATAACCACC,,0.0003,0.0003,6,1789
TTTAACAACGACATCA,I254P,0.0003,0.0003,6,1756
CCACACGTCACTCTCA,L71F,0.0003,0.0003,6,1738
ATTAACTGGATGGGAG,K116Q,0.0003,0.0003,6,1723
AACAAAACTTTGGCCA,I24V,0.0003,0.0003,6,1721
GCCAAAAACAACTGCT,M153*,0.0003,0.0003,6,1696
ACAACTCAGTAGGTGC,,0.0003,0.0003,6,1644
GAGGACTTTCAATAAG,L128H,0.0003,0.0003,6,1638
TCACACACACGGAAAA,,0.0003,0.0003,6,1627
CTTCCTCAATTGAACC,M192C E289T,0.0003,0.0003,6,1625
AATGAATCCTCATAAA,,0.0003,0.0003,6,1608
CCTGAAAAGGGATCAC,I95L K488S,0.0003,0.0003,6,1603
GTCCACTCACACTGAA,A30L E228R,0.0003,0.0003,6,1593
GCACTATCAAAGACCT,,0.0003,0.0003,6,1575
TTGTATAAGCGGCAAT,K272C,0.0003,0.0003,6,1571
TATAGCCAACAGAACT,A177L,0.0003,0.0003,6,1569
AATCCGGATATAAAAA,T101S N127T T261L,0.0003,0.0003,6,1556
ATTGGCCCAAAGTACC,,0.0003,0.0003,6,1555
GAGTTTTGGGGGCCTA,Q189H D229Y,0.0003,0.0003,6,1555
AATGAGCATGCTCAGT,S138M G243Q L479T,0.0003,0.0003,6,1548
TAAATTAGCATACTGA,,0.0003,0.0003,6,1539
AGAGCTTAAGTCCAGA,E151V H354L,0.0003,0.0003,6,1530
CCGAGGATAAACCTAA,S199I,0.0003,0.0003,6,1517
CGTCTCCTGCGAAGAA,,0.0003,0.0003,6,1515
GAGGCTAATCCTCTAT,G424S,0.0003,0.0003,6,1512
GGATGCTCACTCCTAT,N158F,0.0003,0.0003,6,1497
AAGACCCACAACCACG,L128I K272G,0.0003,0.0003,6,1489
ACAGTAAACTGACTGA,N90E I252L,0.0003,0.0003,6,1489
ACTTTAGCCCTAACAA,H170T,0.0003,0.0003,6,1479
CGCATATCATATATGC,P236R,0.0003,0.0003,6,1472
TCCCTTACTACTTTAT,L280F S389T,0.0003,0.0003,6,1466
CTGCAAACATTCAACA,,0.0003,0.0003,6,1463
ATTACTAATGTATATT,K161C A328V,0.0004,0.0004,6,1454
CCCAGTATATACAGAA,M214K,0.0004,0.0004,6,1443
CTAACAAACAAGGACG,T375I,0.0004,0.0004,6,1443
ATTCCTTAATTCTGGT,N99S,0.0004,0.0004,6,1428
AAAAGGGATGCACAAA,G206V A328T,0.0004,0.0004,6,1425
GCCCTTGACATATCGT,,0.0004,0.0004,6,1425
GTATCATACCAGTAAG,K88W,0.0004,0.0004,6,1412
CGTCCCATACTCCATT,,0.0004,0.0004,6,1411
GCCCTAACAATATTAG,K161A R207S,0.0004,0.0004,6,1403
CGACCTTGGTAGAGGT,S389W,0.0004,0.0004,6,1392
TAAACGGCACTGAATT,,0.0004,0.0004,6,1392
ACTTACCCCCCTTAAA,F140I T261L,0.0004,0.0004,6,1389
AACCTGGCAGAAAAGT,,0.0004,0.0004,6,1386
AATTAATCAGACACAT,M19H,0.0004,0.0004,6,1372
TCTACAATGAAGGTAA,,0.0004,0.0004,6,1369
AAAAGGATGGTCATGA,G174S,0.0004,0.0004,6,1361
TCCCCTTGATAAGCGA,K63A,0.0004,0.0004,6,1361
TAACTAACCCAAAGAT,,0.0004,0.0004,6,1356
ATATTAGTGTTTAGAA,G181E,0.0004,0.0004,6,1354
ATAAGAAGTGAACTGG,M312T,0.0004,0.0004,6,1343
GTCGCACCTCATTCTA,D122E T274F E287T,0.0004,0.0004,6,1343
TGATTTCTTACCACAA,A176V G181R T274H,0.0004,0.0004,6,1342
CATAAAAATAATATCC,W283N T296L,0.0004,0.0004,6,1339
GGTTCACGGCATCTAG,L51Y,0.0004,0.0004,6,1332
TTCAAACTACCTACCT,H131E H179Y D268L,0.0004,0.0004,6,1321
TTAATCTAACATGAGA,N79S N99Y,0.0004,0.0004,6,1307
GTCGCTAGTACCCAAA,,0.0004,0.0004,6,1304
GGCTAGATGTATACCA,,0.0004,0.0004,6,1302
TATCGAAAATAAACAC,,0.0004,0.0004,6,1300
CTCAATGATTCGAAAT,N209T S269Q,0.0004,0.0004,6,1298
ATGCTTATCAACTACC,,0.0004,0.0004,6,1292
AATTCCTTAAAAATAT,L78F,0.0004,0.0004,6,1291
TCTGGTGGTAACATCC,F140W A297D A330S,0.0004,0.0004,6,1291
ATCGAGGTTGTATAAT,,0.0004,0.0004,6,1287
AATAATCACAAAGTTT,,0.0004,0.0004,6,1273
AGATATGAAGTCCATC,E228H,0.0004,0.0004,6,1269
AAATCCCATTCCTTTG,D130T,0.0004,0.0004,6,1266
ATTACTTCAAATAACC,,0.0004,0.0004,6,1260
GTGGTGATAAGTAACG,,0.0004,0.0004,6,1258
TGTCCCTTATGCGAGA,F117L,0.0004,0.0004,6,1252
CTATGTTAAACAAGAG,G206I,0.0004,0.0004,6,1251
CCCCTCTTATAGCGTA,D130M A202N,0.0004,0.0004,6,1234
AAAAATACCAGAGGAA,,0.0004,0.0004,6,1230
AATGGGTAACTCAAAA,K481N,0.0004,0.0004,6,1225
CAATGCAATTGCCCCC,A132I,0.0004,0.0004,6,1220
AGACTTAGCGCGATCC,I136V G276S,0.0004,0.0004,6,1215
CACACTTACCAAATAA,,0.0004,0.0004,6,1210
AAATGACTTTCAGAAT,L133I,0.0004,0.0004,6,1201
CGATACCCACCAACTG,,0.0004,0.0004,6,1201
ACATGTTGCGATTCCA,,0.0004,0.0004,6,1198
GTAAACCATAGCACGG,,0.0004,0.0004,6,1188
TGCTGATTGAAGCCAC,,0.0004,0.0004,6,1188
ACGTAAAATTAGAATA,,0.0004,0.0004,6,1180
TTTTTCCCGGACACGG,S163N,0.0004,0.0004,6,1176
ATGTATAAGTGACGTA,Q335S,0.0004,0.0004,6,1167
GTTGATCTTGAATTGA,,0.0004,0.0004,6,1167
ACTGGCCCACACAACA,H115N G294K,0.0004,0.0004,6,1163
ATGCTATCTTTTAAAG,L35S,0.0004,0.0004,6,1161
GTCCGTTCCTAGTTAC,F262G,0.0004,0.0004,6,1159
CGGAGAACAGCACAAA,N302E Q405W,0.0004,0.0004,6,1157
CACTGGGTAGAATAAT,R193Q,0.0004,0.0004,6,1153
CGAAGAATATCGTGAG,S205I,0.0004,0.0004,6,1151
AACATGCAACTTTGAT,E100G,0.0004,0.0004,6,1150
TCATCATCTAAAAATT,K161M,0.0004,0.0004,6,1147
ATAAGTTAAAATACGC,,0.0004,0.0004,6,1146
CGTTGTGACAATGCCA,,0.0004,0.0004,6,1146
ACAAACATGAGCGACG,N119S,0.0004,0.0004,6,1144
CTATTTGAGTGACGAA,S60G E100T T110H F140L S267G,0.0004,0.0004,6,1141
GTCATTAAGAAAACAG,D268L,0.0004,0.0004,6,1141
ACAACTTGCCTTTCAG,D204Y K272V H305K,0.0004,0.0004,6,1137
TTACACGCATTAGATG,,0.0004,0.0004,6,1137
GTGAACCAAAACCACA,,0.0005,0.0005,6,1135
ATATTATTTCCTGAAG,W264F,0.0005,0.0005,6,1129
GTAACTGAAGAATAAT,,0.0005,0.0005,6,1129
CCAACTATTAGGACAA,N158F A297I,0.0005,0.0005,6,1126
CTTTGTATTGTGACTG,,0.0005,0.0005,6,1123
ACCAAGTTTATTGGGA,Y36C A343S,0.0005,0.0005,6,1122
GATCAAAGACATTACA,S163L,0.0005,0.0005,6,1119
GGCAAATTATACACGA,,0.0005,0.0005,6,1115
AAACGTACTCAAAAAG,G271N,0.0005,0.0005,6,1112
TTTGAATGGACTATTA,,0.0005,0.0005,6,1112
AATAATAAAGATTATT,K116A,0.0005,0.0005,6,1106
AATTGGTGGAATCTTC,,0.0005,0.0005,6,1103
GAATGTCTCACAATTT,,0.0005,0.0005,6,1096
CGGGGCATGGCGTAAA,T226V E303K,0.0005,0.0005,6,1094
CTAGATTACTTATTTC,T101I,0.0005,0.0005,6,1090
TGCCGACGTGGTAGTA,N224R,0.0005,0.0005,6,1089
ATCGCTACAGACGTTC,I15V L103I,0.0005,0.0005,6,1087
TGCATACCTACAAACT,E104G M359L,0.0005,0.0005,6,1082
CGTTTATCTAAAAAGT,,0.0005,0.0005,6,1081
CCATACCCGAATGGTA,F157M,0.0005,0.0005,6,1074
AAATAATATATATCTG,,0.0005,0.0005,6,1073
AGGTACAAAAACTGAT,I201Q,0.0005,0.0005,6,1071
TTCATGGTAAATTGAA,G159R,0.0005,0.0005,6,1069
GGTAAAATCCCCCAAT,,0.0005,0.0005,6,1066
TCCGTAATTACCTTTG,T106I,0.0005,0.0005,6,1059
ATGGGATATTGCGAAA,,0.0005,0.0005,6,1052
CAACAGCATATTCTCA,F157V H471Y,0.0005,0.0005,6,1049
GTATACATCGTTCAAG,,0.0005,0.0005,6,1049
AATTTAAGATCAATAA,I254T S389D P483S,0.0005,0.0005,6,1047
TACGGCAACATAGTTC,E270Y,0.0005,0.0005,6,1045
TGGTCTTTCAATGATT,V31G,0.0005,0.0005,6,1044
TCATTAGGAAGCCGAC,,0.0005,0.0005,6,1043
CCCCCCGAAGTACTCG,G206C S400I,0.0005,0.0005,6,1042
TACTCGCACACAGAGG,,0.0005,0.0005,6,1040
ATCACCAGATTGAGCA,A195S,0.0005,0.0005,6,1034
GTCGGAAGCACCTAAA,E100W,0.0005,0.0005,6,1028
TGAACCATGAAGATCC,A343L,0.0005,0.0005,6,1025
ACGCATGACCACGACT,,0.0005,0.0005,6,1024
AATATAACCAAGAAAG,Q335G,0.0005,0.0005,6,1022
TCTCGTTCAATGTCAA,,0.0005,0.0005,6,1021
CTTATAACTGGAATCA,E303K I474V,0.0005,0.0005,6,1006
TGATGTATTAAAAAAA,G294R,0.0005,0.0005,6,1003
TAATCAATTCAGAAGA,,0.0005,0.0005,6,993
AAGAACTTCAACTATA,W210K K425R K461R,0.0005,0.0005,6,991
AGGGCGAACCACTCGG,E151H Q482W,0.0005,0.0005,6,990
AGCCCTGGCCTTCTAA,K272N Q406L,0.0005,0.0005,6,989
CAATTTCCTAATAAGC,M80I S333H,0.0005,0.0005,6,988
GAACACTGACAAGAAG,Y241W,0.0005,0.0005,6,988
AATGAATTTTCCCATA,T58S,0.0005,0.0005,6,985
TCCATTAAATTAGAAC,M75F E100Q K116W M351E,0.0005,0.0005,6,985
GAGAACAATTAAAAAA,,0.0005,0.0005,6,984
ATATCATGGACTATCC,,0.0005,0.0005,6,976
CAGATTTAATACAACG,G160L,0.0005,0.0005,6,974
TCCTAATTAAAAATAA,K490M,0.0005,0.0005,6,969
ACCAACCCAATGTAAG,,0.0005,0.0005,6,965
ATTTATCAACTTCGTG,R325V,0.0005,0.0005,6,965
TGAGAACTGCATACGA,M332S,0.0005,0.0005,6,964
AAAGTGTAGTTCGTCC,T226S,0.0005,0.0005,6,963
GCCGCTTTACGAAACC,I15V M332K Q406L,0.0005,0.0005,6,963
TGACACACTCCTAACA,,0.0005,0.0005,6,963
CCTTCGCCTGACCACA,G54S T81S G206V,0.0005,0.0005,6,958
TAAAGGATCTACTCAA,,0.0005,0.0005,6,957
GAGTGACAACTTAGAG,,0.0005,0.0005,6,952
TGCGTCTATACGATAT,R250L,0.0005,0.0005,6,951
CTAAACGAGTTTCACA,T59I H131R I201T I221L T261G,0.0005,0.0005,6,947
TAGATGGGCCTTAACG,M134L P483A,0.0005,0.0005,6,947
GAACAAATATTGCTCG,G197A,0.0005,0.0005,6,946
GCTCGCTGAAAGAGTA,,0.0005,0.0005,6,943
TCGGGAACGATAACTA,Q232R,0.0005,0.0005,6,941
CTCCACAGTAGTAGAT,Y172M,0.0005,0.0005,6,940
CATATTCGTGTTAATT,G181F M332K,0.0005,0.0005,6,939
CGAGGCTATATCAGGA,K352V S400I,0.0005,0.0005,6,939
AATTTTGTGCGAATAG,I201V S476A,0.0005,0.0005,6,937
TATTCGTGGTGGATAG,F140L,0.0005,0.0005,6,935
AAAATCGGCACCTCTA,L105V I239M,0.0005,0.0005,6,932
AACCTGCATTAGAACC,I252A,0.0005,0.0005,6,932
CGGGTCCAAGTGGTAA,S60F H170F,0.0005,0.0005,6,930
ACTCCCCCTATGCATA,T59W S163T G429S,0.0006,0.0006,6,924
TGAGTTCCCACTATGA,P236R,0.0006,0.0006,6,923
TAATAGTTATTCACAA,I337M,0.0006,0.0006,6,920
TGTATTACCGCATCGA,,0.0006,0.0006,6,920
TCTAAGGATCATCCAC,N90G V97S Q482K,0.0006,0.0006,6,918
GTCCAGATGTCTATAC,,0.0006,0.0006,6,915
TCGCACACTAGGTGCT,A299T,0.0006,0.0006,6,914
CCGGGTATGTGTATCA,E104A,0.0006,0.0006,6,913
AATAAGGATACTTTCT,,0.0006,0.0006,6,912
ACCGCCCAATTTTACA,D229T,0.0006,0.0006,6,910
TTGACCATCCGCCAGT,T48S E100S M134R N395L,0.0006,0.0006,6,909
AACACCCAAAAAAAGA,G478E,0.0006,0.0006,6,906
AGCATGTACCAGCCTC,D156F G484I,0.0006,0.0006,6,905
CACATCCAATTTTCAC,L61H G160S Q232L,0.0006,0.0006,6,905
GCGTAATATTACGCAA,G160Y,0.0006,0.0006,6,901
AGAAGGCTGCAAAGCA,W196L,0.0006,0.0006,6,899
CAGACTGAGCATTGTT,Q247G,0.0006,0.0006,6,899
AGAGCCCCCTGGTCAT,I112T,0.0006,0.0006,6,898
CTCGACTATAATTGGC,,0.0006,0.0006,6,898
AAAATGCACGAAGGAC,,0.0006,0.0006,6,890
TAAGTGCACAGCTTCC,M80Q H354S,0.0006,0.0006,6,886
ACAATATCCCTACTTA,Q165A,0.0006,0.0006,6,884
TATCCTAATGGTTCTA,,0.0006,0.0006,6,884
GGGCGATTTGCGAAAG,,0.0006,0.0006,6,882
GTAAGTGTCCAGAATG,L142N,0.0006,0.0006,6,875
AATACCAGTATGTGCT,E67Y,0.0006,0.0006,6,864
AACATGTTATTTGTTT,K465L,0.0006,0.0006,6,862
GGAACCTTCTAATATA,M472R,0.0006,0.0006,6,859
ACCATCCAATAAATCG,,0.0006,0.0006,6,856
CCCAAACAAAGCGGAG,,0.0006,0.0006,6,856
GTCAAAATGGAAAAAC,A25C S138N,0.0006,0.0006,6,854
TCCTTAATTTGCTAAT,Y253L,0.0006,0.0006,6,853
CTTTAACCGTTGCAAT,P275R,0.0006,0.0006,6,851
TAATCGAGAGAAGGAC,T225I,0.0006,0.0006,6,850
AATAGAAAGATCATAT,,0.0006,0.0006,6,848
TATTGTTAACCACAAC,G391C,0.0006,0.0006,6,847
AACAGTAGGGATTACG,T182S,0.0006,0.0006,6,846
AACACCAACGTGGATA,D268G V459K,0.0006,0.0006,6,843
GGCGAGGTCAAAACAG,H131M,0.0006,0.0006,6,843
CCAATGGCTTTAATGC,Q324M A330G,0.0006,0.0006,6,838
GGACTGCAAATAGACA,A132S A176L I474K,0.0006,0.0006,6,838
TATAAATAGTCTTAGA,,0.0006,0.0006,6,837
ACTGTAAACGTAGGAT,,0.0006,0.0006,6,835
CTTGCAAAACATCATC,A340V,0.0006,0.0006,6,832
GGTATTAAATATGGCA,T101D G276K,0.0006,0.0006,6,832
TGCATGACTCTTAAGA,G240S,0.0006,0.0006,6,832
CCCTGGGCTGAATGGT,V44S Y200T,0.0006,0.0006,6,831
GTTGTCATGTGATAGA,,0.0006,0.0006,6,824
TTTGCGAATATGGGCT,,0.0006,0.0006,6,822
ATTCAATAAAACCGGA,,0.0006,0.0006,6,820
CTCCCCCAACAGGCTT,,0.0006,0.0006,6,819
CTAAGTCATCGGAACA,,0.0006,0.0006,6,809
GTGTGCGGCTGCCAAG,N90T W210V D273R,0.0006,0.0006,6,804
AAGTTTTAACTTTAAA,K272N V485M,0.0006,0.0006,6,803
AACTGTGACATACACT,,0.0006,0.0006,6,801
GAACTGTAGAAATCCA,L107V S269Y,0.0006,0.0006,6,797
ACTTCATGTCATCCTA,T274S,0.0006,0.0006,6,790
AAAAATATGGCTACTG,,0.0006,0.0006,6,789
GCAGAAACCCAATGGT,,0.0007,0.0007,6,780
ATTGAAGAATCTGTCT,G160R,0.0007,0.0007,6,775
AGCTCTGATCAAATAA,E10C F157Y H354V,0.0007,0.0007,6,774
AGGTCCCAAAATACTT,S389Y,0.0007,0.0007,6,769
AAATAGATTTTAAAGC,,0.0007,0.0007,6,768
ATAAAACATCACATTT,E104L S462Y,0.0007,0.0007,6,767
ACAAGACAGGCAATCA,S462N,0.0007,0.0007,6,760
TACTGTCCTAATAACC,I24W,0.0007,0.0007,6,758
GACTCTGCGATATTTC,T261C,0.0007,0.0007,6,754
TCCGACACATCAGTTA,,0.0007,0.0007,6,753
GCGACAAGCTTAAGGA,S267A K490S,0.0007,0.0007,6,751
CTGACGCGCCTATAAG,W227I P483F,0.0007,0.0007,6,748
GCTGTATCATATATAC,A173D A177I,0.0007,0.0007,6,746
CAAGAGAACAAGGCGG,I474M,0.0007,0.0007,6,745
GCGTCCCCAACCGAAT,C180V,0.0007,0.0007,6,744
GTAAGCGAACTCAAAT,,0.0007,0.0007,6,744
TGAGACAAACAAAAAA,G64D,0.0007,0.0007,6,742
GTAGTATAACGCCGGA,K88M T376G,0.0007,0.0007,6,741
AATCCTCTATAACCCA,,0.0007,0.0007,6,737
TAATATGATGCGACCA,S154V,0.0007,0.0007,6,736
GTTACCTCAAAAAGTC,G260V E303T,0.0007,0.0007,6,735
ACCAACCAATACTACC,S333C,0.0007,0.0007,6,732
TTTCTCAAAATCGAAG,Y253V F262V,0.0007,0.0007,6,730
TCAATGGCACTAACAT,S400G,0.0007,0.0007,6,728
TCACTGCTCCAAGTAG,H93N,0.0007,0.0007,6,727
ACATTAGCGATCTCGC,N90C I162N I337W,0.0007,0.0007,6,726
AAAAAACTTCAGCCAC,,0.0007,0.0007,6,725
ACACAAACTTTATTAA,,0.0007,0.0007,6,725
ATAATTTATAGGACAT,T376S,0.0007,0.0007,6,723
TGAGAAAAAAAAATTC,,0.0007,0.0007,6,720
TGGATAGACAACGGCA,,0.0007,0.0007,6,716
TTAACCTGTACGTTCC,,0.0007,0.0007,6,716
CAAACTCTTAATACAT,,0.0007,0.0007,6,714
CTGTTCCCAATCCTAA,L32S A177G S246C,0.0007,0.0007,6,714
TACCCACGTACCACTA,T225S S267G,0.0007,0.0007,6,714
AGAACACAATCATAAA,,0.0007,0.0007,6,713
GTGAGTTAATTTATCT,F233R,0.0007,0.0007,6,710
GGGAAAATCGTAATTA,,0.0007,0.0007,6,709
CAAACATAGAGTCTGT,M414L,0.0007,0.0007,6,708
AATAAGTTAATGCCTG,S246T,0.0007,0.0007,6,704
TCAAAACATACTAGTT,E151V E421D,0.0007,0.0007,6,700
AAGCTTTTCACATTAA,Q3A,0.0007,0.0007,6,699
TGACAGTCGATTTAGC,,0.0007,0.0007,6,699
ATAGTATCCCAAAAAT,L285F,0.0007,0.0007,6,696
GGTCCTTACATACTTA,S171N,0.0007,0.0007,6,692
ACGCGATCGCCAGACT,T87N,0.0007,0.0007,6,691
GAGCTTGGCTTGGTTA,H13F G391H I452M,0.0007,0.0007,6,691
GAATACCAGTAGGCTC,V298F,0.0007,0.0007,6,689
TTCCAACATAAAGCCC,K461G,0.0007,0.0007,6,688
ATCTAGTAGACAATCA,I112R G198S,0.0007,0.0007,6,687
TGATACAAGGACAAAA,,0.0007,0.0007,6,686
TAGATGCGAGTATTTC,,0.0007,0.0007,6,685
CCGAAAATAAGTTTTT,,0.0008,0.0008,6,678
ACGTTTTTACTGATTC,K63F M96K N158H G174I H471L,0.0008,0.0008,6,677
AATCCTCATAGAACGA,G391Y,0.0008,0.0008,6,676
CTATACTGCCTTTAAA,T225L F233K L290A K300A,0.0008,0.0008,6,676
CTGAACCTTCCGTTAA,S91R,0.0008,0.0008,6,674
ATAAGCCATCGACTGT,G54D,0.0008,0.0008,6,671
GGCTCACGGGCTGCCA,,0.0008,0.0008,6,668
ACATTCTAGAAACTAA,,0.0008,0.0008,6,667
AAGTCACTGTGATCTC,A184L Q331T L428V,0.0008,0.0008,6,665
CTTACTCGAGCGAAGC,V47L N158I A340M,0.0008,0.0008,6,664
CATGACGTATCAGCAT,T225F,0.0008,0.0008,6,660
TCCAAGTATGATAAAA,,0.0008,0.0008,6,657
TTCAAGAGAGACACAA,N319S,0.0008,0.0008,6,657
GACGAACTTCCTAGTC,,0.0008,0.0008,6,655
TCCTAAGCATGGGCCT,F7I I458L,0.0008,0.0008,6,654
CACCATGGCAGGATAA,L68M Q335W G378K,0.0008,0.0008,6,651
TACCGATTCTACTCTA,Q3N S462W,0.0008,0.0008,6,651
AGAACAAGTCTCATAA,,0.0008,0.0008,6,650
AAAATAAATAACGCCG,V164L A340H,0.0008,0.0008,6,647
GCGGAACCTATGAATT,D156F,0.0008,0.0008,6,647
CTGAACGCCACCCAAC,,0.0008,0.0008,6,645
AATTAACAATAGAGTA,,0.0008,0.0008,6,644
TCAGTACGGTTCAGAG,W264L,0.0008,0.0008,6,644
TAGAGAAGAAGAACAG,S171L,0.0008,0.0008,6,643
AGTAACGCTAAAGTTA,M332G T376S,0.0008,0.0008,6,642
ATAGTACATGCATTCA,,0.0008,0.0008,6,640
ACGAGATACGTGATCC,D122W,0.0008,0.0008,6,636
AGATATCTCACGCATA,S60G E100G,0.0008,0.0008,6,632
GGAGATAGCCGACTAC,K368R,0.0008,0.0008,6,631
GGTATCCTGGTTAAGG,,0.0008,0.0008,6,631
CACTCGGCTATAATGA,A202R Q223L,0.0008,0.0008,6,629
TCCTAGCCAAATAGCT,A343V,0.0008,0.0008,6,627
ACTAAAAGCATTTCTT,N390V,0.0008,0.0008,6,625
ATAACGACACAGACCA,G206R,0.0008,0.0008,6,625
TAATGAATATTCCATC,G54N,0.0008,0.0008,6,625
AAATAACATGACAGTT,,0.0008,0.0008,6,624
ATATTGTACTCCACAA,E16D,0.0008,0.0008,6,622
ATGAAAAACGCGTCCG,I358L,0.0008,0.0008,6,622
ATATTAGTTAGACAAT,H179L E287R,0.0008,0.0008,6,620
CAAGATAATGATAGTT,,0.0008,0.0008,6,620
GATCACTTGTGTACAA,S27I G260V,0.0008,0.0008,6,620
AGAGATCTAGTGACGG,G208S,0.0008,0.0008,6,619
ATCACACTGAGTAATG,K63R F233V,0.0008,0.0008,6,619
CGATCGATACAATTGA,M472K,0.0008,0.0008,6,619
GAAAAATATACTAGGT,S234C,0.0008,0.0008,6,618
AGTAGCCTGAAACAAA,S255V A328L,0.0008,0.0008,6,615
GAAACACCCCCCCTCA,F147E,0.0008,0.0008,6,614
CCAATATATACCAGTG,A177T,0.0008,0.0008,6,612
CAGGCCACACAATTAG,G198P,0.0008,0.0008,6,610
TTATTCGTACCCTTTA,Y150L Q321M,0.0008,0.0008,6,610
TTCGTTCAGTAGAGTG,T59F,0.0008,0.0008,6,609
TTATCTAGAATATATT,L133E M214E,0.0008,0.0008,6,604
CCGTGACCTACCTTTG,A202I,0.0008,0.0008,6,603
CTTTTAAGATAAATTA,,0.0008,0.0008,6,602
GTCTTATATATGCATA,,0.0009,0.0009,6,599
TCGAATTATATAAATC,D156L A173V,0.0009,0.0009,6,590
CAACTGAACATAACGA,A173D,0.0009,0.0009,6,588
AACGATGGAAATGACA,A288T S439V,0.0009,0.0009,6,587
CAGCTAATTTAGACTA,,0.0009,0.0009,6,585
ACTGTCTCCCATCTGG,,0.0009,0.0009,6,579
AGGATCAAGGAAGTCC,,0.0009,0.0009,6,578
TATTGTCGCAGAGTCG,F7* M82V I337N I345T T438N,0.0009,0.0009,6,578
AAGAAATATGAAAGTC,T226F,0.0009,0.0009,6,577
TCTCCACAAAGCCCCA,L245N W283R N342P,0.0009,0.0009,6,577
GCAAACAACAAGCTTA,E10V G174W,0.0009,0.0009,6,575
CGACCCCACCACCGCA,,0.0009,0.0009,6,574
TATATATAGAATTAAC,,0.0009,0.0009,6,572
TATGCCGAGGAACATA,H179S I201Y V388A M472Q,0.0009,0.0009,6,572
CGGAACAAATAGTAGA,,0.0009,0.0009,6,571
CGACTGAAAAGCCTAT,A30V N90T,0.0009,0.0009,6,570
TAATAACCAAGTGCGA,,0.0009,0.0009,6,570
TGAATCACTTTTGTAA,K352Q T377S,0.0009,0.0009,6,569
GGAGACCAGTAAAACC,D130S,0.0009,0.0009,6,566
TAAATCAGTAGTCCCA,S121K N127M G186L,0.0009,0.0009,6,566
AAGACTATGAACCGTG,S462K,0.0009,0.0009,6,563
TGTCCACAAACTGATC,,0.0009,0.0009,6,563
CTTGACATAGTTTAAG,,0.0009,0.0009,6,560
GCATGTATAACAGAGG,G98H M192L,0.0009,0.0009,6,559
CCTTTGTTGTTGCCTA,V18A L29V A288L,0.0009,0.0009,6,557
GCAGAAATAGTAGAAC,E151Q,0.0009,0.0009,6,557
ACAAAATAAGTATGTA,D130R,0.0009,0.0009,6,555
AGATAATGGATCATAA,,0.0009,0.0009,6,554
CCAACCTGGCGTGAAT,Y217N,0.0009,0.0009,6,552
CGAGCCAGTTCCACAG,L78F N158Y,0.0009,0.0009,6,552
TCACGAAGTAATTACA,D273Y N395Y,0.0009,0.0009,6,552
TGACATTAAATAAAGC,M214N,0.0009,0.0009,6,551
CGTATATAAGCTAAGC,,0.0009,0.0009,6,550
AAAAAATGAAAAAAGA,Y480W G484Y,0.0009,0.0009,6,549
TATTTATAGCGCATAT,Q331E,0.0009,0.0009,6,549
TTCGTATATCCACTTT,T274P L326S,0.0009,0.0009,6,549
TGCACACAAAAGAGTA,I15V,0.0009,0.0009,6,546
ATTACAACTGATGTAC,N99T D273S,0.0009,0.0009,6,545
TGGGAGATCCAGCTAG,,0.0009,0.0009,6,545
GTAATGATCTAACAAC,E76Y,0.0009,0.0009,6,543
ATCATTTAACATGCAT,Y150L,0.0009,0.0009,6,542
TGAGCATCTTTAACCA,,0.0009,0.0009,6,542
GAGTGGATACTTTACC,H13W V65W L142I,0.0009,0.0009,6,541
GACTTATCCAGCACTA,,0.0009,0.0009,6,540
ATTTCAGAGAGCATAA,,0.0010,0.0010,6,538
GATTCTACTTGTACTC,,0.0010,0.0010,6,538
AACCGATATGGCTCGT,,0.0010,0.0010,6,536
AAAGATAAGCGCAAAT,,0.0010,0.0010,6,535
CTCAATGAACTGACCA,G378Q,0.0010,0.0010,6,535
GATAAAGCGATTGACC,,0.0010,0.0010,6,534
ACATCCAACCGCAACG,G98D S462R,0.0010,0.0010,6,532
ATTAGAACACAGCAAC,,0.0010,0.0010,6,532
AGCATGCATACCTATC,,0.0010,0.0010,6,531
TCCCAGACCAAATCGT,L103I L349H L479I,0.0010,0.0010,6,529
CGCCTTTTGGCGATAC,T81S G271S Q416S,0.0010,0.0010,6,522
GAGAGTCGTAATGCCT,V22L T190Q,0.0010,0.0010,6,521
AACACTATGCACACTC,E303K,0.0010,0.0010,6,520
ATCTATAAGCTTCACT,N178K,0.0010,0.0010,6,518
CATCTAGGAAACTAGT,,0.0010,0.0010,6,515
CTGTTTCGATAATTCT,,0.0010,0.0010,6,512
TGCTTTATGTGGAAGA,S169F,0.0010,0.0010,6,512
ATGATTTACCCCTGAC,S234N,0.0010,0.0010,6,511
ACACATACATGTCTAT,,0.0010,0.0010,6,505
CGCAATTACGAACAGT,,0.0010,0.0010,6,505
ATGCAAACCCCCAGCT,Y200L,0.0010,0.0010,6,496
AATGTAATCAAGACGA,L245R,0.0010,0.0010,6,495
TGAGCCTAATATAGAC,E76S G243D S267Q,0.0010,0.0010,6,495
GTTGACACAGCGAGAA,C180S M194L,0.0010,0.0010,6,493
ACAAACTAGGATATTG,M214S,0.0010,0.0010,6,487
GGAAATCACCGCTTTA,T380I,0.0011,0.0011,6,481
TACGAATTAAACTGGC,K291L,0.0011,0.0011,6,477
AGGAGGATCTACGCAA,V5L T70L,0.0011,0.0011,6,476
ACTTCCGCCCTTTCAG,,0.0011,0.0011,6,474
TATAAACATAATAGGT,I201H,0.0011,0.0011,6,472
AAAGCTCGTATGGCAA,V11S L382G,0.0011,0.0011,6,470
TTTTACCCCACGAACT,S111W D211S D273A,0.0011,0.0011,6,468
GGTATTGTTATGATAA,E396T,0.0011,0.0011,6,466
CGGCGACACTACATTG,,0.0011,0.0011,6,465
CTTCAACACCGTCAAC,V97A N158R E303V A330I,0.0011,0.0011,6,465
AATTTGATACACCCTA,T59K G174V K417E,0.0011,0.0011,6,464
CAACCTCTACGTTGCT,N127S K272F,0.0011,0.0011,6,462
AAGCTAATAGCTATGT,S199F,0.0011,0.0011,6,461
TCGACCTTAAATAACC,G243A,0.0011,0.0011,6,461
CAAGTAACAGGAGTCA,D204G E396W,0.0011,0.0011,6,460
ATTAGTTAGGGCAAAA,,0.0011,0.0011,6,458
CTCAAACTAGATGTAA,,0.0011,0.0011,6,458
CTTTGAGGAGGAACAG,N395T,0.0011,0.0011,6,458
AGAGCATAATTTGTCC,L266F,0.0011,0.0011,6,456
CTTATTCATATACATA,N79K,0.0011,0.0011,6,456
CTAAATATAAATATAC,G160D,0.0011,0.0011,6,454
CCCACGTTATAAGCAG,L449M,0.0011,0.0011,6,448
AGCACAAAGAATAAGG,,0.0011,0.0011,6,447
AGGGAAGAACTCTAAC,K272L S437N,0.0011,0.0011,6,445
TATGTAATAATTTGAA,S476M,0.0012,0.0012,6,443
GGAGCTAATAACTCAA,K161N S269L V459T,0.0012,0.0012,6,442
GTGAACCAAACCTAAC,A176N,0.0012,0.0012,6,440
TAGAAAATGACTAATA,Q218H,0.0012,0.0012,6,440
AGCCCAAACCAATAAG,T110F A152T,0.0012,0.0012,6,439
CGAACTTCCACAGACG,F7Y,0.0012,0.0012,6,438
CATCTGAGTGTCGGGA,K88L,0.0012,0.0012,6,434
GTACTTATTTTGTGGA,E72A,0.0012,0.0012,6,433
CCTAGACGAAGTAATA,T261A,0.0012,0.0012,6,432
AAACGCAAGTAAACCC,N127M,0.0012,0.0012,6,427
CACTAGCTAAAAACCA,I113N,0.0012,0.0012,6,427
AGGGAGCAGACCACGG,N178L,0.0012,0.0012,6,424
CCCTATTAATGTAGAA,K339T H374V,0.0012,0.0012,6,424
GTGACACGTCGTTTTT,K161E I337L,0.0012,0.0012,6,424
CGAGAATGATTCCAGA,A152F F233I R422F,0.0012,0.0012,6,423
ATACAATCACATTTAC,,0.0012,0.0012,6,420
AAGACGGGAACTAGAA,,0.0012,0.0012,6,418
GCTGCTAGACAGAGTC,I213A R379G,0.0012,0.0012,6,418
TCTAATGGCTGGTATA,,0.0012,0.0012,6,418
GGGAAGCGTCCAATTT,,0.0012,0.0012,6,417
GCAAAACAGGCGCAAA,S121A H179S,0.0012,0.0012,6,413
TGTACTCTAATCTCCG,,0.0012,0.0012,6,413
TTTCGGAACAAAAAAT,Q218L H374Y,0.0012,0.0012,6,411
ATAAGAAGGGACACAA,F262A,0.0012,0.0012,6,410
AATGTTCAGTACTCGA,H115D I254N E287D T296L,0.0013,0.0013,6,405
GTGTGTATACCCCAAG,Y129K,0.0013,0.0013,6,399
TTGAGTCTAATATCCA,Q9I K161M,0.0013,0.0013,6,398
AGACAGTCCAATAAAC,G197D E270T I334L,0.0013,0.0013,6,396
CCGGGCGGTATCCTAA,M96I E151K I361L,0.0013,0.0013,6,392
TAACTCTAGAGTATCC,A25L G102A,0.0013,0.0013,6,390
GGCAGTGCAGTACAAC,V28P I144Q T296G,0.0013,0.0013,6,386
TTACTGTATCCAAGTG,S389V,0.0013,0.0013,6,385
AAAACCTACGAAAGTA,D268C,0.0013,0.0013,6,380
TATGCGCGACAGAATC,,0.0013,0.0013,6,380
ACACTCTGATAATCGG,E151Q S269Y I474S,0.0013,0.0013,6,379
ACGGTCTAATAAATGG,E151C H179N H398S,0.0014,0.0014,6,378
ATTTCTAGCAAAGAAG,,0.0014,0.0014,6,376
ATATATACGAAATAAA,,0.0014,0.0014,6,373
AACCTTCGAAAGTTGG,M75S,0.0014,0.0014,6,372
CTAGCTTTCAGTATTT,D175P R314T,0.0014,0.0014,6,372
AGTATACTTACAACCA,,0.0014,0.0014,6,369
TGAAATCCCTCTTAAA,L78W T108S K126V,0.0014,0.0014,6,369
TAGGTAATTTGGTCCA,N470K,0.0014,0.0014,6,362
TTCCTAGCTCGATCAG,K451E,0.0014,0.0014,6,362
TGAGTAGTACCTCAAC,F233V A343M,0.0014,0.0014,6,358
AAGCTCCTAAACAACC,E396D,0.0014,0.0014,6,357
TTTCTCCTATATGAAC,L428I S437I,0.0014,0.0014,6,357
TTTTCAGATACCTCAG,N89K K161T T225R,0.0014,0.0014,6,356
GGTAACAAACCTAACA,T110S,0.0014,0.0014,6,353
ATCGCAAAAATACACC,,0.0015,0.0015,6,352
TTCTCTAAGAAGTAAT,F7W Q247K R456N,0.0015,0.0015,6,352
ACTTCTTTTGACCTAA,D211V T377W,0.0015,0.0015,6,351
ACAGACATCGTAAAGT,,0.0015,0.0015,6,347
CTTAAACGCATACGAT,D273S Q405M,0.0015,0.0015,6,346
TTAGCTTGCTCATGCC,F233L S269L,0.0015,0.0015,6,345
TGATCGCCTAGCAACC,L32F L103F Y217H,0.0015,0.0015,6,344
ACTCTCGTTCTATATA,M332A K461E,0.0015,0.0015,6,340
GGCCTGGGGGTCCCAA,S269V T375I,0.0015,0.0015,6,340
AAATATCACCCAGAAT,S135H N302V,0.0015,0.0015,6,339
CATAGATCACAACATC,T101D G360R V485L,0.0015,0.0015,6,337
TAGAGAAGATGATACA,M75K S111M,0.0015,0.0015,6,336
AAAGTAAATTGGATTC,H448Y,0.0015,0.0015,6,333
CTGTTACGGAATCAAA,,0.0015,0.0015,6,332
AGTCTATACCACCCAT,S199A E270S I337E,0.0016,0.0016,6,329
TATCCCCCAGTAGGTC,T59V G360Q,0.0016,0.0016,6,329
TGACTGTCTATGCCTT,W196A,0.0016,0.0016,6,329
TAGACCAAAAAAAAGG,W196F,0.0016,0.0016,6,326
TGCCCATCGTATTCAA,S60V,0.0016,0.0016,6,326
GCACACATAAAATTGG,S476E,0.0016,0.0016,6,325
TACTGCAGGTTAGGTC,,0.0016,0.0016,6,325
GAGCAACGTTGTATTA,,0.0016,0.0016,6,324
GCCAACGCTCAAATAC,L35M T190S,0.0016,0.0016,6,323
AGCGCCGTTTTCCGGT,G198E,0.0016,0.0016,6,322
ACGCACAAGGACTGAT,,0.0016,0.0016,6,320
TACCCGACCCTGCCTA,N302Q,0.0016,0.0016,6,319
GAAAAAATAGACATTA,,0.0016,0.0016,6,317
AATTTCATATTACCTC,Y129F L142E N158T Q232L V298P,0.0016,0.0016,6,316
TCCTGATTCAAAAAAT,K490N,0.0016,0.0016,6,311
AATTTAGAACAAACAA,,0.0016,0.0016,6,310
ATTACTACAGTTATCC,K125R S389R,0.0016,0.0016,6,310
ATTACTATCAATATAG,E308D Y369Q K465Q,0.0017,0.0017,6,308
GTTTGAGTGATCAGGA,T225I R491E,0.0017,0.0017,6,306
TCGTATTATAACCCAG,C180S E396L C463L,0.0017,0.0017,6,306
CCGAGCAAAAGGCAGA,L326Q L394I,0.0017,0.0017,6,305
TTAATTTTCACCACAT,K304Q,0.0017,0.0017,6,303
TTTACAAAATCCACCT,H230Y L285M M420A,0.0017,0.0017,6,303
TACTAACACCCAAATA,S56K L61S V164L,0.0017,0.0017,6,300
ACTCGATAGGCCCTCA,,0.0017,0.0017,6,299
TTACCATTCGTAACAA,S135A S234H A297P,0.0017,0.0017,6,298
AGAAACACACTATTGA,K320I,0.0017,0.0017,6,296
CTGATCACAATACAAA,,0.0017,0.0017,6,295
ATTCAAGGCGATCTAG,,0.0018,0.0018,6,292
CGATTAGAAAACAGAA,Y129S N395A,0.0018,0.0018,6,292
TCTCTTATGCTGGATG,H230Q,0.0018,0.0018,6,292
TACCCAGCTGAATACA,,0.0018,0.0018,6,290
AGCAGGGGTTGATACA,,0.0018,0.0018,6,289
ATTTGTCCCAATGCGT,A195I E228M,0.0018,0.0018,6,289
AGAATTTCAAGTGAAA,T296Q D306L,0.0018,0.0018,6,287
GAAGTAGGAAACTACT,S400M L479V,0.0018,0.0018,6,287
GGAGTGTTAACCCCTC,I201H,0.0018,0.0018,6,287
CGAATATAAAGAGTAA,H230C G271D T380C,0.0018,0.0018,6,286
ATTAGTACTATAACAA,,0.0018,0.0018,6,284
CCCCAGAGCCCTACAA,A123F S138V,0.0018,0.0018,6,284
GAAATCATGAGAGTCC,,0.0018,0.0018,6,284
CGGTGAATCCATCTGT,N146M,0.0018,0.0018,6,283
CTAAAAGAAATCTCAA,S476T,0.0018,0.0018,6,280
AGTCTCGACCAGCCCT,Y200I,0.0018,0.0018,6,278
CAGGCCTCAGGTAGAT,H13Y K116S G160S G478R,0.0018,0.0018,6,277
TCGCGCGGAGCTCGCA,L242T Y441T,0.0019,0.0019,6,276
GAATCGTACTACACGA,H93Y K384I,0.0019,0.0019,6,275
GCCAACGTCTTGCAGT,S56R L479N,0.0019,0.0019,6,270
CAGAACAATTCTATCT,D130P N148M N409Y,0.0019,0.0019,6,267
GACGTACGAGACGGCA,S169Q,0.0019,0.0019,6,266
GATTATAAAATAAGGA,A25I R55P D156V N390H E418S,0.0019,0.0019,6,266
CCACTCTATACGGAAA,V97Y W196S,0.0019,0.0019,6,264
GCTGATTGAAAGCGAA,Q247V,0.0020,0.0020,6,261
TCAAATTCTCACTGGG,,0.0020,0.0020,6,260
TTTCCCAACGTAACTA,T48S T380I,0.0020,0.0020,6,260
TGAGCTACAAACCAAT,F117N Y200F,0.0020,0.0020,6,259
AACAAATCAGCCAGGA,,0.0020,0.0020,6,258
ACACAAATGAAAACAC,E76N D156S W210C,0.0020,0.0020,6,258
ATCCGCCAGACTGAAC,S56R,0.0020,0.0020,6,258
ATCCAGATGTTGAATT,T225Y D268S,0.0020,0.0020,6,257
AGCATGTAAAATTCTA,A25S K88L,0.0020,0.0020,6,254
TGGCACTTATTAAGCT,Q9H,0.0020,0.0020,6,254
CATACGCTCGAACATA,,0.0020,0.0020,6,253
CATGCTAAATCAACAA,Y441F,0.0020,0.0020,6,251
CGGCACAGTATTAATA,G484V K490R,0.0020,0.0020,6,251
CTAAAATGAACGGTAA,,0.0020,0.0020,6,251
AAATATCATCCACATC,N90D N148L S400A,0.0021,0.0021,6,249
AGTAGCGACAGTATCA,R207L,0.0021,0.0021,6,249
CACTAAACGGGGATCA,N119K,0.0021,0.0021,6,249
CAGATCCAGTAGAGGG,S389R,0.0021,0.0021,6,247
CCACTCAACAACTAAT,H471R,0.0021,0.0021,6,244
AAGTCCAGCGCTCGTG,L61C,0.0021,0.0021,6,242
ATCAATAATAAGTCCT,M414R,0.0021,0.0021,6,242
AGGTAAAAGCTTAGGA,P145T A288T,0.0021,0.0021,6,241
GCTCAGTGACCATGAG,G160I W264G,0.0021,0.0021,6,239
AATCTCCAAACGAGAC,N114L,0.0022,0.0022,6,236
GCAAATTCGTCCCCGA,L449S,0.0022,0.0022,6,236
TACGAAGAAGTGGAGG,A407S N409K,0.0022,0.0022,6,234
ATCGCCCACAAGATAG,C301K M351L Y363H F440M,0.0022,0.0022,6,231
ACAGTAACAAACCTAC,V450G,0.0022,0.0022,6,230
TGTTAAAATCTCCCTT,S171V N178I T226C,0.0022,0.0022,6,230
GACGTTAGATTAAACA,M1* C212R Y217L,0.0022,0.0022,6,228
GGATTCGCTACGATGA,D357L,0.0022,0.0022,6,228
CTATCCATTCAAGGTG,,0.0023,0.0023,6,226
GCGATCTAAGGGGCAA,G198N L336C,0.0023,0.0023,6,226
TAGAGACCAAACTAAA,S121R H398Q,0.0023,0.0023,6,226
CACTAGGTTTTAACCC,L258S M410K,0.0023,0.0023,6,221
ACGTTAGGCCAAGCAC,S60L N167W,0.0023,0.0023,6,218
ATTAAAAAGAGCTTAA,,0.0024,0.0024,6,217
TGAAAGCACATCCGAA,M75K N90K T375R M420*,0.0024,0.0024,6,217
AGAGTATAGAAGTTTA,L78M F117I S163T A195C D317A,0.0024,0.0024,6,216
ATCCTAAAGCATAATA,F7N,0.0024,0.0024,6,216
TATCAATTTACTAGCG,V65T V435M,0.0024,0.0024,6,216
CTAGCCTTCGCTTCCT,V14* A177F,0.0024,0.0024,6,214
TATCTGGAGTGTCAGT,T190E A328E,0.0024,0.0024,6,213
AGTATAGTTAGAAGAC,S444A,0.0024,0.0024,6,211
CTCATATTACGTAACA,P12M,0.0024,0.0024,6,211
ATTAATACGCGTAGAT,,0.0024,0.0024,6,210
ACGTGGGTGCAGAATA,V97* G277D L326V S476L,0.0024,0.0024,6,209
AAAATACCCATAAGAC,A30V E413M,0.0025,0.0025,6,208
AAGACTCTCATTTTAT,V97T C118N,0.0025,0.0025,6,208
CAAACGGCTCCTAAAA,,0.0025,0.0025,6,207
CCCCATATTCCAAGGC,,0.0025,0.0025,6,207
GACTTCGAGTGTAGTA,L428R,0.0025,0.0025,6,206
GATCACGATACGCAGA,N209D M214L T274N Q331H G360L,0.0025,0.0025,6,206
ATCACAGAGACTATCC,L107E T182I T397S,0.0025,0.0025,6,205
ATTCCCTGTAGACCAC,K161Y C231L,0.0025,0.0025,6,205
GTATCCTTCAGCTCGA,S91I,0.0025,0.0025,6,205
GTAGAATTTATGACAC,L372P P383V L469S,0.0025,0.0025,6,204
TAAATCGTACCTGAAC,Y172W G198N,0.0025,0.0025,6,204
CGCGGACTAGGTAGAC,L259K G473A,0.0025,0.0025,6,203
TAGGTTGATCACGTTA,L430V,0.0025,0.0025,6,203
TCCAAATAGTATACGT,,0.0025,0.0025,6,203
AGAATGTCTTTACGGC,H230T N390L,0.0025,0.0025,6,202
CTCTAACTCATACACG,Y172N L242C G473E W489*,0.0025,0.0025,6,202
GACAGGTCGAAACACC,M80Q,0.0025,0.0025,6,202
AAAAAAAAACAAAAAA,E151Q Q482L,0.0025,0.0025,6,201
AACTACGCCACAAAAA,I136F C155L G198Q G294W S400A,0.0026,0.0026,6,200
AGCAGTGTTAGCAGCC,G64Y S205Y,0.0026,0.0026,6,199
TACCGGGAATTAGACA,Y278R S392N,0.0026,0.0026,6,199
AGAAAAAGAAGAACTT,N89S N99Q A173V Q218L T426V C475Y,0.0026,0.0026,6,198
ATTACCTTCAAATCAT,E16N N395I,0.0026,0.0026,6,198
CTGAAAAACCACGTAT,D311L,0.0026,0.0026,6,198
CCAACGAATATGCCCT,Y66W Q69R S163C,0.0026,0.0026,6,197
CAGGCTACGACATACG,G424D,0.0026,0.0026,6,195
GAGGATTCAAGATGTA,A299T E396A S462I,0.0026,0.0026,6,195
ACTAGGTGCTTCAGGC,P275S P427L L442E,0.0026,0.0026,6,194
ATATGGAGTTCTATAT,G45R S169T A195V G206R,0.0026,0.0026,6,194
TCAACAAGAACTTATC,V97M,0.0026,0.0026,6,194
GGAGTGCCTAGCCTGA,G294W Q482K,0.0026,0.0026,6,193
AGCTTGTATGTTGAAT,N148G Q218D S269G,0.0027,0.0027,6,191
TTAATAGATTGGACCA,G34N G98K L242I L258P N365K,0.0027,0.0027,6,191
AACATTAATAAGAATG,L449I,0.0027,0.0027,6,190
ACTGAAGTTACAATGT,C155S L428V,0.0027,0.0027,6,190
CAAATATCAGAGAAAT,,0.0027,0.0027,6,190
CATCAAAGCCTTGTGC,,0.0027,0.0027,6,190
CCACGGCGCTGGTCAT,I403C,0.0027,0.0027,6,190
TGGGCCCATCGTTCTC,S143*,0.0027,0.0027,6,190
CTAGGCGGATGGAGAC,Y393*,0.0027,0.0027,6,189
AGGAGAGTTTGTGAAC,G484R,0.0027,0.0027,6,186
TTTTTCAAATATCGCT,F140Y S169F,0.0027,0.0027,6,186
AATGCCATATTCTTAT,T59I N90F T182N I221Y P238C,0.0028,0.0028,6,185
TGTGAATAACACGTGC,M75V T108L,0.0028,0.0028,6,185
ATATCTGCACAGTCAG,S85F C212R R256I F434M,0.0028,0.0028,6,184
CGGAACAGCTGGAGTT,S121L H141S E228R M351L F446C,0.0028,0.0028,6,184
TATGATCCCACGATAA,G2L,0.0028,0.0028,6,183
AAACTCAATATAATGT,,0.0028,0.0028,6,182
TCCCGTCAAGGACTAA,E100R S171R H230C,0.0028,0.0028,6,182
TCTGTAGACATGGTGT,M1V N20Q I213G,0.0028,0.0028,6,182
AGATAGAACCAATCAA,M1F F140M N158P Y278I A340* L469R M472*,0.0028,0.0028,6,181
TCAATATAAATCCAAA,A30R,0.0028,0.0028,6,181
TCGCGAGCCTATAACA,M312T N373M,0.0028,0.0028,6,181
TCGTCCAGATACCTAG,T87H Y129S,0.0028,0.0028,6,181
AAATAAATGAATACAG,A39E,0.0028,0.0028,6,180
ATAAAACTAAAACACC,G198R T225V F440M I445T,0.0028,0.0028,6,180
ACGATTAAAACGAGTA,I239S,0.0029,0.0029,6,179
TAATCAAAATCGGATA,T139L H230M,0.0029,0.0029,6,179
ATCAGTATTCGTTCGC,I222T T412V,0.0029,0.0029,6,178
GAGATCATAATTTATG,Y366F I458P,0.0029,0.0029,6,178
TCACTCCGAATGACGC,S135*,0.0029,0.0029,6,177
GTTCTCGCCTTCGCGA,,0.0029,0.0029,6,176
ACGTCGCTCAACTAAA,E413R,0.0029,0.0029,6,175
GCCAGTATAAATGACT,I15F,0.0029,0.0029,6,175
AAGCGGGTCGGAGTCT,S143P F233G D306G S333R I403R,0.0030,0.0030,6,173
AAAAAACAGTATCTCA,Y278S P466S,0.0030,0.0030,6,172
CATCCGATCGTGTTTG,F440S,0.0030,0.0030,6,171
GAAAAATTAAAGAAGA,,0.0030,0.0030,6,171
CAACTCTTCTATAATC,L32Y S400N,0.0030,0.0030,6,170
ATCGGAAAACTAGTCA,H305A L387S,0.0030,0.0030,6,169
ATGATCAACCAAAGTT,G197S,0.0031,0.0031,6,167
AATTAACATTCCCAAG,M351I G478S,0.0032,0.0032,6,162
CAACCTAGAATAAAAA,L29C,0.0032,0.0032,6,162
GTACAACTGGGAATCA,,0.0032,0.0032,6,162
GAACGCGGAACCCAAG,Q3M G64C H374N,0.0032,0.0032,6,159
TAAAACGCTTAAATGG,Y363* E396F,0.0033,0.0033,6,157
CTTCAAATCCAACAGG,M351T,0.0033,0.0033,6,156
AAACTCAGAATTCCTT,I445L,0.0033,0.0033,6,155
AAAACCATGGCACCAA,G391N G473S,0.0033,0.0033,6,154
ACCTAAACAAAAGAGT,,0.0033,0.0033,6,154
CACTAAACCACCAAGT,L103Q,0.0033,0.0033,6,154
TCTGTGAGTTATAATA,E329T,0.0033,0.0033,6,154
ACATGGCTAGTACTAC,L23T,0.0033,0.0033,6,153
ACAACCCGTAATACTA,,0.0034,0.0034,6,151
CGAAATGTTACACTAT,H179Q,0.0034,0.0034,6,151
CTCATGATAAAATATA,I4F F38L,0.0034,0.0034,6,150
TCTCGTTAATTATCTA,L442N,0.0035,0.0035,6,147
GGCCACCTCGGCTACC,G54M D130H,0.0035,0.0035,6,145
ACGTATGGCTACCAGC,W196N E228V R325N,0.0035,0.0035,6,144
TATCAAAACGCGTACG,K88T R248K,0.0035,0.0035,6,144
GTAAGTGCCCTATCAA,C57L G186* N295P K461L K481A,0.0036,0.0036,6,143
TTTAATCCAACCATGA,M420G,0.0036,0.0036,6,143
TTCCCTCTACAAACCT,I252S C279N K461E,0.0037,0.0037,6,139
ACCAATGCATAATCCT,Y419C,0.0037,0.0037,6,138
ACCTTGATGCTTTAAT,F262D S476Q,0.0037,0.0037,6,137
GGTGAGTATGAATTTT,N89Y D156S G260T K300M I350G,0.0037,0.0037,6,137
AGCCCTGCATCGAAAG,G484P W489*,0.0038,0.0038,6,134
CCACCGACAACTGTTT,Y36G,0.0039,0.0039,6,132
GCATAAAGCTGCGTAA,S246N H398W,0.0039,0.0039,6,132
TTAAACGTTAATTCTT,H124A M134T D211M,0.0039,0.0039,6,132
ACAATGACTCAGAACT,Q165N G198S C212Y L469R,0.0039,0.0039,6,130
AGCTAGGGAAATTACA,P83S,0.0039,0.0039,6,130
TTAGAACCGTACAACT,L142Y V298S R456M,0.0040,0.0040,6,128
CACCGAATTGTACCCC,I144R G360K N390S,0.0040,0.0040,6,127
ACCTTGCCTGAGAATA,I239R L447N,0.0041,0.0041,6,126
CATCCTGCGATACCAT,I15D S121L Y166W L479G G484Y,0.0041,0.0041,6,124
GTCGAAATTTACCGGG,,0.0041,0.0041,6,124
CTAGGTCTGAGAGATA,N37A N158D,0.0042,0.0042,6,123
ACCCTTCTAGGAAATG,C475L,0.0042,0.0042,6,122
CGGATACCAAGATCTA,T139Y V388L D432T V459N,0.0042,0.0042,6,122
AAGACAATTCTTTCTT,M359*,0.0042,0.0042,6,121
CACACTTATCTCATAG,S135P A202T V450L,0.0042,0.0042,6,121
CATCCGACGTTATACT,S135L S154M I254V,0.0042,0.0042,6,121
GTAGGTGACACCATAC,F49L S121G R207G,0.0042,0.0042,6,121
AGGACCATACTTGATA,N74S A195* R325P I345T,0.0043,0.0043,6,120
GAGGGTATCCGATTAA,Y366D,0.0043,0.0043,6,120
TGAATATCAATAACTA,S56I H124F I337H N390F,0.0043,0.0043,6,120
AAGACAAGACCCCTAG,K161A G240V E404F,0.0043,0.0043,6,119
ATTCTTAAAACAGTTA,R55M H305L Q324P G429N,0.0043,0.0043,6,119
GGTCGATAAATCTCGA,G102L E307I,0.0043,0.0043,6,119
TCCCGTGTATACCAAA,L103Q A202T R325P G360V F440L,0.0043,0.0043,6,119
TGATACTTGTGTCCAA,Y253L T377L,0.0043,0.0043,6,119
AACAAGGTAACTGGCC,,0.0043,0.0043,6,118
TGCCAAGATGCCTGCC,D402L,0.0043,0.0043,6,118
CACAGTTATTTACATT,K88I F117S H131R,0.0044,0.0044,6,117
GCTTAATGAAAAATGA,I4C M19Q,0.0044,0.0044,6,117
ACCAGCGGGTCGAATG,M80T V164P,0.0044,0.0044,6,116
ATGTCTGAATAAAAAA,T139M T263R N353P,0.0044,0.0044,6,115
CACTGTACGTAATGAA,C86L T182Y S255D C475*,0.0044,0.0044,6,115
CCAGCAAAACTATGAG,A30W,0.0044,0.0044,6,115
CTCTCGATCAGCGCGC,S27M I222R,0.0044,0.0044,6,115
GACACATAACGTGTTA,N99T S476L,0.0044,0.0044,6,115
TTGCTCCATTATGTAC,G198D R379P,0.0044,0.0044,6,115
AATCGGAAATTATAAG,W210Q Y363R,0.0045,0.0045,6,114
AGAGTTAAGGCTGTAC,G45W K125E M192T S216Y K339A,0.0045,0.0045,6,114
ATACTGAAGATCCCAC,E72P H179D G197A R235V L242S Y253L,0.0045,0.0045,6,114
ATCAAAACATTCTTTG,V5Y S143L N158L Y480C,0.0045,0.0045,6,114
GTGACACCAATCGATC,Q324R N373P,0.0045,0.0045,6,114
CCATCCTAATCCAACT,L35Y Y217L E228P C477R,0.0045,0.0045,6,113
CATCAAAATGCCTAAC,R193Q Y253N,0.0046,0.0046,6,112
CCAATACACCATTATA,M1D N99Y S163H F262K Q406R,0.0046,0.0046,6,112
AGAAGCTCCCTGTAAA,T81I K339M K481R,0.0046,0.0046,6,111
ATTTGATCTCATGCTC,L61E P362V,0.0046,0.0046,6,111
TTGCTATCGAAAATAA,Q9G C53* K63E V97E D175G F191R,0.0046,0.0046,6,111
AACTACGACCAAAGCA,E72S L168R L259T K465R,0.0046,0.0046,6,110
AAGCAGGCTCAATAAC,L313S E329S N395Y,0.0046,0.0046,6,110
ATAGGCCCCATAACAC,S237E Q247W,0.0046,0.0046,6,110
CCGATCCTTAGGCATA,V28* N346D,0.0046,0.0046,6,110
CGATTTTACTAGACCC,H124Q E303Y D317T,0.0046,0.0046,6,110
CTTATCACACCAACGC,E16V G160N,0.0047,0.0047,6,109
TACTATGGGCAATGGA,V44L,0.0047,0.0047,6,109
CATCAACGCGAAAAGG,E10A Y480V,0.0047,0.0047,6,108
TACCATATCAGAGTCC,E10K E17*,0.0047,0.0047,6,108
ATCGTAACACTCATTG,K63V K126H M414Y,0.0048,0.0048,6,107
CATAAGGGATAACTCA,Y172* L336R L387P,0.0048,0.0048,6,107
GCTCTCGCGATACCCG,S111L S267F C310L N409C,0.0048,0.0048,6,107
CCGTATGAGATGTAAG,H131* I162R H179F,0.0048,0.0048,6,106
CGGGTTAACTATATGT,I452N,0.0048,0.0048,6,106
TACTTATCAAGATACG,Y166R D311C T397*,0.0048,0.0048,6,106
CACACCAGTGGACACC,F7Y L51P E303S,0.0049,0.0049,6,105
CGCAAGGTTACAACTT,G206S S216R Q348G L479R,0.0049,0.0049,6,105
GCACAACAATAGCTAA,S205C L220S Y393*,0.0049,0.0049,6,105
TCCTAACTGATTTCCG,S392A R468M,0.0049,0.0049,6,105
AACCGTACACATCAAT,L103A Y200V,0.0049,0.0049,6,104
GCATTACCTGTGTATC,E100V H124I D251G L433F,0.0049,0.0049,6,104
GCCCCTATAATCTAAA,M134* S199C,0.0049,0.0049,6,104
AATAAATGAGTACCTA,D156K,0.0050,0.0050,6,103
GAGTGCCATGCTTGAA,S143R F309V K320S,0.0050,0.0050,6,103
GCATTTGCTCAGAAGT,I4M T182N A297G S444L,0.0050,0.0050,6,103
TAGAAATAGCAAAAAA,L29G F157S R235C D347N,0.0050,0.0050,6,103
GCATAAATAATTCGGA,S255N,0.0050,0.0050,6,102
TTTCAAGAGCAAGGAT,T59* L120T N209L P483R,0.0050,0.0050,6,102
TTTCTTTCTGTAAGAC,A176V Q223F G277S C301F,0.0050,0.0050,6,102
CAGAATTGGTTGCTCA,T101S W210H H354R,0.0051,0.0051,6,101
CCATACCATATCTAAT,A297F L382S,0.0051,0.0051,6,101
GAGGAAGGATAAAGCC,G186V S199D Y393S,0.0051,0.0051,6,101
TTCTAAGTTTAGTTCA,L430C,0.0051,0.0051,6,101
AGAACAAGGAAGTATT,D357H,0.0051,0.0051,6,100
GAGGGAATCAAAATAA,L133G G473T,0.0051,0.0051,6,100
TAATTCCAAAGGAAGA,S143N D156M Q324V I345A,0.0051,0.0051,6,100
ACTGAGGTGCTGCCAG,N302L G378T,0.0052,0.0052,6,99
AGCATTTGGAACTATG,E16M V97M Y166H,0.0052,0.0052,6,99
CCACATTATTACCGGA,L290T N470P,0.0052,0.0052,6,99
TCTGAGGGTTTTCCTC,W264V M359L,0.0052,0.0052,6,99
CTGAGCAGAGTTAATA,H230L,0.0052,0.0052,6,98
GTGTACTCAAATGTAA,L35* T58D R282L V341*,0.0052,0.0052,6,98
AAACACTAAGGCATAA,E17* T87D S154Y M332Y,0.0053,0.0053,6,97
AGAGAACCAATATATA,N127I L336A,0.0053,0.0053,6,97
GCGAGAAGTCAGTAAA,F309I T397R,0.0053,0.0053,6,97
ACAAATCTGGATATAT,S111R,0.0053,0.0053,6,96
GAGACAACCAAATGCC,I334K,0.0053,0.0053,6,96
TTTAGAAGGAGATTTG,N20A R55H N295I,0.0053,0.0053,6,96
CTTATTCCACATGCAC,K352L,0.0054,0.0054,6,95
TCCTTGTGAACTTAAC,N148T Y200D I239M,0.0054,0.0054,6,95
ACCAGCTTGCGAAAAA,Y166D C475I Y480I,0.0054,0.0054,6,94
AGTTTGCTGCGAAATG,Y66F I286T H398T,0.0054,0.0054,6,94
CTCCCAGTATAATTAT,Q165K V183L F233S T261Y R356V I403H,0.0054,0.0054,6,94
AAGGAGATTAGGATGT,D357G,0.0055,0.0055,6,93
AATTTAAATTCAATTT,S171G H398T,0.0055,0.0055,6,93
ACGCCCCACACGTAGC,C41K L50V,0.0055,0.0055,6,93
ATATATTTTTACTCTT,,0.0055,0.0055,6,93
CTTTAAAAGTTTAATC,H13Q H230L M312R Y369C I411L,0.0055,0.0055,6,93
GAAAGGACAATTAGTA,A123C H374W,0.0055,0.0055,6,93
GCCTAAAGAAACTCTA,Y62P L326* K488R,0.0055,0.0055,6,93
GGAAGACTACGCCATC,M134Q P145N C155*,0.0055,0.0055,6,93
TATCTATAGACCAAAA,M194R Q223A E228P,0.0055,0.0055,6,93
TCCCTTTCCCCTAACT,N99K S237V I361Y D402N,0.0055,0.0055,6,93
AAATACAAATTAACTG,V44S E329V L336W,0.0056,0.0056,6,92
AGAACAGACAAATGAC,K33Y I222C W227C S234F,0.0056,0.0056,6,92
ATACGATTCACACCCG,N79E A132Y A152L,0.0056,0.0056,6,92
TACTTCATTGATCGCG,G276V L315M S392F Q482A,0.0056,0.0056,6,92
AGCGGCTAACTAAAAA,A297L,0.0056,0.0056,6,91
GCCTTAGATGCGACGT,G45V,0.0056,0.0056,6,91
GTAAATTCTATACGAA,G197N,0.0056,0.0056,6,91
ACCGACTGTTATCCAA,N167E Y200A,0.0057,0.0057,6,90
GTGCGAACAATCTGTA,F8Y H13N N148R I213Y G271D,0.0057,0.0057,6,90
TTTAATAGAATTCCAC,,0.0057,0.0057,6,90
ATAAAGACTAATTGGA,G54Q G186R,0.0057,0.0057,6,89
CCATCATGCCGAGACA,S171W Y419H,0.0057,0.0057,6,89
TGGGAGTGCTTTAGTA,C57S A340L,0.0057,0.0057,6,89
TTAAACGTGCACTACC,F7R E16D,0.0057,0.0057,6,89
AATGATAAAATCACGA,V28R C53K,0.0058,0.0058,6,88
AGAATTATAACTCGGA,Q3R G484Y,0.0058,0.0058,6,88
AGGCTTCAAAATAGAC,T87C I136L I358T,0.0058,0.0058,6,88
CCCTAACGGTGTGAAC,L394T,0.0058,0.0058,6,88
GACTCCATCAGACTTA,W489M,0.0058,0.0058,6,88
GGCAAAACTTTCGGGA,Q218* D251T,0.0058,0.0058,6,88
GTCTTCACCACTTAGA,G34V L107M,0.0058,0.0058,6,88
TTGGTGATTTTTTATG,G64S Q69H A152Y G186A,0.0058,0.0058,6,88
GGATAACTGATGTAAA,L242N F436Y,0.0059,0.0059,6,87
TAGAAGCCATACATAC,R193W W489L,0.0059,0.0059,6,87
TGATCATAAAGACAAA,Y129R,0.0059,0.0059,6,87
ACACAATGTGAACGCC,I254L N295T A407S,0.0059,0.0059,6,86
ACCAAACCTGACGAAA,K33L L51* H179M,0.0059,0.0059,6,86
CCAAAATCATTCATGA,N295K,0.0059,0.0059,6,86
CTGGATCGAGCGAAGA,G34L E67A D408V M414S,0.0059,0.0059,6,86
GTCAGAGATTAACAAA,I403N,0.0059,0.0059,6,86
AGGATAACTTACCCTT,G2A L469W K488F,0.0060,0.0060,6,85
ATAACAAGAAAATTAA,L220K S333E,0.0060,0.0060,6,85
CACCTGTGTATCGGGC,Y129F,0.0060,0.0060,6,85
CTAGACAGAAGGGTTA,L220E D229P V485G,0.0060,0.0060,6,85
GCTATGACCATTCCAG,S154L,0.0060,0.0060,6,85
TTATGAATCCGCTATC,Y66M K126S P236C Q247* I252N G478L,0.0060,0.0060,6,85
TTGGGTCCTCGAATAC,N99S D204Y L394N,0.0060,0.0060,6,85
AAAGACCCTACCCAAA,H13I L105I F117Y I323R,0.0061,0.0061,6,84
AACTTCGATCAAGATG,Y393H K417M,0.0061,0.0061,6,84
TAATTCTCATAAAATC,G198T L203N D357S Y419S,0.0061,0.0061,6,84
ACGATTGCCCTGTAGT,S381F Y480N,0.0062,0.0062,6,83
CAATTAAACCCAGAGT,C155M L433S,0.0062,0.0062,6,83
GAGATTTAGTATCACA,S367G C475W,0.0062,0.0062,6,83
TATAAGGGCAAAGACT,E72I P83F L107R D175V T190G V435E,0.0062,0.0062,6,83
GAAAAATACGTTTCCA,K88D N409K N470S,0.0062,0.0062,6,82
GGACTCGCGTCTATTC,F7H M332L,0.0062,0.0062,6,82
TGAAGAGTACAAACTA,T108I N470L,0.0062,0.0062,6,82
AGAGTAATAAATTAAA,V22E,0.0063,0.0063,6,81
AGGTACCACTGAATCA,D311P,0.0063,0.0063,6,81
CGGCCAATGCAGACAA,P12L N319R,0.0063,0.0063,6,81
TGCAAACAAGCAAGGA,L84*,0.0063,0.0063,6,81
ATTACCGTATTGTAGA,Y66S R379Q H457*,0.0064,0.0064,6,80
CTCCTTTACGTGATAA,,0.0064,0.0064,6,80
GACAAAATACATCACA,H179* R314W,0.0064,0.0064,6,80
GGCCAAAATATTCCCA,T101* N148* E396T,0.0064,0.0064,6,80
GTCACGACTACGACGC,S135V,0.0064,0.0064,6,80
TCAAAAAAAGCCAGAA,N295L,0.0064,0.0064,6,80
AGGCGTCCGCAGCCAA,K126R K272M L285R C301R A340D K481G,0.0065,0.0065,6,79
CCACTGAGGTATGAGC,C301R R314I,0.0065,0.0065,6,79
CTCTGATGGACCGTTC,T58V I137R I144A C212Y G243M,0.0065,0.0065,6,79
AACCATAAAAAATTAT,S138N N319L Y419S,0.0066,0.0066,6,78
AACGAACGTACGGTCT,S154L S169Y S199P I222S K300S,0.0066,0.0066,6,78
ACAAAGACTGCTGATC,E228I G240*,0.0066,0.0066,6,78
ATAAATATATAATTAA,A177* S444I,0.0066,0.0066,6,78
GAAGACAGAAAGGCGA,M1N Y371H M420P,0.0066,0.0066,6,78
GAGAAGCGGGTAGGCC,L52I N167R,0.0066,0.0066,6,78
TCTACCATCGCCCATT,L71Y L168R S400F,0.0066,0.0066,6,78
AAACAGCCTGACTAGG,N158F F191V W227L K352T T426C,0.0066,0.0066,6,77
GTATTCGCATGAGAGC,Q348H Y363V Y369V K425V,0.0066,0.0066,6,77
TAAGAGTAAGACCATT,L46H D401V,0.0066,0.0066,6,77
TTAAAGGAAGATAGCG,K63* G240M L259T,0.0066,0.0066,6,77
ATATACATCATCAAAA,V183L N209F L280P Q482Y,0.0067,0.0067,6,76
ATCCCATACTTATATA,D122Y D156V C212A,0.0067,0.0067,6,76
CGGGCGCCAACACTTA,W196P G208A N390T,0.0067,0.0067,6,76
CCATAAAAGTGTGGGC,L105R S199G A288S L336*,0.0068,0.0068,6,75
CCGAACTTAATCTTAT,G2P R422G,0.0068,0.0068,6,75
GCTGTGGAGTAACCGT,T182D R314S,0.0068,0.0068,6,75
TAATGAATGAAAATGT,Q232R S381D,0.0068,0.0068,6,75
TTACGAGAAAAACGAG,C53R S199T N319V V388Y,0.0068,0.0068,6,75
AAAATGTTGCGTAGAA,E418V,0.0069,0.0069,6,74
CAATGCTATCAAGACT,S91I,0.0069,0.0069,6,74
TATCCCAGCTGGGCTC,E72A N79P A152V D204R S269L,0.0069,0.0069,6,74
TTATAAACTATTTATG,H115V G197N Y253D L349R D401F H467G,0.0069,0.0069,6,74
ATCACGTAAAATAAGA,M192* C463Q,0.0070,0.0070,6,73
GAAAGCCTTACCCCGC,,0.0070,0.0070,6,73
AAACATAATGGCTAAT,M1A T87Y W196M I286S R325* I403L,0.0071,0.0071,6,72
ACCACTCATGGTATTA,,0.0072,0.0072,6,71
ATAGATCGATGTAAGC,L133D K368L,0.0072,0.0072,6,71
GACCCTCAACCCTAAC,Y129F Q165Y N346D,0.0072,0.0072,6,71
GACTTTTGAAAAGATG,E67S,0.0072,0.0072,6,71
GTAAAATAATGAAACA,V14G H124L,0.0072,0.0072,6,71
GTTCCAAGGAGATAAT,K352G,0.0073,0.0073,6,70
TTTACCGAATAAGAGA,Y219R G473P,0.0073,0.0073,6,70
AAACTAATCAGCCATA,I4F G98D H131* R193W,0.0074,0.0074,6,69
AAACTACGCGCATGAC,A132R,0.0074,0.0074,6,69
CAGAAATGCTTACAAG,G2F Y172R R235S G478E,0.0074,0.0074,6,69
AACTAATAAGCCAAAA,F49W F293Y D408C Q416*,0.0075,0.0075,6,68
AATCAAATAATCCGAG,E67K Y278H A288V,0.0075,0.0075,6,68
AGATTTAAACCAAAAG,N89* N409L S462F,0.0075,0.0075,6,68
CCAGCAAACGTTGACC,N37M V435*,0.0075,0.0075,6,68
GTAATATACTAACCAA,S91L G378E S389I V487E,0.0075,0.0075,6,68
GAAATAGTAAGCCGTG,E104T T190V Y200G K384A,0.0076,0.0076,6,67
AAAAAAACATAGCAAG,S199V L336N,0.0077,0.0077,6,66
AGAGGATATACTAGAC,M75C I221S,0.0077,0.0077,6,66
CTGTGTATAGACACAG,N114T C155K H467V,0.0077,0.0077,6,66
CCATAATTCATGTCCA,G64S I162R R256N Q331V Y363F,0.0079,0.0079,6,65
TTAATACAAGACAAAG,K88I,0.0079,0.0079,6,65
AGATTCCCCAAACGAT,T139W F262I Y441N,0.0081,0.0081,6,63
GTCTACGCGCTGTCAG,L50T T87Y N127R,0.0081,0.0081,6,63
AAATATGGGAAAAATA,M1I G45H A176P S476T,0.0082,0.0082,6,62
AGTAAAGGTCCAAATA,E67* G160V A184S A340P I358W N365F E404G V485L,0.0082,0.0082,6,62
CGTAATCATTAGGATA,S138G S199Y W227C G294L,0.0082,0.0082,6,62
CTTGATACAAATAATA,T190D,0.0084,0.0084,6,61
AACAGAACCGAATAGT,H398T,0.0085,0.0085,6,60
CATTCAAGAAGAAAGA,L285E Y363C K481G,0.0085,0.0085,6,60
CCAATAACGAATTCAA,E17V G208I,0.0085,0.0085,6,60
TGCGTGGGCATATCCC,S216T D311R,0.0088,0.0088,6,58
AAGACAGGAAGCTTGT,N90S S171N I222R Y241M F440L L447S,0.0090,0.0090,6,57
GAAGCATTTCTAATCA,F38L I361E L382V,0.0091,0.0091,6,56
GTGTGCATGAGTACGT,L280H,0.0091,0.0091,6,56
AGGTTCTTGCGAAATC,L258Q,0.0093,0.0093,6,55
TAAGTTAGCCAAAGCT,R248V K368P P427A,0.0093,0.0093,6,55
AAAATGATTATCTGTT,S91Y I222L T249R,0.0095,0.0095,6,54
ACGTGCGATTCTCTAA,L68Y,0.0095,0.0095,6,54
TAATGCAAACCAACCA,K88Y G98R N167W Q335M T376*,0.0095,0.0095,6,54
AACCAGAAAATATTGG,V11M S121R,0.0096,0.0096,6,53
ACACAATCAACACAAA,I15C,0.0096,0.0096,6,53
GACCTTATCACGTAGC,N178L T182Y Q331Y,0.0096,0.0096,6,53
GGCATTATAGTCAGTT,C86Y H92L T110D L142*,0.0098,0.0098,6,52
TAAGAAGCCTAATCCT,M82* E308G,0.0098,0.0098,6,52
AAGAGTATCCGCGCGG,I21D E100K D273I L442T,0.0100,0.0100,6,51
AGTTTTGCCAAAATCT,K33R S138W L285S K339G D347I,0.0100,0.0100,6,51
CATATTAAACCGAAAT,L266F A340*,0.0102,0.0102,6,50
GCAAAAACTGGGCTGC,D311L K481H W489L,0.0102,0.0102,6,50
TCGCATGTTTTAAAAA,L168D N373R,0.0104,0.0104,6,49
CTACCCGACATAGCTT,F293M,0.0106,0.0106,6,48
GCAAAATAAAAACCGC,V47K G98H,0.0106,0.0106,6,48
ATTGCTTAGCACCTCA,G198V F293H P383L S437* N470A,0.0109,0.0109,6,47
ATTTGCTACAAACTGA,S60Q,0.0116,0.0116,6,44
TCACAAACCAGTGATA,M192G C292Y T375L S389P,0.0119,0.0119,6,43
AGCTGCATAATTGGCG,V5A V97Q I113N,0.0125,0.0125,6,41
GGCTACGTTGGTTACC,L51K C231A I239M Q348F,0.0125,0.0125,6,41
TCAGTATTTGTAACAG,N167M E270C D357A,0.0125,0.0125,6,41
CAATGTAGCCAAACCC,N99Y S121R Y253L,0.0128,0.0128,6,40
CGTCTGCTTATCATCG,V47T Y66L M359C C463S,0.0128,0.0128,6,40
GTATCTTGTCACTGCA,E307* L479S,0.0131,0.0131,6,39
TCAAAATCCTCTCTAA,F38K W196V W227A,0.0131,0.0131,6,39
TGTACCGAGAAACTTG,T225I D251V I403Y K465R,0.0131,0.0131,6,39
CTTATAATTATGGAAA,K63I T70K,0.0138,0.0138,6,37
ATCGTAAACGAGAATT,G159V G198S C364F,0.0146,0.0146,6,35
TAGTACGGCCAAAACG,L35V E421Y,0.0146,0.0146,6,35
AAACGCATTAACCGAG,Y129P Q223A,0.0150,0.0150,6,34
AAACAAATGAGCTATA,K461G G484V,0.0155,0.0155,6,33
TGGATAGCAAGGCCGA,Y200L I221R,0.0155,0.0155,6,33
GAACCTTGTGGAAGAA,T182H D273P K339I L428S H471L,0.0165,0.0165,6,31
GACTGACGTAATATCG,L245T D273H D317R,0.0165,0.0165,6,31
TCGTAAACATAATACA,L78D I136F A152*,0.0183,0.0183,6,28
TGAATATAAAGGACAT,A39D C57S K291P,0.0183,0.0183,6,28
ACATGATTTATGATGG,N90S C180K K384D F399I,0.0189,0.0189,6,27
GCCCAACAGGCAGCGA,M96S I137T L280C,0.0204,0.0204,6,25
AGAATTAATACAGCCA,C301Y I337G T375V,0.0243,0.0243,6,21
ACAGACCTGAACAGCT,T426I L428C Y441T,0.0284,0.0284,6,18
CGACAAAGTGGGTGAA,V28L K126M L442*,0.0319,0.0319,6,16
AATTGGATACAAACCC,M75W H131G E413L,0.0365,0.0365,6,14
AGGGAGGACCATTAAC,N338R H354S,0.0365,0.0365,6,14
TTATCTCACATGCATG,C86K A297S,0.0393,0.0393,6,13
CTAAATAACTCTTCCA,H92I,0.0426,0.0426,6,12
TACCTCGCCAACAGTA,A340R,0.0426,0.0426,6,12
TATGAACAACTCAAAT,G2F L50M,0.0426,0.0426,6,12
TTTGCAGCTAACATGA,Y36R T274L G460A,0.0426,0.0426,6,12
AACTTGCATCTTGAAC,T380R,0.0465,0.0465,6,11
AATCGTGACACGGAGT,A25C V164P K488Q,0.0465,0.0465,6,11
ACTCCGCTATGGCTCC,I213K K352Q,0.0465,0.0465,6,11
ATAGCTCTATTAGACT,C155D F309Y Q335L S367E,0.0465,0.0465,6,11
ATTGAAGGAAAATATT,L430F,0.0465,0.0465,6,11
CCCACTCCCCTAACAG,Q3Y G45R K88L Y200* L415K K451N,0.0465,0.0465,6,11
GATGTCAAGTTATACA,D311V E396I L449M,0.0465,0.0465,6,11
GTCGACTAAAATCTAA,I15S T101L Q149V A407L T412R,0.0465,0.0465,6,11
TAAGAGTGACTATTCG,G54F Q165W S171D,0.0465,0.0465,6,11
TACATACCACCTTGTA,T77L L84G H179R T226K,0.0465,0.0465,6,11
TCCCATAATCATAAAC,L245C Y253G A297N,0.0465,0.0465,6,11
TGATATTGAAATGACA,H92* G174F L259V S389G,0.0465,0.0465,6,11
TTACGAATGACGGGAT,L50T L133V L442H,0.0465,0.0465,6,11
AAAGAAGATTCATAAA,T87M N99I S121D Q423R,0.0511,0.0511,6,10
AAGTGAAACTATAAAA,I213H L315Y A330* N409L,0.0511,0.0511,6,10
AATCAACATTAAACAT,I24F H93G F440R,0.0511,0.0511,6,10
AATCGAAATTTAGCCT,N146F E421*,0.0511,0.0511,6,10
ACATAGTCATTGACAA,E151*,0.0511,0.0511,6,10
ACGTGTATTAACTGCG,Q9K G34A Y66I T87* N99T G159S D251I T377H S392T,0.0511,0.0511,6,10
ATAAACTCAATCACCA,Q3K S234Y Q247G,0.0511,0.0511,6,10
ATCCTAAGTGTAAGAC,L394S Q416Y V450T,0.0511,0.0511,6,10
ATGATAAGCGAATATG,P466R,0.0511,0.0511,6,10
CAACATTAGGACCAGA,V47Q K116S R314W S333V,0.0511,0.0511,6,10
CACATAAACAAACTGT,L103N,0.0511,0.0511,6,10
CCTCAAGTTCCGAAAA,C155S Y278H R456L,0.0511,0.0511,6,10
GAAATTATCCAACAAA,N178* T190Y,0.0511,0.0511,6,10
GTTCAAGCACTGAGAC,V97Y Y200E K368T S392N D401S,0.0511,0.0511,6,10
TGCGTCGAAAGCGTAC,V183P Q416S,0.0511,0.0511,6,10
TTAACATCCCGGCCCC,V14R Q69L D122L G206L C475S,0.0511,0.0511,6,10
TTGAACAGTCCATTAT,H230V W264Q,0.0511,0.0511,6,10
TTTAAGCCTCCAAAAC,L23I Y369L,0.0511,0.0511,6,10
ACACGCTTCACGCAGA,S216C K352L,0.0568,0.0568,6,9
ACATAAAAAGTACGTT,E104L A152S L382V,0.0568,0.0568,6,9
ACTAATCCCCAAAACA,F157C S169L T190A T261P S437G,0.0568,0.0568,6,9
AGAAAACGCATATGGT,W386D P483H,0.0568,0.0568,6,9
AGAGAGAATCAAGCAC,N99K F309L S392F,0.0568,0.0568,6,9
AGATTTAACTTAGAAA,C118L Q406L,0.0568,0.0568,6,9
ATAAACATCTCAAATT,H354I H457G,0.0568,0.0568,6,9
ATCACACAGTCGCAGT,E67N L142F M153V,0.0568,0.0568,6,9
ATTTAAGAGGACATCA,C155T Y200R,0.0568,0.0568,6,9
CGACGCGACCCCTCAG,K368G C463H,0.0568,0.0568,6,9
CGCGAAAACACAAAAA,L133Q R257E A299K E303L,0.0568,0.0568,6,9
GCAAAGCAGAGGACAT,L133F D347T,0.0568,0.0568,6,9
GCTCATATCCACGAAT,H93L C231T,0.0568,0.0568,6,9
TAGCCAGCCTTTTCCA,N373W D432R H448E,0.0568,0.0568,6,9
TCCCCTACAACTTACG,I144P A152V F157D Q223*,0.0568,0.0568,6,9
TGAGTTGAAATAAATT,V11D L128F I334*,0.0568,0.0568,6,9
TGCGAACAAAAAGATT,Y66L,0.0568,0.0568,6,9
TTACGGAAGACAGAAC,L326S T377P,0.0568,0.0568,6,9
AAAGAGTTGATTAAAC,S27*,0.0639,0.0639,6,8
AAATACTCCCTTGAAG,I452A L469F,0.0639,0.0639,6,8
AAATCCTATGTACATA,M1S N90C Y172* M192Y,0.0639,0.0639,6,8
AAATGGCGAGCTATCA,M96N G174L,0.0639,0.0639,6,8
AACTTCACGAACAATC,Q3* Y363S,0.0639,0.0639,6,8
AAGTTAGACTTGAATG,V22* L32M L103A,0.0639,0.0639,6,8
AATACTGCCTAGTACC,L78I F262Y,0.0639,0.0639,6,8
AATCAGGGGAGGATGA,V11L S111G C118T N146I N167S R379H,0.0639,0.0639,6,8
AATTCGTTATTACGTA,S56I,0.0639,0.0639,6,8
ACCACGGAAAAGGAGT,M1* N158S H354R,0.0639,0.0639,6,8
AGAAAAGTCACGCAAC,T87I L105H L280R I345V,0.0639,0.0639,6,8
AGCTGTTGGAAACCCC,V22C M312P K461M,0.0639,0.0639,6,8
ATCTCACAATCAGTCT,S237K,0.0639,0.0639,6,8
ATTCCCAACCGAAGGA,I113V R248T F446T,0.0639,0.0639,6,8
CAAACAAACCTAATAC,L43* L84T G98A Y166* G243P,0.0639,0.0639,6,8
CACCAAGAGTTCATAA,T77F C475H,0.0639,0.0639,6,8
CAGTCGTACCAATACT,T101K Y172S C212S M472K,0.0639,0.0639,6,8
CCTAAGATACAGCATG,G260T L430N,0.0639,0.0639,6,8
CCTATAACAACAATCA,I213F C279* C301S,0.0639,0.0639,6,8
CGGAACTATAGCACTC,D122L H124C Y217N P238G,0.0639,0.0639,6,8
CTAAACGCCACTGAAA,A343V F399L,0.0639,0.0639,6,8
CTAATAGCCCGTGCTC,L84F,0.0639,0.0639,6,8
CTCATCACGGACCCAA,S85D H305T,0.0639,0.0639,6,8
GAAATATGACGCGCAG,H354F D432S L449C,0.0639,0.0639,6,8
GAACAGTTCGTTTTAC,Q9P,0.0639,0.0639,6,8
GGACACTACACACTAA,I222V Y393V,0.0639,0.0639,6,8
GGCCCTTTGTGTTCCG,L105* T296A C463A,0.0639,0.0639,6,8
GGCTATCCAAGTCACT,Q69P E104V S163T A195L S444G R468W,0.0639,0.0639,6,8
GTAGATAAATATAATC,E17K N99D V341L,0.0639,0.0639,6,8
GTGGTTTTGACCAAAC,M1W,0.0639,0.0639,6,8
TAACGGAATCTTTAGA,M359G L428V,0.0639,0.0639,6,8
TGACCACCTTTTTATA,E104S H179S P238S D251K,0.0639,0.0639,6,8
TTATTTCCCGAACAAT,S267Y P427S,0.0639,0.0639,6,8
AAAAATTTACGAACCG,L68C S111A N295T,0.0730,0.0730,6,7
AAATCACTGAATAATT,E404* Q416V,0.0730,0.0730,6,7
AAGCCCCGATATTACT,T106N R235T L469R,0.0730,0.0730,6,7
AATAAAAAATATGCAC,H170T R256F,0.0730,0.0730,6,7
AATCGTCCATAGTTTT,C57F D268N,0.0730,0.0730,6,7
AATTCCAAATACGTCT,C310Y V487R,0.0730,0.0730,6,7
ACACGTCTTGAGGACA,N90S R282W T375* D408M,0.0730,0.0730,6,7
ACCACATACAAGCACT,Q189W N470S C475L,0.0730,0.0730,6,7
ACCCAAAGGAATGCAA,T106A D317A D408I,0.0730,0.0730,6,7
ACGGTATAGATGACAG,L71F F293S,0.0730,0.0730,6,7
ACTGGTTCAAAACTAT,N37A P238H Q348R,0.0730,0.0730,6,7
AGATCAGCTTCCAACT,A30G T101S N146Y C212H,0.0730,0.0730,6,7
AGATCTGAAGCATTTA,I15F N74M T377L,0.0730,0.0730,6,7
AGCTCCAACATGATCA,H141Y S169P E307G A407W,0.0730,0.0730,6,7
AGGAAAGTAACAAAAA,L103C A173V F191Q C385K M410T,0.0730,0.0730,6,7
AGTTAAGAATAGATAG,C118T,0.0730,0.0730,6,7
ATAATAGTCCAAACAT,K63R S135W G159L S205Y V341M,0.0730,0.0730,6,7
ATACCATCAAAGTATG,L220N F233L E270* G294E,0.0730,0.0730,6,7
ATATAATTTACGTAGA,A25S N209H E307L H398Y,0.0730,0.0730,6,7
ATCGGCTTATCGCGTT,F191R S237W,0.0730,0.0730,6,7
ATGACACAGACTTTCA,A132K L336Q E404Y,0.0730,0.0730,6,7
CAAGTTGGTCATATTA,Y371S Y393M,0.0730,0.0730,6,7
CAATCTTTTATTACAC,D311L,0.0730,0.0730,6,7
CACATAAATCGTATGA,S163E C310S,0.0730,0.0730,6,7
CAGCTAAAATGACAGA,E16G A173K,0.0730,0.0730,6,7
CATACTAGCTGTAACG,L50F F147W D432V,0.0730,0.0730,6,7
CTGACATATTAATGGA,V5A W264E K300H E404G,0.0730,0.0730,6,7
GAACTTAACTGTAACT,I4S V11P C57A I136V G198N S267I S444Y,0.0730,0.0730,6,7
GAGAGTGACAGTGTCG,A132E A195T Y419R,0.0730,0.0730,6,7
GATAGACAGTAACAAC,E287V L382E,0.0730,0.0730,6,7
GCTAAACGCTGCATAA,Q247W I358E E421S,0.0730,0.0730,6,7
GGTAACCAAATCCACG,K320T A343K,0.0730,0.0730,6,7
TAATCCAATCCGAAAC,L26H D229Q K300Q,0.0730,0.0730,6,7
TAATCTTCTTCCCGAA,L107N T274N T375L,0.0730,0.0730,6,7
TAATGAACTAGACCGC,I144M L326M W370D L430R,0.0730,0.0730,6,7
TACAATATTCGCTGTG,Q3P K33* D273A T426N,0.0730,0.0730,6,7
TAGGCCGTTATTACCC,N342* N390Y F446L,0.0730,0.0730,6,7
TATAGCTACGTAAAGT,S85E G102I M194K L372F,0.0730,0.0730,6,7
TGAAGGATGATGCCAT,H93D M96T,0.0730,0.0730,6,7
TGGTGAGTCTCTCGTG,C53W C155* A173F M312N,0.0730,0.0730,6,7
TTAGACTAAGAGACTA,Y393Q S437R,0.0730,0.0730,6,7
TTAGTTAGTTGACTAA,C118* Q321W,0.0730,0.0730,6,7
TTGGCCCCCAATCCTC,S121C E307R,0.0730,0.0730,6,7
TTTAGCACCCACATAT,N37K T274W,0.0730,0.0730,6,7
TTTTACTAAATTATTC,Q223K S237M G271S R422Y,0.0730,0.0730,6,7
TTTTAGACTCCCCCTA,N89K L107N,0.0730,0.0730,6,7
AAAAAAGCTATAAGTT,T106Y I113L K461*,0.0852,0.0852,6,6
AAACCTGAGAAATACA,L242H E413V F446P,0.0852,0.0852,6,6
AAACTGCACCTCAAGT,V5D,0.0852,0.0852,6,6
AAATACCCCTGAAACA,I4R,0.0852,0.0852,6,6
AAATTATCACTTTCCA,T101S H305* K461M,0.0852,0.0852,6,6
AACAGAGCTTGAGTAG,E104K H124G,0.0852,0.0852,6,6
AACGATTAAGGGTAAT,W196L S246N R257P M332I L449S,0.0852,0.0852,6,6
AAGAACTCAAAACCAC,T426N,0.0852,0.0852,6,6
AAGAATGGTAATAAAG,K161R C301W K384E,0.0852,0.0852,6,6
AAGTGCAAAGATAGCG,A39D N114D M410R,0.0852,0.0852,6,6
AATATTCTTCCCCTCC,G64N A176V A340T,0.0852,0.0852,6,6
AATCTGGATAAGCAAA,F49C R193P I443N,0.0852,0.0852,6,6
AATTATTCTATTATGA,T101G Y371G R468C,0.0852,0.0852,6,6
AATTTAAGCATGACGG,S56N K125A L280N Y363L K425A,0.0852,0.0852,6,6
ACAACCCTGGACCCCA,C57M K352N,0.0852,0.0852,6,6
ACCTCCTCTTTATAAG,L84T,0.0852,0.0852,6,6
ACTGAGCCCAATGACC,N89D D156I A173V W227N K291W,0.0852,0.0852,6,6
ACTTCAGATAGAGCGT,N99H G181V G206M,0.0852,0.0852,6,6
ACTTTCGTTACCAAGC,I4G F117L,0.0852,0.0852,6,6
AGGAAAACCACTGCGA,Y150G H398F H455L,0.0852,0.0852,6,6
AGGAGTTTTCCCCGTT,L344Y T438S,0.0852,0.0852,6,6
AGGGCGAGCCAGTATA,A177R T296I L394R,0.0852,0.0852,6,6
ATAACAGATTTGCCTG,Q3* G64R S234Y,0.0852,0.0852,6,6
ATAACCATCACTCACA,M192N Y278S M332W P453F,0.0852,0.0852,6,6
ATAGTCCAAATCAAAA,C231M L428I,0.0852,0.0852,6,6
ATCAATACATTCCAAA,M75F E228Q C385L L415P,0.0852,0.0852,6,6
ATCGGACACACAAATC,S121L,0.0852,0.0852,6,6
ATCTTGTACACATAAT,K88L C477R,0.0852,0.0852,6,6
ATTGTATATACGTTTC,G34I,0.0852,0.0852,6,6
CAAAAATAGACCGTAC,N37P G159Q,0.0852,0.0852,6,6
CAAAATCTTCACACGT,L142K I403*,0.0852,0.0852,6,6
CACAAGAGATAACTCT,S135L D204*,0.0852,0.0852,6,6
CACCGCCCAAAAAATC,F147I M214T K352R R379V E413S S462L,0.0852,0.0852,6,6
CAGATATCTTCCATTA,M19* L32T N127H,0.0852,0.0852,6,6
CCAGCAAGATCCTAAC,F157C S205P Q406*,0.0852,0.0852,6,6
CCCAGCAACAAATTTC,C475L,0.0852,0.0852,6,6
CCCCATGAGTCGGCTA,D130V H179W,0.0852,0.0852,6,6
CGAACGCTTTCTGAAC,Y219* R256L F293L,0.0852,0.0852,6,6
CGATTACAGGGAGCAG,V14* E67A N365T,0.0852,0.0852,6,6
CTTCAGAGATCGCTTA,P275Y E308*,0.0852,0.0852,6,6
CTTGATACAATTTAAA,L35N S234I N470D,0.0852,0.0852,6,6
GACAGACAATATTATA,K291E R356K,0.0852,0.0852,6,6
GACTTGGAGTCAGAAG,I4Y L103V I201V,0.0852,0.0852,6,6
GAGGTCAGTCGTAGTC,V28Y,0.0852,0.0852,6,6
GAGTTTAGACGTTCAG,A184V E307K W386C P466Q W489*,0.0852,0.0852,6,6
GATGGACTGAGCAAAT,Y66L Y172*,0.0852,0.0852,6,6
GCCACGGACTGAGAAT,N158Y Q165* A328F,0.0852,0.0852,6,6
GCGGCCAACACGTGGC,D122G G277D L326V S476L K481R,0.0852,0.0852,6,6
GCTCGAGTACGCTACC,T110C N158P K272R,0.0852,0.0852,6,6
GGAATCCGATGTCTGA,Y66K R193Y,0.0852,0.0852,6,6
GGCCCTCCTGAGTGTT,E329Y D432Q,0.0852,0.0852,6,6
GTAATTTTGAGTTAAA,L244S S267V H467V,0.0852,0.0852,6,6
GTATAAGCTTTCACTT,T48K,0.0852,0.0852,6,6
GTCAACACACTGCCAG,S237R G276L,0.0852,0.0852,6,6
GTGATAGAACAAATAA,E17M A184L S269Q,0.0852,0.0852,6,6
GTTAAAAAAACAGAAA,V18R N74V,0.0852,0.0852,6,6
TAAATCCTTCCGCTCA,C57Y I252L S269G K320Y,0.0852,0.0852,6,6
TAATATTGAACGATAT,G98A T215Y M284V Q331V K461R,0.0852,0.0852,6,6
TACCTACTCATTATGA,Q247E K352* M420Q,0.0852,0.0852,6,6
TAGCGACAAGAGTAGA,M194S E289S M312T A330T F440I,0.0852,0.0852,6,6
TCAATCTTAAAATCAC,L142* G197I R235Q T380S,0.0852,0.0852,6,6
TCAGATAAAAAGTGCG,T6I,0.0852,0.0852,6,6
TCAGATTAACACGAAG,A195S S267Q T274P V298K R491T,0.0852,0.0852,6,6
TCAGTGTACCCAACGT,L46A T101S Y366M,0.0852,0.0852,6,6
TCATTCTTCAAATACA,M75V L259S,0.0852,0.0852,6,6
TCCACTTACTCGCACA,Q3S L68G S267H T274K,0.0852,0.0852,6,6
TCTAGAGTCCACAAAA,H13R S143Y,0.0852,0.0852,6,6
TCTTTTGTAGGTGGGT,L50M T58I N346* K417W,0.0852,0.0852,6,6
TGAAATTCGAGAAAGG,N89K V97M H230C P362L T380C T412N,0.0852,0.0852,6,6
TGAGCATGACGTGCTG,C155A H354C,0.0852,0.0852,6,6
TGCTCACAAAATACGG,L142S Y241T L449P,0.0852,0.0852,6,6
TTAAAGACGTTCAAAC,V18R K88S L105W P362E,0.0852,0.0852,6,6
TTAGCCCTGACCCTAA,L103R,0.0852,0.0852,6,6
TTTCAAAAACTTTAAG,L32R A123N L415R,0.0852,0.0852,6,6
TTTCATTCATTCATCA,G2A T59F A173D,0.0852,0.0852,6,6
AAATACATGTAAGAAT,G186L G240V,0.1022,0.1022,6,5
AACACTGTTAGGCCGA,E100K L415C L442F,0.1022,0.1022,6,5
AACGGATATGTAAGAA,I144S C475R,0.1022,0.1022,6,5
AAGCGGATTCCCACCA,M194T P236H I252R R325S V450E,0.1022,0.1022,6,5
AAGTTTAAATCGAGAC,N90Y M332A,0.1022,0.1022,6,5
AATAATCACATAAGGT,A25T D130I F436H,0.1022,0.1022,6,5
AATAGCACCCATAAAG,F140V T380I,0.1022,0.1022,6,5
AATCCGATCTGATGAA,L26D H230R,0.1022,0.1022,6,5
AATCGCCGGAGGCAGC,G174E A177Q L415Q C477N,0.1022,0.1022,6,5
AATTATCGGGATAATA,L71E Q232G H305L F318L,0.1022,0.1022,6,5
AATTCATTAAGACACA,Q69S L133N E151Y V164* S171P W264F,0.1022,0.1022,6,5
AATTGGTCTACATCGT,L142R W196T P238R,0.1022,0.1022,6,5
ACATAGGAATGTTGTT,L105P H455F,0.1022,0.1022,6,5
ACCACATTGAAGATGC,L220S S476T,0.1022,0.1022,6,5
ACCAGATACAAGTGAC,Y393C,0.1022,0.1022,6,5
ACCGTATAACTTACAC,L344P,0.1022,0.1022,6,5
ACTACTTTGGAATCAA,E76A H93V T215Q,0.1022,0.1022,6,5
AGAATGATCGAGTGTT,S85L G102Y Q223L,0.1022,0.1022,6,5
AGACTGTTGTGATCTA,E308T V341E F434D,0.1022,0.1022,6,5
AGATACATAATTGTCT,F440C,0.1022,0.1022,6,5
AGCAAACCAGAAAATT,F117P,0.1022,0.1022,6,5
AGCAAATCCAACCTAC,L78W W227V K339Q K352S T438L P464G,0.1022,0.1022,6,5
AGTAAAGGTCTTAAAA,S111I N178L I222F S237G H305Q Y363N,0.1022,0.1022,6,5
AGTAACTGTATACAAA,S60L F191Y Y278G,0.1022,0.1022,6,5
AGTGACTATTCCCACT,L447H,0.1022,0.1022,6,5
AGTTAGCTTGTGTCCA,G160I G276L K339P S389L,0.1022,0.1022,6,5
ATAAATTGCCATAAGG,N89K Y219P H230K,0.1022,0.1022,6,5
ATACATTATTATATTA,Y366E,0.1022,0.1022,6,5
ATACCCCAACCGGTAC,G208F D408F S476R,0.1022,0.1022,6,5
ATATAGAAATAAGATA,E418G T426K C463Y,0.1022,0.1022,6,5
ATATTTTCATAGTTAA,Y200T T376L F436M C475Y,0.1022,0.1022,6,5
ATCCGCATAGCAAGTT,Y419S M472L,0.1022,0.1022,6,5
ATCGGATTAGAACGCT,G54N L105D A176T I337S,0.1022,0.1022,6,5
ATGATCCACACAAGAT,R282H E307N H374T E421Y,0.1022,0.1022,6,5
ATTTTCTGAAGAAATT,C155R P238A V388L R456G L479D,0.1022,0.1022,6,5
CAAAAGAAGGGGTGCA,C86Y Q482I,0.1022,0.1022,6,5
CAAAGTATCCGAAAGT,L387Q F399H,0.1022,0.1022,6,5
CAACTTGTTCTGCCAA,T81Y K161C,0.1022,0.1022,6,5
CAGACAAATGGCTGAT,S135N S237R N295K I334L L469G,0.1022,0.1022,6,5
CATTATAACCCACAAC,L107V,0.1022,0.1022,6,5
CCAAAAGCGCATGAAC,L51D C86S T380H,0.1022,0.1022,6,5
CCCTACAATCAAGATG,S199V Q348Y,0.1022,0.1022,6,5
CCGAGATTATACCTTT,Q247N,0.1022,0.1022,6,5
CCGGAAGAGGCATTCA,C57S P83F K88G T110M Q218R,0.1022,0.1022,6,5
CCTCACCGCCTATAGC,V31D N302K,0.1022,0.1022,6,5
CCTTTATCAGATGTAA,K339L V431*,0.1022,0.1022,6,5
CGGGTTGTGAGCCCAG,Y66S M134W G174L I334M V431L,0.1022,0.1022,6,5
CGTTCCATCACCCGGG,D211H F434S,0.1022,0.1022,6,5
CTACCAAGGTTCTCAT,Q3H I254S L290G D306E D402C,0.1022,0.1022,6,5
CTAGCTCACCGATCAT,Y219I D268N D317S S439L,0.1022,0.1022,6,5
CTATTAAATGGGATGA,I222* Q247P,0.1022,0.1022,6,5
CTCATGTCACCTACTT,I239T G276S,0.1022,0.1022,6,5
CTCTGATAAAACATAG,M332T D347S,0.1022,0.1022,6,5
CTGCTTAGCATCAATA,L336K C364Y G378R M410W I474T,0.1022,0.1022,6,5
CTTGACTCCAATAATG,D156N E228Q D408V S437H,0.1022,0.1022,6,5
GAAAACGCTGTTTCGT,G42M A177V,0.1022,0.1022,6,5
GAAACACCACAACATT,L51K S135T D432P C475R,0.1022,0.1022,6,5
GAAACAGGCCTAACGC,L46Y M153I N167* S444R,0.1022,0.1022,6,5
GAAGCAAAAAATAAAA,I254H C477Y,0.1022,0.1022,6,5
GAGAGCTCGTACGCGA,N353F,0.1022,0.1022,6,5
GAGCGAAAAAAAAAAG,S267K T274S A340R,0.1022,0.1022,6,5
GATGAGTCCAATTGCA,T59P K116C I136Y,0.1022,0.1022,6,5
GATTTATCAAAGAAGA,M1T E10D C310M T375L P383L,0.1022,0.1022,6,5
GCAACGTTCTTCAAGT,G186T M192K K488W,0.1022,0.1022,6,5
GCCTCGGGCTATATGC,Y441F,0.1022,0.1022,6,5
GCTAACATCACTCACT,L46C I286G C301I N319F L394A,0.1022,0.1022,6,5
GCTCGTAATCCCTAAT,S85G N365I,0.1022,0.1022,6,5
GGAACTAGTAAGTGTT,S205G F262W C279G T377M P427Q,0.1022,0.1022,6,5
GGCAAAACTACCAAAG,W196C A288Y,0.1022,0.1022,6,5
GGGCTATCTATTAGTT,,0.1022,0.1022,6,5
GTACCGACTACCCAAA,E289G T454L,0.1022,0.1022,6,5
GTCGAATATAGCACAC,E396*,0.1022,0.1022,6,5
GTGCCAAAAAATGAGC,T108Y H179I,0.1022,0.1022,6,5
GTGCCGAGTCTGTATC,S56A L103C K161* M214R F446R,0.1022,0.1022,6,5
GTGGCACACCACGCAT,A297T,0.1022,0.1022,6,5
TAACGTGGTTATGATT,T59C A173D I286C,0.1022,0.1022,6,5
TACAAATCCGAGACAA,I162F N167T H179E V183F S389T N409D,0.1022,0.1022,6,5
TACCAGGAACTGGTGC,R207S,0.1022,0.1022,6,5
TACGCAAGTTTATGGA,V97A Y129S,0.1022,0.1022,6,5
TAGGGGCTAACAATTC,V11S L68D Q321L L336P,0.1022,0.1022,6,5
TCACCAAGTCAAGTAC,V47T T215K,0.1022,0.1022,6,5
TCATAAGGAGGCATTC,S154R W210R M284I I345D,0.1022,0.1022,6,5
TCGTAGAACTGACCAA,A195Y I334G C385W S400G,0.1022,0.1022,6,5
TCTACACAATATTTCA,D156Y I252K W264R K490T,0.1022,0.1022,6,5
TCTGCAAACATTCTAG,K125S M134P C231M D273A Y278V E303D C310R,0.1022,0.1022,6,5
TCTGCGGGAGAATGGC,L120R S138W N158H N353D S462I,0.1022,0.1022,6,5
TGAAAAAGTGTGAAAA,R257K Y278P G460A,0.1022,0.1022,6,5
TGCAATTCTTCCAGCA,E413I K465H,0.1022,0.1022,6,5
TGGGATTCACCCTGAT,L46I L259E L469T,0.1022,0.1022,6,5
TTAGTTAAACCGTAAG,E10G G45*,0.1022,0.1022,6,5
TTCTAATGGGGCGCTT,F8C I15V N74S S199K T376L R491*,0.1022,0.1022,6,5
TTTGAAGTTTAGAGCT,I21G A30Y S60* Y66Q T87C T226S Q405Y,0.1022,0.1022,6,5
AAAAAGAAAAACACAT,E303R L428K,0.1278,0.1278,6,4
AAAAAGATAAACCCGA,C57L E76T N373Y,0.1278,0.1278,6,4
AAAGCCAATTACATTG,C463T H467N,0.1278,0.1278,6,4
AAATACACAAGTCAAA,L78E T265Y V450S,0.1278,0.1278,6,4
AACAGAGGACGTTTTA,F8S G159C Y363L,0.1278,0.1278,6,4
AACATACGAAATCTAA,C155R T182C,0.1278,0.1278,6,4
AACATGGATTCGACAA,L68S H115I S169L I213L,0.1278,0.1278,6,4
AAGACTGCACAAAGCT,L105P F440A,0.1278,0.1278,6,4
AAGGTCGAACCTAAAA,E104K E308L C364F S439T,0.1278,0.1278,6,4
AATAGATGACAGCGCG,G160W E287K D347I,0.1278,0.1278,6,4
AATAGTATAGCCAAGA,N346L L355N,0.1278,0.1278,6,4
AATCAAAATGATCGAA,V14G A25R E72G S267N R422T,0.1278,0.1278,6,4
AATTGCAAGCCATTGT,T101F D122A S171N L259K K291* N470S W489T,0.1278,0.1278,6,4
ACAATTGTGCAAAGGA,K63F L107P L313V G360K W386*,0.1278,0.1278,6,4
ACACCGTTTGCAATTC,D347Y G378L,0.1278,0.1278,6,4
ACCACCCCCTAATAGC,S111C Y150T N224K T296S A328F,0.1278,0.1278,6,4
ACGTCCAGACCAGGAT,E151F I337V Y371N L428M,0.1278,0.1278,6,4
ACTACCTTCGGAAAAG,N146C S154R I323G,0.1278,0.1278,6,4
ACTGGTCCTAATCTTA,T87I V164P P275L N395F,0.1278,0.1278,6,4
AGAACGATATGAAATA,M82G,0.1278,0.1278,6,4
AGACACCAAATCCCTC,L50K Q149H L447*,0.1278,0.1278,6,4
AGCGAAAACTAAAAAA,P453Y,0.1278,0.1278,6,4
AGGGTGATATCGGAGA,V18L T101Y L142* Y363*,0.1278,0.1278,6,4
AGTAAACTGAGCCCTG,G102W F147A K481R,0.1278,0.1278,6,4
AGTACACTACAGGATG,L285W,0.1278,0.1278,6,4
AGTGATCGAAATTTTG,A30Q N342Y,0.1278,0.1278,6,4
AGTGTGGAAAATGGTG,L120P V164L N178S R256D L344G D357L,0.1278,0.1278,6,4
ATAAATTCCGCAGATT,L71S Q232W I337L P362S,0.1278,0.1278,6,4
ATATCGACGATGTTAG,G102M S138Q S199L T225G I254M,0.1278,0.1278,6,4
ATCAAGCCACCACCAG,Q3M L244* I334T,0.1278,0.1278,6,4
ATCCACCCAACAACTT,H93V Y129T,0.1278,0.1278,6,4
ATGAAACGAATCTGGA,K300C F318D,0.1278,0.1278,6,4
ATGTTATCATTCTTGC,L23V C155D S389L,0.1278,0.1278,6,4
ATTGATTATACATTAA,T87N N178G L336Q K352F D402I,0.1278,0.1278,6,4
ATTTAGGCCTCTTGAA,G277F P427N,0.1278,0.1278,6,4
CACAAGTTTTATAACA,C310S Y371K,0.1278,0.1278,6,4
CACGAACTGTTAGTAC,C118S L220A,0.1278,0.1278,6,4
CAGAGATGCATGCATA,M153* I445*,0.1278,0.1278,6,4
CAGCCATGGGTCGCGA,M19L S27N,0.1278,0.1278,6,4
CATAAGTCACTGTGCT,A123V D175L L442N,0.1278,0.1278,6,4
CATTAACCCTTATAGA,S27T S60L C86W K451L,0.1278,0.1278,6,4
CATTTCTGGCGGCTTG,D130S F191V,0.1278,0.1278,6,4
CCAACAACAACCTACT,F140D N178S Y200V K451E,0.1278,0.1278,6,4
CCAATAGCGGGAAGAT,S111R D156I P362R S389* I443Y,0.1278,0.1278,6,4
CCACAAATAACCACTG,M1D N90F,0.1278,0.1278,6,4
CCATCGACTGATTGAT,Q3G L107F I112P W264Q,0.1278,0.1278,6,4
CCGATGACGAAAACAC,V22S E100I H131T L220P K368A,0.1278,0.1278,6,4
CCGTTACCGCTCCTAA,D156* F233G,0.1278,0.1278,6,4
CCTAACCCATAACAGA,L344- I345- N346- D347- T377P,0.1278,0.1278,6,4
CCTTATCGAAAACTGT,T226L W264S,0.1278,0.1278,6,4
CCTTCGTGAAGATTAT,L73E,0.1278,0.1278,6,4
CCTTTTTACCACACCA,L50M S205I Y480S,0.1278,0.1278,6,4
CGAGCAGAACGCCACC,N158K S234M,0.1278,0.1278,6,4
CGATAAAAATATCCAG,A176M T438K,0.1278,0.1278,6,4
CTAGCTACAAGAACCA,A173T C364I Q482A,0.1278,0.1278,6,4
CTCGAATGGTGACACC,L52V L107P,0.1278,0.1278,6,4
CTCTTTCGACCAGTCT,I15T L266R K461S,0.1278,0.1278,6,4
CTTTATTACGATATGC,M1P Y363K,0.1278,0.1278,6,4
CTTTGCCACCGTCAAA,I254T E307F L415G,0.1278,0.1278,6,4
GAACGACACCCAACGA,R55V L107D S169I,0.1278,0.1278,6,4
GAGAGAAGTTGCAATC,G64*,0.1278,0.1278,6,4
GAGAGTGCGTTACACG,G277F C292L,0.1278,0.1278,6,4
GATATATGTTAACAAC,G54D T77N F117S A177F Q405V C475S,0.1278,0.1278,6,4
GATTAAAATTGTCAAA,T249I T438R,0.1278,0.1278,6,4
GCCATTATAAGAAGTG,C155G D268W L349P S392L,0.1278,0.1278,6,4
GCCTCTGGAATCCATA,T70Y H170I K481*,0.1278,0.1278,6,4
GCTACAATCATGCCAA,L71D H230R S476N,0.1278,0.1278,6,4
GCTCCCCCAAATACAT,F7S Q416N,0.1278,0.1278,6,4
GCTTTTGTGGGTTACA,W210M R250S L415N,0.1278,0.1278,6,4
GGAAGTAATGAGAAAA,S143F H170N G360H N395T,0.1278,0.1278,6,4
GGCAGGTGAGTACCAA,F7V F49* L382R,0.1278,0.1278,6,4
GGCGCCGACCATAGGC,Q165D S199G T296K,0.1278,0.1278,6,4
GTAGACTTAATATGCG,L245P,0.1278,0.1278,6,4
GTTCAGCCATACTATA,A30D G181A,0.1278,0.1278,6,4
GTTTGACCGTTGAACG,C364F S400G,0.1278,0.1278,6,4
TAAAAGATCTTACGCA,Y200L E308R,0.1278,0.1278,6,4
TAACAACCGAACGACA,G2Y M19E E72* C86S A202F T261* C364F L430D,0.1278,0.1278,6,4
TAACTCTAACAATAAA,W210N C364I,0.1278,0.1278,6,4
TAATATCTAAGTAAAA,Q247R S381K,0.1278,0.1278,6,4
TAATTATTTCACTAAC,L35S H354S K465F,0.1278,0.1278,6,4
TACAACAACCTTAAGA,L105V C212L L394Y H398I,0.1278,0.1278,6,4
TACAAGAACTTCCAAT,A343E L382G,0.1278,0.1278,6,4
TACTCGAGCGTACTCT,T6A D251Y F446L,0.1278,0.1278,6,4
TAGTAGTTAACATTAA,V5N I144D N224Y,0.1278,0.1278,6,4
TATACAGGAGTGACTC,T40L,0.1278,0.1278,6,4
TATTGATTGTACCCCT,K88G Y129S P145R,0.1278,0.1278,6,4
TCATGTCAAGTCAGCA,N119C Q149L P427Q,0.1278,0.1278,6,4
TCCAAGACTTTTTATC,T48I G294R M359* H455P,0.1278,0.1278,6,4
TCGTAGTTGGCTTAAT,A184F T281C,0.1278,0.1278,6,4
TCTCACATCCAAAGTA,C86V D357W,0.1278,0.1278,6,4
TCTTGACTGTACCGCT,L326D,0.1278,0.1278,6,4
TGAGAGGGTCACAATA,L50P H93D,0.1278,0.1278,6,4
TGCAAGTGTTCAATAC,C57I V65S K490V,0.1278,0.1278,6,4
TGTCACTTTTGTTTAT,S27Y W196N A202H I323M,0.1278,0.1278,6,4
TTAAAACTGAGCGATT,T6R L442M N470Y,0.1278,0.1278,6,4
TTAAGTGAACACGGAG,P464C,0.1278,0.1278,6,4
TTAGAAGGACAAACGT,K339A C463T,0.1278,0.1278,6,4
TTAGCACTATCCCAAG,R256I L344Y G391* L433F,0.1278,0.1278,6,4
TTAGGTAGGCAGACGC,A25V M192E P466A,0.1278,0.1278,6,4
TTCAAGAGTTTAAAAC,C57F T59P I403M L442T,0.1278,0.1278,6,4
TTGATAAACATACTGA,R55* T261L,0.1278,0.1278,6,4
TTTATAAACACTCAAT,L242I L259T,0.1278,0.1278,6,4
TTTATTCCAAGTGATG,Y166I A176T C180I,0.1278,0.1278,6,4
AAAAAAGGGCGGTAGT,Q3L H92A,0.1704,0.1704,6,3
AAAATGACGCGGAACC,C118D H471Y,0.1704,0.1704,6,3
AAATACAAACCTAGTC,F309R,0.1704,0.1704,6,3
AAATTTCCTGACTTAG,S27C L103K N167L C212R,0.1704,0.1704,6,3
AACAGAAAATGGGGCA,I21G C41R E104Q L259P L326K,0.1704,0.1704,6,3
AACCTTAGGAATTTAA,L73R G197V I222R I445F,0.1704,0.1704,6,3
AAGTGTACATCTACGC,S205R Y219S L449T,0.1704,0.1704,6,3
AATAAATAATAAACCA,M312N,0.1704,0.1704,6,3
AATACGTAACTGTATG,T190L Q321N L469F,0.1704,0.1704,6,3
AATCAAATAGAGACAT,P464L,0.1704,0.1704,6,3
AATTTTTCTTTTACCG,,0.1704,0.1704,6,3
ACAAAAACTAGTTATA,L68N P464L,0.1704,0.1704,6,3
ACAAACTAGGAACTAT,N295F Q405S,0.1704,0.1704,6,3
ACAATGAAGTGTCATT,C118H H124C G260K W370E L442H G484L,0.1704,0.1704,6,3
ACACGAATCATATGAG,L73A T101H F140Q G186R S199I I213M S444V,0.1704,0.1704,6,3
ACATGAAATGAAATAC,V97S W210A F440K,0.1704,0.1704,6,3
ACCCCTAACTATACTC,S56N Y62H I222M Y393S S444G,0.1704,0.1704,6,3
ACCCTATCGGCAGTAA,N346V,0.1704,0.1704,6,3
ACTATTGAGCCACCAC,I15G Q189M D306M,0.1704,0.1704,6,3
AGACAACTGGTCTAAT,L430P,0.1704,0.1704,6,3
AGAGCGCCATCATATT,L73* L220T S389L,0.1704,0.1704,6,3
AGATTAGATAGAACTC,C118R T182V W196S Y200* Q247F P383L,0.1704,0.1704,6,3
AGCCGACGTAGTTATT,Q247R C475R,0.1704,0.1704,6,3
AGTCAAATATAAGACT,F8L H179L L220R W227T W264G D306Y S392P S444W,0.1704,0.1704,6,3
AGTCAATATTTAAACC,V47G,0.1704,0.1704,6,3
AGTGAACTTCGAACCG,T70L A176T C279S E418K,0.1704,0.1704,6,3
AGTGCAAGCGTTTTAG,Q9M E151T Q416T,0.1704,0.1704,6,3
AGTTAGGAACTCCCTG,L68S Q165L D311L K339T,0.1704,0.1704,6,3
ATAACAAGAAAATGGG,M1I M75L G198V Y219C A330P,0.1704,0.1704,6,3
ATATACAAAGATTAAA,L52C G277L S333Q P486*,0.1704,0.1704,6,3
ATATTCCTCAGAGGGA,G64M N90D R235Y H305M Y441H,0.1704,0.1704,6,3
ATCCATACAAAGATAA,L285P F309V,0.1704,0.1704,6,3
ATCCGACAACAAGCGA,R256V P383Q,0.1704,0.1704,6,3
ATCGAATAAAAGTGAA,T40L,0.1704,0.1704,6,3
ATCTATTTTCCAGGCA,L78K M134L Q165A K490F,0.1704,0.1704,6,3
ATTTTTGCGGAGAACC,R55S C279Y,0.1704,0.1704,6,3
CAAGGACTCACCAGAT,Y241H K304L,0.1704,0.1704,6,3
CAATAATACAGTTTAA,G186R S246N D432L,0.1704,0.1704,6,3
CACATTTAAAATAAAA,F49C M420V V450R,0.1704,0.1704,6,3
CACTAAACGGTACTAA,C279V,0.1704,0.1704,6,3
CAGATAAAATGTGGAA,Y66G,0.1704,0.1704,6,3
CCCACATCTAAGTACC,N99V,0.1704,0.1704,6,3
CCCTACCCTATTCAAT,L168W,0.1704,0.1704,6,3
CCGATTAAAGCTCTGA,G277R,0.1704,0.1704,6,3
CCGCGTCTCACTTGCA,,0.1704,0.1704,6,3
CCGGCCCCACACGTGA,F8V M194I L355M F434*,0.1704,0.1704,6,3
CCTAACAGACAGGTTA,L61Q S111Y L220S,0.1704,0.1704,6,3
CCTAGAGCCAGGAGTG,F8V P275T L285Q,0.1704,0.1704,6,3
CCTGGAACTTGAATCA,I144G K291R E303C G473F,0.1704,0.1704,6,3
CGACTGATAAGCCAAA,G198K P466V,0.1704,0.1704,6,3
CGCTCATCACGTTCGG,C180D M420I,0.1704,0.1704,6,3
CTAAAGACAGAAAATG,C57Y F233V D408L,0.1704,0.1704,6,3
CTATTAAGCTGATTCG,A132R N185I W264S L336K I474M,0.1704,0.1704,6,3
CTGACACGGATCAAAC,L449E,0.1704,0.1704,6,3
CTGCGGTGCGTAAAGC,T106A N319K I334P,0.1704,0.1704,6,3
CTTACACTAATAGAGG,Y200G D251F P427N,0.1704,0.1704,6,3
GAAAAAGATTACACAC,L51S I112D N185L,0.1704,0.1704,6,3
GAAAGCGACTTAAAAA,F157* T215N L394F,0.1704,0.1704,6,3
GAAATAAACCACAACA,C57S S111K D229H E404A D432N,0.1704,0.1704,6,3
GACATGTGTACGTGAT,W386L,0.1704,0.1704,6,3
GACTTACATTAAACAT,G2S H230N G478V,0.1704,0.1704,6,3
GAGAGCAGACACGACT,T261L P383C,0.1704,0.1704,6,3
GATAGATCTCGGCTGC,K161S T274P M284P,0.1704,0.1704,6,3
GCAATCGATAAGACTG,R250C,0.1704,0.1704,6,3
GGACCGCTAGAAGCCG,L107M D306E Y369S,0.1704,0.1704,6,3
GGATGGCAAGACAGGT,Q3G L120Y C212*,0.1704,0.1704,6,3
GGCTAGATAACGATAA,T48* W370M,0.1704,0.1704,6,3
GTGCCAGAACAAAACT,M80G G240L,0.1704,0.1704,6,3
TAAAAGAGCTTTAAGC,T59P N148D Y200G I213F,0.1704,0.1704,6,3
TAAAGACACCACGTGA,S135* A173D I286G,0.1704,0.1704,6,3
TAAGCGCCACTCGCCC,T58K,0.1704,0.1704,6,3
TACCAAGTACATAGGC,L258Y I334L,0.1704,0.1704,6,3
TACTATAAAACATCAA,F309H T426I,0.1704,0.1704,6,3
TACTTCAATACACGTT,H92N K126M A176L D251T F316Q N409L R491Q,0.1704,0.1704,6,3
TACTTCAGAGCGAGAA,G240A L285F,0.1704,0.1704,6,3
TAGAGGCAATAACCAA,E72A,0.1704,0.1704,6,3
TATATCGGCAACGGAA,L142I N390P,0.1704,0.1704,6,3
TATTCTCCATAGCCTA,V164M T375I,0.1704,0.1704,6,3
TATTGACTTACTTAAC,E72T D156T F293S N346L,0.1704,0.1704,6,3
TCAGATCGAAGCTTCA,Y441S,0.1704,0.1704,6,3
TGACATCACTCCTGAT,L220S,0.1704,0.1704,6,3
TGATACACTCTTAGAA,L50P T81F P236E,0.1704,0.1704,6,3
TGATGTTGATACATTG,D311A I337*,0.1704,0.1704,6,3
TGCAGCATTAGAAGTT,D175G K272I N342P I452S K481I V487F,0.1704,0.1704,6,3
TGCAGTGGACCCTTTT,L61A N109S L266F T274S T296S,0.1704,0.1704,6,3
TGCCTTAAAAACACTA,L43M R256L F262C,0.1704,0.1704,6,3
TGGAATTTATGCAAAA,I4Y N89H V487L,0.1704,0.1704,6,3
TGGAGACTGGAAATTT,K304T N373P H467I Q482G,0.1704,0.1704,6,3
TGGGCGTGGAAATTTT,N89* E100S K126L F140Q A328R Y371M,0.1704,0.1704,6,3
TGTACGCGTTCGAAAC,I24V E104T S255Q F309G I334L,0.1704,0.1704,6,3
TTAAAACCTAAGCTTG,S255N,0.1704,0.1704,6,3
TTAAAGAGAGTGTTGG,I345T,0.1704,0.1704,6,3
TTAACCCCATCCCTTC,M1S M214L K488C,0.1704,0.1704,6,3
TTAACCTTAAAAGAGG,H170T G240* T274Y,0.1704,0.1704,6,3
TTACAGGTGCACGCAG,P453L,0.1704,0.1704,6,3
TTAGCAGGGGGTCCAT,Y129I C180Y,0.1704,0.1704,6,3
TTAGGACGAGTCCTAT,D273T N295P I334D L430E,0.1704,0.1704,6,3
TTCGCTAGTTGATCAA,P83L,0.1704,0.1704,6,3
TTCTGCGAACACATTG,A152L D408E P453S,0.1704,0.1704,6,3
TTGAGCCATACGCTTT,E287F K481E,0.1704,0.1704,6,3
TTTTCGAAAATATACA,I4L A132P K465S,0.1704,0.1704,6,3
AAACAATCCGTACCTC,F318L,0.2556,0.2556,6,2
AAACCTACACTGACAC,S85D E104I,0.2556,0.2556,6,2
AAATTCTAAAATCTTA,C86H,0.2556,0.2556,6,2
AACAAGTTTACGCAGT,Y94D S389R,0.2556,0.2556,6,2
AACTACCTTAGATTCG,A176Y L285S,0.2556,0.2556,6,2
AACTCTAACACCTTTA,G159C Y172K C212Y,0.2556,0.2556,6,2
AAGCATGATTTGAGTC,Y172N,0.2556,0.2556,6,2
AAGGAGCAATCCATCG,V28Y D130M,0.2556,0.2556,6,2
AATATCCCGACACACC,V14E N127K N146F G159P E329A,0.2556,0.2556,6,2
AATATTTAAATCTTAA,R256L F318M Q331F R491S,0.2556,0.2556,6,2
AATGGATCAAAAAGAA,T40Y K63Q P236R C475S,0.2556,0.2556,6,2
AATTACTAATTTGTTA,L259R,0.2556,0.2556,6,2
AATTTCAATTGTCTAT,L61* F233L C310V,0.2556,0.2556,6,2
ACAAGTGGATATAGTC,D175G C475R,0.2556,0.2556,6,2
ACAGCTCAACACGAAA,E270K A297P T426* I445H,0.2556,0.2556,6,2
ACATACTCCATTGTTT,Q3D H92F L133Y S199N D229S P466K,0.2556,0.2556,6,2
ACATCTACTCCTTCAA,L50M A176F P362R E413R,0.2556,0.2556,6,2
ACCTTTATTAGAAATT,L61M N319G,0.2556,0.2556,6,2
ACTAAAGGCAACGGAT,K63Q I345* K481N,0.2556,0.2556,6,2
ACTTGTGCTCTATCAG,S85H K465M L479F,0.2556,0.2556,6,2
AGAAAGATCACTATGA,L285* C477S,0.2556,0.2556,6,2
AGAAATCAGAAATTGC,T225S A343N C364H,0.2556,0.2556,6,2
AGAGCTAGATTACTAG,,0.2556,0.2556,6,2
AGCAACAAATTGATCC,L32R M96H,0.2556,0.2556,6,2
AGTAGCCACATTAACA,Q3P G98Y L105Q H124I L244D A297G S389V I458P,0.2556,0.2556,6,2
ATAGAACCCGACGCTC,K63C K488Y,0.2556,0.2556,6,2
ATAGAGAAACTTGAAC,Q3T W196G V485P,0.2556,0.2556,6,2
ATATATTCTTCCAGAA,Q165V C463F,0.2556,0.2556,6,2
ATCATAAGAAACCGTG,L52C G181V,0.2556,0.2556,6,2
ATGGACCATGATAATG,H115V L120M N346M K451C,0.2556,0.2556,6,2
ATGGGCGGTATAGCCA,L128V D306P K425V,0.2556,0.2556,6,2
ATTAGATGCCATTACT,S171D D347L,0.2556,0.2556,6,2
CAAATAAAACTCTAAG,L73P L128N G277W,0.2556,0.2556,6,2
CAACAATCGGATGATA,F316N L382E,0.2556,0.2556,6,2
CAACATAATCACTCTC,F318E,0.2556,0.2556,6,2
CAAGATACCGAGTGGG,D156* A173F C212Y,0.2556,0.2556,6,2
CACCTTCATCAAGCTA,I4T N114S,0.2556,0.2556,6,2
CATAGAAGACAAAACA,V47N S60L,0.2556,0.2556,6,2
CATCTTGAGCCAGAAA,A176D,0.2556,0.2556,6,2
CATTGATAGCAGGTAA,V44N H92Y N99T,0.2556,0.2556,6,2
CCACAACACCTACCAC,L73C W264L L430Y,0.2556,0.2556,6,2
CCACACAGAATCCGCT,L46S N146L I222Q,0.2556,0.2556,6,2
CCCTACAAAACCTATT,L32D H115Q C155E L326M R456Y,0.2556,0.2556,6,2
CCCTAGAAGTCAAGGA,C155R T281P,0.2556,0.2556,6,2
CCGCCGAATACCCGAG,G240M E307T,0.2556,0.2556,6,2
CCTAACGAATAAATCA,A39S M194* Q223M E404R,0.2556,0.2556,6,2
CCTTAAACAACTTCAG,K125R C364F,0.2556,0.2556,6,2
CGAATAACCGTAATTT,W283C P383Y,0.2556,0.2556,6,2
CGCAATGTTGATAGGT,L133I R468*,0.2556,0.2556,6,2
CGTACATTTACTCAGA,,0.2556,0.2556,6,2
CTACGTTCGTTTATAA,R256M Y363N,0.2556,0.2556,6,2
CTGGATTTAGATAAAG,F318H A330Y T375V,0.2556,0.2556,6,2
GAAATATAAAGACAAT,T40L H179Y W386V,0.2556,0.2556,6,2
GAAATATGCTGCAAAC,A288P,0.2556,0.2556,6,2
GAACGAGTGGAAAAGG,A39G T48P L103H S135V A184D,0.2556,0.2556,6,2
GAACTCAAGCTAATGT,A184S D204R Y393D,0.2556,0.2556,6,2
GAAGCAGCTCATACTT,G2R G243T,0.2556,0.2556,6,2
GAATATTTTCGTGAAT,A30L H124V F140L E413Y,0.2556,0.2556,6,2
GAGCATAAATAGAAAG,S60E N346K,0.2556,0.2556,6,2
GATAGATAATTCTAAC,Y62R C86D,0.2556,0.2556,6,2
GATTTGGCAATACGAA,E303*,0.2556,0.2556,6,2
GCACCGCCGTTATTTC,A152L V431*,0.2556,0.2556,6,2
GCGCCTGAGAACTTAG,,0.2556,0.2556,6,2
GGCAGAGGTTCGTTAA,T110P,0.2556,0.2556,6,2
GGGAATTAACAAATTA,F8G I222M N346L E404G K490T,0.2556,0.2556,6,2
GGGTGAACTAGTGATC,M19* T48E S367I,0.2556,0.2556,6,2
GGGTTCAGACCTAGCA,Y200E R282C S381N,0.2556,0.2556,6,2
GTACAAAAATTTGTTC,L51V Y172S T274E P275T G277P I452Y,0.2556,0.2556,6,2
GTGAAGATCGGCCAGC,I21T,0.2556,0.2556,6,2
GTGCATCGATGAATAA,L71K,0.2556,0.2556,6,2
TAAAAGCCCGAAGCAG,C53D Y129F H179R,0.2556,0.2556,6,2
TAAATCAAGCTGTCGA,E104S T110S V183E G197V S199L,0.2556,0.2556,6,2
TAACTTTAGTTATGGG,L51S I136G Q416V,0.2556,0.2556,6,2
TAATCGTGTCCACGTC,I162E V341M N346K F436I,0.2556,0.2556,6,2
TACATAAATGGAACTA,S163R D175V S199W R248G I254V,0.2556,0.2556,6,2
TACGAATCATCAGACA,Q232*,0.2556,0.2556,6,2
TAGAGAAATGGTTCCA,Q3A M359I G360S,0.2556,0.2556,6,2
TATAACGGGAACTCAT,L266* V298Y L372Q,0.2556,0.2556,6,2
TATAATCCAACCTCAC,S237Y K481A,0.2556,0.2556,6,2
TATGTGTTTACCAGGC,E308L F399S,0.2556,0.2556,6,2
TCAAGCAAAGGGGATA,S27W S60G T274Y F309S,0.2556,0.2556,6,2
TCAGTTCCGAACTGAG,N209S I213A H230Y L442S,0.2556,0.2556,6,2
TCCGAACGTCCGGTTA,S389D,0.2556,0.2556,6,2
TCGTTTTACTTTGAGA,N167K N209H C301S S437L,0.2556,0.2556,6,2
TGAAGCAGTCGGTGAC,C231E L245E S255D,0.2556,0.2556,6,2
TGCGCGCAACACGCAA,T48D,0.2556,0.2556,6,2
TGGAAGCAGCCTTACT,H93M Y200L R379C,0.2556,0.2556,6,2
TGTACAGTCACTTACG,Y217T G391S F440V,0.2556,0.2556,6,2
TGTACGGTAGACATTT,K125G R207M L349E,0.2556,0.2556,6,2
TTACAAGTACAGATCG,T108M,0.2556,0.2556,6,2
TTAGAAAAAGATATCA,N185H S255M G276F E287P L433C,0.2556,0.2556,6,2
TTCTCTATATATTTCA,L73* L326P,0.2556,0.2556,6,2
TTGAAGAGGAGATTAT,G42K L259K M472L K481*,0.2556,0.2556,6,2
TTTGAAAAAAACAGAA,A30P,0.2556,0.2556,6,2
TTTTTGAGCATGGCGG,A173N L394S P464Q,0.2556,0.2556,6,2
AAAAGCCGACTAGGTT,K33G P466*,0.5111,0.5111,6,1
AAACCCACATTAATGC,S154V L266M N295L E307Q,0.5111,0.5111,6,1
AAAGCGTACTCAGCCT,N470Y,0.5111,0.5111,6,1
AAGGAATACCTTAGGA,N158T N185T G271R C385M,0.5111,0.5111,6,1
AATAACTGAGCCAATA,L35P A173Y T225D,0.5111,0.5111,6,1
AATCTGCGCCAACGGA,M19K K125C,0.5111,0.5111,6,1
AATTTTACTAGACCCA,P383V,0.5111,0.5111,6,1
ACAATACAGTGAAATT,Y94* L336A,0.5111,0.5111,6,1
ACGGTATAATCAACTC,L344R,0.5111,0.5111,6,1
ACTAAACCAGATCTCA,L50R I144K,0.5111,0.5111,6,1
ACTAAGAAAGTTTAAT,Q3R L285N,0.5111,0.5111,6,1
ACTACAATTAACAATT,Q3* S27A T48S N90C *492-,0.5111,0.5111,6,1
ACTACGGCCAAATGAA,K451C L469F,0.5111,0.5111,6,1
ACTTTATTGATTTATC,T249V L259P S267Y,0.5111,0.5111,6,1
AGAACAACACAGCTCA,G54P,0.5111,0.5111,6,1
AGCTCTCCGACCTAAT,V47R C292R D357Y D402L,0.5111,0.5111,6,1
AGTACTTACAGTAAAG,F49M,0.5111,0.5111,6,1
AGTGATAATAATAGGA,Y62S N146H I411L,0.5111,0.5111,6,1
AGTTTTCACTTCTCCG,M19C L71D I213K,0.5111,0.5111,6,1
ATCATATAAAAAGATT,N146Y E228C R256I T281N I452R,0.5111,0.5111,6,1
ATTACCGGAAAAAACT,H170* K461S,0.5111,0.5111,6,1
ATTGAGAACTGATATT,I4S W210H H354T,0.5111,0.5111,6,1
CAACCTGATGAGCATA,V97K N119D Q189S,0.5111,0.5111,6,1
CAGGGCATCTCGATCC,P12A Y66P T225S,0.5111,0.5111,6,1
CATTGTAGATAAACTT,T182D H230D,0.5111,0.5111,6,1
CCTCTAGTGTCGGTAC,M80* L245M,0.5111,0.5111,6,1
CCTTCGCAAACACACC,T81E P453Q,0.5111,0.5111,6,1
CTACAATTCCCACATA,S154G R257G F318V L344P,0.5111,0.5111,6,1
CTAGAATTCCACATTT,M80V D122A K352S,0.5111,0.5111,6,1
CTATGACTGAAACACG,V31F L259T A330F,0.5111,0.5111,6,1
CTCGCCCAACAGCCGA,Q69L T110M S199I R456S,0.5111,0.5111,6,1
CTTTTATACCCGAACC,C53K,0.5111,0.5111,6,1
GAATGCAGTGAATTAA,E76* H92D M194* Q223A,0.5111,0.5111,6,1
GAGGGACCAGTGCCAT,F436I S444R,0.5111,0.5111,6,1
GATAGCATTAAGGTAG,E16* L52P I443S,0.5111,0.5111,6,1
GCACTGATATATATCT,N302S N395A S476I,0.5111,0.5111,6,1
GGAACCAAGCGGGCTA,L103S,0.5111,0.5111,6,1
GGATTTGAGAATACCA,N209Y L430P H471S,0.5111,0.5111,6,1
GGTTGCAAGTACCATA,M1Y I21F K161Q M332H,0.5111,0.5111,6,1
GTATCAGAAGACGTTT,L245P,0.5111,0.5111,6,1
GTTCAAGTTGAATTTA,M19C N109C L315P,0.5111,0.5111,6,1
GTTGAGCATCACTCCT,D211*,0.5111,0.5111,6,1
TAAATAGTACTCCACC,I15E Q165R,0.5111,0.5111,6,1
TAAGCCAATAGAACAT,L52* V485L,0.5111,0.5111,6,1
TAAGGTAGAAGTACCG,R422T,0.5111,0.5111,6,1
TACATTTATCTGATGC,E100W C118T G240E V298G,0.5111,0.5111,6,1
TACTCGGCAAAATTAA,T438P,0.5111,0.5111,6,1
TAGTTTTGTACCACTA,V14E K490E,0.5111,0.5111,6,1
TATCGTTAATTTCGAT,F49V,0.5111,0.5111,6,1
TCACTGGCTTCTGAAA,H131* R468D,0.5111,0.5111,6,1
TCGTAAGATAACCGTG,G34L,0.5111,0.5111,6,1
TGAAACTCAACAATAA,C180L S199P Q223D F309L V341H,0.5111,0.5111,6,1
TGAACAACGTGTTATC,F49I E151L L244T E396S,0.5111,0.5111,6,1
TGAAGCAGCCTACAAT,I15H I334V,0.5111,0.5111,6,1
TGAATAGCACTAATGG,V11* G160F M192D R325G P483H,0.5111,0.5111,6,1
TGCACCTCCAACGTAT,N74S Q405C,0.5111,0.5111,6,1
TGCACTATAGGACGTA,T261L C301F,0.5111,0.5111,6,1
TGCTTAATGGGAAATA,L46T H179Y K461W,0.5111,0.5111,6,1
TTAAAAATATTTAACA,M19S D306F T377I,0.5111,0.5111,6,1
TTCATGTCTCTTACTA,L142G Y253M A343K I403R,0.5111,0.5111,6,1
TTGCAACAACCGTCTT,C57M D401S,0.5111,0.5111,6,1
TTTCCTAGGCTGCGCG,V65Q S143F S199Y,0.5111,0.5111,6,1
AAATCAATCGCATATG,C231A K339L L344T,1.0000,inf,6,0
AACCTTACGGTTATAT,K63M A297V H471L,1.0000,inf,6,0
ACTTTGCCCCATCAAC,M82N N319L,1.0000,inf,6,0
ATACTGATCCTGGACT,L73Q N127E P464R,1.0000,inf,6,0
ATCAAAGTAAGGCTGT,M312*,1.0000,inf,6,0
ATTATGACCTGATGTA,Y66L G102A T377N E418R,1.0000,inf,6,0
ATTCACATAAATCTCG,V459W,1.0000,inf,6,0
CCAGTCTTAGTGAAAA,E72K H354E Y441M,1.0000,inf,6,0
CCGAATACTAATCACA,L43R H305K,1.0000,inf,6,0
CCGACAAGTAAACTTT,Q3S P427Y K488T,1.0000,inf,6,0
CCGATGAAACTACTAT,I337F T380G,1.0000,inf,6,0
CGCACGATGACGAGCC,G54P L168R Q189T G197K C477M,1.0000,inf,6,0
CGCTTCAGATGAGTGA,T87F Q232F K272N K339S,1.0000,inf,6,0
GAGATTTCCGCGCCTT,W227* G271L Y369I,1.0000,inf,6,0
GCGAAAAGAGCTGCCT,N109R L315N,1.0000,inf,6,0
GTACGATACGCCCAAG,N167I Q416* P486S,1.0000,inf,6,0
TAACCATACGCAATTC,S154L,1.0000,inf,6,0
TGTACAGGAAAGAAGA,T101G W264L N470P,1.0000,inf,6,0
TGTGCAAAGAATACTC,T6S C301D,1.0000,inf,6,0
TTCAACCTTAACACCA,S234* F318Q,1.0000,inf,6,0
CAAGCCCATTACTAAC,K125M,0.0001,0.0001,5,3707
CGTGACACAAAATAGA,G160R T261R,0.0002,0.0002,5,2792
TCCGTAAAGGTTACTA,G243Y V487L,0.0002,0.0002,5,2610
TCGCGACAATAATACG,,0.0002,0.0002,5,2588
CGGACATACACAAATA,T101I D204F,0.0002,0.0002,5,2475
GGAATTTCAAAGGCGA,L133V,0.0002,0.0002,5,2448
CTACGTAACCTGTCAT,S135Y,0.0002,0.0002,5,2355
CCGCCCATATTCATTA,A184D S199R,0.0002,0.0002,5,2273
GAATTGACTTGTCTCC,H230Y,0.0002,0.0002,5,2261
TATCAATATAGACAAA,,0.0002,0.0002,5,2239
CTGCGGAAATAAATGG,L120I I252S,0.0002,0.0002,5,2203
TAAGTTTCTTAGTATC,,0.0002,0.0002,5,2198
CAGCAGGAGTATAGTA,,0.0002,0.0002,5,2111
TCACGATTAGCCATGG,S255N,0.0002,0.0002,5,2069
GAAGGTGAAGCAAGTA,,0.0002,0.0002,5,2056
AGTTCCGGAGTCTCAT,T281S,0.0002,0.0002,5,2006
CTTAAGACAACCTAAA,G198R,0.0002,0.0002,5,1979
AAAAGGCGTTCACGTA,,0.0002,0.0002,5,1956
TAGCTATACGTGGTAT,S169A,0.0002,0.0002,5,1893
TTCGTTTTAAAACCTC,,0.0002,0.0002,5,1886
CGTCGGGCATAAATAA,L103F,0.0002,0.0002,5,1868
GAGCAAAATTTAGAGT,H179F,0.0002,0.0002,5,1844
CTTGGCTCTATGAGAG,S199L I222L V298L,0.0002,0.0002,5,1839
GGGTTGGAAAACGTAA,Q189G I222L,0.0002,0.0002,5,1804
CTAACCAGCTATGACA,,0.0002,0.0002,5,1792
ACGCATTGGTAATTTC,,0.0002,0.0002,5,1767
AGACCATTGAAAAGGA,,0.0002,0.0002,5,1750
AACTAATACAACTAGA,,0.0003,0.0003,5,1702
GTAACCCTTCAATCAT,,0.0003,0.0003,5,1702
GAAAAAAAAATATCAA,A132T G186N,0.0003,0.0003,5,1681
CAGTAAGGATTGATAG,R356L,0.0003,0.0003,5,1648
GCCAGCATCTGTTAAT,A123T,0.0003,0.0003,5,1645
CCACCTTCCATACCAC,G98T,0.0003,0.0003,5,1635
ACATGCCAGCCAAAGA,,0.0003,0.0003,5,1617
CACCAGTAATAACTCT,,0.0003,0.0003,5,1585
TACTTCCCATCTTATT,Q223R,0.0003,0.0003,5,1585
AATATAGACTGAATTG,,0.0003,0.0003,5,1583
CCCTCATCGGAATTAA,,0.0003,0.0003,5,1575
GACTTGCCGGACCCTC,,0.0003,0.0003,5,1572
GGAAATCTTCACTTGG,E228T E413S,0.0003,0.0003,5,1558
TTATCCTAACCAGATG,,0.0003,0.0003,5,1558
CTAAGACCATGTTTAA,,0.0003,0.0003,5,1542
TGAAATTACGCTGGAT,,0.0003,0.0003,5,1526
CGAAACTGAATTACTG,,0.0003,0.0003,5,1521
TAGCAATAGCGATTCA,,0.0003,0.0003,5,1516
CTGTACCGACTCGATA,L245C,0.0003,0.0003,5,1514
GCTTAATGTATGAGAT,T101H I112T A152I K461T,0.0003,0.0003,5,1510
CGAGTTCCGAAAAGGA,I254M,0.0003,0.0003,5,1483
GCTAAGAGATAAAATG,G206L,0.0003,0.0003,5,1483
CGGTTATTGCATATAG,,0.0003,0.0003,5,1479
GAATCACTTGATAAAC,,0.0003,0.0003,5,1478
TTTAAAGCGTTCATCA,Q149H,0.0003,0.0003,5,1452
AAATAATAAATCACCT,L103M,0.0003,0.0003,5,1444
ATGCGTCACACTTGCC,,0.0003,0.0003,5,1419
TCACCACAGCGCACAT,S135Q,0.0003,0.0003,5,1413
CACATAGATTCAATGT,I4L,0.0003,0.0003,5,1404
AAAACTATCATCTAAG,,0.0003,0.0003,5,1403
GAGACTTGACCGCCTC,T70N I213L,0.0003,0.0003,5,1398
TCTTTTAGCAGGACGC,,0.0003,0.0003,5,1395
TAAAGACTCCTCTGTA,I136V N470D,0.0003,0.0003,5,1385
ATAACATCCGATTAAA,Q324V,0.0003,0.0003,5,1362
AAAAATCATACATTTT,S216C,0.0003,0.0003,5,1359
TCAGTTCCCTCATGGT,L128F Q324R,0.0003,0.0003,5,1357
CTCATGAAAGATTTAC,,0.0003,0.0003,5,1350
AGCAATAAAAATGTCA,M472I,0.0003,0.0003,5,1343
TGACTCCCCTGGCACG,K126S S269L T274D L394Q,0.0003,0.0003,5,1327
CGGATAACGGAATTAA,G208R,0.0003,0.0003,5,1326
CGAAGCCGGACACTTA,,0.0003,0.0003,5,1321
TTAGCGAAAATGAAGG,N114S V459A,0.0003,0.0003,5,1307
TCCGATTGTAATTCTG,L382F,0.0003,0.0003,5,1302
GCCTACTATGTAAGTA,S60G,0.0003,0.0003,5,1301
CAGTTTTCAGGACCGT,,0.0003,0.0003,5,1297
ATACAAGGCTAACGTC,S135Y,0.0003,0.0003,5,1294
CGCATAAAAATACGTG,S60T,0.0003,0.0003,5,1283
ATTGTCAAAATGTCGG,A176V G460D,0.0003,0.0003,5,1279
GATGATCGTGCAAAAT,S60A,0.0003,0.0003,5,1277
TTTGGGTAATAACTTG,L336W,0.0003,0.0003,5,1270
AAAACACCTTAGCCCT,D273E,0.0003,0.0003,5,1268
TGCTCGCGGTACTTAT,,0.0003,0.0003,5,1264
GATGTAGTCCAGAACT,,0.0003,0.0003,5,1260
ATAATACACCCCTAAC,Q321Y,0.0003,0.0003,5,1257
GCACTAAAGCTCCGAG,Y200V,0.0003,0.0003,5,1254
AGGACAGAACAACTAT,,0.0003,0.0003,5,1252
GTAGCACTTTGAGGAC,L394T,0.0003,0.0003,5,1243
CCCCTAATAGAAGGAA,M194T L336M H398M,0.0003,0.0003,5,1237
AACAGGCATAAAACGT,,0.0003,0.0003,5,1234
GAATGTATTCAAATAA,M75H Q149R,0.0003,0.0003,5,1233
CCAATCAGAATACTCT,H354A,0.0003,0.0003,5,1218
GAATATAAATTGTATA,Y66F,0.0003,0.0003,5,1218
GAGGGACACACCAAAG,L71I,0.0004,0.0004,5,1207
ACGAAATCCGCTTGAA,M82V,0.0004,0.0004,5,1201
TGTAAATGGGCGGTCA,L133V,0.0004,0.0004,5,1199
AGCCCTGAGAACATGT,T281S A322V,0.0004,0.0004,5,1198
AAACCCAGTATTTGCA,,0.0004,0.0004,5,1189
TACAGCGCTTACCATA,,0.0004,0.0004,5,1171
TATCTAACTTAACATC,,0.0004,0.0004,5,1157
TATCTATAAATTGAAA,T70I N209S,0.0004,0.0004,5,1157
AAGTTAGAACCTTCCC,,0.0004,0.0004,5,1155
CACGATATAGTCGATT,H448Q,0.0004,0.0004,5,1155
AAAATCAAACTGTTTA,A25S M472R,0.0004,0.0004,5,1153
GTAATCCACCCTGTAT,T48Y,0.0004,0.0004,5,1152
GGCTTGCCATTATGAA,A173C G181N G276S,0.0004,0.0004,5,1151
TTTGCGCTTAAACGGA,,0.0004,0.0004,5,1146
GGTAAAGATGAGAAAG,L203V,0.0004,0.0004,5,1142
TGTACTTTTTCTATTC,,0.0004,0.0004,5,1142
AGATTAGTAAAATTTC,L84V,0.0004,0.0004,5,1139
TATAGAGAACGAAGCG,,0.0004,0.0004,5,1139
TAAATATAAAAAATCC,,0.0004,0.0004,5,1131
ACTACTACTGATATCA,T40A T70W,0.0004,0.0004,5,1124
AGCATCTGCAATATAT,,0.0004,0.0004,5,1120
CCAATTCTTTCAAGAT,A328M,0.0004,0.0004,5,1117
AGTCCCCATGTATCAC,,0.0004,0.0004,5,1116
AAAAAGGGAGTAAACA,L394E,0.0004,0.0004,5,1105
AAAATATCCAAGTTCT,G429A,0.0004,0.0004,5,1100
ATTATCGCTATCGACG,F7M N209A D229S,0.0004,0.0004,5,1093
AAAGTCAACTGTTCTC,K384T,0.0004,0.0004,5,1092
ATGAAGCAATTAATTT,S392N,0.0004,0.0004,5,1087
CAACCATTATACCGGG,D156N G197S,0.0004,0.0004,5,1086
CGCTTCCAAGTGCGAA,,0.0004,0.0004,5,1081
GCCGTACAAAATGAGT,,0.0004,0.0004,5,1069
AGGTTAGTAATGATTC,L50Q T249H,0.0004,0.0004,5,1064
GTCAGAATTGCCCTCA,H179M,0.0004,0.0004,5,1064
CGCATCTCTCTCGCAA,K272N,0.0004,0.0004,5,1057
GATTATAAAAATCACA,,0.0004,0.0004,5,1054
AACCTTCAGAGAGGAA,D229H K339E,0.0004,0.0004,5,1053
GCATGCGAGTAAACAA,T296N,0.0004,0.0004,5,1050
ACTTCATATCCCATAA,,0.0004,0.0004,5,1045
CATCATTAGGTGCATA,G198V,0.0004,0.0004,5,1045
AGTGTATACTTGCTAT,,0.0004,0.0004,5,1038
ACTAATAGGGACACAA,,0.0004,0.0004,5,1036
CCCAACAAAAAACAGA,M19V,0.0004,0.0004,5,1036
TCCCTAAATCTAAACT,Q9H,0.0004,0.0004,5,1027
CCATGCAATACAACAC,A132T A184V,0.0004,0.0004,5,1019
GACATTTATGTGAATA,S389L,0.0004,0.0004,5,1012
AGCTTCACTTGTAAGT,S91N,0.0004,0.0004,5,1008
ATGAACTGCCGATATA,T6G,0.0004,0.0004,5,1007
GTAACGCCTAAATACC,E228K,0.0004,0.0004,5,1007
GTAACTGCCCGAACGT,R55S T101H L326A,0.0004,0.0004,5,1004
GATATAAAATTTGTTG,V44A,0.0004,0.0004,5,1003
GGCAATCCAATAACGA,I201A,0.0004,0.0004,5,999
GAGATCGCTCCCACAC,L290E,0.0004,0.0004,5,996
GAACGATAAACCAGGC,,0.0004,0.0004,5,994
TGAAGACCCTGCCCTC,S135H W227A,0.0004,0.0004,5,993
CAGATACATGAATAGC,,0.0004,0.0004,5,989
CGGAACGACTATACAT,N224I,0.0004,0.0004,5,987
ATCCCTATGCACAACA,I337M,0.0004,0.0004,5,985
TGTCCTTAAATTAAAC,F233T,0.0004,0.0004,5,983
AACAGTTATTCCACGC,N209H S267F,0.0004,0.0004,5,980
TGCCGCTACTTTATAA,D156T,0.0004,0.0004,5,978
CAACACCATTCCAAAA,K63G,0.0004,0.0004,5,974
CAATATGAAATTAAGA,,0.0004,0.0004,5,972
GACTATTGACAGTGAT,V47I I474L,0.0004,0.0004,5,970
TTTTGTGAGGTCCATA,T87S S111N,0.0004,0.0004,5,965
TAAGATTAGAAAATGC,G198E,0.0004,0.0004,5,955
CATAAATTAAACTCTC,Q69R E413S P483Q,0.0004,0.0004,5,950
ACTCTCATTTGCTTTC,,0.0004,0.0004,5,948
GATATCTAAGTTCCCT,L387V,0.0004,0.0004,5,948
GTGCGAAATAAGACGT,V187A,0.0004,0.0004,5,948
TTAAGAAATACAAACA,,0.0005,0.0005,5,943
TACTGAAGTTGACCAT,D211N S269I T377D,0.0005,0.0005,5,929
CACGAATGTTCTGATT,,0.0005,0.0005,5,927
TAATACATAGAAATTA,N90A,0.0005,0.0005,5,927
TATATGCCCGAATTAT,G294V,0.0005,0.0005,5,925
GTACACCCATACTTTT,,0.0005,0.0005,5,923
TTTTCCAATAATTAAG,,0.0005,0.0005,5,919
CATTAAAAAAGCAATC,S60T I254D,0.0005,0.0005,5,914
CACAATAGGTCAACTA,,0.0005,0.0005,5,913
GAATTCACAAAAGGAG,T215C,0.0005,0.0005,5,911
AAATCCCTCCAGGTAG,Q232R,0.0005,0.0005,5,909
AATGAAAGTTTTTGCT,,0.0005,0.0005,5,900
CCAGGAAATCACTAGA,,0.0005,0.0005,5,896
AAGAGATGAACGAGGT,H115T,0.0005,0.0005,5,895
ACCTTAGTCCGGAGAA,,0.0005,0.0005,5,894
GTATAGTACAGAGCGA,T225S,0.0005,0.0005,5,889
CCGGCAAACGAGCTAA,A202I,0.0005,0.0005,5,888
TCCTCTTATGTATAAG,,0.0005,0.0005,5,888
TTGAACCGCCCTATAG,,0.0005,0.0005,5,886
TCCGACAAATTGATTC,R193D,0.0005,0.0005,5,885
ATTAATTGATTCAATA,,0.0005,0.0005,5,882
GAAAAGAGGCTATCCA,L433S,0.0005,0.0005,5,882
GTGGCTCTCAGACCGT,K300R,0.0005,0.0005,5,882
TTAAAAATTAAGTGAG,,0.0005,0.0005,5,881
CTCCATGCTAATGACC,,0.0005,0.0005,5,874
GGCCTTTTAAAATCCA,S135L E396L,0.0005,0.0005,5,874
AATTCTAGAACTTAAC,,0.0005,0.0005,5,870
AACTATCTGGCAATGT,N79Y K125R,0.0005,0.0005,5,868
TACCACACGATGTCTT,A177I P483L,0.0005,0.0005,5,866
GTAACAAACAGATCAC,M284Q A288S,0.0005,0.0005,5,865
ATACAAGGCTACTAGT,S199L,0.0005,0.0005,5,862
GTTCGACGACCAAACC,,0.0005,0.0005,5,860
TACTAGTTAGCACACA,,0.0005,0.0005,5,860
TCCGCGACCAAGGTCA,E307S,0.0005,0.0005,5,860
TCGTCCTGTAAAAAAG,,0.0005,0.0005,5,859
CCAACTTTAGAAACCC,L35A D175P A202R,0.0005,0.0005,5,853
TGCATAGCCACATACC,R257S,0.0005,0.0005,5,853
GATCGTAACATTATAA,K384T,0.0005,0.0005,5,851
AATAGTATAAAAGATA,S462L,0.0005,0.0005,5,848
CCAAATGGAACCCCAT,K327T,0.0005,0.0005,5,847
TGTATTCGGACTAAAA,,0.0005,0.0005,5,844
TGCTACACGAACCCAG,L73P,0.0005,0.0005,5,843
GTGGTTATCTATGTTA,G197R,0.0005,0.0005,5,833
TGTGACAAGTAAGTAC,,0.0005,0.0005,5,832
AGTTCTTAGAAATGAA,Q69V T225I,0.0005,0.0005,5,830
ACACGTCACTACCGAC,T59Y,0.0005,0.0005,5,829
AATAACCCATTCTATG,,0.0005,0.0005,5,828
TTAAACGGCGATCACG,,0.0005,0.0005,5,828
TTTAATAAGTACGAAC,T59W,0.0005,0.0005,5,826
TCAAATTAACATATCA,S60G,0.0005,0.0005,5,820
TGGAATAAACGAACAT,T263I,0.0005,0.0005,5,817
GAACATATCATGAACC,F436L,0.0005,0.0005,5,815
ACTTAAAGATGATCGG,L32S,0.0005,0.0005,5,814
TGTACATCTATAATAG,L433M,0.0005,0.0005,5,812
CCATCTATTGGCCCAA,G45K,0.0005,0.0005,5,810
TGTCCCCCAGCGTAAC,L242I V298I V450R,0.0005,0.0005,5,808
AATATACTTACCGCAA,,0.0005,0.0005,5,801
AGTAAAATTACTGAAG,D211S,0.0005,0.0005,5,799
TTTGAAACTTTACCTA,,0.0005,0.0005,5,799
TCTAACCCATTATCAC,,0.0005,0.0005,5,798
AGAATCTTGTCCAATA,Q482T,0.0005,0.0005,5,797
CAAACGAGATGCTCTA,,0.0005,0.0005,5,797
TACCCCGGGAGAGACG,A297D,0.0005,0.0005,5,796
CAAACGATAATTCTAG,N99Y Q232V,0.0005,0.0005,5,794
AGTACACAATAGGAAT,H131G,0.0005,0.0005,5,787
AAACCCGGGACGGACC,,0.0005,0.0005,5,786
TTACAATTATGAGAAA,I474V,0.0005,0.0005,5,784
CTATCCACGATAATGG,,0.0005,0.0005,5,777
CTGGTCACATAGCACA,A195T,0.0005,0.0005,5,777
ATCTTGGTGGACAGAA,S163C T412L,0.0006,0.0006,5,771
AACATCAGATTCGAAC,F117T F262A,0.0006,0.0006,5,769
CGGTATTCAAGACTTA,,0.0006,0.0006,5,767
GAGGAATACAGTACTA,,0.0006,0.0006,5,765
GTGATATATACCAATG,S246I H374D,0.0006,0.0006,5,761
TAAGATGTGCGCATGA,E307M,0.0006,0.0006,5,759
CGGACACGTAATGGCG,S60Y V459E,0.0006,0.0006,5,758
CACTGGGATTAAATCT,,0.0006,0.0006,5,756
TCCTCAATGAAATAAA,D156L D273G,0.0006,0.0006,5,756
TCAAATAGTGCGACCC,,0.0006,0.0006,5,754
AAACAGTTTGTACCCG,,0.0006,0.0006,5,751
GGCCAAGCTGTATAGT,,0.0006,0.0006,5,751
GATACTGAATGTAAAC,L32F,0.0006,0.0006,5,750
AATAACAGCACTTTAT,Y94N,0.0006,0.0006,5,744
AATTCTACACGAAAAA,,0.0006,0.0006,5,743
CACTGGTTTGGTAAAC,,0.0006,0.0006,5,743
CACAAAAAGTCAACCG,A407L,0.0006,0.0006,5,740
TAATAAGTAAAACAAT,M332T M472W,0.0006,0.0006,5,738
AAATTAGCCCGCATCG,,0.0006,0.0006,5,737
ATACTTGTGATAACCA,,0.0006,0.0006,5,737
TGGTACACATACAATA,F38A,0.0006,0.0006,5,737
TGCCATCGACGTGCAG,,0.0006,0.0006,5,735
TGGTCACATTTAAAAA,T59S T110L T225G,0.0006,0.0006,5,732
GAACACTAAAATGAGG,I136V L382V M414L,0.0006,0.0006,5,723
CAAACACCCCTAATGC,,0.0006,0.0006,5,720
GTCGTTAGCATTTTAA,,0.0006,0.0006,5,720
GAATAAATGTGGTCAT,K461L H471V,0.0006,0.0006,5,718
CAAGCTAGTTTCACAA,S27I N74K T110F I136M,0.0006,0.0006,5,714
CACAACCGCTATAAGA,E151T,0.0006,0.0006,5,713
ATCCTGTCAACCGAAG,V47I,0.0006,0.0006,5,712
GTTCAATATTGTATCA,,0.0006,0.0006,5,712
TAGTGCTAATTATAGG,K63S L120K K272S,0.0006,0.0006,5,710
CGAACAACACCTAATT,T265R,0.0006,0.0006,5,708
TACGAAATCGTAAAAC,N114M,0.0006,0.0006,5,708
GAACAACTATGATATG,,0.0006,0.0006,5,707
ATGTAAAAGATAAACG,S389D,0.0006,0.0006,5,706
TAAACCCCCAATGCAC,T101R T375R,0.0006,0.0006,5,706
TCCCTCGACGCAGAAA,,0.0006,0.0006,5,700
AATACCAAAAGTAATT,V28M N99K T110I,0.0006,0.0006,5,699
ACACCACCTAATGTAA,,0.0006,0.0006,5,699
TTATAAACCAGCGGTC,Q218N,0.0006,0.0006,5,694
AATTGACATCCATTCC,,0.0006,0.0006,5,693
AAAGATTGGCCTATCG,G159I H179N E287K,0.0006,0.0006,5,692
AATACACAATCCCTTG,E76R,0.0006,0.0006,5,691
GAATATAAGCATTGCT,R207V,0.0006,0.0006,5,691
GCTGGAGCGCCGAACG,D156N,0.0006,0.0006,5,691
AGACGCCGTTCACGTT,G260W,0.0006,0.0006,5,690
GCCTGTCTCTGAATTG,,0.0006,0.0006,5,689
TACTGTGAAGTCCTGG,E303S,0.0006,0.0006,5,689
CGTGCAGATAAATAAG,A30Q,0.0006,0.0006,5,687
GACCTTCATGTAAGGT,,0.0006,0.0006,5,686
GGCCTTCAGGGGACCA,,0.0006,0.0006,5,685
AAAACCTCAAACAAAG,,0.0006,0.0006,5,684
ATATATGGCTAGGCCA,L50S F309W,0.0006,0.0006,5,682
CTCGGAAAATAATACA,E67M N178I N319Q,0.0006,0.0006,5,682
AGACGACGATTCGTGG,,0.0006,0.0006,5,681
TAAAGGCACGTAGCGT,,0.0006,0.0006,5,681
AATTTTCAAAGTACCT,,0.0006,0.0006,5,680
TTAAAGGAGTGATACC,L285M G391K,0.0006,0.0006,5,679
AAAGTCTAAGCACGAC,,0.0006,0.0006,5,678
AAATCCGTAAAGTTCT,W196L D229M S389R,0.0006,0.0006,5,673
ATTACACACCTACGAA,G160S G208A T249V,0.0006,0.0006,5,673
ACATCTTCCAGTAATA,,0.0006,0.0006,5,670
CAAGCCCCGCATAGTA,,0.0006,0.0006,5,666
ATCCAAGTGAGATATC,,0.0006,0.0006,5,663
AAGGACATGTACTAGA,S111V,0.0006,0.0006,5,662
CTACACCCTACTAACC,I15L E100M,0.0006,0.0006,5,661
AATAACATCTAGCTTA,Q335L H398V,0.0006,0.0006,5,660
ACACTAACTAACACGA,G186M R207E,0.0006,0.0006,5,660
TGTCTAAGACATATAT,E396F,0.0006,0.0006,5,660
CTAATTATTTCCAATA,,0.0006,0.0006,5,659
CAAGATTTAATGATGG,R491S,0.0006,0.0006,5,658
CTAGCCTTGTATCGGA,N90S,0.0006,0.0006,5,658
TTTTATGATTAAGCCC,V5Y,0.0006,0.0006,5,656
CTACAAAGGTATAGAA,D273I,0.0007,0.0007,5,655
TGAAGTTTACATAGCG,,0.0007,0.0007,5,654
TTGCGGTGGGAGGAAC,,0.0007,0.0007,5,654
ATGTAAACGAATAAAC,,0.0007,0.0007,5,653
TACGAGAACTTCAAAC,,0.0007,0.0007,5,653
TACTACCACGGCAAAC,E67V,0.0007,0.0007,5,651
TCCACATTCCGTTAAA,L387K,0.0007,0.0007,5,649
CTATGGAAGCTATAAT,Q69G T263S,0.0007,0.0007,5,648
CACTACTAGTGACTGC,I337S,0.0007,0.0007,5,647
AGGCTCCGTGGGAATA,,0.0007,0.0007,5,644
CTATACAAACGACAGC,A202R,0.0007,0.0007,5,644
AACATGAAACGAGACC,M192C M332G,0.0007,0.0007,5,641
AATTCAGACCACACCT,I201T L336V,0.0007,0.0007,5,641
CGGATGAGTTTTGGTG,Y241L,0.0007,0.0007,5,641
TCCTTAATCAGTGAAA,M414L,0.0007,0.0007,5,641
TTAAATGACACAGCAT,,0.0007,0.0007,5,640
TACACAAAACGAATAA,E100G T375L,0.0007,0.0007,5,634
AGTAAACCACCCGGTT,,0.0007,0.0007,5,633
GCGGCCTCTACTTGGG,,0.0007,0.0007,5,630
ACCAAGGGCAAGGACG,G181E,0.0007,0.0007,5,629
TCTCCAATGTCAAACA,S269L R379C,0.0007,0.0007,5,626
CGACAAACAACTGAAT,,0.0007,0.0007,5,623
ATCACCACTCGCAATG,,0.0007,0.0007,5,621
AACCTAGATCCCATGA,M214F,0.0007,0.0007,5,613
GAGCCGATGTTGCCAA,M96V,0.0007,0.0007,5,612
TAAACGATAACTTATT,H124L T261M P275L,0.0007,0.0007,5,607
AGGTTTACTTCTGTGA,Q149H,0.0007,0.0007,5,604
CCTCTAATCAATTCGT,D268S,0.0007,0.0007,5,603
CTGTAACTGATTAAGG,N409M,0.0007,0.0007,5,603
TGAGACGATCAAACTT,,0.0007,0.0007,5,603
GACAGGAACAACACAA,N395P,0.0007,0.0007,5,598
TGCAAAAAACTACTAC,N209F K291R,0.0007,0.0007,5,596
TCTAGACCATATTCAG,A343L R491W,0.0007,0.0007,5,595
CGTGGATCTCGCCCCC,S135N,0.0007,0.0007,5,593
TGTACGAACATGTACC,L220M D273G E421N,0.0007,0.0007,5,592
TAACCACCAATGTGTG,,0.0007,0.0007,5,591
TATGCGTTCTGAACAA,,0.0007,0.0007,5,589
ACCAAGAAAAATGGTA,K320L,0.0007,0.0007,5,584
ATAACACATGGAGCAG,D156V,0.0007,0.0007,5,583
CACGTAAGAGCACGAA,N74Q S171F T377S,0.0007,0.0007,5,583
GGTAATTGACGTTACT,N99D E396Y,0.0007,0.0007,5,583
TATCCACTAATTCGTT,,0.0007,0.0007,5,583
CAACGTAGGTTCAACA,N90L,0.0007,0.0007,5,576
ATGGATAACATCCTAG,,0.0007,0.0007,5,575
CGGGCGTATACTATTC,T101L G391D,0.0007,0.0007,5,575
TTTTATAAGATTCGTA,K352H Q416L,0.0007,0.0007,5,573
GATAGATTACTAAGAA,A132L,0.0007,0.0007,5,572
ACGCCTCATTTAGACG,E413D,0.0007,0.0007,5,571
ACCTATATTCACCTTT,I334M,0.0007,0.0007,5,569
AAATACTAATCCTTTT,T281Y,0.0007,0.0007,5,568
CAAACATAGTAGGACG,,0.0008,0.0008,5,565
GCAAAATACATGAAGA,N395P,0.0008,0.0008,5,563
TAACACCTCATAGGAA,L168F,0.0008,0.0008,5,560
ATAAGTGAATGTACAG,S154D A173N,0.0008,0.0008,5,557
CTAGCGATTTATGTAT,Y62F,0.0008,0.0008,5,556
TTCTCACAAATAAATC,G159D,0.0008,0.0008,5,556
TGAAAAACCCCCAAGA,H124S I201P,0.0008,0.0008,5,554
CCAATAGATAAGGGAA,L61T,0.0008,0.0008,5,553
CCTCTATACAAGATTC,,0.0008,0.0008,5,553
TATACCACCAGATTAG,,0.0008,0.0008,5,553
AACCACAGGGGAGACA,A39F,0.0008,0.0008,5,552
ACGATATTCTTTGGGA,,0.0008,0.0008,5,552
CCCCGGACACCTTAGT,A123H H131L,0.0008,0.0008,5,552
GGAAAAATAGTAATAA,,0.0008,0.0008,5,552
TTTAAGAAAACCTAAA,N114S,0.0008,0.0008,5,548
CATAATCTAATAAATC,,0.0008,0.0008,5,547
TTAAGTAAGTAAAGAT,V388C,0.0008,0.0008,5,546
TAAAAACCTCAATATA,M332K S392R,0.0008,0.0008,5,545
GTAACACGACTCGGTA,,0.0008,0.0008,5,543
TAAATCACTAGAATAT,N158S L220A,0.0008,0.0008,5,541
ATCTCTAGGAACTACA,T225D,0.0008,0.0008,5,540
AAGGCCACGACCCGCA,,0.0008,0.0008,5,537
AAAAGAAAGTTTCCTG,S255A,0.0008,0.0008,5,534
GAGGTTACAGTTCAAT,,0.0008,0.0008,5,534
TCGAAATAGTTGTCAG,F7V G198L,0.0008,0.0008,5,533
CATAGCTCTAAAGTAG,S163D,0.0008,0.0008,5,530
CTGCTGAACCAAGACC,,0.0008,0.0008,5,529
TAGGACACTTACTGCC,,0.0008,0.0008,5,528
GTGAGCCAAAAAACGC,V14L M284D Q331P A343E,0.0008,0.0008,5,527
AAAAAAACTACAGCAA,N395G,0.0008,0.0008,5,526
TAATGAAAACTTCACA,,0.0008,0.0008,5,526
GCATACAAAAGGACCT,,0.0008,0.0008,5,523
GTGAGCGTGAACAGTA,,0.0008,0.0008,5,523
ACACAACAAAAGTCGG,N178Q F440D,0.0008,0.0008,5,519
GATACAGAAATATAAT,L103I H471L,0.0008,0.0008,5,519
TACACATACCCAGACG,A177W G206Y S333I,0.0008,0.0008,5,514
AAATCACAACGCATCA,,0.0008,0.0008,5,513
CCCATTGTATTGATTG,,0.0008,0.0008,5,513
GACATGATGACTGTTC,M332T,0.0008,0.0008,5,511
TGAAAAGCACAGTAAA,S476R,0.0008,0.0008,5,510
GGCTTCACACAAGGAC,S269A A299E,0.0008,0.0008,5,508
TGATTAGCTCGAAGCC,K161R V183Q F262T,0.0008,0.0008,5,507
ACCCAGGCAAACATAA,,0.0008,0.0008,5,506
CCGAATCACGGGAATA,,0.0008,0.0008,5,506
ACTCCCAAAAATCACA,E72V L107A F147M Y253D,0.0008,0.0008,5,503
GCACACCAAAGCGTGA,,0.0008,0.0008,5,502
ACCATGCCTCGAAACA,,0.0009,0.0009,5,499
AACATACAGAAAGTTC,M19G N74Q,0.0009,0.0009,5,498
GCGGATGCTTAACCGA,,0.0009,0.0009,5,498
CAAGAAGAACAACCTA,,0.0009,0.0009,5,496
AACCAAAAAATTCTAT,,0.0009,0.0009,5,494
TCTATACCTAATGTGG,,0.0009,0.0009,5,492
ATCACAAGTACGTGAC,F117H,0.0009,0.0009,5,490
ACGAAACGCTTGCATA,I144H,0.0009,0.0009,5,489
TACAGCAACCATGCTT,V485E,0.0009,0.0009,5,488
CACCAGCTCAGTTCAG,L220I,0.0009,0.0009,5,484
CCGAAAGTAATAAACG,,0.0009,0.0009,5,483
CAGGAACGACGTACAT,G198C,0.0009,0.0009,5,482
GACACACCTATACCAA,T101A N295T D408L,0.0009,0.0009,5,482
GGATTAAAAACGAGCC,Y66M,0.0009,0.0009,5,481
GAACTACCGCAATTGA,D122G,0.0009,0.0009,5,479
ATACTAAGCTACAATT,S234G G391S,0.0009,0.0009,5,478
TGAACGGACTACACTA,,0.0009,0.0009,5,477
GTCGTATTTAACCGTA,T70R I252A,0.0009,0.0009,5,476
AGTCATAAACCCAAAA,P486W,0.0009,0.0009,5,475
GGTCTCAGTCGGTCGG,,0.0009,0.0009,5,475
GAAAACAGTCGGATTG,E151V,0.0009,0.0009,5,474
GACGACTACCGTAAAA,A173I L447S,0.0009,0.0009,5,474
CACAGAAAGGGACTAA,,0.0009,0.0009,5,472
CAGCCATTCTTACACT,S237N,0.0009,0.0009,5,470
CCATACATAATAAAAT,K161T,0.0009,0.0009,5,470
TCGATAAAAGCCTACG,,0.0009,0.0009,5,469
ACAAAAGTACCTTATA,F147R V164C G198C Y217C E228W L447F,0.0009,0.0009,5,468
TGCAATAGAAGGGATG,A340N,0.0009,0.0009,5,466
CAGATCTTAGGTATAA,A328L Y363F,0.0009,0.0009,5,465
TGATCTCGTAATAACA,A343F,0.0009,0.0009,5,465
AAAAATCAAAGTAGCC,T110Y T263W,0.0009,0.0009,5,463
AAATGAACTCTACCAA,,0.0009,0.0009,5,457
CTATCAACTTGAAATC,T87L,0.0009,0.0009,5,457
ACGTTCCATGCCACCT,,0.0009,0.0009,5,454
TTATCATTAAAACCAA,,0.0009,0.0009,5,452
AACCAATGTGGTTACA,,0.0009,0.0009,5,451
CGACACCTAAAACAAG,,0.0009,0.0009,5,450
CAACCGATTATCGCTT,,0.0010,0.0010,5,447
ATGCAAGATACATTGA,E151T,0.0010,0.0010,5,446
CTAGTAAATTTTAGAT,V28F N148L I162Y A407N,0.0010,0.0010,5,446
TATAACAAAGTCGGCG,A202V,0.0010,0.0010,5,445
AACTGAATGTTCACCA,S205M,0.0010,0.0010,5,440
ACTTTTTACTTTACAG,,0.0010,0.0010,5,439
ATATCAGAGTGAAAAG,,0.0010,0.0010,5,435
AACGTAATTTACAGCT,L103V,0.0010,0.0010,5,433
CATATCGTAGAGAGCA,T106V Q223A T274N,0.0010,0.0010,5,433
ACATACACGCTTCTGT,A330R,0.0010,0.0010,5,431
TACAAATTGAACATTC,K417S,0.0010,0.0010,5,431
TACTTTTATAACATTT,G174K K481V,0.0010,0.0010,5,427
AGTCGATACCCACCGA,T48F H471W,0.0010,0.0010,5,426
GTATTTACCCATTCAA,M134I,0.0010,0.0010,5,426
ACCTGTTAACACACAA,K125L T438F,0.0010,0.0010,5,425
AGCCCGGTATTAATCC,T281L,0.0010,0.0010,5,425
ATCTTGCTACGATAGG,E16G Y172L,0.0010,0.0010,5,425
GCATTTTGCCAAGCAG,T274I,0.0010,0.0010,5,424
ATTACTGTACTGGACA,R207K R282Q,0.0010,0.0010,5,423
GTCTCTCAAGCGACGC,K272C,0.0010,0.0010,5,422
TTGCAAGAACCATCTT,V28L V341M,0.0010,0.0010,5,420
ACCCACAAGCCTATTA,T281K T377F,0.0010,0.0010,5,419
CCTGGTAATATTAATG,K272L,0.0010,0.0010,5,415
TCAAAGGCATGAAGAC,D204L,0.0010,0.0010,5,415
AATACAAACACATGGA,E67L,0.0010,0.0010,5,410
CAACATCAACAACCCT,M472S,0.0010,0.0010,5,410
TTCCCCGCACAACCAA,L133D,0.0010,0.0010,5,410
CCACCGATAGCCATCC,A184S D408S,0.0010,0.0010,5,406
CCTACTTACCCAAAGG,V5S R256M K417M,0.0011,0.0011,5,405
TGAGGACTGGACATTG,E17G K272N,0.0011,0.0011,5,404
ACAAAAGAAACTTTAT,T426L,0.0011,0.0011,5,399
TCGCGCACCATAGAGC,T215Q S269W Q321E,0.0011,0.0011,5,399
AGGTAATTAGACATCA,L61S K272F,0.0011,0.0011,5,397
AACTCAAAATACTCTC,E67G,0.0011,0.0011,5,396
AATTAACAAGGATATA,,0.0011,0.0011,5,396
CACAACACACTATGCG,E100G,0.0011,0.0011,5,395
TTATATTCTTAGGGAT,E76F I358A,0.0011,0.0011,5,393
CGGTTCTCAGTGGTGT,V341W,0.0011,0.0011,5,392
ATAAAAAATCCAGAAG,E10T Q189L H230R,0.0011,0.0011,5,390
GGGTTTGCTTCGTCAA,,0.0011,0.0011,5,389
CGTAAATCGTGTTGAG,G174A,0.0011,0.0011,5,381
AGTGCCGTACTCGCCA,K327A,0.0011,0.0011,5,379
CTTGACTAAGGAATGA,M214F,0.0011,0.0011,5,379
TATACTTAACCGTCGG,,0.0011,0.0011,5,379
AAATATGAAGATGAGC,,0.0011,0.0011,5,378
ACTTGCGGCAAGAACA,T261*,0.0011,0.0011,5,377
TTCCACAAACTCAGCT,A330T,0.0011,0.0011,5,377
AAGCCAAATCAACATA,T215L,0.0011,0.0011,5,373
GACCAGTTCAGTGCGG,M19C Y363S,0.0011,0.0011,5,371
AATAGCACACGGAAAA,D156V Y217H,0.0012,0.0012,5,369
CTTAACATTAAAGATA,,0.0012,0.0012,5,366
ATATCACCTGACAATA,Q406G,0.0012,0.0012,5,364
GCGAAGAGACTAGTTT,F8V A195R N302S,0.0012,0.0012,5,364
TTTGTGACACTCCGGC,L428I,0.0012,0.0012,5,363
ATCAGTACGATCGGTT,,0.0012,0.0012,5,362
CACAACCTTTTAAACA,E100F K352L,0.0012,0.0012,5,359
TCTCATCGGACCAGTG,I137M G174N H179F V459P,0.0012,0.0012,5,358
TTTAACTTATAGAGAA,R356P,0.0012,0.0012,5,356
TCAGCGCATGTCTAAG,,0.0012,0.0012,5,351
GAAAAATGCCACAAAT,K352M,0.0012,0.0012,5,349
TAATATCCCCCTGATG,,0.0012,0.0012,5,349
GAATCCTGACTAGTTT,I213V V298R K327V,0.0012,0.0012,5,347
ACAGGAAGATTACCAT,,0.0012,0.0012,5,346
ATTAATCAGCAATAAC,A299T K368M,0.0012,0.0012,5,344
CGTAGAAAGCGCACAT,A184G G198S Q406K,0.0012,0.0012,5,344
CGTTCATGTCGAAGAC,R55V K161N,0.0012,0.0012,5,344
TGCTCGAAACCTTGTT,E100L G159I,0.0012,0.0012,5,344
AGTAACTGAAAAACAA,E76D T225I,0.0012,0.0012,5,343
AACGAATCCTATTGGT,,0.0013,0.0013,5,340
TAGCAGGATACTTCTA,V28L K461A,0.0013,0.0013,5,338
AAATACCCTTTTCTAC,E100Q S205Q K291L,0.0013,0.0013,5,337
CAAACTCACATGGCGC,S199V,0.0013,0.0013,5,337
AAAGGGTGTAATGTTA,E151S A328I,0.0013,0.0013,5,336
GAGGAACTCTAGAAGT,E16V G160N,0.0013,0.0013,5,335
AAGAATCAACAATAAT,,0.0013,0.0013,5,334
GACAGAGAAGGGTCGT,,0.0013,0.0013,5,334
GATTGTCGTCTATCCC,T59M,0.0013,0.0013,5,334
CAGCCTAGCTATCGGC,K465A,0.0013,0.0013,5,333
GTTAATGAACTCGTGA,,0.0013,0.0013,5,332
CCCCTTGGGATCATAG,N89R S171Y E228V P275H,0.0013,0.0013,5,330
CTGCTATTAGGACCAC,,0.0013,0.0013,5,330
TTCAGTGGCGAACGCG,,0.0013,0.0013,5,328
AAAAAGCCACATATAA,K63E,0.0013,0.0013,5,327
AAAATTAAGGCTCAGA,V65P S205P,0.0013,0.0013,5,327
ACAATAAGGACACACA,,0.0013,0.0013,5,327
TTGTAAGCAGGAGCAG,Y36L,0.0013,0.0013,5,326
AAAACGCCTGGAAGCG,R193M,0.0013,0.0013,5,325
TACCTCTCGCTACCCA,,0.0013,0.0013,5,324
GTGAGAATAACAATAT,N295S,0.0013,0.0013,5,323
ATTCGTATTTCGAACA,,0.0013,0.0013,5,321
TGCCTTTTTACGCACG,A30R I213T F440A,0.0013,0.0013,5,321
ACGTAATTTCAGGACA,S267W N395W G484A,0.0013,0.0013,5,320
CCAACTAAAGTTGAGC,I162C T261E,0.0013,0.0013,5,320
ATTTATGACAAACAAT,T58N A202S M332S,0.0013,0.0013,5,318
TGGAAACACCAGCCTA,L43V,0.0013,0.0013,5,318
TTGTTTTATTAGACCA,K88G E270I,0.0013,0.0013,5,316
ATGGGTCCCATGTCTG,,0.0014,0.0014,5,315
GGTGCCGCAAATAGCT,A25S,0.0014,0.0014,5,315
GTTAAATATGTAAAAT,S171V,0.0014,0.0014,5,314
CAAAATCGCATAGGCG,T48S,0.0014,0.0014,5,313
TAAAATTAGAGTATAA,N109R V485L,0.0014,0.0014,5,313
CCTCCTCGAGGATATT,E307A,0.0014,0.0014,5,312
AATCTATGTTAAACTA,L280T,0.0014,0.0014,5,310
TTCTAACGCAATAACA,T190A C212L L220E,0.0014,0.0014,5,310
TAGCCATTTCATAAGC,L103A I445T T454L,0.0014,0.0014,5,309
TCTCCTCATTTTAAAG,A176V I213R L313C R379T,0.0014,0.0014,5,307
GTTATGCTAAACTGGA,,0.0014,0.0014,5,306
TGTGTTCGAGAAAACT,H448P,0.0014,0.0014,5,306
TTGCTACTGAGTTTCC,Q405V,0.0014,0.0014,5,305
CTTGCTTGAACGGAAT,R207T,0.0014,0.0014,5,304
AGGGACACAGCCGATC,,0.0014,0.0014,5,302
GAACCATTGATTACAG,G276E M284L,0.0014,0.0014,5,302
TCCAAATCTCATTAAC,E396I,0.0014,0.0014,5,302
TAACTGTAAATCATAG,,0.0014,0.0014,5,301
TACGGATAGCCTTTAC,S60Q,0.0014,0.0014,5,301
TCTGTTCATCCACCCC,L382V,0.0014,0.0014,5,301
AAACACTGGAGTAGAG,S205N,0.0014,0.0014,5,300
TTATAATTTCAATTCA,L26Y,0.0014,0.0014,5,299
ATAGCGTCAGGCGTTT,,0.0014,0.0014,5,298
CGTAGTCATTTACACG,M1L N346T E418W,0.0014,0.0014,5,297
ATACAGACCTCGGAAG,N79H,0.0014,0.0014,5,295
CGCGCTCCAGAATAAG,A173F G277S,0.0014,0.0014,5,295
TGGGTCACAAGTAAAT,Q3C L336M E396T,0.0014,0.0014,5,294
ACTGCCCGAACACGCA,D229P,0.0015,0.0015,5,293
TTTATTAAGAATATCG,,0.0015,0.0015,5,293
GGAAAGGTAGATCAAC,,0.0015,0.0015,5,292
TCACGTCCGAACGCGG,I4A M194L,0.0015,0.0015,5,292
CAAAGGCCATATACAC,M19Y T225K I337L,0.0015,0.0015,5,291
ATACGGCGATAGAATA,T139S Y200A,0.0015,0.0015,5,290
GTCTCTCGATGGAGTG,A25M M82L A343T,0.0015,0.0015,5,289
CAAAACGATAAATAAC,A39I,0.0015,0.0015,5,286
TAGAGATCGCTCGCAA,G64S,0.0015,0.0015,5,286
TTGTTATTGTATCGAA,E100S L387E,0.0015,0.0015,5,286
TAACTGTTTCAAAGTC,C212L,0.0015,0.0015,5,285
ATTTTATGTGGAGACA,L133Y,0.0015,0.0015,5,284
GAAGTGTTGTAGGCCA,D306K,0.0015,0.0015,5,284
GAAACCCTCGAACGCA,K304S,0.0015,0.0015,5,280
AGATTGAATGTAAGAA,T249G,0.0015,0.0015,5,279
TAACTTGGTCGAGTTA,C180V,0.0015,0.0015,5,278
CTATCTAATCGGCCTT,V44T T110G K125Y,0.0015,0.0015,5,277
ACCCGGTAAATCACTC,I337F I458S,0.0015,0.0015,5,276
ACAGCTATAAAACCAG,F7W T58G G102A S163T,0.0015,0.0015,5,275
ATCGTAATATAATATT,L133A E307G,0.0016,0.0016,5,273
CAAATCATGAAAGATG,A25G L285T,0.0016,0.0016,5,273
GTATAAAGTATAGAAG,N148M S163V,0.0016,0.0016,5,273
TGAAACCCAAGTGAAT,S169D,0.0016,0.0016,5,272
GCCCTTAAACCATTAA,,0.0016,0.0016,5,269
GCCTTATATTAAAAGA,D211S I337V,0.0016,0.0016,5,269
ACATAAGAATATGATA,D273P,0.0016,0.0016,5,267
TTGAGACACAAAATAA,P275I,0.0016,0.0016,5,267
CACCACAATTTCTCAT,I4L S135F S205E,0.0016,0.0016,5,266
AAAATAAATCATGACT,S169L,0.0016,0.0016,5,263
TACGATTAATTAAAGT,,0.0016,0.0016,5,261
TATACGGCACCTTAAT,E17L C86Y M134V Y150M,0.0016,0.0016,5,260
ACGTCTTATAAATGCT,,0.0017,0.0017,5,258
CGGCACTAACTCGATG,H93Q,0.0017,0.0017,5,258
CATTGTCCTAAATTAG,I474K,0.0017,0.0017,5,257
GAAGTTACTACTCCAT,T58L D251N,0.0017,0.0017,5,256
TTTGGTAATAAATGTA,,0.0017,0.0017,5,256
CTAACAGATATATGAC,H131S S199I L449S,0.0017,0.0017,5,254
AAGTTTTAATAACCAG,K88T A152S,0.0017,0.0017,5,253
GTAACAACGTACGCGA,,0.0017,0.0017,5,251
TTTGTATCGCTGGCAG,T70S Y129W S171C C212N,0.0017,0.0017,5,251
ATAGGTACCTATCTAA,T70R N114C T376P P486S,0.0017,0.0017,5,250
CAAACATTGTGCGGGT,K488L,0.0017,0.0017,5,250
TCGTTATCTAACACAC,N74V,0.0017,0.0017,5,249
CACGTAGACAATAGAA,Y62H,0.0017,0.0017,5,248
ATAATACGTGCTATCA,F7T K465Q,0.0017,0.0017,5,247
ATCAAAGCTATGACTT,E270T,0.0017,0.0017,5,246
AGTCTAAAAATCACTA,A297I,0.0017,0.0017,5,245
GTACTGCCTCAAACTC,P12E Y200M,0.0018,0.0018,5,242
CAGCCATACATATCGA,L68F Q482Y,0.0018,0.0018,5,241
ACATACCAACCAATAT,T59R A173V,0.0018,0.0018,5,240
CTACTAAAAATAAGAA,L245T,0.0018,0.0018,5,240
ATCTGCAGGGGACCAG,C155I S205V Y219S Q247* K339V,0.0018,0.0018,5,239
TAAATAAACAAAGTCC,G198V,0.0018,0.0018,5,239
TATAGGAAACGTCGAT,T376V,0.0018,0.0018,5,238
CGACTCAAACCCCATG,H13S,0.0018,0.0018,5,236
TAGTGGCCCACTCAAA,L50R,0.0018,0.0018,5,236
TGCAGTCCCCAACGAC,,0.0018,0.0018,5,236
CACCGATATATGCAGC,S269A,0.0018,0.0018,5,233
CTGTGTGACACCTGGT,E67V T281N,0.0018,0.0018,5,233
GGACCCCTTACTTACC,S169I Q482L,0.0018,0.0018,5,232
TCCATGGGACCCGCTC,,0.0018,0.0018,5,232
TTTCAGAGCATTGAGC,W210M,0.0018,0.0018,5,232
GGCAATAAGAAGCTGG,,0.0018,0.0018,5,231
AAATCCCCTCCTCTAG,S27A T106N,0.0019,0.0019,5,230
CCATAGGAACTAACGT,Q335Y,0.0019,0.0019,5,230
TTAGGTCGGAATAATG,E72I,0.0019,0.0019,5,230
ACTAACGACCACTGCA,L84* P383*,0.0019,0.0019,5,229
CATCACAAAATCCAAA,N209M Q223V,0.0019,0.0019,5,228
GCAGCGTAGCTTCCAT,D175H,0.0019,0.0019,5,228
GTAAACAACTATATTT,,0.0019,0.0019,5,227
CAAGTTGCCACCATCG,N109S,0.0019,0.0019,5,224
CCACTGTCACACTGAA,,0.0019,0.0019,5,224
GATCGATCAGGATACT,H131L Q165T L280C,0.0019,0.0019,5,223
TCGACTTGCTCCAATT,L128G L133I P236L,0.0019,0.0019,5,222
TCTTGTAAAAGACCTC,,0.0019,0.0019,5,222
TAAAAGCCTCACACTG,,0.0019,0.0019,5,220
GGACATAGGTGAGAGA,N89S,0.0019,0.0019,5,219
AGCTACGCAAAATTTG,N209Y Q321R G478F,0.0020,0.0020,5,217
AAAAATGATACCATTC,,0.0020,0.0020,5,215
AGAACAAGCAACAACG,Q3Y,0.0020,0.0020,5,215
AGACATGCGAGATTGA,C86K D156P K465S,0.0020,0.0020,5,215
CCTGGAAATCCATTTC,T380I V435L,0.0020,0.0020,5,215
CGATCAATCCTTAGAT,I144R L259K L349P,0.0020,0.0020,5,215
ACTCTATATTTATCTT,V65I E228L L394Q,0.0020,0.0020,5,213
AGACTATAGTTGGTAC,G260Y T274K E307L,0.0020,0.0020,5,213
CAACATCCATTTCCTT,E10H L78W K88L A328D,0.0020,0.0020,5,212
CATTCAAACAAACGAT,F262R,0.0020,0.0020,5,212
TACTTCTTCTATCTCC,H471T,0.0020,0.0020,5,212
TGCACTGCTCCTCCTG,,0.0020,0.0020,5,212
ACACAGTGAACATGGA,G174L V187I G198Y L372P,0.0020,0.0020,5,211
AGCGTCAACATTGGTA,F233K I252L L326W K481P,0.0020,0.0020,5,208
ATCCTTCGCTAACTCC,M75K I137S F318D L382Y L447P,0.0020,0.0020,5,208
TATGACACAATCGCCG,Q331*,0.0020,0.0020,5,208
ACCAGCCATTCACATG,V97L C212K Q247S C279S T377K T438N K481T,0.0021,0.0021,5,207
ACTTCAAACCTCCCCT,,0.0021,0.0021,5,207
CGACATCACCAAACCG,G54N S199H L280P,0.0021,0.0021,5,207
CGGCACGTCAGATAGG,N185Q,0.0021,0.0021,5,207
TGCACTGCGCGACCGG,Q218L K384S Q482C,0.0021,0.0021,5,207
AAGACACCCCACCTCA,E17F,0.0021,0.0021,5,205
GGAAGAATGTCAATAA,L394Y,0.0021,0.0021,5,205
CCATCAAAAATTATTC,L51M N342R,0.0021,0.0021,5,204
CCTCAGTTCACTTACC,W196M,0.0021,0.0021,5,204
ATGCCGCAGCCATCAG,R379N,0.0021,0.0021,5,203
GGCAGAGGAACAGGTG,I239C,0.0021,0.0021,5,203
ATCTCTAGCAGAGCTC,C155G G206R S444Y,0.0021,0.0021,5,202
GCTCGTTTATGGTCAA,L84H W386R,0.0021,0.0021,5,202
CCACCGAATATGAAAG,C86L,0.0021,0.0021,5,201
AAATGACACAGTATGT,M19F,0.0021,0.0021,5,200
GATACACGGAAACGCT,I337M C475K,0.0021,0.0021,5,200
GGACGTTCCCAAGAAG,V47T N167L,0.0021,0.0021,5,200
TAACGGAAAAATAAAC,L103P,0.0021,0.0021,5,200
CATTTAACACCCCGTA,E151T G429V,0.0021,0.0021,5,199
GGACAAGATTTCACCA,C41L L336Q I361Q V388*,0.0021,0.0021,5,199
TATCTTAAATTAAAAA,H13V,0.0021,0.0021,5,199
GGTTCTCCCCGACATG,L46W S269F H354T,0.0022,0.0022,5,198
TTGTTCAACAGAACAA,Q3M T215N,0.0022,0.0022,5,198
AACGCTATTGTTCCAG,L35M Y419F,0.0022,0.0022,5,196
GTGATACATTAAGATT,Y62K Y371L,0.0022,0.0022,5,195
AAGGGATTGATAAGAG,A152P D211G S269C W283R,0.0022,0.0022,5,194
ATATCTTCGCAAGCTC,E72L Y172T M192L T226* S246L V459L,0.0022,0.0022,5,194
GAATCAGAAAAGCTAA,C118V A202K N338K,0.0022,0.0022,5,193
AGATAAGCGATACCCC,Q232R I334G T412S,0.0022,0.0022,5,191
ATCCCATATAATAAAT,P83S I222V,0.0022,0.0022,5,191
GAGAAATCCACTAGTT,L336T S400R K481L,0.0022,0.0022,5,191
TGTGAGCAAAGAAAGG,N89W T225P P383L E396Y,0.0022,0.0022,5,191
ACGCACGAGCTGTGTA,S199T G271N,0.0022,0.0022,5,190
CTCATCTCGGGTCGAG,T77R S169L R282V,0.0022,0.0022,5,190
AAGCGATCTCTACAGA,N114W L128R T426I,0.0023,0.0023,5,189
GAACTGGTAGAAATGC,K384S,0.0023,0.0023,5,188
AATTCCATCTTCTCCA,,0.0023,0.0023,5,187
CATACGAGGCAACACA,M192S R207G,0.0023,0.0023,5,186
CGGCACGAACCTCATT,L266P L372S D408E E421S,0.0023,0.0023,5,186
TATAAATAAGTCACAA,,0.0023,0.0023,5,185
CTTAACTTAAATACGC,K88C S169H,0.0023,0.0023,5,184
TTCGGCCAACTTAGAC,C212I W489G,0.0023,0.0023,5,184
TATACCGATGTGCGAA,N146E A173K,0.0023,0.0023,5,183
ACTTCCAAGTGTTGCA,A195C S476G,0.0023,0.0023,5,182
AAACACGTCAGATTTC,Y172G H305L S392A S400F,0.0024,0.0024,5,181
CCGGACATTAAAACTT,E76T M153R Y200E M284I L415K K481Q,0.0024,0.0024,5,179
ACTATCAACTTGTTAA,K291Y,0.0024,0.0024,5,178
CCAACTATAATGGACA,A123Y L336*,0.0024,0.0024,5,178
CGCTAATAGGCCCGAC,M75L H354A,0.0024,0.0024,5,178
GAGAAAAACTCGGAGT,L51V H93A,0.0024,0.0024,5,178
CACGACATTCCAATGG,Q69L G181H M472L,0.0024,0.0024,5,176
AACACTACAATCCTTA,T139C G197S Y278T,0.0024,0.0024,5,175
CACAATCAACCCGCAA,,0.0025,0.0025,5,172
TGATTTATACATCTAT,,0.0025,0.0025,5,172
GTAACCAAAGGCAGGA,Q321L S462L,0.0025,0.0025,5,171
ATTGATACGCCTACAA,L68K G181T N209V W227I G478R,0.0025,0.0025,5,170
CGATTATGTTCAAACA,V97A S199T N390M G429C,0.0025,0.0025,5,170
TATTACAAATACCCGC,K116F A123N,0.0025,0.0025,5,170
GTCATATTGAGCAATA,E16V,0.0025,0.0025,5,169
ATTACCATTTCACACA,A322C T377Y I445M,0.0026,0.0026,5,167
TTACAACGGAACGTTT,Y66A,0.0026,0.0026,5,167
AAAAAATGTTGCCAAT,F262D,0.0026,0.0026,5,166
CAATATGCTTCATGAC,I144W F157P D273N T380I P383T,0.0026,0.0026,5,165
TGTGTATAATTAGCCT,T59N S91R T182V,0.0026,0.0026,5,163
AGTAAACCGTTCCTCG,A202T R248N F436H,0.0026,0.0026,5,161
ACCACCCTAATACTGA,N119Y M410C S437D W489*,0.0027,0.0027,5,160
CGTACTGAATGAGATA,H179I Y253S,0.0027,0.0027,5,160
CTTAACATTGGTCTCG,G206N R235P G276P S333T,0.0027,0.0027,5,159
TGTAAATGTGTTTACC,R248F E287D D408G,0.0027,0.0027,5,159
TTGTCTGTCTACAAGA,L382G K481L,0.0027,0.0027,5,157
TTTATAAGAACTAGCA,Y150N K425M,0.0027,0.0027,5,157
TATGCTTACAAATCAT,F49K H92L I286K,0.0027,0.0027,5,156
TCCTATTTAATGATTC,G34P G174*,0.0027,0.0027,5,156
AACGGGTTACACCACC,T110I D402L L447P,0.0028,0.0028,5,154
GGGGAATATCTCTATT,L51Y G198T T261R Q482N,0.0028,0.0028,5,153
CACACGTTCCATTAAA,W283G,0.0028,0.0028,5,150
GAGCCCAAAGATGGGC,S199G,0.0029,0.0029,5,149
GTTGAAAATTTCCCTA,M80W M312S,0.0029,0.0029,5,149
ACATAGTACCCTCGAG,D273I N373R,0.0029,0.0029,5,147
ACTGCGCGCTTATATG,K125W N365I,0.0029,0.0029,5,147
ATACGTGAGAAAAGAT,L26E N99V E287K E396L,0.0029,0.0029,5,147
CTTCACATTACAAATT,T106K T225S V388L F446W,0.0029,0.0029,5,147
AGGTATGCCTTCAAGT,,0.0029,0.0029,5,146
TGCACCGAGAAAATTC,L188F L447I V487I,0.0029,0.0029,5,146
GATTGTGATATGATTC,K88G F316V,0.0030,0.0030,5,144
GGCCCCGTAAATGTAT,S171Y W264* L280* K300L T397S P486L,0.0030,0.0030,5,144
GAGCCTTAACCGAGTT,G2L,0.0030,0.0030,5,143
TGGTCTTTACCTACGA,S56E R207S A297L C475N,0.0030,0.0030,5,143
AATATAAGTTCTCTCA,,0.0030,0.0030,5,141
AGTAAATCCCATACTA,C301V,0.0030,0.0030,5,141
GAATAAACAAAGAATA,Q232M G260M,0.0030,0.0030,5,141
ACAACCCGGTACATGT,L315M,0.0031,0.0031,5,139
CCCAAAACCAAGCGGC,H179I,0.0031,0.0031,5,139
GTTGTGTGAACCGATA,V5A,0.0031,0.0031,5,138
GGTACATAAAAACGCT,L188F K490N,0.0031,0.0031,5,136
AGATAAAATTAATAAC,G2N N185D R248K,0.0032,0.0032,5,135
CATGCACTGCCATAAA,H131Q P275L S367C,0.0032,0.0032,5,135
CATTAAAGACCCCGTA,Y217W F262D,0.0032,0.0032,5,135
ATTGGCATAGAAATTA,K161Y G174I Y219V,0.0032,0.0032,5,134
ACATGACACAATGACA,N119K,0.0032,0.0032,5,133
AGTAGTCACAATGCTA,G181F V341P G391C,0.0033,0.0033,5,130
CAGGAAAAAGAAGTAC,D156N W227C G391W C463Q,0.0033,0.0033,5,130
ATTGGGCATAACTCAT,M82R N99I S169M Q416L S439I,0.0033,0.0033,5,128
CCTCTTTAACGATTAC,F117P N390K P466S,0.0033,0.0033,5,128
TGGCACGTATATCCAT,L244D S389V S439C,0.0033,0.0033,5,128
CAAGTGAATTATGGTA,A177G E396A I458D,0.0034,0.0034,5,127
TGTCCAGAGATAACGG,R456C,0.0034,0.0034,5,127
AAGTAAAAAATATAAG,H93G N99K,0.0034,0.0034,5,126
CCTAGCTAATAAACAA,V28C E151K,0.0034,0.0034,5,126
TTCGCTGTGATAGAAG,L168G T397I,0.0034,0.0034,5,126
AAAGTTGATAAGCCTA,T108*,0.0034,0.0034,5,125
TGAATAATAGATAAAC,I95W I137W K490C,0.0034,0.0034,5,125
AAAATTTGACGATTAG,T110S C364A,0.0034,0.0034,5,124
ATTACGGCCGACAAGA,V22N L258E D311F,0.0034,0.0034,5,124
AAAAAATAAATGAAGT,F191S K272P,0.0035,0.0035,5,123
ACATACTATTGACAGA,F157S Y219L,0.0035,0.0035,5,123
CAGTGACGTAATTGTG,K425Q,0.0035,0.0035,5,123
CTTGAACACCATACAT,G260T E287N I345L G378Y,0.0035,0.0035,5,123
GATTACAGAAAAAGCC,V14F G54E,0.0035,0.0035,5,123
GGTATAACCACATCCT,I15V C292K H467S,0.0035,0.0035,5,123
CCGGACTAAATACTGT,I162L G276A F309L,0.0035,0.0035,5,122
TTAGATTACTCTGCAT,A152F G378D T397Q,0.0035,0.0035,5,122
TTGCATTTATACAAAG,N342T N409T,0.0035,0.0035,5,122
GACCATGCCACACTCG,V31S,0.0035,0.0035,5,121
TAGAATAGACCATTGT,E10R,0.0035,0.0035,5,121
AGAGTTGCAAGGCGAT,M134* Y172R,0.0035,0.0035,5,120
ACATAGCTAAAACGGA,P12L R207L C212R G378A,0.0036,0.0036,5,119
TGCGCTTTACGTACCG,G160S D211E,0.0036,0.0036,5,119
CTTAGTAACAACATCG,N90S I254* L259P K368E,0.0036,0.0036,5,118
TCCATTCAGACACTCT,L315A L442F,0.0036,0.0036,5,118
GCAATCGACTTGTCGT,L61* V485L,0.0036,0.0036,5,117
ACCATGCATAGCCCTT,,0.0037,0.0037,5,116
AGAACCCCTTGGATGA,N37M Q149R D211L V431K,0.0037,0.0037,5,116
ATAATAACTTCTGTCA,L258S,0.0037,0.0037,5,116
ATTGCAGGACAGAAGA,Y66M N158I N390V,0.0037,0.0037,5,116
CATGTCGGCCTCCTAG,F49L Q69S I201K H467D,0.0037,0.0037,5,116
CTGAATACTTTTAACC,T190D N373* K417L,0.0037,0.0037,5,116
GACTCAAACTATGAAT,S462I,0.0037,0.0037,5,116
TTACTGAGTGGCATTT,H92P M134L N158* N178V S199L F434M,0.0037,0.0037,5,116
AATCCCTGGACAGTTG,E67* P145R,0.0037,0.0037,5,115
GAGTTTTCAACTTACC,G98S E100P,0.0037,0.0037,5,115
AGGCTTAACTGTAGAT,C155S W264R,0.0038,0.0038,5,113
GCATGCCCAGACTAGC,M332S S392L C463A,0.0038,0.0038,5,113
GGGCCTGATCGCCAAC,V164D S389T V435R K465R P483K,0.0038,0.0038,5,112
TAACAAAAAAAGACAA,Y62N L259V,0.0038,0.0038,5,112
TCAATCACCTAAAATG,K63H N89K L107P G174C P238W H374T,0.0038,0.0038,5,112
TCGAAGACAAGTACGT,F49K L105F K465F,0.0038,0.0038,5,112
AATGCCAACATCGTGA,V22L Q232P,0.0038,0.0038,5,111
ACTCGAATTACCACTA,W227C I252S P453T,0.0038,0.0038,5,111
GCAGACGTGAATAGAT,T263M N470H,0.0038,0.0038,5,111
GTGGGAGTGTGAAACG,V5F I15H N395L P483S,0.0038,0.0038,5,111
TAACTTCTGCTTACGC,T101I R257L L290R A299H,0.0038,0.0038,5,111
TTATCGTACTGAGGAT,V47Q L128Y Y217* R422Y,0.0038,0.0038,5,111
AGAATGATAAGGCAGG,H230L M284N I350L N395D,0.0039,0.0039,5,110
AGATGAACTGAGACTA,A30C I239N S269T N365G,0.0039,0.0039,5,110
AGCCCAAAATATATAT,G198M P238K Y441F,0.0039,0.0039,5,110
TGGTAATAACTTCAAT,R456G,0.0039,0.0039,5,110
TTATCAAGTGATCCTC,L61F R193N L285G,0.0039,0.0039,5,110
AACAATGAAAGTGGAA,F140V P362R,0.0039,0.0039,5,109
CAGACCTAACATGATC,M19W T106L P486Y,0.0039,0.0039,5,109
CTTGTTACAACAATGG,C212Q R491Q,0.0039,0.0039,5,109
GCGCTAATTAAACCGC,Y200V,0.0039,0.0039,5,109
TAAGATCAAATATCAG,R257L I411T,0.0039,0.0039,5,109
TAGTCATGTCACAAGT,K352S W489T,0.0039,0.0039,5,109
GAGTTCTGACTTAGAG,E308S S462L C477N,0.0039,0.0039,5,108
GTACACGCAAAAGCAT,T106N,0.0039,0.0039,5,108
ATCACAAAAGTTATCA,Y200F W210G,0.0040,0.0040,5,107
CCTTCCCCCCCAGCTA,V435M,0.0040,0.0040,5,107
GCGGACCAGTACATCT,L103I K425N,0.0040,0.0040,5,107
TACGTAATCGTGCCAA,T101Q S269R N302E E308*,0.0040,0.0040,5,107
TTATTAATCCTCTGAA,,0.0040,0.0040,5,107
CACCCTTGAGATCACA,G2R W210R,0.0040,0.0040,5,106
CTAAAAAGTACCGCTT,S85R E228P I358N,0.0040,0.0040,5,106
GCTAGTCCTATGGAAC,C155W D175R Q331H,0.0040,0.0040,5,106
AATTAAGCCCAAATCA,N178M I239T,0.0041,0.0041,5,105
GAGATGAAGAAATAAG,L43* T412* E418M,0.0041,0.0041,5,104
TCGAAATGCGAAATCA,V14* E104M G174L G294R,0.0041,0.0041,5,104
TGTCAAAGCTAGCCCT,I113P S135G L203N T426A,0.0041,0.0041,5,104
TGTGGTCTGCTCACTT,S56V P383A,0.0041,0.0041,5,104
ATTGTTGACTTTAAGG,L61Q,0.0041,0.0041,5,103
CGCCGGGACACTTGTT,T110L T375H,0.0041,0.0041,5,103
GAACAGTACTCAAAAC,L68Y M96S H131T I162* F318N D347A,0.0041,0.0041,5,103
TAACGGTGACCCCGGA,V341P,0.0041,0.0041,5,103
TGATAGAAATCTGTTC,L394N,0.0041,0.0041,5,103
AAGTTTCGCACATAGC,,0.0042,0.0042,5,102
ACAGCACATTGTACAT,L32P S135M S216T L313S,0.0042,0.0042,5,102
ACGACGTGAATAATAG,V18E S27R A184D L394I,0.0042,0.0042,5,102
ATTCGAAAGTGGATAT,I4P,0.0042,0.0042,5,102
CCTCGAACACTTGAGT,S27F,0.0042,0.0042,5,102
TGATGACAACATTTGT,L107T N338F K417G,0.0042,0.0042,5,102
TAAACCAATAAGTACA,L43M S60K I252P T274A,0.0042,0.0042,5,101
TGGTCTGGGAAAGTCC,M134K Y166L I458T,0.0042,0.0042,5,101
AACCCGATTTATGGCA,L103Q,0.0043,0.0043,5,100
ATCGAAAACCTGGTGC,C57L C463I,0.0043,0.0043,5,100
CACTATGTCGAGCCAT,N224K A340W,0.0043,0.0043,5,100
CACTGACTACAGTATC,E100K Q165K Y393S C463D,0.0043,0.0043,5,100
CCTGGGATGCAGTCAA,Q223M L447E,0.0043,0.0043,5,100
GGGGCTTCCTGAATAT,I4L C155S G174L Y217R,0.0043,0.0043,5,100
TCGGAAAGCAGTAAAG,F117I N167V T182N S216L T261V,0.0043,0.0043,5,100
AAGCTAACTAATATCA,H124G K272M L344V A407L,0.0043,0.0043,5,99
AATCCGTATATGCTAA,E104V G197T G208I H374D,0.0043,0.0043,5,99
ACATATGATTAGGCCT,M82Q L290V,0.0043,0.0043,5,99
ACGGTATGTTCATCAT,L313H R325V,0.0043,0.0043,5,99
AGAGGCCTATACCCCC,A177V I239N F446L,0.0043,0.0043,5,99
ATAAGTTGAAGCGAGC,N89D V341T R468P,0.0043,0.0043,5,99
CAGTTTCAATACCAAA,N99G S143C L430H S462A,0.0043,0.0043,5,99
CATTTCCCCCATCAAC,I144R A184C C301R,0.0043,0.0043,5,99
GGTGCAAATTCAACAA,L73* P275S I443T,0.0043,0.0043,5,99
ACATCAAATGTGAGTG,L105T F140P I221G,0.0043,0.0043,5,98
ATTAACAGGACTTTAA,M1L L35V T77S,0.0043,0.0043,5,98
CCAAAAAACTCCGTTT,S85K G159F A195V A340P H471*,0.0043,0.0043,5,98
CCAATTTTTCTCATAT,A25C S91T L372P P427L,0.0043,0.0043,5,98
CGATCCTTTCCAATTT,W196* W264K,0.0043,0.0043,5,98
GAGGAAGCACTGTCCA,L50H C118W I286N,0.0043,0.0043,5,98
GGACCAAAATGCCATG,S333N H455*,0.0043,0.0043,5,98
TCGTGGGCTAACATAT,A328G E418K F440L,0.0043,0.0043,5,98
TCTGCGTTAAGTGAAT,P83L L107F Y166* G174E,0.0043,0.0043,5,98
TTGTTGGCGTACCAGG,R235N G260T I334E,0.0043,0.0043,5,98
CACCTCATAAGGAAGA,Y166K I334T,0.0044,0.0044,5,97
CATGTTTACCGTATCC,R257E,0.0044,0.0044,5,97
CCAGTCCGTGTTACCA,Q232L L242H R257W,0.0044,0.0044,5,97
CCGAACTTGAAAGTAA,L61V,0.0044,0.0044,5,97
CTATTTTGCACCACGT,C180H S255T D311S,0.0044,0.0044,5,97
TACAGGCGATACAATT,A297R R314Y I358L,0.0044,0.0044,5,97
TGACAAGTATGTGTAT,E270* G271D D311G,0.0044,0.0044,5,97
TTCTCAGACTAAATTA,S111Y A176T R193S E289G T380I I403D,0.0044,0.0044,5,97
AACTCTGGACTTTAGA,C301R,0.0044,0.0044,5,96
AAGCGAGCTTCTGAAC,C212S E329D L442F,0.0044,0.0044,5,96
ACTACACAGAAAAACC,S143A N148K P486H,0.0044,0.0044,5,96
GGTAACCAAAGCCTGC,Q3E S135G,0.0044,0.0044,5,96
TAAATCTAGCAGCGTG,D211N T375G M472K,0.0044,0.0044,5,96
AGATAAACACTTCCTT,Y166K C301D,0.0045,0.0045,5,95
GTTAATGTACGGAGTT,T101W F434Y,0.0045,0.0045,5,95
TAACCAAAATGCAGTT,T454I,0.0045,0.0045,5,95
AATAAGTAAATAATGC,V28F D156A V183L,0.0045,0.0045,5,94
AGCCGCCAATATAAAC,T59L T110N S163K G174V T274G D401Y,0.0045,0.0045,5,94
AGGTAGTCGTGCAATA,M1* L84S,0.0045,0.0045,5,94
AATACACGAGTGATGC,N114Q I361V D401A,0.0046,0.0046,5,93
ATGAGCGTGTTTAATA,R314H,0.0046,0.0046,5,93
CACCGTAGATCTGTAA,C180V V187L K304L A328D N365F G484Y,0.0046,0.0046,5,93
TTATTTAAGGACCCAG,L61G R314S,0.0046,0.0046,5,93
TTGAAAGGCTTAACAG,I162K H179R,0.0046,0.0046,5,93
AGAGAATTATGCCATT,M1G,0.0046,0.0046,5,92
CCCACCTTCAGCGAGC,N37C I113V R193D D401A F434G,0.0046,0.0046,5,92
GATTTGTCGTATTTGA,G98H Q189L Y200L A288I,0.0046,0.0046,5,92
ATGAAGACGCCCACTG,A195T Y200D Y480E,0.0047,0.0047,5,91
TAAAAAGTCATAGGAA,E104* Q149R H448Q,0.0047,0.0047,5,91
TCTCAGAACGTTCCAC,S163H A195S T296V M312F T426V,0.0047,0.0047,5,91
AAATAACAGTATGTGC,I213F L245C T281* F399N,0.0047,0.0047,5,90
AACCATACGAGTTCAG,V28L Y200H,0.0047,0.0047,5,90
ACGCATAATGACAGAT,F440Y,0.0047,0.0047,5,90
CCACGGTCAACGGTTA,Y371L T376L Y419S,0.0047,0.0047,5,90
CGATAAGATAGTACGT,E72S N158* N390V,0.0047,0.0047,5,90
CGTCTCGCAACGCCGG,I4S L245Q Q482*,0.0047,0.0047,5,90
GATATTTCCCAGTGCA,L258S,0.0047,0.0047,5,90
TACTTCAAATTATCAT,Y200S H455L P466S,0.0047,0.0047,5,90
TCTACTGCAAAGTTAT,T59D,0.0047,0.0047,5,90
AAGCAGGAGATGATTG,,0.0048,0.0048,5,89
ACACTCTAACATTGCT,S143Y H170C,0.0048,0.0048,5,89
ACCAAAAGAATCATGA,,0.0048,0.0048,5,89
GAACATGCTGCACCTT,L78C E151N P236V,0.0048,0.0048,5,89
TTCATTTTGTTGCATG,C155W M410K,0.0048,0.0048,5,89
TTGGGTCAACGGAATA,G34N S216N,0.0048,0.0048,5,89
CCGATCGAGTTAAAGG,V28C W196G E396L F446L,0.0048,0.0048,5,88
GCTAGACGGTGAAAAG,S56K A343T,0.0048,0.0048,5,88
GTGGCCCCATTTGTAG,H179A S267P,0.0048,0.0048,5,88
TGAATAATGCGCAACG,V47I,0.0048,0.0048,5,88
ACAATCCTAATCTATC,G276A N319I Y480S,0.0049,0.0049,5,87
CAAGTCCGGACAGGCA,Q149T N209V H230P K481*,0.0049,0.0049,5,87
CACTGATTTGCGATTG,T58L E228L A299F,0.0049,0.0049,5,87
GGACAAAATCAATAGA,G197N K291*,0.0049,0.0049,5,87
GGACATGGAGATAAGT,M75T T397D,0.0049,0.0049,5,87
GTGCTTAACTTAAACC,T81S N90L S111R S143G F157L,0.0049,0.0049,5,87
TAATGGATAAAAGAAA,K63N T215N L244N E396M D401I,0.0049,0.0049,5,87
TGGTACAATGCTAGTA,W227H W370*,0.0049,0.0049,5,87
TTAAGAACAAGTAGTG,,0.0049,0.0049,5,87
AGTAGACAACTAAATC,L245T M312V K461P P486M,0.0050,0.0050,5,86
ATAACATTTCTTTGCT,N99F W196G E270Y,0.0050,0.0050,5,86
ATCAAGCGATCTGACA,A173Q T274P V298P K327F M414S R456I,0.0050,0.0050,5,86
AAAAAAAGAGTACTAC,L61A S135Q K384S,0.0050,0.0050,5,85
ATACGCTGTATAAAAC,L103M A177G L259*,0.0050,0.0050,5,85
ATTAGCCGTTTTCTAG,F434T,0.0050,0.0050,5,85
ATTGCAGCAACAAGAC,V47I K88Y W196S W264K S367C,0.0050,0.0050,5,85
AAGCTCAGTACACACA,L84* E104R G174N S199I D204C E270P,0.0051,0.0051,5,84
GGAGTTACTTATAAGC,C212I E329D,0.0051,0.0051,5,84
TTAGGCCTAAACAAGA,N302G,0.0051,0.0051,5,84
AGAACCCAAACGTTGA,N99K N158F Y480*,0.0051,0.0051,5,83
CTAGATTTCCCCTCGG,S389R C475V,0.0051,0.0051,5,83
TCCCCCTTCAATAGCA,Y200D C301F,0.0051,0.0051,5,83
TTAGGACTATAAATAC,Y166A I201H Q232H S255P L285S,0.0051,0.0051,5,83
TTGTAACAAGGATAAA,K481W,0.0051,0.0051,5,83
AGTGCTTAGAACGATT,C364V,0.0052,0.0052,5,82
GCCAGCCCTGACAAAA,L43S M410Q L479K,0.0052,0.0052,5,82
GTATCTAATATTCGAC,F191D Y371M I443F,0.0052,0.0052,5,82
ATATCACACCAAGTTT,K451V,0.0053,0.0053,5,81
CGACCTACAACGGCTC,N99L F140T,0.0053,0.0053,5,81
ACAACCTATATCGGAT,S121A D204A D357Y K425S,0.0053,0.0053,5,80
ATCCATTTTAAACGTT,F147C Q247P N409S,0.0053,0.0053,5,80
ATGTTTTAATAAATTA,Q3L A177P G186T,0.0053,0.0053,5,80
TAATTGTAGCAATTCC,C155T F436L,0.0053,0.0053,5,80
AAATCGGATCGCGAAC,S267K S444N,0.0054,0.0054,5,79
AACCAAGCAGTCAAGA,L23G C41E V65W N99A C180L R207K S255F L266H Q406S,0.0054,0.0054,5,79
AGACTAATCAAAGAAA,S121F A176S E307N M312L I337K,0.0054,0.0054,5,79
CACAGGCTACAAACTA,G473T,0.0054,0.0054,5,79
CCCACGACTAGACATA,T58M M312K,0.0054,0.0054,5,79
GAAATTATACTCACAA,E16Q G42S M96W,0.0054,0.0054,5,79
GAGATAGACAACGCCA,,0.0054,0.0054,5,79
GGGATAATTGAACCCT,L50K Q232L G276P A288N I334K N365R,0.0054,0.0054,5,79
GTATCAATGAATGATA,V11T N89I K116* P453V,0.0054,0.0054,5,79
GTCTCGCTAGTAAAGG,C53L T263G S462N,0.0054,0.0054,5,79
AAAACATTGGCTCATC,L26C L32E Y363T,0.0055,0.0055,5,78
AAAAATATAACCATAT,,0.0055,0.0055,5,77
AGTAACAATTTAATCT,I213P D273S,0.0055,0.0055,5,77
AGTTAGAACAAGTGTT,Y62V M194K W210I K339L,0.0055,0.0055,5,77
CGGAATATATATGCAA,Y172G T249H I337R,0.0055,0.0055,5,77
GTATAGTGTCAAACAA,T101P,0.0055,0.0055,5,77
AACACTCGTTGCCAAT,N119G Y241I R314T,0.0056,0.0056,5,76
ACGATTAAACGCAAAA,S91G K126F T182Y,0.0056,0.0056,5,76
ACTCTCAAATAATCAA,M82L A184V L442T,0.0056,0.0056,5,76
TTAACGCTGAAAAAGG,N74C A297R,0.0056,0.0056,5,76
CCATAAACTGTCCAAT,G2V T87R D402A C477Y,0.0057,0.0057,5,75
GCTCAATGATTACCCG,S85E I458E K481L,0.0057,0.0057,5,75
TGCATCGTAGATCTGT,E17K L52* S138R R257V Y278W S462Q,0.0057,0.0057,5,75
ACACAGAAGAACAATA,S169L D175S W196S T215P G271H,0.0058,0.0058,5,74
ATCGATGTAAGACGCT,S111E S381Q D402Y,0.0058,0.0058,5,74
CCTCGAATTCTCGGTT,I144K,0.0058,0.0058,5,74
CTGGATCAGTAAATTA,C57A L61Y K88S,0.0058,0.0058,5,74
GTGGAACACAAGTGAA,F38H L103M T281M,0.0058,0.0058,5,74
TAAAAGGATACAACGA,G240F,0.0058,0.0058,5,74
TCGACAACTTGTTAAA,N89V S216R I252M S381Y,0.0058,0.0058,5,74
ATCCAACATGCGTAGT,L78S G378L K490M,0.0059,0.0059,5,72
CAAAAGGTCCTAGAGT,G174M G198W S269V A328V,0.0059,0.0059,5,72
CACCACAAACAATTCC,S476L,0.0059,0.0059,5,72
GTATTGTAAAGGATAG,T190S N395E S439Q,0.0059,0.0059,5,72
GTTCACACCACATACC,L35I L103M N158H K291W,0.0059,0.0059,5,72
TAATACTTTCTATAAA,H13R,0.0059,0.0059,5,72
GGGGAGAGTTCATGCC,S85R Y172W C212T N338P T375C K490N,0.0061,0.0061,5,70
AAAATCCTTTTAGAAA,E228H D306I K352*,0.0062,0.0062,5,69
AATGCAAAACCGTATT,L442Y,0.0062,0.0062,5,69
CCGTTCAAAGCTAGTC,E303C C463R,0.0062,0.0062,5,69
CTGACACTCTAAAATT,A195V T274K L442H,0.0062,0.0062,5,69
GCTTAATAAGCTGTCC,F8Y L78E,0.0062,0.0062,5,69
ATAAATGTAGGTTTCT,,0.0063,0.0063,5,68
GAAAACTGAATCTATT,M80Q E104F C155V G160T,0.0063,0.0063,5,68
TAAACGAACGAACTGG,Q69N T81M M134C,0.0063,0.0063,5,68
ATCGGGAAACCTGTTA,I4F G186F,0.0064,0.0064,5,67
CCCGAGACGAATTAAT,L29M Y66L C364K,0.0064,0.0064,5,67
GGTGATCCTCACAGTG,S476A,0.0064,0.0064,5,67
TATAATAACAAAAGCT,S111R M153L I239S L245R K425*,0.0064,0.0064,5,67
TATGAAACTAATAGGA,S27G I254N G391S K461M,0.0064,0.0064,5,67
TGAAAGATACCAGTTA,I458Y,0.0064,0.0064,5,67
TTTCACTAGGGGCGTT,C41S V65N L449C,0.0065,0.0065,5,66
CAAATCCTATAAACTG,L78V L107T,0.0066,0.0066,5,65
GAGATTAATATCCATA,Y62L L280V H374K,0.0066,0.0066,5,65
ATTTTACCAACCAATT,T108A,0.0067,0.0067,5,64
GTATTAATAAAGTTAC,R256H T261R I286W,0.0067,0.0067,5,64
GTCCGCCACAACACTC,L51A G98L T110D T375A,0.0068,0.0068,5,63
TTGCAAGCCCAGGATT,V97R L188F R314G N390F N395L,0.0068,0.0068,5,63
AAGAATTCCCGCCTGT,A173*,0.0069,0.0069,5,62
CGCGCGATGGGGACCC,I21* A202M S205F,0.0069,0.0069,5,62
GGTGCAAGACTGACCA,M192N V431K,0.0069,0.0069,5,62
TGAACATAAACGTACT,L68V A176H G473S,0.0069,0.0069,5,62
ATTTAGACAACTGGAA,N209L A343Y,0.0070,0.0070,5,61
GAATCATGCTAGGATA,M134L H141G A343I L449S,0.0070,0.0070,5,61
GGCCACTCGCAGTGCT,L52W Y369W L428C T454S,0.0070,0.0070,5,61
TCCAACTACGTGAATA,A39* A407E E421V S462W,0.0070,0.0070,5,61
AGCACTAAAAATATTA,D251C A340D V431Q,0.0071,0.0071,5,60
ATACGATGGCAAACGG,Y129H,0.0071,0.0071,5,60
GTCTGTGGGCATCCTG,S381Y,0.0071,0.0071,5,60
TTGAAATTGAGCAAGA,N342A L372N,0.0071,0.0071,5,60
ATAAACTATGCTATCT,M19E,0.0072,0.0072,5,59
CCATCTTGAGTATGCT,Y200S F446D T454I,0.0073,0.0073,5,58
TCAACAAAGATGCCCT,S135L I458M,0.0075,0.0075,5,57
AATAAATTGGAAGAAC,A30S F157T I221M L280I K327L E413*,0.0076,0.0076,5,56
ATAACTAATGTAAAAG,S171N V435*,0.0076,0.0076,5,56
CAAACAACAAGAGTTA,H92N G181T Q218G G260R,0.0076,0.0076,5,56
AATAAAATAAGCTTAT,K272Y A297S,0.0077,0.0077,5,55
GACTCGTCCTGGGGAA,F147T F309*,0.0077,0.0077,5,55
TTGTATACAAGGCACA,H398*,0.0077,0.0077,5,55
GAGGAGGTATGAGAAA,I112N S199K,0.0079,0.0079,5,54
GCACGGCTTACCTTTA,F157L Q165V A322G M359C,0.0079,0.0079,5,54
GGTTCATAGCCATTTT,R193D N209V,0.0079,0.0079,5,54
AAAAAAGTGGATAGAA,I345C Y393S G424S,0.0080,0.0080,5,53
GAGAATTATATATTAT,D211R,0.0082,0.0082,5,52
GCACAGCAGCTAGATT,P83N Y129* L168F N185S D273N A343P R356Q L433R,0.0082,0.0082,5,52
ATGTTTAGATACGTAA,I24P,0.0084,0.0084,5,51
TAAAAGTATTACTATC,M153R,0.0084,0.0084,5,51
AAGATTACTAGTCACT,T110C G294V,0.0087,0.0087,5,49
AATAGAATTCAAACAC,L242I G277A L442T,0.0087,0.0087,5,49
GAGTAAACATTGGATA,T6R S138P I144N Y241R S269Y S437G,0.0087,0.0087,5,49
TGGTACAAATAGGCCC,H13Q A202D,0.0087,0.0087,5,49
TAAAGCTAAAGGGGAG,L103P K481G,0.0089,0.0089,5,48
TTATGCCACATATTAT,T59W F117S N167G,0.0089,0.0089,5,48
ATATACAGACACACTA,P383F L479G,0.0093,0.0093,5,46
GATTGTGGTTGCGGCA,Y62* V183* R207*,0.0093,0.0093,5,46
GATTGTTTATTCATAA,S389* M410I,0.0093,0.0093,5,46
TTTTGCCCTATACAAA,V187G F436S S476H,0.0093,0.0093,5,46
TAGCCTAATCAACGAT,N302R A322D V435Q,0.0095,0.0095,5,45
AAACAGGTGACTAGAC,E104S S111W T261S L280A,0.0097,0.0097,5,44
GTTCACAAACTAATGA,N114I S171E T225L,0.0097,0.0097,5,44
CGGTCTCCTCGACTCT,E67Q G197L H467K,0.0099,0.0099,5,43
GTCATATTATGAGATA,S269N V431P Q482T,0.0101,0.0101,5,42
AAGCTCACGGCCAGCA,S169K L258W E396P,0.0104,0.0104,5,41
CGAACCCTGACACCCT,V298W,0.0106,0.0106,5,40
TAAATTAAACGAGACA,I213F,0.0106,0.0106,5,40
TATTTTTCAGACAATG,A132S T249Q L313S S444F,0.0106,0.0106,5,40
ATAACACGCAATCAAT,W264S,0.0109,0.0109,5,39
CGTAAACTCTATAAAG,E16M N89A L336* Q348V I411T P453M,0.0112,0.0112,5,38
ATATACGAAAACCATC,N319V,0.0118,0.0118,5,36
AAACCGACTACCATTG,L51Y N209P I221M,0.0122,0.0122,5,35
AATAAAATCCAGAGTA,G277L A299N,0.0125,0.0125,5,34
CTCCACACATAAGCTA,E104R S111P,0.0125,0.0125,5,34
GAAGATATAGGATATA,,0.0125,0.0125,5,34
TCAATAGGTGAAACCG,G2L V47S,0.0125,0.0125,5,34
TAAACAAAATTTATTT,L133N D311Y A328L L372H,0.0147,0.0147,5,29
TTGACGGCCTTAAAAT,H179*,0.0147,0.0147,5,29
CCCTAAGAAGCACCGG,F7T Q324K R468Y,0.0152,0.0152,5,28
AAACTGAAGTAGCTTG,M1K H124Y Q232R D306A Y363*,0.0158,0.0158,5,27
GTAAAGATTGCAGCAG,Y129W T375L,0.0158,0.0158,5,27
CCGCTGGACAAAGTAG,F8C Q189V N209Y N346R,0.0203,0.0203,5,21
CAGAAGGGGTGAAGGT,Y200C N342P,0.0237,0.0237,5,18
AACGATATATTTGCAA,F157* L188I I201F H448Q W489F,0.0251,0.0251,5,17
ATAAACTGCCATAAAT,Y166R C477R,0.0251,0.0251,5,17
TGAGACAATGCGTGTA,M1C Y253N C301M F309N V341* L382Y,0.0284,0.0284,5,15
ATTTTTAAGGAAAAAT,V97K S111V M351L,0.0304,0.0304,5,14
TCTTGACATTAGTCAA,G34Q A330F S392C,0.0304,0.0304,5,14
AATGTGAAAATCTTAC,D311*,0.0328,0.0328,5,13
CAAACTCGTGACGTCG,V14L N119T S163Y T225* F233G T377C I443N,0.0328,0.0328,5,13
CGATAGTGAGTGAGTT,R55H M332L L415F,0.0328,0.0328,5,13
AACGGATAAAGGGGAT,G160S N224F S400Y,0.0387,0.0387,5,11
ACTCCCGACCCGCCAA,L259P,0.0387,0.0387,5,11
AGAATATCTAACAAAA,S138T E396Y,0.0387,0.0387,5,11
ATAGACCATGCACGGC,T190L F399Q,0.0387,0.0387,5,11
ATTTAAAATCCCATCA,H179W Y200V Q335*,0.0387,0.0387,5,11
GAGAATCAATTGTGGC,Q218W Y253* C385Y,0.0387,0.0387,5,11
GATCCAAATCGCCCTG,L78N T101V N127I,0.0387,0.0387,5,11
GATGTTATTACTAGGA,R55V D130T,0.0387,0.0387,5,11
AATAAATTCGATTTCC,M82F G98I,0.0426,0.0426,5,10
ACCATGAGTGGCCCTT,E10K E104D,0.0426,0.0426,5,10
CCCTTCCATACACAAT,L32E C118H N319T,0.0426,0.0426,5,10
CGCTCTTGTATATTTA,C155G K339Q,0.0426,0.0426,5,10
CTGTATTCCCAGAAAT,N99Y Q218V D402Y L415N,0.0426,0.0426,5,10
GCCAGTTCACAAACAG,N20K R193D S199L,0.0426,0.0426,5,10
GCTTGGTAACAGCAAA,P83N D306R T377R C475F K488Y,0.0426,0.0426,5,10
GGACTACCGACTCTAA,L32* C86Q I162L C180M L258V,0.0426,0.0426,5,10
GTAATGTCGCACAAGG,G98R D402P,0.0426,0.0426,5,10
GTTAGGAAAATCGGTG,N295R S367A,0.0426,0.0426,5,10
TACGACCTTTCACCAT,Q69R M96* K125H G484S,0.0426,0.0426,5,10
TATACATAAAAGTAGA,V97M N158M C212W F436R,0.0426,0.0426,5,10
TGGAACAGGGTCTCTT,Y217F C477K,0.0426,0.0426,5,10
AAAAAACAGACTATAA,T296Y L326P,0.0473,0.0473,5,9
AATTTTACAGATTAAA,S111R S154K N158S Y366P,0.0473,0.0473,5,9
ACCTAGTCGGTACCAA,I136G A195E F440I,0.0473,0.0473,5,9
AGGGAACCACCGTGAG,C53G L382T,0.0473,0.0473,5,9
ATAAAGCAGAGTCAAT,V97L N148H G208I,0.0473,0.0473,5,9
ATAGAAACACACCGTG,L103K N119C M472I,0.0473,0.0473,5,9
ATCGCAATAATACATT,L51D G174F T281I,0.0473,0.0473,5,9
ATGTATCTAGGGCCAA,T6C F117Y H124C,0.0473,0.0473,5,9
ATTGAAATAGAACTAC,L51V Y129I S367H T375A I445G,0.0473,0.0473,5,9
ATTGAGGGGATCGTTC,I136L S163W Q482P,0.0473,0.0473,5,9
CGGGAGTTTCAGACGT,S91R L128W I345A T377C C385L,0.0473,0.0473,5,9
CTTTCATTGACGAATT,M1W K125R G424*,0.0473,0.0473,5,9
GACGGAACACTCATGA,N148L A195S S205L G424F,0.0473,0.0473,5,9
GAGCAAAGTATACCGA,L103C N109R M312S R456V,0.0473,0.0473,5,9
TCTAATAAGCACAGTA,V164A Q232L K339P,0.0473,0.0473,5,9
TGCAACATTTACACAT,S143V E287Y N346Q,0.0473,0.0473,5,9
TTAGAAGTAATTTGAA,L84R D268Y,0.0473,0.0473,5,9
AAAAGCACGATTATTG,K33T H230T C364H,0.0532,0.0532,5,8
AACCTTAGTGAAATAA,F49I E100L G160C L433F,0.0532,0.0532,5,8
AAGTAACAATTAACCA,F7I T139S S237K V459L C463Q,0.0532,0.0532,5,8
AATAGCGTAACCGACG,R55K G64L T182M L203F R207G L394F,0.0532,0.0532,5,8
AATCATTAGAAACCGA,S216V L372R,0.0532,0.0532,5,8
AATCCCGATGGATAAT,Y66V,0.0532,0.0532,5,8
ACCGATACAAACTAAC,I136D W227L,0.0532,0.0532,5,8
ACGCGCACTTAGGATT,E76* L387R,0.0532,0.0532,5,8
ACTATGGTTACATGCT,N90G C279A,0.0532,0.0532,5,8
AGCCCCCCCTGAAGGT,Y241R,0.0532,0.0532,5,8
AGCGTACGACAGTTTA,L50P C231F,0.0532,0.0532,5,8
AGGAAGTAACATTCAG,Q3S L107N L128C I201F E308G Q331T,0.0532,0.0532,5,8
AGGGTACTTCCGTCTA,T6V M194E H467A,0.0532,0.0532,5,8
AGGGTTGACTAGGGCA,S234*,0.0532,0.0532,5,8
AGTGTTCATATTTCCA,N89E T190D R193S,0.0532,0.0532,5,8
ATCGTTAACCAAAATT,V65R C477S,0.0532,0.0532,5,8
ATGAACCACCAAATAT,N295A I334D D347L L442F,0.0532,0.0532,5,8
ATTACTGAAAACACAT,A202S Q218C I350W,0.0532,0.0532,5,8
CAGAAAAATCCCATAT,C86Y D229N,0.0532,0.0532,5,8
CATACAAGATACTAGA,L290R E404I,0.0532,0.0532,5,8
CATGGCCACTTGAAGG,Y129L G174L C212P K368T,0.0532,0.0532,5,8
CGTAAATTCTCGTACA,C475R,0.0532,0.0532,5,8
CGTACATACACAACGT,G102W K352S,0.0532,0.0532,5,8
CTATATTTGAAAACAG,L107R,0.0532,0.0532,5,8
CTCTCAGAGCACCCGA,C477S,0.0532,0.0532,5,8
GAGCAAGTAACGGGTT,N89F S381* V435Y,0.0532,0.0532,5,8
GCACAAAATTATTGAA,M80K C86I N114L L242I N373K Y480K,0.0532,0.0532,5,8
GCTGGATTTGAATCTC,Y219L K465N,0.0532,0.0532,5,8
GGATTATAGTTAGGAA,S60M C155* A176L L285K,0.0532,0.0532,5,8
GGCATTTGATCTGTCA,S437K,0.0532,0.0532,5,8
GTAACGGTAATAGTGG,C118T W489*,0.0532,0.0532,5,8
GTCCAGGCCACACAAT,Q3R E17K C155M N295C K465D,0.0532,0.0532,5,8
GTCGAAATTAGCGACT,L68S S333L F434V W489S,0.0532,0.0532,5,8
TACATCTTTTTAAATT,I15S N209Y,0.0532,0.0532,5,8
TAGACAAGGCTTACAT,C155S,0.0532,0.0532,5,8
TCACACAGACAACGGA,M1G G34T K481Q,0.0532,0.0532,5,8
TCACTTGACATCAACT,T190R N395H M472H,0.0532,0.0532,5,8
TCCAGATAAGGATGCA,N109L R248M K272T,0.0532,0.0532,5,8
TGATAAAAACTAATAT,G186D A195D Y200K D273H,0.0532,0.0532,5,8
TGATGAGGCCACCCGT,N146L E303D L430* I445N,0.0532,0.0532,5,8
TGATTAATTGAAGCGT,M75* M134H I403S,0.0532,0.0532,5,8
TGGACTAACACGGTAC,L133H G294L V388W,0.0532,0.0532,5,8
TGTCGCATCGCAAGGG,N209D Y369M,0.0532,0.0532,5,8
TTAATCGGCAAAAGAA,S267I L344P,0.0532,0.0532,5,8
TTACAAAGTTATATAT,T225V N346K,0.0532,0.0532,5,8
TTTTCGTTAATTGCTC,E16L N167*,0.0532,0.0532,5,8
AAATCAAATAATGTAC,T70M S85I A176D M192L F293P C364S E418R,0.0609,0.0609,5,7
AACCTCTAACTTCGTC,P427T,0.0609,0.0609,5,7
AACGGACTGAACAACA,C118L K339R,0.0609,0.0609,5,7
AACGTAGGTTACTTGC,L73S K161G V487N,0.0609,0.0609,5,7
AAGACGCTTCAAAAAA,S171* S381K P483V,0.0609,0.0609,5,7
AATAGCATACCATAAG,G424C,0.0609,0.0609,5,7
AATCCTACCTAGCACA,Y480D,0.0609,0.0609,5,7
AATTGCGTCTCACTTT,A195S W210* Q247S,0.0609,0.0609,5,7
AATTTTACTTACTAAC,A297F L344P,0.0609,0.0609,5,7
ACCACGACTCGACCAA,S143K W386V,0.0609,0.0609,5,7
ACCCTTTGGCATCGCT,W227A D401H M414S,0.0609,0.0609,5,7
ACCTGGTACCAGCTCA,K33G,0.0609,0.0609,5,7
AGAAAAGAGGGATGAG,Y129C I144Y W370V,0.0609,0.0609,5,7
AGAAGGGTCGTATGTT,T274I E421A G484R,0.0609,0.0609,5,7
AGATCTTCACAACTTC,K368G,0.0609,0.0609,5,7
AGGTAACATAAGCGGG,F191* I334T V431T G473V,0.0609,0.0609,5,7
ATACTCCCAACAAAAC,D130L L220E K300S Q348V C385N,0.0609,0.0609,5,7
ATAGCAATCAACAGGT,G54A K368V,0.0609,0.0609,5,7
ATAGTATACATTCCTT,G64A Y166F I334L S437N,0.0609,0.0609,5,7
ATCCAAAATATTAAGT,M312F C364L,0.0609,0.0609,5,7
ATCCAAGTACACTGAC,I136K R256H G277N W283* A288D,0.0609,0.0609,5,7
ATCTATATACTCACAG,I403N P486I,0.0609,0.0609,5,7
ATTTAGCCAAAGTTAA,C463V P486E,0.0609,0.0609,5,7
ATTTGGTGTCGTTCTT,L84* E100S,0.0609,0.0609,5,7
CATCATGGAAATAACG,N119D W386V S400H,0.0609,0.0609,5,7
CCTAAAATTACTGTTA,C53N E67C,0.0609,0.0609,5,7
CCTAAGCGGGATACCT,T6R,0.0609,0.0609,5,7
CGAAAAATAATAAACT,Y172*,0.0609,0.0609,5,7
CGAATACAATAGCGAG,T265V D311F,0.0609,0.0609,5,7
CGATAAAACTTAAAGG,L259P S367G P466N,0.0609,0.0609,5,7
CTCCTCATTATCACTG,M1C R422N I443G,0.0609,0.0609,5,7
CTTGACACAAATACGT,F8L L29F Y217S Y363H K451H,0.0609,0.0609,5,7
CTTGATATACACGGTT,Y36F L61G H131M I213T E303H M351V,0.0609,0.0609,5,7
GAATAAATCATGACCA,A173T S267T L430S,0.0609,0.0609,5,7
GACCTTTCCGCCTCAT,L142T C155S I286S S476I,0.0609,0.0609,5,7
GACTTACGGTTTGGAT,S121T W264A T426L,0.0609,0.0609,5,7
GCAAACAAGCTTAATA,C180W,0.0609,0.0609,5,7
GCCTGGGAATCCATGA,G102E Q223P Y278R,0.0609,0.0609,5,7
GCGTTGTAGGCCCATA,A288V P383V L469R,0.0609,0.0609,5,7
GCTCAGTTACTCACCT,G102D A288L T412P,0.0609,0.0609,5,7
GCTGTCTGACCAACGT,R248K T375R S392G Y393C Q406R T412A E413G Y419C M420V E421G R422G Q423R K425G S437G K451G R456G K461E M472V Y480C K481R K488G K490R,0.0609,0.0609,5,7
GGCGCCTTTTTAGTAG,C53L L78* Y94G C155W K300T,0.0609,0.0609,5,7
GTAGAGACCGGGAAGT,F7* E67A L84P H141L A152S F399L,0.0609,0.0609,5,7
GTTCAAGAGGTCGAAA,P12R D357S,0.0609,0.0609,5,7
TATAAGTTAACAAGCA,C180F I403W,0.0609,0.0609,5,7
TATAGTCGGCAAGGCG,E308T K327E,0.0609,0.0609,5,7
TATTTTCATATCTGAG,I337S V435L I445C,0.0609,0.0609,5,7
TCACAAACCAACTTGA,W386L K417F K451R,0.0609,0.0609,5,7
TCATACGACGCACCCT,T87L V97D Q223K N365S S389F,0.0609,0.0609,5,7
TCCCCTCATTAAATTT,K126Q C155S P464R,0.0609,0.0609,5,7
TCGCTTAAATACCTGT,E10F G34C L46A V164* E404L,0.0609,0.0609,5,7
TGCGGATTATATACAC,E17G E329A L372R,0.0609,0.0609,5,7
TTGGAAACAGTGCACC,K352A W370* E396S R422T,0.0609,0.0609,5,7
AAAAGAAAAAATCTAA,R468N,0.0710,0.0710,5,6
AAAATAACAAACCATT,G42K D175S S199T C231T,0.0710,0.0710,5,6
AAATAGGTTAAATGTT,L78V L107S V164I S333T G391V T438M H467L,0.0710,0.0710,5,6
AACAGCGCTGCCTTTC,V47E S135F V187S,0.0710,0.0710,5,6
AAGCTAACTTTCTATA,E16Q S216E Y363* K490Q,0.0710,0.0710,5,6
AAGTCAAAAATGAAAG,S267H Y480L,0.0710,0.0710,5,6
AATCAGATCTTAAAAG,M1I Q218N,0.0710,0.0710,5,6
AATTTAGGACTAGAAG,T106D L220T A407*,0.0710,0.0710,5,6
ACAAGATATTTATATT,M1H K126M C212K K272H C301R D401V,0.0710,0.0710,5,6
ACATCAAGACCCACCA,N89S I213T G243K,0.0710,0.0710,5,6
ACATCTCTGACAGTAT,C118S D408G S462*,0.0710,0.0710,5,6
ACCCTTTTGAAACGTC,F293N R325N,0.0710,0.0710,5,6
ACCGTAAGGCGACGTC,D268R A343T S389L S462N,0.0710,0.0710,5,6
ACCTAAATCCCTATAT,T81S N90R K161S C180Y N185S N338M L394*,0.0710,0.0710,5,6
ACGTTGCTAATATATT,N74Y M134W,0.0710,0.0710,5,6
ACTTTATAGGATACTA,M19E,0.0710,0.0710,5,6
AGAGAAATTTCTAGGA,R314C,0.0710,0.0710,5,6
AGATACCGGGCCTCAT,C57V M359Y,0.0710,0.0710,5,6
AGGGCGCAATCTTAGA,E100* T375L,0.0710,0.0710,5,6
AGGGTAGCCATTATAC,L107T,0.0710,0.0710,5,6
AGGTAACTTATGACCA,C212E A288Q P453F,0.0710,0.0710,5,6
ATAAAATTGTGTCATG,F262* M472K,0.0710,0.0710,5,6
ATGAAACTGGACCATA,T101S C292Y,0.0710,0.0710,5,6
ATGGAAAGGCAGTAAT,L280H V341E,0.0710,0.0710,5,6
ATTTTAATATATCTAG,N158S N178F L220A A343T E396R,0.0710,0.0710,5,6
CAAAAAAACGCAATAA,M82L P238S,0.0710,0.0710,5,6
CAACACGTTCATAGGA,L51Q,0.0710,0.0710,5,6
CAACCGAAAAGATCAC,Y366N,0.0710,0.0710,5,6
CACTAACCAACCTACT,L43C L133Y D347P,0.0710,0.0710,5,6
CATATGTATCGAGTGA,Q3* L23Q G42P,0.0710,0.0710,5,6
CATTGAACCAATTTTA,L103H N109S S400T,0.0710,0.0710,5,6
CCACAATGAATGTCTA,K88P R491L,0.0710,0.0710,5,6
CCACTCGTAACGTCCT,C385G,0.0710,0.0710,5,6
CCCCATACGAAAAACG,E10T I21V T426L,0.0710,0.0710,5,6
CGCGCACACCGTTCTA,S199N N346F,0.0710,0.0710,5,6
CTAACATACTAACTAT,T380*,0.0710,0.0710,5,6
CTAGCAAAAAACAAAT,C53M H92F C118N Y172R K320H Y371L G484Y,0.0710,0.0710,5,6
CTAGGCAGATACTAAA,A25D T40I G160Y,0.0710,0.0710,5,6
CTCACCCCCTGAATTT,L103T,0.0710,0.0710,5,6
CTGTCGAAATTGAAGA,T274W E413Y,0.0710,0.0710,5,6
GAACGTGACAACGTAT,E16* K161I H305A R314Q,0.0710,0.0710,5,6
GAATAAGTTTTATAGC,H92K A195T G378V,0.0710,0.0710,5,6
GAATGGAAAGCAAATC,F7A L105R M414* S476L,0.0710,0.0710,5,6
GAATTAAAAATGACCA,S27*,0.0710,0.0710,5,6
GACGCGGGTAAATGCG,M194K,0.0710,0.0710,5,6
GAGACACTGTTCTAAT,H92I N109G D130V E270V,0.0710,0.0710,5,6
GCAAGGATATTTAGCA,F293* M332C,0.0710,0.0710,5,6
GCCATACGTATACTGA,L280D D408I,0.0710,0.0710,5,6
GCCTTAAGATTACCCA,L280F L285Q M472Q,0.0710,0.0710,5,6
GGACGATGACATCATA,K88Y G160H S216H D432G,0.0710,0.0710,5,6
GTAACCCCCTAAATTT,S163D A176S,0.0710,0.0710,5,6
GTACACAAGTAAGTTT,L344R Y366V Q482V,0.0710,0.0710,5,6
GTTGAACCGGATGTTA,G2V Q149L R207Y Y241D Q247P R282L,0.0710,0.0710,5,6
GTTGCGTACTAGATCG,S216T N395D V487R,0.0710,0.0710,5,6
TAATAAGACTGGCAAG,A152K C477I,0.0710,0.0710,5,6
TAATAATTCATAATAA,I452S,0.0710,0.0710,5,6
TAGATAGAAAGATATT,M1I,0.0710,0.0710,5,6
TCAAAACACCCCAAAC,I21T T40I M194L A343E,0.0710,0.0710,5,6
TCACTATGGAAAATGA,S27G S91E A173K,0.0710,0.0710,5,6
TCAGATAAAGTGAAAA,T190Y L394P,0.0710,0.0710,5,6
TCCCAATAACGTATTT,T40K W489S,0.0710,0.0710,5,6
TCCGATTCCATCCAAT,F140A R282P A330I S444N,0.0710,0.0710,5,6
TCTGCACAACGAAAAC,L51*,0.0710,0.0710,5,6
TGAAAATGCCCGATTT,N89M L105Q M194L K339Q W386R M420L L428Y Y441S,0.0710,0.0710,5,6
TGACAAAAGACAAACT,M332I V459G,0.0710,0.0710,5,6
TGACAGCGATTTAAAC,S237L R256L A343K,0.0710,0.0710,5,6
TGATAAAATCCTCTAA,H131G I452R,0.0710,0.0710,5,6
TGCACATCCCAAGAAG,F7V G460*,0.0710,0.0710,5,6
TGCTCTGTCTTTATTA,L23V N79V N127V,0.0710,0.0710,5,6
TTAACTTCAATAAAAA,G277I W283M,0.0710,0.0710,5,6
TTAAGGCCTAATATAG,C118Y V187C N224I W264* W489*,0.0710,0.0710,5,6
TTGCCATATCATAAAG,G34R Y150V R207M C231R,0.0710,0.0710,5,6
AAAAATGACCTAACAA,C57R,0.0852,0.0852,5,5
AAACACTATATTGCGA,P464Y,0.0852,0.0852,5,5
AACGACTTGAACTTCA,L259W L449Y,0.0852,0.0852,5,5
AAGCAGGTAGGCAAAG,Q405F C477S,0.0852,0.0852,5,5
AAGCTTCTACAGAAGG,F140I G181N S389*,0.0852,0.0852,5,5
AAGGCGCATGAGGAAT,G2C D175W F309D,0.0852,0.0852,5,5
AATACCGAGGCAACAT,S111L D357K M414T,0.0852,0.0852,5,5
AATGGACAAAAATTAC,C180L I345S,0.0852,0.0852,5,5
AATTAAAGAGGTTCTC,G98D V298K,0.0852,0.0852,5,5
AATTATGGCCTAACGC,A25I T59Q K126W T261Q I403S I443K,0.0852,0.0852,5,5
AATTTCTCACAGCAAT,E303S P427I L430Y,0.0852,0.0852,5,5
ACAAATTCGTCATCAA,L105Y G174V F293Y D401G,0.0852,0.0852,5,5
ACAGGCAAAACCCTAG,L84A N224*,0.0852,0.0852,5,5
ACCCGTATAATCGGAC,K33T Y278A Q406K,0.0852,0.0852,5,5
ACTTGATGGAGTGCCA,G240H P464C,0.0852,0.0852,5,5
AGAACTATACCAATCA,I4N R248Y I452F,0.0852,0.0852,5,5
AGACTAGAACAGAGGT,M82K,0.0852,0.0852,5,5
AGGTAGGTAATTTCAT,N37F Y278S F399W L430P,0.0852,0.0852,5,5
AGTCCTTGTTAGCACA,C57S P486M,0.0852,0.0852,5,5
ATAACTTTATGTAAGT,N167T H179A D211V F436Y L449N,0.0852,0.0852,5,5
ATAAGTGCATACAGGG,G98P S169T G260C,0.0852,0.0852,5,5
ATACCCAATATCAATA,A177S R422* P483S,0.0852,0.0852,5,5
ATACGGGTCCAGTCGT,K88R L103T S163K N390G V431C,0.0852,0.0852,5,5
ATAGACACCACGGAAA,V5T I95F A202L T377K,0.0852,0.0852,5,5
ATAGTTCCAGCTAATA,P464K,0.0852,0.0852,5,5
ATCTGGTTAACCACTC,Y66* M312N,0.0852,0.0852,5,5
ATGTCGACTGAGGCTA,A173I L433S,0.0852,0.0852,5,5
ATTCGAAGTGTGAATT,Y62* P464I,0.0852,0.0852,5,5
CAAAATATAACCAAAA,M359F M414T,0.0852,0.0852,5,5
CAAATAAAGTGACGAG,T108N A297I C364Q L394S,0.0852,0.0852,5,5
CAACAGTGTTAGCTGA,Q69N T225R C364*,0.0852,0.0852,5,5
CAAGCCATGGACGAAC,G34A M312W,0.0852,0.0852,5,5
CAATGATCGGAAACGA,V47H A176T,0.0852,0.0852,5,5
CACATAGAAGTAGAAA,A288T C385I,0.0852,0.0852,5,5
CAGAATACTCTTTAAA,M19F R256E R282Y,0.0852,0.0852,5,5
CATCCAGCCCCGTCTA,L394R,0.0852,0.0852,5,5
CATGGATCCTTAGAGT,C364Q L382Q,0.0852,0.0852,5,5
CCAACTAGATCCCCTA,M134K T215S E307D S462P,0.0852,0.0852,5,5
CCACCAACTAAAAAAG,V164D A202T,0.0852,0.0852,5,5
CCCAGAGATCAAATCA,N178K V431S T454S,0.0852,0.0852,5,5
CCGGTCGAAAAACATG,I4L P238S Q348F,0.0852,0.0852,5,5
CCTACCCTTTTAACTT,S216T G294L W489F,0.0852,0.0852,5,5
CCTCAATTACGCCCCC,Q165* R193G L449M,0.0852,0.0852,5,5
CCTTTACTGAAGATGC,T58L L105M M420* C477P,0.0852,0.0852,5,5
CGAAAGCAGTCAGTCA,L433T,0.0852,0.0852,5,5
CGAGAAGTTTCGTAAG,T438P P466K,0.0852,0.0852,5,5
CGATCGTTATGGCTCA,V47M R257E,0.0852,0.0852,5,5
CGCAGCAACAACCCAT,W196R,0.0852,0.0852,5,5
CGCGTTATAATTACAG,I350G H448Y,0.0852,0.0852,5,5
CGCGTTTAGATAAATC,N302V V341E,0.0852,0.0852,5,5
CTACGCAAAAACTCGA,E104V H179K,0.0852,0.0852,5,5
CTCAAAATGAAACAAT,F293N T397L L433S I474T,0.0852,0.0852,5,5
CTCATGAGTATATAAT,V183M W489N,0.0852,0.0852,5,5
CTGAGTGACGGCACAT,G2S I337* I474L,0.0852,0.0852,5,5
CTTACACACGATTGAC,L133T S163K C180Q I337F K481G,0.0852,0.0852,5,5
CTTATCGCATACAGAT,T58C N90S N342*,0.0852,0.0852,5,5
GAACCAAGACTCATTA,V65P A173L G378Y,0.0852,0.0852,5,5
GAACTAAGACCCCAAA,L71E R248C,0.0852,0.0852,5,5
GACTGTCCCTGTCCGG,E10G L133S,0.0852,0.0852,5,5
GAGACAACTCGGCAAG,S111T T190Y D268A,0.0852,0.0852,5,5
GATCGTGATAGCTAAC,D122C A123S P145C R235L Y366L,0.0852,0.0852,5,5
GATCTAGTGGGGGTTG,V47I E307D L415*,0.0852,0.0852,5,5
GCCATATTAGAGAAAC,G460I,0.0852,0.0852,5,5
GCTATGAAGGAATAAC,P238R R282C N373R,0.0852,0.0852,5,5
GCTTCTAAAATCAGAA,G2M N146S R356I Y371N,0.0852,0.0852,5,5
GGCAAAGTAGTGAGAC,I337L M472P,0.0852,0.0852,5,5
GGGCCACACTACGCTA,T6V L84N A184L K481T,0.0852,0.0852,5,5
GTACTCCATTTCCCGA,V5M V164K,0.0852,0.0852,5,5
GTATATCACAATGTAT,L103T L133S H170T E308R A407R K461S,0.0852,0.0852,5,5
GTCAGAACTTACTTAT,I137R G240H Y393F,0.0852,0.0852,5,5
GTGCTGAGACCGTCTA,L280R,0.0852,0.0852,5,5
TAAAATCGATTCTGCT,G240Y V450L,0.0852,0.0852,5,5
TAACCACAGCACTTGA,L46G G98T T110P C463F,0.0852,0.0852,5,5
TAACGAGACGTTTCCG,G34D I112N G198E K339N L442I C475T,0.0852,0.0852,5,5
TAAGTACCGTCTACTT,I350R Y480V,0.0852,0.0852,5,5
TAATAGTACCTATCAA,I21R,0.0852,0.0852,5,5
TACAAATTTTTACCCT,S205* V431L,0.0852,0.0852,5,5
TACGTAGGAAATAAGT,F157S I252K I337M,0.0852,0.0852,5,5
TAGCCGATACAAGGCC,R325K V341*,0.0852,0.0852,5,5
TAGTACCCAGCATACC,S60D S143P,0.0852,0.0852,5,5
TATAAAGCATGGAAGG,M82K V298M,0.0852,0.0852,5,5
TATCGCCTATAATCCT,D229V E418M,0.0852,0.0852,5,5
TCCAATAACACGAGCC,N295A L349F,0.0852,0.0852,5,5
TCGCAAGAAAAACTTC,T110R A297T,0.0852,0.0852,5,5
TCGCAGGGATTGTTGA,T6D L52W M359L V485R,0.0852,0.0852,5,5
TCGCATAAGGGTCGAT,G54R Q69L N148I S389Y,0.0852,0.0852,5,5
TCTGAACATGGAGACT,L258S,0.0852,0.0852,5,5
TGAAACGAACAATAGG,A25Y T106L C279A,0.0852,0.0852,5,5
TGACACCTCATTCCAG,I21R C155S L245N G360*,0.0852,0.0852,5,5
TGACCGAAATTGAAAA,C41R H124L N209I S267H,0.0852,0.0852,5,5
TGGCTTTGGTCGGATC,S163C S255R L259P N395T,0.0852,0.0852,5,5
TGGTGGCTTGCAACAG,S367D,0.0852,0.0852,5,5
TTATTCAAATAGATAG,Q3R K161E,0.0852,0.0852,5,5
TTTAATAGCGTAAAAG,P453*,0.0852,0.0852,5,5
TTTTCGCCTCGGAGGC,T58R A177C S400I,0.0852,0.0852,5,5
TTTTGCAATACTGAAC,N319V G473M,0.0852,0.0852,5,5
AAAAAATTACAGGTTC,A152G Q321D,0.1065,0.1065,5,4
AAACACTCAATAAGAC,S381P,0.1065,0.1065,5,4
AACATACTGTACTTCT,S111Q C212Y,0.1065,0.1065,5,4
AACCCACGTATGCGGC,M19W Q247* T261V L469S,0.1065,0.1065,5,4
AACCTTGACAAATCTC,I323*,0.1065,0.1065,5,4
AACTTATCCTACATAG,L32Q V47S A202T,0.1065,0.1065,5,4
AAGCTCGGCTAGAACT,P12I E307L Y419R,0.1065,0.1065,5,4
AAGGGGTGATCCTCAC,L78* E418V M472R,0.1065,0.1065,5,4
AAGTACCCAGTGCAAG,L50S E396M V431Q,0.1065,0.1065,5,4
AATAACGTTAACACAT,K126E R193* E228I,0.1065,0.1065,5,4
AATACTTCATATGCAA,F49M S199G Q348N,0.1065,0.1065,5,4
ACACTTATAATTTTCA,T110D D408*,0.1065,0.1065,5,4
ACGAAACCACACTGCA,Y62G C118D G391M,0.1065,0.1065,5,4
ACGAACTGGACGTCAC,L103C,0.1065,0.1065,5,4
ACGAGCTCTTAGAGCA,L349F,0.1065,0.1065,5,4
ACGAGGATGCCCTTAG,G98* S154C G160L F309M M472S,0.1065,0.1065,5,4
ACGGTACAAAGGAGGC,N158I R207C I358F,0.1065,0.1065,5,4
ACTAAGCTCTCGTTTG,I4P V47L N158S S267H T426L K461N,0.1065,0.1065,5,4
ACTACTCCGTATATTC,S27Y F157* D204* A407V V431M,0.1065,0.1065,5,4
ACTGGAACGGGTTCCT,M1* C155R G360F,0.1065,0.1065,5,4
AGAAACGTACCAAGGA,W210P R314D S476Q,0.1065,0.1065,5,4
AGAAATAAGAGCACTG,Q149P T376L,0.1065,0.1065,5,4
AGATCTAAAACTAAAT,C41W D273G L430S,0.1065,0.1065,5,4
AGCAAGCATCCTAATT,T190N E396K L428V L469P,0.1065,0.1065,5,4
AGGATCGAAATTATTC,F399I V431M,0.1065,0.1065,5,4
AGGGTGCATCTTAAAT,L51H G64R L442F,0.1065,0.1065,5,4
AGTAGTTAGCATCTAT,T101G S143V K368P F440R,0.1065,0.1065,5,4
AGTGATGCCGTAAAAG,W264R L290V F318M,0.1065,0.1065,5,4
AGTTAATTTCCAGACA,T77R S85K K300M,0.1065,0.1065,5,4
AGTTACATACTAAACT,K161Q S171I G391*,0.1065,0.1065,5,4
ATAAAGCTGACACTAA,K352L,0.1065,0.1065,5,4
ATAACATTAAGTAATA,E104* Q149R,0.1065,0.1065,5,4
ATAACCATAAATGTCA,F49W Y371S,0.1065,0.1065,5,4
ATAAGAATATAACCTA,K125V Q218A I345G,0.1065,0.1065,5,4
ATATAGTGAGAATAAT,H141S A297D F309G,0.1065,0.1065,5,4
ATATTAGATTAAACCA,F309I M332K V388L V487H,0.1065,0.1065,5,4
ATCCTCTTACGGACAG,A195V I443Y,0.1065,0.1065,5,4
ATCTCCTGCAGACAGA,R55H E100K Y219D,0.1065,0.1065,5,4
ATCTTTAATGGTTTTA,S267T T426S,0.1065,0.1065,5,4
ATGCACTAGATTGTGT,N470F,0.1065,0.1065,5,4
ATGCAGAAAAACTCGG,H131* L203Q C212Y R250V,0.1065,0.1065,5,4
ATTATTTCATGCATTA,F157A,0.1065,0.1065,5,4
ATTCTATTGGGATCGG,H179Q N209K M214* L285R,0.1065,0.1065,5,4
CAACACAAAAGTCACG,I213Y S267T N302T,0.1065,0.1065,5,4
CAACGAGCTGAGTTCA,S135N,0.1065,0.1065,5,4
CAAGAAAAACCCGTAG,L442*,0.1065,0.1065,5,4
CAATATGGCACAGGAG,S205I L344W,0.1065,0.1065,5,4
CACAGACAAGGATTTA,I15N K384N,0.1065,0.1065,5,4
CAGAACCCCGAATCTC,Y129P,0.1065,0.1065,5,4
CATAATAGGCAAAGCC,C57* Y62C W196G K300*,0.1065,0.1065,5,4
CATGCGCTAACGACAC,E303* K461F,0.1065,0.1065,5,4
CATTTCGCACTATCAA,D347C G391D P453L,0.1065,0.1065,5,4
CCAACCTAATCTTTTG,C118V,0.1065,0.1065,5,4
CCGATCGATTAGATCT,V47L C57Y C364L,0.1065,0.1065,5,4
CCGCTCATGTCTCTCA,A173E C231S,0.1065,0.1065,5,4
CCGTACTATGGATTCA,Y66F D211E C475*,0.1065,0.1065,5,4
CCGTTCACCCATTATG,Y166F A407H,0.1065,0.1065,5,4
CCTTAAAGGCCTTCCC,T87* Y166Q,0.1065,0.1065,5,4
CCTTGAGTTTGGTGAG,R193Y Q416N Q482*,0.1065,0.1065,5,4
CGACAACCCAAGGAAT,I21* V164L E228* L245Y I403H,0.1065,0.1065,5,4
CGGCGTGACCAGTATT,W196Y N319I E418I V435S,0.1065,0.1065,5,4
CGTCTTAGCGGGGACC,N127P Y166C C310K,0.1065,0.1065,5,4
CGTGGATTCACTCACA,V97S Q149K C301L,0.1065,0.1065,5,4
CTAGAATTCTTAATAT,Y241*,0.1065,0.1065,5,4
CTCGACATGAATCACT,M1I K384S,0.1065,0.1065,5,4
CTTGCTTCAACCTACC,I112M,0.1065,0.1065,5,4
GAAAATTGAACTATTT,L415P C463H N470F,0.1065,0.1065,5,4
GAAGACTGTCAGTACT,N99Y A177D L428K S439C,0.1065,0.1065,5,4
GAAGCATCATAATAAT,,0.1065,0.1065,5,4
GAATGTGTCCTTAACG,F318S,0.1065,0.1065,5,4
GACGAAATGAAGTATG,C41Y K300*,0.1065,0.1065,5,4
GAGAACTGAAATGACT,D401L,0.1065,0.1065,5,4
GAGACACCCCATCGTA,A340K,0.1065,0.1065,5,4
GAGGCAAAAAGAACAA,S255L Y369L,0.1065,0.1065,5,4
GAGTTATCTTAAGAGC,M19V F140V I337M Q348S E418K,0.1065,0.1065,5,4
GCAAGCATTTGGCCCA,A177E H457N P466S,0.1065,0.1065,5,4
GCATGACTGCCCTAAT,L78D S91T N390R,0.1065,0.1065,5,4
GCGTCATTAGAGAGTG,L105E S135F M153N Y166*,0.1065,0.1065,5,4
GCTCAAAATGTTATAG,L51N Y219M N390K,0.1065,0.1065,5,4
GGAATCTACAGACTTA,S135F D357Q,0.1065,0.1065,5,4
GGCCATCTGAACAAAA,N37L N342P T375D H398* N470G,0.1065,0.1065,5,4
GTACAAACTTAAGAGA,N79V R193K H230S D268G A288N,0.1065,0.1065,5,4
GTCTTAAATGCCAAAC,K161A C475L,0.1065,0.1065,5,4
TAAAACTCAACGAGAG,S27I C155Y P483T,0.1065,0.1065,5,4
TAAAGGGTCGTTGGTA,M1S Q149M Q165*,0.1065,0.1065,5,4
TAACCAAAAGGCTAGA,G378*,0.1065,0.1065,5,4
TAAGCTTAAGGTTCCA,T101K L168R D273A,0.1065,0.1065,5,4
TAAGGCGCTAAAACCT,G160S T281M A328C K490Q,0.1065,0.1065,5,4
TACCAATTGAATTTTT,I15T,0.1065,0.1065,5,4
TACTAAAGCAATAGCT,G42W H170I D175N,0.1065,0.1065,5,4
TAGAATGGCCCAGTTA,H457L,0.1065,0.1065,5,4
TAGAGCCCACAACAAT,R282H,0.1065,0.1065,5,4
TAGTACACCTTTCGTT,Y419S,0.1065,0.1065,5,4
TATAGACTATGCTATG,G98N Y363H,0.1065,0.1065,5,4
TATCATCTTGCAAGAA,L68V G197V Q232R D268V,0.1065,0.1065,5,4
TATGAACGTAACGACA,T59W L103S F233M S444*,0.1065,0.1065,5,4
TATGTCGAGGATAGAA,D311L K352C,0.1065,0.1065,5,4
TCAATGATACTACGAA,M1T Q223* P238K G277L L442N,0.1065,0.1065,5,4
TCACAATGGCATTTGG,N37A Y369E K465Y,0.1065,0.1065,5,4
TCCACATGATAGACAT,N119L T215L K481S,0.1065,0.1065,5,4
TCGGCGTAGACCGATA,G478V,0.1065,0.1065,5,4
TCTAACACATCAATGC,A30E S56N K88L D347T,0.1065,0.1065,5,4
TGCGTTGAGAAAAACA,I15Y F147R Y172S S255T D432T,0.1065,0.1065,5,4
TGGCAAATACCCTACA,T225G L326P K368D,0.1065,0.1065,5,4
TGTATACAAAATCCGA,L35V T106R N114C,0.1065,0.1065,5,4
TGTGAAAGCTACATGC,D156H V164W V388S,0.1065,0.1065,5,4
TTAGTGTTCCCACTCG,V28S Y62M W264Q K352P,0.1065,0.1065,5,4
TTATTGAAAGTGAGCG,H115L Q165R C180A,0.1065,0.1065,5,4
TTCAGTGAAAGCGCAA,C212Y I239F N390R,0.1065,0.1065,5,4
TTTAAGACCAAACACA,I144* Q149G R250T,0.1065,0.1065,5,4
TTTAAGCCACAAGGAG,L84Q Y241A S333T G360Y,0.1065,0.1065,5,4
TTTCGCAAACGCCAGA,G102E N148P,0.1065,0.1065,5,4
AAAACCTAGTAGCAAT,C180L Y200W F262I V298K L315R,0.1420,0.1420,5,3
AAAACGTCACGCCGCT,H124G N158S A343C,0.1420,0.1420,5,3
AAAATAATATTAGATC,G42V C57S,0.1420,0.1420,5,3
AAATGCTACCACCAGA,M134N G378L L449M,0.1420,0.1420,5,3
AAATTAAAAATTAGAA,C212T E270C I474P,0.1420,0.1420,5,3
AACAATGTCTCAAGTA,L73P T281S L285K,0.1420,0.1420,5,3
AACACCAGGGTTATCG,Q405K F436V,0.1420,0.1420,5,3
AACATACGCTATGAAT,C86T T110N T190K L349V M420K,0.1420,0.1420,5,3
AACCTACTCTGCGCAT,L78T T190M S437F,0.1420,0.1420,5,3
AACGAGCAAAGGTTGC,T59P,0.1420,0.1420,5,3
AACTATTAAACTTATG,L46Q V341A,0.1420,0.1420,5,3
AACTCCAATTGTGTTC,W264T,0.1420,0.1420,5,3
AAGCAACAATAACGTA,G42P L61T K125P E287K C292T Y363L,0.1420,0.1420,5,3
AATCTTTCAGTTACAA,K327R N365A Y419*,0.1420,0.1420,5,3
AATGAGGCTCGATTAG,G160A A173S N365I W489S,0.1420,0.1420,5,3
AATTAATAATACCAAA,L103R,0.1420,0.1420,5,3
AATTACGATGTCAACT,C57D G277R H448*,0.1420,0.1420,5,3
AATTGCTGAACAGGTG,H179T A407R L430Y,0.1420,0.1420,5,3
AATTTGTACTAAACCA,K63N F157L G181D Y219L,0.1420,0.1420,5,3
ACACAAAACAATTGAA,S60* M96F R422K,0.1420,0.1420,5,3
ACACCAACTAAGATAA,T412S L415P,0.1420,0.1420,5,3
ACACGAAAATAATAAA,I24N V28P E104G S267T,0.1420,0.1420,5,3
ACATTCCATGGAAAAG,G160S S255W G378Q I458M,0.1420,0.1420,5,3
ACCAATCACTAACCAA,T58G L415H,0.1420,0.1420,5,3
ACCATGGTACACGGTA,M134G,0.1420,0.1420,5,3
ACCGAGGTACTAGACT,N178Q T375V Q416K I445R,0.1420,0.1420,5,3
ACGATCATCGAAGGGA,L168A E396A,0.1420,0.1420,5,3
ACGATTCTCAGGAAGT,N37S R193M I254T N295V V450S,0.1420,0.1420,5,3
ACGGGCACAAATTAAA,I136S,0.1420,0.1420,5,3
ACGTTAACAGATAAGC,L78E H398Y,0.1420,0.1420,5,3
ACTGCGTACCATGGGC,P12S T48P S135D Y172S E308V H354P,0.1420,0.1420,5,3
ACTTACTAATTCGAGG,T81R Q223S,0.1420,0.1420,5,3
ACTTATCCCTGAACGA,V18* F38V L52Q I337L,0.1420,0.1420,5,3
AGAACTCCAATGTAAA,N109Y K126A L203P,0.1420,0.1420,5,3
AGACCACAACCGCCCT,G102M I201R,0.1420,0.1420,5,3
AGAGTTATAACCATGA,L68I K161M G174M I254E,0.1420,0.1420,5,3
AGATATCCAGTCTCAG,N89I Q416W,0.1420,0.1420,5,3
AGCTTATGCGACCCTC,G206W T263K E404*,0.1420,0.1420,5,3
AGCTTCGCTGTGGTGC,F140K G181S C231R,0.1420,0.1420,5,3
AGGGAATTACATTACG,D175N M192R,0.1420,0.1420,5,3
AGGTGGTGGCTGATAG,M214S P464T,0.1420,0.1420,5,3
AGTGTACCTTTTAGCT,C57L K300*,0.1420,0.1420,5,3
ATAACGTCCATACCGA,T139F V164Q Q218M,0.1420,0.1420,5,3
ATACGGAGTAGAAGTC,M82R S367L L469T,0.1420,0.1420,5,3
ATAGAATAATCTTTTG,T6M S267G M420N F436Y K451T,0.1420,0.1420,5,3
ATAGTACCGCTTCGTG,T263L N295V,0.1420,0.1420,5,3
ATATACAACCGAACAA,S367W L415K,0.1420,0.1420,5,3
ATCAACAAATTTAAAG,Y129K A184T T380Y S389V T426S,0.1420,0.1420,5,3
ATCGCCCTAGAGTACA,V31D D251V K339R S389L,0.1420,0.1420,5,3
ATCTGGACCTATAATT,A30L L103M V435P,0.1420,0.1420,5,3
ATGAACAGCCGGTAAC,D229V R248D W489*,0.1420,0.1420,5,3
ATTAGATGCGTGAGAA,S91G I144E R422L,0.1420,0.1420,5,3
CAAAAAAGTTTTCAGT,I15C V22S S237H,0.1420,0.1420,5,3
CAACGCAAAGTTACTT,E16K,0.1420,0.1420,5,3
CAAGAAAGAGACTAAA,L71Y G260A T281G N373S,0.1420,0.1420,5,3
CAAGTTCTATGCCCAA,A322* D357*,0.1420,0.1420,5,3
CAATGGTTAATTCTGA,G2* L50S T77H I112C R193V,0.1420,0.1420,5,3
CACCCATGAGTAATAC,Q3* W489P,0.1420,0.1420,5,3
CACTGAGATTCACCTA,S138* I443T,0.1420,0.1420,5,3
CAGATAAACAGTTATT,K33T L433* L479P,0.1420,0.1420,5,3
CATAAATAGGAAAGAC,L220N R248L,0.1420,0.1420,5,3
CATGTAAAAAAATATG,N178S P238F T438A V485R,0.1420,0.1420,5,3
CCAAACAACTGTTCGT,M1I L73P,0.1420,0.1420,5,3
CCACAAATTAATCATT,S85N Q232W,0.1420,0.1420,5,3
CCAGAGAGACCCTCTA,Q189T D317K I337Q,0.1420,0.1420,5,3
CCAGTCCAGTCCTCAA,N20* F38R E104Q,0.1420,0.1420,5,3
CCATAATCGCGCTAAA,C231P L336C,0.1420,0.1420,5,3
CCTAGATCAACACACA,Y166W N224L,0.1420,0.1420,5,3
CCTATAGCGAATTGCT,M82N,0.1420,0.1420,5,3
CCTGGTATCATAATAA,L51S A173V T274M Y278L Y393L,0.1420,0.1420,5,3
CCTTTACTCACTGTGT,Y129V F293P V298L N390T,0.1420,0.1420,5,3
CGAGTTCGCTACAGAG,L103S G160F Y419V,0.1420,0.1420,5,3
CGGACCCGGAATTAAA,L84A Y166C V459A,0.1420,0.1420,5,3
CGGATAGAATATATAG,L52K W196M N295L,0.1420,0.1420,5,3
CGTCAGAACAGATAGC,C41W W489L,0.1420,0.1420,5,3
CGTTGGCAGAATTCCA,S154H R325F Y441N,0.1420,0.1420,5,3
CTAAGAGCACGCCGCA,G473V,0.1420,0.1420,5,3
CTAATACCATGAAGAC,T110E C212T S462L,0.1420,0.1420,5,3
CTATGGAAATTAGTCA,W264S P362T,0.1420,0.1420,5,3
CTATTAGTGAGGTAAA,L105K S121N A322D C364G,0.1420,0.1420,5,3
CTGAAAACTTTTCCAC,T70S W264H N365F F440N,0.1420,0.1420,5,3
CTGAACAACAAAAGTC,V65R C364A,0.1420,0.1420,5,3
CTGCACCATCCAATTC,L259K R314S G484I,0.1420,0.1420,5,3
CTGGCCGTATCTATCT,C41Y L68K P145D Y241N S389A,0.1420,0.1420,5,3
CTTAGACATGTTTTTA,R193E,0.1420,0.1420,5,3
GAACTATTTATTAAAA,V65T M75E F147L Y172H,0.1420,0.1420,5,3
GAATCAAATACCAGTA,S234T Y363I,0.1420,0.1420,5,3
GAATCACAACTTAAAC,G2M G271*,0.1420,0.1420,5,3
GACACTAATGTCAAAC,L61S N365F,0.1420,0.1420,5,3
GACAGAACTAACAACT,I286R,0.1420,0.1420,5,3
GACTCTGGGATGGTGA,G276F F309I M420P,0.1420,0.1420,5,3
GAGAGTCTACCACTTG,C180Q M284I,0.1420,0.1420,5,3
GAGCGTCAATGAGAAA,S367R L415R V450W,0.1420,0.1420,5,3
GAGGGAGGCCAAGCTA,H170V A299D Q482D,0.1420,0.1420,5,3
GATCAATTAACGGTCT,G197R I337A A343M,0.1420,0.1420,5,3
GATCGTAAGCACTCAA,L73P T226K R235Q,0.1420,0.1420,5,3
GCAAAAGAAGAACCCG,I24A S135A R491K,0.1420,0.1420,5,3
GCAATGAGCTGGTACT,F49I T58V N209T L245Q,0.1420,0.1420,5,3
GCCCCCACCAATCAAA,N79P T182D V187C,0.1420,0.1420,5,3
GCCCCCTTTTAAAAGA,D211A D229L M284K M472W,0.1420,0.1420,5,3
GCCTAGCCTAACCTAA,L46H T412* K490F,0.1420,0.1420,5,3
GCGGTACGTTTAGATG,G98L H305Q K465E,0.1420,0.1420,5,3
GCGTTGCATTTCAAAA,L107C Q165S V485K K490Y,0.1420,0.1420,5,3
GCTACAACTTTCTAGC,P12M C53M L280S,0.1420,0.1420,5,3
GGAAATTATATACTTT,I136W F191* Y278K,0.1420,0.1420,5,3
GGCCACATGGACAGTC,P383V S400V,0.1420,0.1420,5,3
GGGTGGGAGCCAAGGC,A25C E104D I252V N470F,0.1420,0.1420,5,3
GTAAGCTTCCTAAAAA,G277V,0.1420,0.1420,5,3
GTACAACAATCAACGC,A330V I452F R456K,0.1420,0.1420,5,3
GTACCCACCGCATTAA,K425*,0.1420,0.1420,5,3
GTATAATACCTTCGAG,M1S I213Y D408S,0.1420,0.1420,5,3
GTATCTCAAATCCTTG,T6N T139L F147L D204S,0.1420,0.1420,5,3
GTCTATAATACACCAA,L52E E396Q,0.1420,0.1420,5,3
TAAAAAGGCATCCAAA,W196R A297P E308L,0.1420,0.1420,5,3
TAAAAATGCTTGTCTC,L259K Y480*,0.1420,0.1420,5,3
TAAAATCGGAACAATT,L447H R491E,0.1420,0.1420,5,3
TAAGAGATCCGTAATG,G181L S255W N409L E421S,0.1420,0.1420,5,3
TAATATACGCATACAG,G2A H92D T110P,0.1420,0.1420,5,3
TAATCATCAATTAAAT,Y94S C118G A343Y,0.1420,0.1420,5,3
TACATCGTTTACAGTA,Q165W,0.1420,0.1420,5,3
TACTCGCAAGTTGCCA,N148C W196Y K461Y,0.1420,0.1420,5,3
TATACACACTATAAGA,E104L M153S T380R,0.1420,0.1420,5,3
TATACGGACTTCACAA,F8C K88W S216N F233G L479R,0.1420,0.1420,5,3
TATACTAGATATGTCC,M19S S367Y E396Y V431T,0.1420,0.1420,5,3
TATCAGTAAAGTTTTC,Y363* S476K,0.1420,0.1420,5,3
TATGTCACCCCAACCG,E17* D156G F293I M312I Q405T,0.1420,0.1420,5,3
TCAAGACCAAAGATAA,H170I C279G,0.1420,0.1420,5,3
TCACCTAATCCGCAGC,H93S,0.1420,0.1420,5,3
TCCAAGTAGAGTTGAC,L285S L479Q,0.1420,0.1420,5,3
TCGCCAAGATACGACG,M1Q C118N,0.1420,0.1420,5,3
TCGGTTGGTCGGGCAG,F8S,0.1420,0.1420,5,3
TCTCCACACAATCAAT,H170E N209E S237F,0.1420,0.1420,5,3
TGAATGAACAAACAAA,S27H S56K N158T Y480M,0.1420,0.1420,5,3
TGCCACCACTTCGATG,L103N,0.1420,0.1420,5,3
TGCGCGTGGGTACTGA,I4R T58R D347S,0.1420,0.1420,5,3
TTAAAAAATTGTGCCA,R257M,0.1420,0.1420,5,3
TTAAGAGTATCAGCAC,L50R L78Y I113L L290P L447V,0.1420,0.1420,5,3
TTACTAGGTCAATCCA,Y172V G198I H305R N353*,0.1420,0.1420,5,3
TTATATGAATACAGGA,L103R G186M,0.1420,0.1420,5,3
TTATCAATCAATTAAA,L51V Q405Y,0.1420,0.1420,5,3
TTCACACAACCAACCG,L220S S267N,0.1420,0.1420,5,3
TTCACTTAGCACTTAG,L105* W196S,0.1420,0.1420,5,3
TTCATCTGCAAAACCC,Y369M,0.1420,0.1420,5,3
TTCATTATTATCTCAA,C180E S234T,0.1420,0.1420,5,3
TTCCTTGAGAACAGAC,M1K D156I S392N,0.1420,0.1420,5,3
TTCTAGACCTTTTGAA,T6W E100W I201F E228N T375F,0.1420,0.1420,5,3
TTTGATGCAAAATAAA,L26R N114I G198I C231I F293L,0.1420,0.1420,5,3
TTTGTGAAGCTTTTCC,Y36G L51K L61I A173S,0.1420,0.1420,5,3
TTTGTGCCATACATTG,C231M,0.1420,0.1420,5,3
TTTTCTTTGAAGCGAG,C57Y Y66T S138R,0.1420,0.1420,5,3
AAAACACCTTCTTCCT,K465* Y480T,0.2130,0.2130,5,2
AAACCCAGAAGCACAA,N119T L244N,0.2130,0.2130,5,2
AAACGAGCAGTAGCCA,S135T N158M V164K,0.2130,0.2130,5,2
AAACTATACCCATTAA,P464G,0.2130,0.2130,5,2
AAACTGGAAATGAAGA,S199R W489N,0.2130,0.2130,5,2
AAATCAGAGATTCAAT,H92L A299D,0.2130,0.2130,5,2
AACATCCATGCATATT,V11C I137S L244F,0.2130,0.2130,5,2
AAGGAGTGATACTAAT,K327P C477Y,0.2130,0.2130,5,2
AAGGATGAACTGATGG,S216L L259G E287V S476F,0.2130,0.2130,5,2
AAGGCTTTTCACAAAG,S91G L105S N395K Y441* Y480F,0.2130,0.2130,5,2
AATAACCGAACCAGAT,A173R K300T,0.2130,0.2130,5,2
AATACGTAAATCAGAC,S121I M214N T274R N373V,0.2130,0.2130,5,2
AATCAGTGAGCGACTA,G2T F147G,0.2130,0.2130,5,2
AATCCGGGTGCAAATG,C475Y,0.2130,0.2130,5,2
AATCGGCGACCGGACA,L285G S476Y,0.2130,0.2130,5,2
AATGAACCTAATGCAT,V47L S333R L355T,0.2130,0.2130,5,2
ACAACAAGCTACGTGA,T87C E228R P427S,0.2130,0.2130,5,2
ACATAACAATCCAGAC,E10G,0.2130,0.2130,5,2
ACATATCCACGTAGAA,F49V S169Y S199Y E228F I361S,0.2130,0.2130,5,2
ACATCCACGTTTTCCG,M194S S234K,0.2130,0.2130,5,2
ACCAAATAATATGTCA,V97W I136R A173Y G260S P486S,0.2130,0.2130,5,2
ACGACTGCCCTAGAAT,L349F,0.2130,0.2130,5,2
ACGCGAACAGCACGGA,G2M I24V L46V S111R G424P,0.2130,0.2130,5,2
ACTCGGGATCTTCCAG,V97R Q348L N395H G429C,0.2130,0.2130,5,2
ACTCTCTACCTACAAG,Y172N G260V K300T E308V H354W,0.2130,0.2130,5,2
AGAAATCGGATTGTGC,M1H F157K I452Q,0.2130,0.2130,5,2
AGAACAGCAAACACCC,N146F F293A N338S,0.2130,0.2130,5,2
AGACACTGCAATTTCA,H467D S476A,0.2130,0.2130,5,2
AGACTAAATAAACGAA,Q3* G34A L51C K116G A123R Q218K L259P S437N M472R,0.2130,0.2130,5,2
AGACTATCAAATTGCG,L23Q A39S S91T N99S T215L Q482I,0.2130,0.2130,5,2
AGAGCAAAGATAGAAA,Q482M,0.2130,0.2130,5,2
AGAGGTAAAAGAAAGC,E307Q C364S D401T,0.2130,0.2130,5,2
AGAGTATACCCACTAC,F293S L315* N390L,0.2130,0.2130,5,2
AGATGAGATATCTAGC,E104T C292S S381P L449I,0.2130,0.2130,5,2
AGATTTCATGCGAAAA,G174K N409P,0.2130,0.2130,5,2
AGCAGAACTACACTAG,N90M,0.2130,0.2130,5,2
AGGCGACAGAGTATTA,N74L S246D,0.2130,0.2130,5,2
AGGCGTTAGATTGAAA,H13R F157L R282N C475V,0.2130,0.2130,5,2
AGTACTATCCCGGAGA,V44N,0.2130,0.2130,5,2
AGTGAACCGCGAGGAC,V28R S169V D175S D211I W227M L428T,0.2130,0.2130,5,2
AGTTACGTAAAGGATT,V18P G198Y I239D Q335M,0.2130,0.2130,5,2
ATAAGTAACCGGATTA,M1F E16S S27* N146S T249G K291S D306N,0.2130,0.2130,5,2
ATACAACAGTAGAGCT,E67S C301Y,0.2130,0.2130,5,2
ATATAACAGACGAAAG,L50N M192S,0.2130,0.2130,5,2
ATATTGTCCAAAACAG,Y129V,0.2130,0.2130,5,2
ATATTTCTAATTGATG,C118Y G208A L244* E413W,0.2130,0.2130,5,2
ATCAATGTTGGCAACT,L78S S138M S199T,0.2130,0.2130,5,2
ATGTGATAAAACGAAA,D211G R248*,0.2130,0.2130,5,2
ATTAAGTTAAGAACAA,G102W L128C L142K R468I,0.2130,0.2130,5,2
ATTCAAAACACAATGC,Q3T F49K S199R R207Y E287V,0.2130,0.2130,5,2
ATTCGACATCCGAACT,V14W L244T Q406P,0.2130,0.2130,5,2
ATTCTAAAATAGTAGG,S60F T101E E270C A299S,0.2130,0.2130,5,2
ATTTATCAACTCGGGA,L84Y T412A,0.2130,0.2130,5,2
CAACCGATCCTACTTT,G198V P362I,0.2130,0.2130,5,2
CAACGAGTGTTCATAT,Y36V S135P T182Y D401P Q406E,0.2130,0.2130,5,2
CACCAACAAAGTCGAT,P83E K300* N319F V431Y,0.2130,0.2130,5,2
CAGCTGAAGTACCCTT,G159H W210L D306E L313N I345H,0.2130,0.2130,5,2
CAGTAGATACAACCAT,I458Y N470V,0.2130,0.2130,5,2
CAGTTCACCGTATATT,L355R,0.2130,0.2130,5,2
CATAATCCCTCACCTA,D229N F233* L280F K425F,0.2130,0.2130,5,2
CATACAATCGTCCACT,N114V A202T L242Y E413P R456W K488S,0.2130,0.2130,5,2
CCAAAAATCACTTCTC,E100P S163M,0.2130,0.2130,5,2
CCAAAACCGTCCAAAG,D204E T215F I361H S392C V435L,0.2130,0.2130,5,2
CCAAGACGGAACGTAG,S111V C155M A343L,0.2130,0.2130,5,2
CCCCACCCTTGCCCTC,N99T T226M P238L L344S,0.2130,0.2130,5,2
CCCCGGCTACTACTGT,N295F,0.2130,0.2130,5,2
CCCTACCCGCTAAATA,S476M,0.2130,0.2130,5,2
CGACTCTTAAACTCCA,T58K A202M E396* D432Y,0.2130,0.2130,5,2
CGAGCAAACATGACGT,V97T S169L,0.2130,0.2130,5,2
CGGAACAGCAACTCCA,V14L G64I S476L,0.2130,0.2130,5,2
CGGTGAAAGACATTAG,G54C N302D,0.2130,0.2130,5,2
CTAACCGAACTATGAT,T40E A407W,0.2130,0.2130,5,2
CTACACCTCATGACTA,T48D D175E H179W,0.2130,0.2130,5,2
CTAGAGATTTAGATCA,V44T A123F,0.2130,0.2130,5,2
CTAGTACACCAAAAAC,M96* S476V Y480G,0.2130,0.2130,5,2
CTATCTAGGAGTCATC,L23Q M414V,0.2130,0.2130,5,2
CTCACAACTCGGCCTT,P12R A25Y G294M,0.2130,0.2130,5,2
CTTAGAGTTGACGCAT,L52G H179T L315A N373M L394Y,0.2130,0.2130,5,2
GAAAATGAATTAGATA,S85V E308Q K384N,0.2130,0.2130,5,2
GAAACGATAATACCAT,S163* D204H L244M,0.2130,0.2130,5,2
GAAATATCCCGAGCTA,K88H I222P K425V,0.2130,0.2130,5,2
GAAATTCACCGGAAAT,N158F W196*,0.2130,0.2130,5,2
GAAGAAAATATCCCGA,M153E F399V,0.2130,0.2130,5,2
GAAGACACTCAAGTTG,H93L V298R,0.2130,0.2130,5,2
GAAGAGAGAGGAATAA,L103R S246M T274P,0.2130,0.2130,5,2
GAAGTCCAACCCGGAT,G98D N185V L449E M472L,0.2130,0.2130,5,2
GAATCCATGATTGCCC,N127Y G208L R256S,0.2130,0.2130,5,2
GACAGGAACGAGCAAT,,0.2130,0.2130,5,2
GACAGGTATGTAGTGT,R456Y,0.2130,0.2130,5,2
GACCTAAAAAAAGATC,Q9L M472*,0.2130,0.2130,5,2
GACTGAAGACACTGAA,V5M Y150G G160L,0.2130,0.2130,5,2
GAGCACTCAGGTAACA,V5M G64H S135R,0.2130,0.2130,5,2
GAGTGGAATCACGAAA,A173D T215Q S246C L290V,0.2130,0.2130,5,2
GCAACGAGCAAACTTA,V31G S56D K425Q L447P H457R,0.2130,0.2130,5,2
GCATTGCAAGCCCACT,T375* S389R K417*,0.2130,0.2130,5,2
GCCACAGAATGAGGAC,L52E L105I Q223K,0.2130,0.2130,5,2
GCCGGAATAACTCGGA,Y62M K125M Y150C D175T K339E P486K,0.2130,0.2130,5,2
GGACGTAATTACATGC,G160H Y219S Y253C F293E,0.2130,0.2130,5,2
GGAGAACCGGGAGTTA,E72K R193V L259I T426I,0.2130,0.2130,5,2
GGCTACACAACCACTA,L78K D211G Y219C E413P E421A,0.2130,0.2130,5,2
GGGCCCGACTCACATA,T454Y,0.2130,0.2130,5,2
GGGTCCATCATCCATG,I239P M312L I361Y,0.2130,0.2130,5,2
GTAACGAACGCCCAAG,M19F,0.2130,0.2130,5,2
GTAAGGCGAGAACCAA,F316S,0.2130,0.2130,5,2
GTACACTCCCAAGTCC,P427A,0.2130,0.2130,5,2
GTGACCTTGGTAAAAT,W283G N353H E418*,0.2130,0.2130,5,2
GTGTGGAAGCACAAAA,D273N S444V,0.2130,0.2130,5,2
TAAACTGATCCCAAAA,V47N G429P,0.2130,0.2130,5,2
TAAAGTACGGCCTCTA,V14E K161S,0.2130,0.2130,5,2
TAACGTACATAAGTTT,A288Y R456K,0.2130,0.2130,5,2
TACATGAACTATTGCT,L336M Y419F,0.2130,0.2130,5,2
TACCCAAGTGAGTGTG,G2V V28Y L479Y,0.2130,0.2130,5,2
TACCGTCAAGAGTCAT,L84W L103I,0.2130,0.2130,5,2
TAGAAAGCGTGAAGAC,N37* N158Q Y217M K352N,0.2130,0.2130,5,2
TAGATTGAAGTTTGAA,S60Y S143V Y217C M420L,0.2130,0.2130,5,2
TAGGAAGGAATATAAA,C475G,0.2130,0.2130,5,2
TAGGAATGTTAGCACG,H124T,0.2130,0.2130,5,2
TAGTGTTAAGCGATGG,L46H L103R L242H,0.2130,0.2130,5,2
TATGTGTCACCTACAT,L242W Q482V,0.2130,0.2130,5,2
TATTCTTGAAGCGGTC,T6I C231V,0.2130,0.2130,5,2
TCAACGCTAATGTTAA,T77R H93R R325G C364N,0.2130,0.2130,5,2
TCACCCACCCAAACTT,Y241K,0.2130,0.2130,5,2
TCACCCGAATAAGCTA,M19W T225F S234A K451E V459E,0.2130,0.2130,5,2
TCATCCAGGATACCAA,C86V A123V L415*,0.2130,0.2130,5,2
TCCAGTATAACACATC,A176F G198D Y200N E308K,0.2130,0.2130,5,2
TCTCTGATATATAACA,I137* W196R N209G S216P G240I R256L T380R,0.2130,0.2130,5,2
TCTGGATTGGGCCATA,F140H L394T I452Y,0.2130,0.2130,5,2
TCTTTACAAATCCCAT,C475V,0.2130,0.2130,5,2
TGAAAACCAGCACACC,L68K N99K N178R Y200H,0.2130,0.2130,5,2
TGAAATGACCGGGAGT,N89H S138R G260D S267L P464M,0.2130,0.2130,5,2
TGAACCCTTTACGATT,N37R E100S F434I,0.2130,0.2130,5,2
TGAGTAAGGCTTGCTC,T190F,0.2130,0.2130,5,2
TGCAACAAATTGACCA,H13R N20L S56R D347S Y363S,0.2130,0.2130,5,2
TGCTGCCTACCGATAC,S143D K272I Y371L,0.2130,0.2130,5,2
TGGGAAGCGCTAGCCT,H131V K291R N390T,0.2130,0.2130,5,2
TTAAGTTACTGCCTGA,V18Y F157Y N373K,0.2130,0.2130,5,2
TTAATGAATTGAGGCT,E16Q I21P E104R F147Y,0.2130,0.2130,5,2
TTACCGATTGTGTTGA,G2R,0.2130,0.2130,5,2
TTCAAACAAACAACTT,L46K W227C,0.2130,0.2130,5,2
TTGCCAATCTTATAAG,K125G A152C Y219S L479R,0.2130,0.2130,5,2
TTTCTACAGCTGTATG,S56D G98N,0.2130,0.2130,5,2
TTTGAGCAAAGAATAG,K300S L382V,0.2130,0.2130,5,2
AAAACAAACAATAAAC,G34D T40I W196Q,0.4260,0.4260,5,1
AAAATAAAGGTCCAGA,S56E G64R F157I D175F Q482V,0.4260,0.4260,5,1
AAACAAAAGCATAGGT,T77Q G160V L336V D402V,0.4260,0.4260,5,1
AAACAGAAACTTTAGC,Q69L,0.4260,0.4260,5,1
AAACCATGATTGACCT,V28I N295Y,0.4260,0.4260,5,1
AAATAATAGGCACCAA,N178T N365F K451P,0.4260,0.4260,5,1
AACCAAATACGCAGTT,A177N H374* Y480G,0.4260,0.4260,5,1
AACGCGGATTATAATT,F309P S367F,0.4260,0.4260,5,1
AACGGCCCTCCCCAGT,H93F G206C K368V,0.4260,0.4260,5,1
AAGCTAAAATACAATC,S169A S216V,0.4260,0.4260,5,1
AAGGAGGCGACCTAAG,T81A E418M,0.4260,0.4260,5,1
AAGTGTGCATTTCGAG,Q232R P362C,0.4260,0.4260,5,1
AATAAGGACCTGCAAA,V47G T87* K304V,0.4260,0.4260,5,1
AATATGTCAGAGAAAT,A132N M192E Q335H,0.4260,0.4260,5,1
AATCTAAGACCAAAAA,L68Y T274N N470K,0.4260,0.4260,5,1
AATTAAAACACCGGCC,V47A L245M Q482R,0.4260,0.4260,5,1
AATTAATTGATCTCTC,R256M L479G,0.4260,0.4260,5,1
AATTGTTTATCTAAGG,G2L L52W R257C,0.4260,0.4260,5,1
ACAAAATAAGACAACT,D204K E289* N373L Q406L,0.4260,0.4260,5,1
ACACAACATAACAATT,M96N S216M I239Y P383R,0.4260,0.4260,5,1
ACACCACGATAAGAAT,F38R F157T I201S,0.4260,0.4260,5,1
ACATCAGCTTGCCTCT,V97R L259P H467A,0.4260,0.4260,5,1
ACCAGTTTTAATTTTA,A202G A340P,0.4260,0.4260,5,1
ACTAAGACTTATTCAT,L203R Q247Y,0.4260,0.4260,5,1
ACTGCCAAGTCTTACG,I21*,0.4260,0.4260,5,1
AGAATGGGACGAATGT,G460N,0.4260,0.4260,5,1
AGACACGCCCGGCGAT,G64V N79D G160W T454I,0.4260,0.4260,5,1
AGACCCCCAATGATAG,N37Y C57M L128I C155P Y217C N365*,0.4260,0.4260,5,1
AGCATTGGATTAGAAT,H170R T380L,0.4260,0.4260,5,1
AGCGTACGTGGTGCCA,M134S S199I D306Q,0.4260,0.4260,5,1
AGCTCTTGTCCCTAAT,T58M T226L Y253*,0.4260,0.4260,5,1
AGGCGCTTTGCAAGGG,S389E H455* R491V,0.4260,0.4260,5,1
AGGGGAGTTAGTTAGA,S85N A176T,0.4260,0.4260,5,1
AGTACAAAAATAAATA,Y62D V487F,0.4260,0.4260,5,1
ATAACCCCATCTCAGT,L349Y,0.4260,0.4260,5,1
ATATCTACGACTACCA,L168F G174K R235M,0.4260,0.4260,5,1
ATCATCTAGCTACAAT,M312F N373E,0.4260,0.4260,5,1
CAAACTAAACCTACAA,C57Y I112G P483V,0.4260,0.4260,5,1
CAGCAAAATATTAAGA,F147*,0.4260,0.4260,5,1
CAGCATTAGAAATAGA,P483*,0.4260,0.4260,5,1
CAGGTACTTTGCCCTG,N89F C475P,0.4260,0.4260,5,1
CAGTTGGTCAATGAGA,I4T T215*,0.4260,0.4260,5,1
CATGGTAGCTGCTTTT,G64C L168V H457D S462I,0.4260,0.4260,5,1
CATTATCACTAACCAT,Q149I A202D Q232I N319S T375V T397M,0.4260,0.4260,5,1
CCATAATAAGTTATAC,L32H L220* D306P,0.4260,0.4260,5,1
CCCATCAAAACTACGA,N99I G160* F318S I350M,0.4260,0.4260,5,1
CCCCGTCACACACAAT,L259R,0.4260,0.4260,5,1
CCCTAGGAAAACCCAG,V31D P83C E151F D229H,0.4260,0.4260,5,1
CCCTTTTATGTAGTAC,L46A E270L K291L S389V T412S G473K,0.4260,0.4260,5,1
CCTTCAGTCTAATACA,L52Q G64L,0.4260,0.4260,5,1
CGAAATTTCACTGGAA,S85N,0.4260,0.4260,5,1
CGAATATACTATCAAA,T261M G276F L326P,0.4260,0.4260,5,1
CGCGACGACAAATGAT,C41S C212H,0.4260,0.4260,5,1
CGTAAAGACCATCGTG,H354G N390L,0.4260,0.4260,5,1
CTCTCAGATTAACATA,Q3E A328D,0.4260,0.4260,5,1
CTGAATTCAATATATT,S163* T296I T376* G484*,0.4260,0.4260,5,1
CTGCTGCTCATTGAGA,N79S F157M M194K,0.4260,0.4260,5,1
CTGTATATTCAAAAAT,L382E,0.4260,0.4260,5,1
CTTCAAAAAATCCAAA,V11K N209H T397D,0.4260,0.4260,5,1
CTTCGAGGAAGTAGTC,T101P I112L P145H P275A K451M,0.4260,0.4260,5,1
GAATGCTAGAACGCTG,G42T S111Q S199K W210L Q247S,0.4260,0.4260,5,1
GACAGACAATACACAG,S85Y F157I C475R,0.4260,0.4260,5,1
GACGTGGTGGAAGTTA,C86Y G159H T226Y R248S C301L Q416V,0.4260,0.4260,5,1
GAGACATCGAGGCCAA,K300A,0.4260,0.4260,5,1
GAGATAGTAAGTCGCG,S56K E104K M153Y V450S,0.4260,0.4260,5,1
GATAAGAATGTGTCCA,A176T L315D E418V Y441R,0.4260,0.4260,5,1
GCAAAAAACGGTTGTC,G473L,0.4260,0.4260,5,1
GCATATTTGTTTATAC,Y253P,0.4260,0.4260,5,1
GCATTTGCACCAGTTA,E10P H115N E270K M332P Y366A C477D,0.4260,0.4260,5,1
GCCGAGCGAGAAACGT,C86V N109F T226Y L258A,0.4260,0.4260,5,1
GCCTAGTAAACTTGGG,L242Y,0.4260,0.4260,5,1
GCCTCTCACTCCACTT,I4K C212Y,0.4260,0.4260,5,1
GCTTACTTCTACCAAA,H92C L203V E228S R248N N353M,0.4260,0.4260,5,1
GGAATACGTCTCTCCA,E10T,0.4260,0.4260,5,1
GGCTGACTTAATTTAA,L128R F140S K465S,0.4260,0.4260,5,1
GGTAGACGCAAATAAA,I254F G473N,0.4260,0.4260,5,1
GGTGTCGCAACATTAG,E100* Y363S,0.4260,0.4260,5,1
GTAAAGTAATCAAGGT,G34M L46V,0.4260,0.4260,5,1
GTAAGCCACTATCCTG,Y166* A330V,0.4260,0.4260,5,1
GTAGCACTATAATAAT,Q405H T426H,0.4260,0.4260,5,1
GTCAAAAAAACCAAAC,Q69R C155Y Q218M,0.4260,0.4260,5,1
GTCAGCTAACGTCTAC,E418H V435D,0.4260,0.4260,5,1
GTTAGTCCATTTTTGA,V18A L120H K126L N185S,0.4260,0.4260,5,1
GTTCATACTCTCCCTA,C231Y,0.4260,0.4260,5,1
TACAACGGATAAGATC,T48D G181Y,0.4260,0.4260,5,1
TACATATAAGCCCTAT,S91W T101A I239S D273N A330V,0.4260,0.4260,5,1
TACATGAGGATTTGAT,Q165L A173K T261* Y278N P464Q,0.4260,0.4260,5,1
TACTATGGCCATTTAA,Y66P N178L W264Y D317* Q324K I403T,0.4260,0.4260,5,1
TAGACCCATACACATA,L245S I252* T376I C477R K481N,0.4260,0.4260,5,1
TAGGATCCTGTGCTGA,N295L Y393N,0.4260,0.4260,5,1
TCAATTGGCGGAAGCA,S135D S255I,0.4260,0.4260,5,1
TCATGTGTCGACAAAC,A297H C385H T438F,0.4260,0.4260,5,1
TCCCCAGGAACATTAC,N365E,0.4260,0.4260,5,1
TCTAATGGCTAATTAT,I213R E270T,0.4260,0.4260,5,1
TCTATAAACGATGAGA,T380*,0.4260,0.4260,5,1
TGCAAAATTAGATGTA,N99T N109S D229I,0.4260,0.4260,5,1
TGCCGTTATAAAACTA,S85P C212F,0.4260,0.4260,5,1
TGCTCATATGAGAGGA,M75W N365K,0.4260,0.4260,5,1
TGGCAGCGAGTGAACC,C57M V97F N353R,0.4260,0.4260,5,1
TGGGTGACGTATCCGA,N185Q W370S,0.4260,0.4260,5,1
TGTCGCGGTCCTACGC,G277L,0.4260,0.4260,5,1
TGTTTAATGCTAATAG,E104Y N178V T249R W264F R325K G378P,0.4260,0.4260,5,1
TTATACATAAGGTTGA,I24R S171N,0.4260,0.4260,5,1
TTATTTATCAAAACCA,V14* A177F,0.4260,0.4260,5,1
TTCGAAAGATGCGACC,T59Y I113C L128Y Y166* E413A,0.4260,0.4260,5,1
TTGAACAGGCGGAACC,H141K Q149E C231T F316S,0.4260,0.4260,5,1
TTGGTAAAATTACAAA,L35F G98E N127L,0.4260,0.4260,5,1
TTTACAAAATCTTAGG,T81I T110L L242T,0.4260,0.4260,5,1
TTTTTAGAGAGCCTGA,V11C A184T L313K T426F,0.4260,0.4260,5,1
AAAAGTACAGATTAAT,A39E S205V D401F,1.0000,inf,5,0
AAAATACAAATCATAC,L105S S199Y S234G C364*,1.0000,inf,5,0
AAACAGCCGAAACCCT,G159I C292R N373G,1.0000,inf,5,0
AAACGATCTTCATAGC,G360D R468H,1.0000,inf,5,0
AACAAACTCAGCCCGA,S246P,1.0000,inf,5,0
AAGACCTGAATTATAC,F8E G186A,1.0000,inf,5,0
AAGACTACGGTTAACC,S85V C155I S199V,1.0000,inf,5,0
AAGGGTATGACGACCT,L107W S163A L355E,1.0000,inf,5,0
AATAAAAAATTTTTCA,N338F T397R Q406A,1.0000,inf,5,0
ACAAAATAACCACTCA,G34K W210L M284* M351G,1.0000,inf,5,0
ACCCTACTTTACATAT,H305W K327H L344K,1.0000,inf,5,0
ACTCGCACAGAGACTC,M75Y N365V,1.0000,inf,5,0
AGTACTGTAGCAATAG,L78G I239W,1.0000,inf,5,0
ATCATTGCACTTACAG,S138N A173E N224K H448Y,1.0000,inf,5,0
ATCTATATACTGACGA,M75L S237M,1.0000,inf,5,0
CAAATATGAGTCAAAT,L50R A343V Y419C,1.0000,inf,5,0
CAATGTAATACAGGGT,M75D,1.0000,inf,5,0
CACAAATGACCTAGGA,S143P,1.0000,inf,5,0
CATCAGGCCTAGTATT,Q149R A297Y I334N,1.0000,inf,5,0
CATTGGCGGGCTGTCT,C155D V164E N185S Y371E P486S,1.0000,inf,5,0
CATTGTTATGATAAGG,Q218F Y278N Q348R,1.0000,inf,5,0
CCAGAGGTGATCCATA,M96I A152S S199I N209V L479I,1.0000,inf,5,0
CCCACATTCATCCCGA,A30E V65R H92* N158S I213Y R314W,1.0000,inf,5,0
CCCCTAAAATATCAAG,F7Q,1.0000,inf,5,0
CCTCGTACTTCTTGAA,F399C,1.0000,inf,5,0
CGGCTAAAAAAATAAG,L259N A299T,1.0000,inf,5,0
CTCACAGAATATTTGT,N74D E104Y E287W,1.0000,inf,5,0
CTGTAAAATGAGCAGA,M192* N470L P483H,1.0000,inf,5,0
GAAAATAATGTACGCG,L23H F49H M82L Y253R D347S,1.0000,inf,5,0
GAAGATACACAGTCAA,T77N I458S,1.0000,inf,5,0
GATACACGAAATAAAT,T375P N395W K488*,1.0000,inf,5,0
GCACCTACCTAAGGTC,H170T L242S,1.0000,inf,5,0
GCTGGCGGTGTTCCAA,Q3S L73A C180Y,1.0000,inf,5,0
GGATCAATCTTGAGTT,L242Y N338*,1.0000,inf,5,0
GGTGTCGCCCCTCTGC,V97M L245Y E418A L479*,1.0000,inf,5,0
GTGTGTCTGCTCGAAG,A123N F157T A195L,1.0000,inf,5,0
TAAAAATTTTACCGAC,S60I T139H Y253M R257S G277K,1.0000,inf,5,0
TAGTATTAACCGCTAA,Y166N S171C K291* W386M,1.0000,inf,5,0
TCAACATGGCGCTTTA,P83Q I201V,1.0000,inf,5,0
TGAAGCAAGCTCCTAG,Y241G,1.0000,inf,5,0
TGAATACAGTTATTAT,S246M S389Y L433H,1.0000,inf,5,0
TGACAGATCACACTAG,G102V A184C,1.0000,inf,5,0
TGATGATTCACTATAA,K63N C212M,1.0000,inf,5,0
TGGGTGTATAGTCGAA,V28Y H92L Q149I,1.0000,inf,5,0
TGTTCTTGTCCCACTT,R193* C364M P464F,1.0000,inf,5,0
TTAACTAACCAACCTG,F318S K481T,1.0000,inf,5,0
TTTAGATTGACTTAAA,G174I A297R,1.0000,inf,5,0
TTTGACAATCATGCAC,S381L,1.0000,inf,5,0
AATCATTATCTAAGAG,F157W,0.0001,0.0001,4,4116
CATGCTCTCCCCCAAA,,0.0001,0.0001,4,2706
TTTGAAGTTTTACACA,,0.0001,0.0001,4,2494
AAAGATGACAACCGAA,D229S D251G K304R,0.0001,0.0001,4,2375
GGCCCCCACTCAAACA,,0.0002,0.0002,4,2233
ATCACGTACTCAGTAG,Q149L,0.0002,0.0002,4,2219
TTGACGGTATATACCC,D347G,0.0002,0.0002,4,2216
CCGCGACAAATGTATA,E228T K291I,0.0002,0.0002,4,2099
GACATACTATTCTGGA,A299V H374Q,0.0002,0.0002,4,2036
TAGGCCTAGACCCAAA,,0.0002,0.0002,4,1933
CAGGCTATAACGGTTA,,0.0002,0.0002,4,1872
GAAACCGTTGTACAGT,I136M E307N,0.0002,0.0002,4,1844
CAAAGTGCAGATACAA,E287N,0.0002,0.0002,4,1817
CAGATTAATAGGTATA,G159S A202T,0.0002,0.0002,4,1815
TAGTTCATCAAAGTTA,N209S,0.0002,0.0002,4,1808
CCGAATGGATGGTAAA,L128N Q189K N209V,0.0002,0.0002,4,1805
CCACCAATAAACTCAA,S111T T397V,0.0002,0.0002,4,1754
ACCATTAGGTAAAAAA,S267V,0.0002,0.0002,4,1699
TTCGGATCTCGGCAGG,S333R,0.0002,0.0002,4,1699
TATGAGACAACTACCT,D229A,0.0002,0.0002,4,1690
CTTTTATCCCCCAAAT,T376K,0.0002,0.0002,4,1673
CCAGAAAACCCAAGCC,,0.0002,0.0002,4,1657
CCCTGAGATATTACAT,,0.0002,0.0002,4,1655
CGAATATTGTATAACC,H170L,0.0002,0.0002,4,1655
TACATAATTAAGGCAA,,0.0002,0.0002,4,1637
AAAAATTCAACGAATT,,0.0002,0.0002,4,1615
ACGGATATTTGCATAA,,0.0002,0.0002,4,1612
TAGTCGATTTAATACC,G198D,0.0002,0.0002,4,1578
GTTGATTGGAAGGTAA,G64S N373V,0.0002,0.0002,4,1575
AACTAATTCTTTACAA,,0.0002,0.0002,4,1572
ACTTATCTTAAAATAA,V5Y V65I,0.0002,0.0002,4,1567
TATGCCGTGATTTACC,,0.0002,0.0002,4,1567
CACCTGGCGCTCGCAT,,0.0002,0.0002,4,1562
CAGACACTACTGGTTA,,0.0002,0.0002,4,1541
CGACCTACGGTAAACA,,0.0002,0.0002,4,1539
CCCCAGATCAATAACG,W196L,0.0002,0.0002,4,1523
CGGGAGACTCTTGTAA,,0.0002,0.0002,4,1516
TTCCAGACGGACTACG,S60K,0.0002,0.0002,4,1512
GTCTACAGCCACATAA,Q189K,0.0002,0.0002,4,1494
AAGTACTGATACCTTC,,0.0002,0.0002,4,1492
CCGATTCCTTCTCACT,S199T Q218S Q324L,0.0002,0.0002,4,1475
ACGCCATCAAAGTCAC,H398L A407T,0.0002,0.0002,4,1467
TGGTCGTGAACGATCG,,0.0002,0.0002,4,1466
ATGATGCATAGGAGTA,E100A K272L,0.0002,0.0002,4,1445
CTAATTTATAAGTAAT,,0.0002,0.0002,4,1436
TTAATCAGTACTTAAT,N99H,0.0002,0.0002,4,1435
AGCGAATTATATCACT,G208W,0.0002,0.0002,4,1421
TGGCCACATAGTCTAA,,0.0002,0.0002,4,1402
TAGTACCATGTGGGTT,I113T R207W,0.0002,0.0002,4,1399
ACCTTATGGATTGTAA,I458L,0.0002,0.0002,4,1382
TCTTTCGAGGAAGCGT,V31I,0.0002,0.0002,4,1381
GACACGTTGGAGGATT,L220M W227L,0.0003,0.0003,4,1358
GAATATGAGTAATGAG,,0.0003,0.0003,4,1353
ACACTCGGTATAAGAT,L168V,0.0003,0.0003,4,1342
TCAATTCTTAACGGTT,G271T M351S,0.0003,0.0003,4,1342
AAACTGGGTAGGCGGG,,0.0003,0.0003,4,1308
AACCACAGATATTGAT,I24V G271F,0.0003,0.0003,4,1306
AGAGTTAATAAGCCAC,E307D,0.0003,0.0003,4,1304
CGTGCACCTACTCTGC,G186M,0.0003,0.0003,4,1300
TGACACGGGAGGATGC,,0.0003,0.0003,4,1297
GACATCTAAATATGAC,,0.0003,0.0003,4,1291
TAAGCCAAATCTCCGC,,0.0003,0.0003,4,1290
TAGGACGTGACATGAC,Y278F,0.0003,0.0003,4,1286
GTGATGAAACGCATAT,E100G D204V I252R L479T,0.0003,0.0003,4,1285
TGAACTTCTCGTATCT,,0.0003,0.0003,4,1284
AAGCGTAAGCTACCAA,D273L,0.0003,0.0003,4,1282
GCTAGCTTGATTACTG,I213E P275A S392L P486H,0.0003,0.0003,4,1281
TAGGCCATGAGTGAAT,,0.0003,0.0003,4,1264
TACCATATGAGAAACA,E100W V183M,0.0003,0.0003,4,1255
AAAACCTGGCAACTTT,A152I S163M F233L,0.0003,0.0003,4,1253
TGTTCCAACTCCTCTT,F147W,0.0003,0.0003,4,1250
GACATATTCATACTCA,K126M G378R,0.0003,0.0003,4,1244
CATGCGGTCAGATACC,E67L Q149H,0.0003,0.0003,4,1228
GAGGTCCTAACCTAGA,S154A N224Q,0.0003,0.0003,4,1210
TTTGTTGCGCATTATA,,0.0003,0.0003,4,1210
AACCGGGACATACTGA,,0.0003,0.0003,4,1204
CTTTTCACCGTCGATA,S163L,0.0003,0.0003,4,1204
CATGTATAGGTCCTTA,E307D,0.0003,0.0003,4,1203
AGCCATATCTTACTCC,,0.0003,0.0003,4,1200
AAGAAGGAAGCAATAA,Q223G,0.0003,0.0003,4,1180
GCTGTGGTCGTCAACA,,0.0003,0.0003,4,1179
CGGGTACGATAATAGT,,0.0003,0.0003,4,1178
ATATAATTGTTACACT,,0.0003,0.0003,4,1176
CTATATATAATATTTA,,0.0003,0.0003,4,1172
TAAGCCTGACACCCCT,L103I A328V Q482S,0.0003,0.0003,4,1169
TCTGACTGCAGTCTGC,H92S,0.0003,0.0003,4,1164
TCTGGCCGCTAATACC,T48C Y200W Q232H,0.0003,0.0003,4,1158
TAGCAAATTGATACGA,R193L,0.0003,0.0003,4,1157
TTGAATTGAGACGGAT,N224S,0.0003,0.0003,4,1156
ATTCCCTCTTAACTAA,L50V,0.0003,0.0003,4,1146
TTAGCGGATACTATAG,,0.0003,0.0003,4,1141
ATCTCAATCGCTAAAT,A132R E287P,0.0003,0.0003,4,1134
TGAGTTGAACTAGAAG,,0.0003,0.0003,4,1134
GACCTAATCACCTCGA,,0.0003,0.0003,4,1131
GATGAATTACATACGC,H141Y,0.0003,0.0003,4,1131
CTATAGCTTAATCTAA,N338P,0.0003,0.0003,4,1130
CAGAATATACAATCTA,G64S,0.0003,0.0003,4,1129
TATATGTCTCTTCACG,V28F,0.0003,0.0003,4,1126
GTCACGTATAGTAGAT,T274N,0.0003,0.0003,4,1121
GATGAACTACAAGAAT,,0.0003,0.0003,4,1119
TGGAGTCAACCACACT,,0.0003,0.0003,4,1115
GCACCGAACGTGTGAC,,0.0003,0.0003,4,1114
GGCACGTAGACATACT,S437G,0.0003,0.0003,4,1103
TATTACCAAAACCGCG,,0.0003,0.0003,4,1103
ACACGCCTGGCTTACC,,0.0003,0.0003,4,1100
CAGCTTGAAATCCCTT,,0.0003,0.0003,4,1093
AGATTATGTCCATACT,A39Q,0.0003,0.0003,4,1092
AAACAACCCGTCTATC,,0.0003,0.0003,4,1088
AAGAAAGAAGCGCTGT,I112R A330T,0.0003,0.0003,4,1085
AAACATTCACCATGTT,,0.0003,0.0003,4,1080
CATATAAAATCCAAAT,K88W,0.0003,0.0003,4,1076
GACAAATTAAAGGTTC,L51C,0.0003,0.0003,4,1073
TAGCCGCCCCTAGTCG,E16Q,0.0003,0.0003,4,1072
AATCCTTTTTAACAAA,G54S A132T H170M S205F,0.0003,0.0003,4,1069
AGGTAAAAAGGGTTAT,T274S,0.0003,0.0003,4,1065
AATTTGATTCCACCCT,H374D,0.0003,0.0003,4,1062
GCAATTATGACACACT,G159A G181S R193V K481R,0.0003,0.0003,4,1062
GTCCTCTTCGTAAAAA,T375S,0.0003,0.0003,4,1062
TAGCGAATGCCCGAGG,G197Q,0.0003,0.0003,4,1056
CCGAGTAAGGCTGTCG,E10V L26I,0.0003,0.0003,4,1051
TTCAAATTAACTTATG,,0.0003,0.0003,4,1045
TATAAGTAACTCTTAC,,0.0003,0.0003,4,1039
TTCATTCAAAAATAAC,S205E,0.0003,0.0003,4,1033
TTGTTGGGGCATAAAC,,0.0003,0.0003,4,1026
TTATAGAGAACTTATG,L73V M153A N209S,0.0003,0.0003,4,1012
CCAGTATCACCGTTAG,,0.0003,0.0003,4,1009
TTGGACACGGCTCCAA,G208S,0.0003,0.0003,4,1006
TAAGCACTGGTTACAA,A195R,0.0003,0.0003,4,1005
GGCACACATAAGAAAT,L479M,0.0003,0.0003,4,1003
GCTCGCGCCTCATACC,T182G K481T,0.0003,0.0003,4,1002
TGGACAGATGATATAA,L120M V164I D273F E396S,0.0003,0.0003,4,1000
ACATACCGATATGCTA,,0.0003,0.0003,4,994
CGCCTCTTGCCATCTA,,0.0003,0.0003,4,990
AAGAGTGTTCATTATC,,0.0003,0.0003,4,988
CACGAGCGAGTTAGAC,,0.0003,0.0003,4,983
CCATGGCTTTGAAATC,,0.0003,0.0003,4,980
TGTGCGATTCTGGCGG,,0.0003,0.0003,4,978
CGAATAACCTATGGTT,M332Q,0.0003,0.0003,4,976
CTTTGCCTCGATCAGT,P145T,0.0004,0.0004,4,968
GCTTTAGGACAGAAAC,,0.0004,0.0004,4,968
TTAATTTGTCACCTAG,W210G I334F,0.0004,0.0004,4,965
AGCATGACATTAGAAA,A297Y,0.0004,0.0004,4,964
ACAATATATATATGTA,E72V G206K,0.0004,0.0004,4,961
AAACGAACAATAAGAA,,0.0004,0.0004,4,960
AAATCACATACAACTC,V65M,0.0004,0.0004,4,960
GACAAAACAATTCCGA,,0.0004,0.0004,4,959
TCAAAACAATAATTGA,,0.0004,0.0004,4,955
CAATGAGCATGTAACT,H131A,0.0004,0.0004,4,952
AAAACGGAGAGTATAG,F157L,0.0004,0.0004,4,950
TATAACGTTACACCAA,,0.0004,0.0004,4,945
CAACCCGTTTTAATTG,K126A M410V,0.0004,0.0004,4,943
CAAGGCGAATAGCGCC,A195V,0.0004,0.0004,4,941
AGAACAGCTACGCACC,K88A G260R,0.0004,0.0004,4,937
AAAGTCTCTCCAAGGC,L259M,0.0004,0.0004,4,936
AAGAGAACTCAAGATA,K488L,0.0004,0.0004,4,933
AATATACCGACTCACA,V183M,0.0004,0.0004,4,933
ACTTCAAAGAGACCTG,A288C,0.0004,0.0004,4,932
ACTAGCGCACCGGACT,Q218K Q247R,0.0004,0.0004,4,930
ACACAAAGGAACGAAA,S462G,0.0004,0.0004,4,929
CTGAAGTGGCATTTCG,,0.0004,0.0004,4,921
GAGTCGACGACCGTAT,S135M H179K I252S K272A,0.0004,0.0004,4,919
TATACAGTGTAGATTA,K88E R207M,0.0004,0.0004,4,913
AATGACAATGAATGTA,S269L,0.0004,0.0004,4,912
GCCAATAGCTGGCCTC,,0.0004,0.0004,4,912
ACGAATAACAGCAGGA,I254P,0.0004,0.0004,4,910
TGAAAAGAATAGTACA,R282C,0.0004,0.0004,4,907
GAAAGTCACGGCAAAA,T226Y,0.0004,0.0004,4,905
GCAAGTTAGAAAACAA,N390T,0.0004,0.0004,4,905
CCTAATGAACGCCCAG,,0.0004,0.0004,4,901
ATTTACCGAGTTGGGA,M82L G174M,0.0004,0.0004,4,899
ACTCCGTAATACAGAA,,0.0004,0.0004,4,897
CAGCGCCAGATTCCAA,S267Y,0.0004,0.0004,4,890
TAAGTATCTTAAATTG,E100F K125L,0.0004,0.0004,4,886
TTTGGACGAAACCAAG,,0.0004,0.0004,4,884
AAAGTACACATCTCTA,L43T I254V,0.0004,0.0004,4,882
GAAACGTATCCCGCAT,V97S S389N,0.0004,0.0004,4,881
TTTCCTGATACAAGAT,G276A,0.0004,0.0004,4,879
AGCGTGTGACCTATGT,K161Q,0.0004,0.0004,4,868
CAGGAATAAAAAGCAT,,0.0004,0.0004,4,868
AAATGCCAGATAATGA,G174Y,0.0004,0.0004,4,863
TAACGACTACAATAAA,,0.0004,0.0004,4,858
GAATCACACTATTATA,,0.0004,0.0004,4,856
TAGTTGAGGCGCAGTT,T101L A132H D204Y,0.0004,0.0004,4,856
ACAAAAGCTACAAACT,,0.0004,0.0004,4,853
TTTGAAATAAAATTGG,,0.0004,0.0004,4,849
TTATCAAGATGGGGAA,V47T E100L,0.0004,0.0004,4,848
GCTCGTTTAAACATAA,,0.0004,0.0004,4,846
TGGTCACTGAGCTCGA,E287V,0.0004,0.0004,4,845
TGGAGGCTTACTTAAA,G378L,0.0004,0.0004,4,843
CACGATTACTGGACCA,G64D A123S,0.0004,0.0004,4,838
GATAACCAAGTTGACC,L51Y,0.0004,0.0004,4,835
TGGAGTCGCAACAATA,,0.0004,0.0004,4,834
CAGACAATGTAAACTA,P486Q,0.0004,0.0004,4,831
TACGCTCAAAACCCCT,Q331L E396L,0.0004,0.0004,4,831
AAAAAAAGGAAACGTA,T274S,0.0004,0.0004,4,830
CGGCCCTGCCCCGGCA,,0.0004,0.0004,4,830
TACACCAATCGTGAAG,,0.0004,0.0004,4,830
TCTGCTAATGTCCCAC,S163Q E396L,0.0004,0.0004,4,829
AGGCACAAGGTCGGAC,F233I,0.0004,0.0004,4,826
AGACTTACATACCTGT,S205F,0.0004,0.0004,4,825
GAAACAATATGGTATT,E76N,0.0004,0.0004,4,820
TGCATTGTCACTAGAC,W210F V431A,0.0004,0.0004,4,815
GATCGTCTTACTTGTG,I361L,0.0004,0.0004,4,814
CCCACCTCTTGAGATA,,0.0004,0.0004,4,812
AAGTTAAATAAATGCG,,0.0004,0.0004,4,809
TCGATAACCAAGACAC,,0.0004,0.0004,4,807
CCATATTTATGTAAAG,,0.0004,0.0004,4,805
CTTACTTCATTGAGCC,D251N,0.0004,0.0004,4,801
GGTCCGACTATGGACT,L50S S163W,0.0004,0.0004,4,799
GGTGACCCTTTAATTA,M192L L244M M332T Q406V,0.0004,0.0004,4,799
TTCAATCACGTTACAC,M80L V183R S267H N338M,0.0004,0.0004,4,793
ACATTTAATTATGCCA,,0.0004,0.0004,4,791
CTCGTCGTACATACCA,,0.0004,0.0004,4,791
GCAAGTTAAACCTGAT,S389L,0.0004,0.0004,4,785
AGAATGTGTGAACACT,,0.0004,0.0004,4,782
AAAAATCTTGATCGAG,G198S,0.0004,0.0004,4,779
GAATAGCACAGTATTC,Y172F,0.0004,0.0004,4,773
ATAGCGTTCCAAGCGA,S60M,0.0004,0.0004,4,772
TATTAACGTATTAAGG,,0.0004,0.0004,4,772
TATAAACAATAAGACA,S56C M414I,0.0004,0.0004,4,770
AAATGCCTTCACACAT,S169P,0.0004,0.0004,4,769
TAGATATATATTGAAT,T48L Q406H,0.0004,0.0004,4,768
AACCGCCAGGTGATGA,,0.0004,0.0004,4,767
CAGACATGATTGATTT,V11F M96S,0.0004,0.0004,4,767
CAAATTATGATCGAAA,,0.0004,0.0004,4,761
CATCCAGAACGTTATC,G198L I443L,0.0004,0.0004,4,761
ACACCTATAAAAATAA,G160L,0.0004,0.0004,4,758
AATGTGCTAGTAGGCC,I221S,0.0005,0.0005,4,757
CAAGTTTGCCCGTAAG,,0.0005,0.0005,4,757
AGTACTCAACAACAAC,,0.0005,0.0005,4,756
ATGAAAAAAAGGTATG,,0.0005,0.0005,4,755
ATTGAGATACATGGAG,T438A,0.0005,0.0005,4,752
AACAAAGTGCACGGTC,D273H,0.0005,0.0005,4,751
GGTAAACCATTTACAG,L142S,0.0005,0.0005,4,750
AAAGGAATGCTATACG,,0.0005,0.0005,4,744
GTGACTATTTAGGGTG,T110G,0.0005,0.0005,4,744
ACAATTTAATCAGCAA,Q482H,0.0005,0.0005,4,732
TCTTAGGATAACTTTG,S91R,0.0005,0.0005,4,732
TGTCCATGAACGCGAC,E104S,0.0005,0.0005,4,730
GATAGACCGTTCTAAA,,0.0005,0.0005,4,729
GCACAAAACTAAGCTT,,0.0005,0.0005,4,722
ATGGGCCCCCCTTTAG,A176L H374S,0.0005,0.0005,4,721
AGCTTATTGGGAATTT,,0.0005,0.0005,4,714
CTATTGCAGAGTAGCA,,0.0005,0.0005,4,714
GTAACTCTTGAACGAT,T87C,0.0005,0.0005,4,708
ATTACACTATCCATGT,T101L Y172W,0.0005,0.0005,4,706
TGATAAACGAATGCAA,F7T,0.0005,0.0005,4,706
CACCGGATGCACGAGC,G206I,0.0005,0.0005,4,705
GGATAACGGATCCGAG,,0.0005,0.0005,4,703
TCATATGGAAACCATC,V97L,0.0005,0.0005,4,703
TCTCCCATCAAGTGTT,,0.0005,0.0005,4,703
TAACAGTTCCCGATAA,,0.0005,0.0005,4,696
AGCGTCTGCCTTTGAG,,0.0005,0.0005,4,692
CATTGATTAATTATAA,T59N H141Y A173S,0.0005,0.0005,4,692
CAAGATATGCTATTAA,E104S,0.0005,0.0005,4,684
TAACTCTCTTAAAAAA,Q232F,0.0005,0.0005,4,682
CAACATAAAATTAGCA,G197A K339G,0.0005,0.0005,4,679
CAATCAACCTATGATA,K161I L479Y,0.0005,0.0005,4,679
TCATTCCTCTTTCGGC,T110R,0.0005,0.0005,4,677
TATGACGACAATAAGG,G159S E396V,0.0005,0.0005,4,676
GGTAGAAGTAATGATA,,0.0005,0.0005,4,674
CGATCGGCTTAAGTGT,R207L,0.0005,0.0005,4,673
TTACGCTATGAATACA,W227Q,0.0005,0.0005,4,672
CCCAAAAAGTCTAACA,A195N,0.0005,0.0005,4,670
TGCAGCTAACATTGGA,W210R I334T,0.0005,0.0005,4,668
GGCCACAAATATTTAT,E151D,0.0005,0.0005,4,666
CCATGGTCCCATTATA,C53S E151A,0.0005,0.0005,4,665
CTACTATACATTCATA,T225N,0.0005,0.0005,4,665
CTTAATCTCAAGAATT,G208V,0.0005,0.0005,4,660
ATATATGAGGCTAGTG,A195Q R248K G378A,0.0005,0.0005,4,659
CTACCCAATATAATTA,,0.0005,0.0005,4,656
CCGCCGTGAGGAAATA,H131Y K327G,0.0005,0.0005,4,655
GGCTCAATTTATACCC,G198V G378R R379A S444Y,0.0005,0.0005,4,653
TAATTGAAGAATTGCC,H471Y,0.0005,0.0005,4,651
TGAAATTGTCAACTAG,K88H,0.0005,0.0005,4,650
TAAGCCTATCTTGACA,,0.0005,0.0005,4,649
TCTTACCCATCATCAA,I201N T438L,0.0005,0.0005,4,648
TAACTTTATGAAACTG,,0.0005,0.0005,4,647
GGAGCGAAAAAGAAAA,,0.0005,0.0005,4,645
GTATGGGTAAATCTAG,I334N,0.0005,0.0005,4,645
AACCTAAAATTGGTTA,,0.0005,0.0005,4,641
GTGAATAAGTTCCCTA,N37Q,0.0005,0.0005,4,641
GAGGCGAATAACATAA,,0.0005,0.0005,4,639
TGCATATAGGGGACAT,F262N T274V,0.0005,0.0005,4,639
TAGGTTACGCACCTAC,,0.0005,0.0005,4,637
AAGAAAACCCATGCTC,A39S,0.0005,0.0005,4,635
AACGTTACTGTAACCA,A173I R193M Q406H,0.0005,0.0005,4,633
AGCAGCTTTTTGTCAC,,0.0005,0.0005,4,633
AAACGAGCTCCCCAAA,,0.0005,0.0005,4,632
GAAATCTCTAGGATAT,E287G,0.0005,0.0005,4,631
GAATTAACTGCAAAGC,,0.0005,0.0005,4,630
ACCTCAAGAACGTCCG,I4Y N158H C292I,0.0005,0.0005,4,629
ATCGCCTTTAGACTAC,,0.0005,0.0005,4,629
AAGCATAGCCAGGAAG,,0.0005,0.0005,4,627
CTTGTCAACTTCGAAA,,0.0005,0.0005,4,627
AACAATTCTGTACGTA,N99R,0.0005,0.0005,4,626
CAAAGGCTATTGGAAA,V31I E104Q,0.0005,0.0005,4,626
CAGCAATAACACAAAG,G42N N114L G198F,0.0005,0.0005,4,626
TCAGGGCTTGCTTTAT,L133I,0.0005,0.0005,4,624
CTCAAAAATCAAACAA,T87Q S333T,0.0005,0.0005,4,623
TAAATAGCTATGAGAT,T110A,0.0005,0.0005,4,623
ACGCGCGAATAATGGA,V485T,0.0005,0.0005,4,622
ACCTGCTCACATAAAC,T375S,0.0005,0.0005,4,621
GCTCAGGCTAACATCC,N90D,0.0005,0.0005,4,621
ATGGCATTGGCGGGTC,,0.0006,0.0006,4,618
AATATCCCACTGTTCC,L50I,0.0006,0.0006,4,617
CACCTTATTCGTCTCA,,0.0006,0.0006,4,617
TCTTCCCATTGATAGA,L107F,0.0006,0.0006,4,617
CTGAAATATAAGAAGG,,0.0006,0.0006,4,615
TCAACCAAAGTAAAGT,,0.0006,0.0006,4,615
TAAAACTTGATCAACA,Q189I,0.0006,0.0006,4,614
TATCACATCAGTCGAA,,0.0006,0.0006,4,614
AACCAAAACATATAAT,,0.0006,0.0006,4,612
GGAACCACTCGTTGAT,L61D G159Y,0.0006,0.0006,4,612
TAAACCCAAAGAGACC,L68F,0.0006,0.0006,4,611
ACAGGTTAGCCTATCG,H170M M284D,0.0006,0.0006,4,610
CTAGCGCAAAAAGTGT,M75L,0.0006,0.0006,4,609
GCCAGGTCTGATAATT,H179Q,0.0006,0.0006,4,609
AACCTGGGGACGTTTA,,0.0006,0.0006,4,606
GAATAATACCACTTCA,,0.0006,0.0006,4,606
TCCTGAACAGCCCCTC,L51M Q189R S205Y,0.0006,0.0006,4,605
AATAGTATGAACTGCT,,0.0006,0.0006,4,604
TCTAACCCAACTACTC,T58D Y62L T77S H354Y,0.0006,0.0006,4,604
GTTGAAACACAGTTGC,A202F,0.0006,0.0006,4,601
CCTACTCTTTTGGCGT,Q218S N390L,0.0006,0.0006,4,598
TAAATACTAAGCTTAA,,0.0006,0.0006,4,597
ATACAGTAACATGAAG,I403L,0.0006,0.0006,4,596
CACACACACATTGCAA,,0.0006,0.0006,4,595
ATAACTAATGAGTGCA,Q232H,0.0006,0.0006,4,590
CGTTTTCAGACACATG,L61K V164L,0.0006,0.0006,4,589
GGACCTGTAGAGTTTC,,0.0006,0.0006,4,589
CAAATTCACCGATACT,K481E,0.0006,0.0006,4,588
ACATCCCAACTAACCA,I334L,0.0006,0.0006,4,586
ACTCGATACACGGCTA,,0.0006,0.0006,4,586
CAAACAAAACAATAAT,,0.0006,0.0006,4,586
ACAATTGTGTCCACAA,,0.0006,0.0006,4,585
CAATTAAAAGAGATCG,,0.0006,0.0006,4,584
CACCAAGACGAGGAAC,D251M T296I I474M,0.0006,0.0006,4,584
GAAACTGCAAATAGGC,L61E K116H,0.0006,0.0006,4,584
TAGCAAGTTCCGGTCG,,0.0006,0.0006,4,584
AGTTTAACTCGAGCTT,,0.0006,0.0006,4,582
TTGTTACTAGGTGTAG,Y200L,0.0006,0.0006,4,582
CATATCAACGAAAAAA,,0.0006,0.0006,4,581
AGTTCACCTCATCTTG,V47A N114P G160T,0.0006,0.0006,4,580
CGATTATGTACAAGCG,,0.0006,0.0006,4,580
AACCATCAATACATCA,,0.0006,0.0006,4,575
CCCCTCTTTATCAGCA,K161N,0.0006,0.0006,4,573
GACGGAAAATAAGCCG,D211G,0.0006,0.0006,4,572
TACGTCACTAAGTTAT,,0.0006,0.0006,4,570
ATCCACTATTTAAAAA,,0.0006,0.0006,4,569
GGGAAACCTGCAATTC,Q232T,0.0006,0.0006,4,569
ACCAATTGGCATCCGT,S171D M284F,0.0006,0.0006,4,566
AATCAATATACCAGAG,A340F,0.0006,0.0006,4,564
CCGAGCTCGTGCATTA,S389D,0.0006,0.0006,4,562
GAAATGTCTAGTTAAC,S269N T438I,0.0006,0.0006,4,562
ATAGGACCTCAGCAAA,T376S,0.0006,0.0006,4,561
ATGAATGGCGCAAGAT,C53S S400Q,0.0006,0.0006,4,560
GCCTCACCATTCAAAC,G208L,0.0006,0.0006,4,560
ATCCAACCGTTTCTCA,,0.0006,0.0006,4,559
TATATTGAATACGTGA,K63S L188T T296Q,0.0006,0.0006,4,559
CTATGACACCAAGACA,G360Q,0.0006,0.0006,4,558
AAACACTATATCATGA,K490R,0.0006,0.0006,4,557
GACATCAATATTCAAG,I201S H471I,0.0006,0.0006,4,557
ATCCAGGAAGAATTTT,R207L,0.0006,0.0006,4,552
CATATATATATCATGT,A184T,0.0006,0.0006,4,552
ACGACCTAAGATTAGC,L336S,0.0006,0.0006,4,550
TCCCCGATGAAGATTT,V47L W210R,0.0006,0.0006,4,549
CAATGCCGAATGGCGC,E72K,0.0006,0.0006,4,548
TTATGCATGCATTTGG,,0.0006,0.0006,4,548
CACAAATTCCCAAAAA,L245V,0.0006,0.0006,4,544
ATTCACACCACAAAGT,,0.0006,0.0006,4,543
CCCTTCTAAGTCCTAG,R491G,0.0006,0.0006,4,542
CGAGCGGAACACTTCA,P145I,0.0006,0.0006,4,541
GACGTATACTAATTAA,E67S,0.0006,0.0006,4,541
TAGCAAAAGAACTCAT,N209C,0.0006,0.0006,4,540
TGATAACCAAAATGAA,,0.0006,0.0006,4,539
TACCCAGAAACAGATA,G64P,0.0006,0.0006,4,538
TCAGGCGATCAGAGTT,L344V,0.0006,0.0006,4,537
AAGTACCATTTCTTAG,A176L,0.0006,0.0006,4,535
AAGAGCAAATTCTATC,S154N E329S P483T,0.0006,0.0006,4,534
TAGAAATACTAAACGA,S27G T249V,0.0006,0.0006,4,534
TAGAAACCTACCAGAA,P236A K291R V485W,0.0006,0.0006,4,532
ACCGATCTGAAATCAA,L128S V183G,0.0006,0.0006,4,531
GGCCAATGACCCCTCT,,0.0006,0.0006,4,531
TGATAATAGTCTCACT,,0.0006,0.0006,4,530
AGATTAAATGTCTGAT,M153I,0.0006,0.0006,4,529
ACGGCGATTTTGCCAA,W227C,0.0006,0.0006,4,528
AGTCGATTTCATGAAG,A288S,0.0006,0.0006,4,527
CTAACCTAGTACGGCA,S154L,0.0006,0.0006,4,527
GAATGAAGAGTCTCAA,H179F,0.0007,0.0007,4,524
GTCAACTACATTCGGA,T296C,0.0007,0.0007,4,524
TAATAAATAGATTCAA,,0.0007,0.0007,4,523
TGTTGAGTCGCATCTA,D130H,0.0007,0.0007,4,523
GGCGGGTATATTCCAA,V97C S154Y T376S,0.0007,0.0007,4,522
TGCAAGAGAGCTTTGG,R491K,0.0007,0.0007,4,522
GACATCAGGCTACGGG,,0.0007,0.0007,4,521
GAGGAAAGCTTATGCA,P12K M80R T377N,0.0007,0.0007,4,520
AGAGCTATATTACACC,,0.0007,0.0007,4,518
CCACAACGGACTACAT,L61W L382I,0.0007,0.0007,4,518
CAGACAAATGATTTAC,E151D,0.0007,0.0007,4,516
GACTAAAAGTCATTCT,W227T,0.0007,0.0007,4,516
CTATCTGTACCCTGTG,L133M S267R,0.0007,0.0007,4,513
TGAGTATGCGATCACA,N119E H354G,0.0007,0.0007,4,513
ACAAACTGGACGCCCC,S234V,0.0007,0.0007,4,511
CATGTATCAACTAACT,T77K,0.0007,0.0007,4,509
CCTAAGGTCGGTCGCC,D156S D229A,0.0007,0.0007,4,506
AGAAGGTTATGAAAAA,,0.0007,0.0007,4,505
TAGCAACCTATCCTTT,,0.0007,0.0007,4,505
AAGTTGATCCAAATAC,V28M L103F,0.0007,0.0007,4,504
AATATAACAGATCCAC,N79I Y200F,0.0007,0.0007,4,502
TACAACTCCCGCGATC,,0.0007,0.0007,4,502
TTTAACGCCCTTCCGA,G484W,0.0007,0.0007,4,502
TACTAAAGGTCACTGT,F38I I136L,0.0007,0.0007,4,500
TACTCACCTTTTAAGA,S255N T377N,0.0007,0.0007,4,498
GCTCATTTACAAACTC,,0.0007,0.0007,4,496
AATCTAAAACAAGCTT,N89S,0.0007,0.0007,4,493
ATGAAACTATAATGAT,N146L,0.0007,0.0007,4,493
GTAAAATATAGCAACT,G391R,0.0007,0.0007,4,491
ATTGAATAAAACAACA,,0.0007,0.0007,4,490
ATTTCCCCTTACTAGA,H179L,0.0007,0.0007,4,487
TGACAACGTTAGCCCT,L479P,0.0007,0.0007,4,487
TCCTGAAAAAAGGGCC,S437C,0.0007,0.0007,4,486
ACAGTATAAATTAATG,E104H,0.0007,0.0007,4,485
GCCGCATAAAATTCAA,L128N D306Q S389K,0.0007,0.0007,4,485
TCAACCAACGAAACGG,L280F,0.0007,0.0007,4,485
GGCGGGCTATATTGTA,R207E T215S S246R,0.0007,0.0007,4,484
TGCTACGAGGCCACTA,W210L,0.0007,0.0007,4,483
TATAACACCCCTACCC,G42R N224S,0.0007,0.0007,4,482
GGAAACTAATAACATG,N99K,0.0007,0.0007,4,480
TACCAATTTCTAGGCA,L103I,0.0007,0.0007,4,479
AACAAAACAACGAATT,,0.0007,0.0007,4,477
AAACTAAAGTGAAATA,,0.0007,0.0007,4,476
TGACTGAAACTATTAA,L336S,0.0007,0.0007,4,474
ACGTTCCTTTCATCCA,I112L M192Q S476M,0.0007,0.0007,4,471
TATAATTTAAGGTCTT,N148V,0.0007,0.0007,4,471
AAAACTTGACAACCGA,K300S,0.0007,0.0007,4,470
GGAGCTCGTGACAGAA,T261P,0.0007,0.0007,4,470
GAGCGGAGACCCCTTA,N90L,0.0007,0.0007,4,469
GTAATACGCTTGCTTG,,0.0007,0.0007,4,464
CAATAGTAACTATACA,,0.0007,0.0007,4,463
AAACATAACCGAATTC,E104S W210Y F436Y M472G,0.0007,0.0007,4,462
ACAAACTAAAGGAATA,T110W Q149S,0.0007,0.0007,4,462
GTAATAAATCGAATCT,R235G,0.0007,0.0007,4,461
CGAATACCGTTACAAA,G198L,0.0007,0.0007,4,460
CGTCCACCCTACAGTT,,0.0007,0.0007,4,459
TCGTCAATTAAACACC,,0.0007,0.0007,4,459
CAGCACGATATATAGA,Q9N E421S,0.0007,0.0007,4,458
CCACCTTGATCAATAT,R491L,0.0007,0.0007,4,455
ATTGAGAGAGTGAGCC,S199V T281C,0.0008,0.0008,4,454
AAATATCAAATTACGT,F157W,0.0008,0.0008,4,453
AAATGGTCAAAACTAA,L344F,0.0008,0.0008,4,453
ACCAATTGATATCAAA,F157S A177N N209V L382V S389N L433Q,0.0008,0.0008,4,451
AATATAATTTAACCCA,Y36W A202D,0.0008,0.0008,4,450
ACGGTCTCCAACCGTC,,0.0008,0.0008,4,450
CAAAAACATTCGTCCC,,0.0008,0.0008,4,450
CAGCCGATGTGAAAGG,M332Y,0.0008,0.0008,4,450
CGAACATACCGTACGG,A297M,0.0008,0.0008,4,450
CCATTGAAACAATGAA,P483A,0.0008,0.0008,4,448
CCAATAGAACTAATTG,I21V,0.0008,0.0008,4,447
AAAAAGCGGCCGGCCA,N390S,0.0008,0.0008,4,446
TAATTGCTAGCAATCC,E307L E413A,0.0008,0.0008,4,446
GCGAACATATTCCCTA,,0.0008,0.0008,4,444
ACACGGCAGCACAAAT,Q232D,0.0008,0.0008,4,443
ACAATGAACTTAACGA,,0.0008,0.0008,4,442
AATAAAAACAGACCAT,L51C M80R S333H,0.0008,0.0008,4,441
ATATGAATTGGTCGGG,,0.0008,0.0008,4,440
AATACTTGTTTCAAGC,L73F,0.0008,0.0008,4,438
GTTAGAATCGATCCCG,R207K,0.0008,0.0008,4,438
AAATACTCAAATGGCT,,0.0008,0.0008,4,437
AACAGCTAACACTAGA,T261F,0.0008,0.0008,4,436
ATACATCAGCTATCCT,,0.0008,0.0008,4,435
CGGCTGATCCCAGGAA,V18A,0.0008,0.0008,4,435
ACCCGAGACTGTGTCT,,0.0008,0.0008,4,433
TGGACCCGAGAATAAC,G64M,0.0008,0.0008,4,430
GCCTAGATATAAAATA,,0.0008,0.0008,4,428
AATGATCAAACCATGT,,0.0008,0.0008,4,426
TGTTTTTTGTTTTGAC,E10H,0.0008,0.0008,4,425
CGGAGGTGACTGCAAT,G159E,0.0008,0.0008,4,423
GCATGGTCAGTAATTA,,0.0008,0.0008,4,423
CGAATCGCGTATACAA,G54S L61C I144V,0.0008,0.0008,4,421
ATGATAGCGTGGGACA,L120M I201T N390Y,0.0008,0.0008,4,420
CGTAGACCCTCATATA,,0.0008,0.0008,4,420
CTAACATAATCACGTT,S400L K461V,0.0008,0.0008,4,417
TCATTCATGGTTTTCC,I411M,0.0008,0.0008,4,417
AAGTCTCAGCGATGAC,R325V,0.0008,0.0008,4,416
ATGTGCTATAAGCATC,,0.0008,0.0008,4,416
GGCCCAAAAATAAAAC,G64A T215G,0.0008,0.0008,4,416
TATACGGACATTAATC,T225R Q406V,0.0008,0.0008,4,416
CCCAACAATATATCAT,Q3K L120V,0.0008,0.0008,4,415
AGTAAAAGAACGTATC,T274L,0.0008,0.0008,4,414
ATGAGATTGATCAGGA,H448T,0.0008,0.0008,4,414
CATGATAAGAAGTAGG,F233S,0.0008,0.0008,4,414
TTAGCAACCTACATCG,G391R,0.0008,0.0008,4,414
CAAAGAAGTATAGGAA,G186F E287G P362A,0.0008,0.0008,4,411
AACATGAGTAAATAAT,E151W,0.0008,0.0008,4,410
CAAAAACTACGGCTCT,,0.0008,0.0008,4,410
GGATACCAATACTGCT,Q331T,0.0008,0.0008,4,410
ATAGAAATATTCCAAC,E396S K481L,0.0008,0.0008,4,408
GCTATAGCATAGGGCG,I162Y,0.0008,0.0008,4,408
GGCAGTAAAAATATAA,I162S L336Q R379W,0.0008,0.0008,4,407
TAAGAAGGGTAACTCA,A195W,0.0008,0.0008,4,407
ACTCACCCACAGCTCA,,0.0008,0.0008,4,406
TTTTGAGGTTAAGTTA,,0.0008,0.0008,4,406
TGATTATTAGACCCAA,I112H,0.0008,0.0008,4,405
AATCAGTATTCAACCA,I162V G294S P483S,0.0008,0.0008,4,404
GAATTGACTCCGTTGA,I15A Y150N,0.0008,0.0008,4,403
CGATAGTATATGCAGG,M284A N409D T438K,0.0008,0.0008,4,402
AGAAGAAATATAAACG,Q9R L35T,0.0008,0.0008,4,401
ATACATATGGTTATTG,G181Y,0.0008,0.0008,4,401
ATTCTATGCAAAATAT,G160L,0.0009,0.0009,4,400
GGTCAATGTCATAACT,H354Y,0.0009,0.0009,4,400
TGTCCATACACAGCAC,Y62S,0.0009,0.0009,4,400
AAGATCAGAACGCTTA,S267M N409M K481M,0.0009,0.0009,4,398
ATAAGCTGATATTCAC,,0.0009,0.0009,4,396
CCCATCTTAAATGAGT,L349Q,0.0009,0.0009,4,396
TTTAGTACAGGAGTTA,M96K,0.0009,0.0009,4,393
AGGTAAACATTCAACG,D156S A173L,0.0009,0.0009,4,392
CAGACCGTAAAAAGAA,,0.0009,0.0009,4,392
CTCTATCGATTCCCGC,L35A,0.0009,0.0009,4,390
CTTCGTCTTACCGAGA,,0.0009,0.0009,4,390
CATGACAGGTCACAGA,M312S,0.0009,0.0009,4,389
CCTTACTTTATCCGGC,Q3T R379V,0.0009,0.0009,4,389
TGAACTCGCTAGCCAG,Y66L,0.0009,0.0009,4,389
TCAGGTCATGTACGCA,L387V,0.0009,0.0009,4,388
TTTAAAACTGTCCCCA,M284S S333L G378D I445E,0.0009,0.0009,4,387
AAAGAAAAAAATCACT,Y200E Q321L,0.0009,0.0009,4,385
AGGCAAAAAATTTATT,T59A S169L,0.0009,0.0009,4,385
ATTTCCGCTTAGAGGA,,0.0009,0.0009,4,385
GCAAAGCAAAAACGCT,,0.0009,0.0009,4,385
CCCACCGATCAATAAG,S462F,0.0009,0.0009,4,384
AATGGAGGGAGTAACC,E151Y S246T W264R D432S,0.0009,0.0009,4,383
CAAATGCTGTCAGGAT,V44S A184S G197R P464F,0.0009,0.0009,4,383
GCTTTGAATAGATCAC,E151G H354* F399K,0.0009,0.0009,4,383
ATTAATTGAAGTGATC,,0.0009,0.0009,4,382
TTTCTTCTAGACTGAT,,0.0009,0.0009,4,382
GGGGCTTAAGATACAG,G160S,0.0009,0.0009,4,381
TCAGGTACATATTCTA,M96T,0.0009,0.0009,4,381
CAAGGGGACCAATGGC,G159N Q232N,0.0009,0.0009,4,380
TCTAAGTAACAATTAC,,0.0009,0.0009,4,379
ACCGTAAGCCGAATAC,D175K E289D,0.0009,0.0009,4,377
TAGAACCATTGAAAAT,V11L K161R,0.0009,0.0009,4,375
AAAGACATCGTAACTA,,0.0009,0.0009,4,374
CACAAAAACAAACCCA,,0.0009,0.0009,4,374
AGTACTAAATCGTCAA,,0.0009,0.0009,4,373
CTCTCGTCCGCACGAG,R207D,0.0009,0.0009,4,373
GACTCAAACGGCTCTT,S246N Q321C,0.0009,0.0009,4,373
TTCAAAATGGCACTAC,,0.0009,0.0009,4,371
TGGGAGCACTATACTA,G276S,0.0009,0.0009,4,368
AAAATCCCTAAGTTGG,,0.0009,0.0009,4,363
AATAAATCCAATAACA,K417M,0.0009,0.0009,4,363
ATAGGCTACCCCTATG,L52M V65D I113*,0.0009,0.0009,4,363
TGTTGACAATATATAT,G276V,0.0009,0.0009,4,363
GTCTTTATGCGCAATT,L280I V459I,0.0009,0.0009,4,361
TCCCCTCAGAAACATG,K352G,0.0009,0.0009,4,361
TTCCCCGAATGTAAAT,,0.0009,0.0009,4,360
AAGTAAAAGTAAAAAG,K88S L326M L430I,0.0009,0.0009,4,359
CTGCAGAATATCCAAA,,0.0009,0.0009,4,359
AGCGCGAGGTGATCAC,T265E N409F,0.0010,0.0010,4,358
GAAAGGCTCGAGAATA,T101A S267Q T380C,0.0010,0.0010,4,358
TCCCGATATGATAAAA,S111L,0.0010,0.0010,4,357
ACCATTACTATACGTT,K116C F262S,0.0010,0.0010,4,356
CAAGTTATCAAAGCCC,S199N,0.0010,0.0010,4,356
TAACTAGTATACGTAC,K488M,0.0010,0.0010,4,356
TCACATACGACCCCGT,T226P K461S,0.0010,0.0010,4,356
TTTCTGAGGCAGACCA,H124N I254S,0.0010,0.0010,4,355
CAGAAACAACCCAAGC,,0.0010,0.0010,4,354
TATGCCCGGTAATAGC,,0.0010,0.0010,4,354
GACTATACGTCCAGTT,L78C,0.0010,0.0010,4,352
TCTCTTAACCATGTGG,E228N Q423Y,0.0010,0.0010,4,352
TTGGCTGGAGAGATTC,G98R,0.0010,0.0010,4,351
AAACAATAGTAACTCT,G54S A177F,0.0010,0.0010,4,350
AAGACCAAATGCGTTT,A299T,0.0010,0.0010,4,349
AATTTATAATCTAGAA,D273V,0.0010,0.0010,4,349
GATTGCCACGTCAGAA,,0.0010,0.0010,4,349
TGATAAATGAGCCAGT,K465A,0.0010,0.0010,4,348
AAATGAATCCTCCAAA,N209M Q416L,0.0010,0.0010,4,346
AATAGGCTGCAGGAAA,T6A L68I P486S,0.0010,0.0010,4,343
CCCATGCTTTTGTGCC,,0.0010,0.0010,4,342
AAATTTTTTAGTCCAT,R379Y K465L,0.0010,0.0010,4,340
GCCGGTTGATTTGTGT,,0.0010,0.0010,4,340
ATCACATTACGATCAA,E396K,0.0010,0.0010,4,338
AACGTACAATTAAATG,L84M,0.0010,0.0010,4,337
GTGACTGATGGCCGGT,T58N A152Y G160D,0.0010,0.0010,4,337
GCTTCCAGTATTGAAT,,0.0010,0.0010,4,336
TTATTACCGATTATTT,N90H S121E,0.0010,0.0010,4,336
AACAGATTGTAAGACA,D273G E303M,0.0010,0.0010,4,334
ACTGTCGAGTTAACCG,,0.0010,0.0010,4,334
AAACCCATAAAGCTAC,E289L,0.0010,0.0010,4,333
CCACCCCTACCCGGTT,L133S,0.0010,0.0010,4,332
AATACGCAATAGGAAA,S60I,0.0010,0.0010,4,331
TAAGTGTGCATCAAAT,Y253K,0.0010,0.0010,4,331
CCCTGGGAAGGCAACG,,0.0010,0.0010,4,329
CGCCATTGAACCCAAA,N90R L258I,0.0010,0.0010,4,329
ATCTATAATTTAAGGG,T182N,0.0010,0.0010,4,325
GATTTCCCATGCGGTC,E151F,0.0010,0.0010,4,325
TTTCCAAGCAAATAAA,T101I,0.0011,0.0011,4,324
TTCTCAAGCCAGTATA,G197T W210V,0.0011,0.0011,4,322
ATTAGTGCGCGGTTCC,T87N K125N I162V,0.0011,0.0011,4,319
GGGTGTATTGGTAAAT,L71S Q331P Q482T,0.0011,0.0011,4,319
GCGACCCCGTCGTAGA,N89S,0.0011,0.0011,4,318
TCTCAGATAAACTTCC,L32R A123N K490L,0.0011,0.0011,4,318
AACACGACATTACCTA,L51T A328L S462A,0.0011,0.0011,4,317
GACACCGAGTCCCAAA,S111L F436W,0.0011,0.0011,4,317
AAGACGCACATTCTGA,N99T,0.0011,0.0011,4,314
ACCGGTTAAAAATCTT,Q232R,0.0011,0.0011,4,314
GATACGAAATAAATGA,M472L,0.0011,0.0011,4,314
GTATTTTATAAGCCCA,Q149A,0.0011,0.0011,4,313
TGATGTATACCAGTGA,T58S L128T T296S K327C,0.0011,0.0011,4,313
CTCGACCGTTGATAAG,K300M K461G,0.0011,0.0011,4,309
GGGCCTTAATAGAAAA,N158G,0.0011,0.0011,4,309
CCAGCATATCCTTTCC,K461T,0.0011,0.0011,4,307
GCGTTGCCACAGACCG,Q9L T108G,0.0011,0.0011,4,307
CGCCCTATAAAGAGTC,A173V,0.0011,0.0011,4,306
CTCAGTATCCAAACGA,S91E,0.0011,0.0011,4,306
ACTTAGAAATATAACC,K126S C212Y,0.0011,0.0011,4,305
GCAATTTATTAGATCA,,0.0011,0.0011,4,305
TCGGCTACTCTATTAA,M284H,0.0011,0.0011,4,304
AGGTCATTGCTTTGCG,M414Y,0.0011,0.0011,4,303
CCTCTGTGTTAAGGAG,K291R,0.0011,0.0011,4,303
GAAACAAACGTCCGAG,H398Y,0.0011,0.0011,4,303
TACAATTTAAACAGAG,E228L P486K,0.0011,0.0011,4,299
AATTCCTCTTAAAGGG,S205Y,0.0011,0.0011,4,298
ATAGAATTCCATATGC,F436V,0.0011,0.0011,4,298
ATATATAAAGCACTTG,,0.0012,0.0012,4,296
CACGGGATAACAGTTT,,0.0012,0.0012,4,296
CGCACTTAATACTTAC,E76Q G174K,0.0012,0.0012,4,296
GGCAACCCTGACCAGA,T6F M75T A132L C212P P236L,0.0012,0.0012,4,295
TAGAACGTTATATCAC,,0.0012,0.0012,4,295
TATAATTTGAAACGGA,R356F,0.0012,0.0012,4,295
CAAGAGAAAAACTAAG,Q189A,0.0012,0.0012,4,294
CAATTTAATGATTTGT,C310W V431Y,0.0012,0.0012,4,294
CTTAAGTTCCCCATTC,L313M,0.0012,0.0012,4,294
GTGTAATGCTGCTGAG,S111N N390T,0.0012,0.0012,4,294
AACTGAAAGATAAATA,Y278S,0.0012,0.0012,4,293
CACAGGCCTACAGCAG,T380C,0.0012,0.0012,4,293
TCTTTAAACAATAATC,C118L Y166A A343L K417W,0.0012,0.0012,4,292
AATTTTCGTAAACACA,N99T N209Y,0.0012,0.0012,4,289
ACAAATTATTATCACT,G198R H471L,0.0012,0.0012,4,289
TAAACGTAGCGCCATT,A322C V485Q,0.0012,0.0012,4,289
TGCTACGTAAAACTAC,T59Y,0.0012,0.0012,4,289
CAGTCGAACGAATAAA,S216P Q223L T296N,0.0012,0.0012,4,287
TAAGGTTTCAGTTTTC,H93R T375W,0.0012,0.0012,4,287
GCTAGTTACTATACTT,D251M,0.0012,0.0012,4,286
GTAGCACTTATGATTT,E76K W196Y V341Y,0.0012,0.0012,4,286
GTGGAATCGAGAACGT,A195V,0.0012,0.0012,4,286
ACAACCTCGGGAAGGA,,0.0012,0.0012,4,285
CCGAAGTATACATATT,T261A,0.0012,0.0012,4,284
GTGAACATCAGCCTCT,E421L L442T,0.0012,0.0012,4,283
TGTCTACGACCAAGTG,,0.0012,0.0012,4,283
AAACCTGCAAGCAAAA,V47C,0.0012,0.0012,4,282
TGATTGATTGTAATAA,V5R S135T Q223A Y241K W264*,0.0012,0.0012,4,282
GTTGGAACTGTTAGTA,F140S M194F K384Y T397P,0.0012,0.0012,4,280
TTCAACTTGGATGTAC,,0.0012,0.0012,4,280
AATATAAGTGACTCAA,E76D,0.0012,0.0012,4,277
CCTGTAATTATATAGC,K490S,0.0012,0.0012,4,276
AAAGCCAACCATATTT,D273C W283A,0.0012,0.0012,4,275
CAATCCTTGTTTGACA,S269R K339S,0.0012,0.0012,4,274
GCTAGCTTTAGAAAAT,S267G,0.0012,0.0012,4,274
GGGTGTTATCACGTTA,Y62V,0.0012,0.0012,4,274
TACTTAGTCGAATAAA,L61R L428V,0.0012,0.0012,4,274
TCAGTATCGCTGATGT,A299S V435T,0.0013,0.0013,4,272
TGAACAGGGAATACAT,,0.0013,0.0013,4,271
GAAAAATTAGGACGAT,,0.0013,0.0013,4,270
ATGGAAGTCTAACAAA,S234I,0.0013,0.0013,4,269
GCCAGAACTGCAGACT,E72A G98R D175E,0.0013,0.0013,4,269
GAGACTTCCCTTACTA,T101Y Y217I L245V R256F E421K,0.0013,0.0013,4,268
GTACTAACTGTCCTAA,L73K,0.0013,0.0013,4,268
AGGCAAAATCGTAGAG,S138Y,0.0013,0.0013,4,266
TAAAGTTAAACACCCA,S439G G484M,0.0013,0.0013,4,265
AATGAAGTAGAGTAAT,I24T A176T S269M,0.0013,0.0013,4,264
CATTATGTTCCGTTCT,,0.0013,0.0013,4,264
GATCCAAGATCCCCAT,N209Y,0.0013,0.0013,4,264
AAATAAAACTCACGAT,,0.0013,0.0013,4,263
ATATACTTCAAAACAG,T87R,0.0013,0.0013,4,263
TTGCCAGAACTGGACC,E151L V459M,0.0013,0.0013,4,261
CCGCAACAACATAATA,H13D T106I,0.0013,0.0013,4,260
TAAAAAGCTCTAAATG,,0.0013,0.0013,4,259
TATTAGCCAATGCAAA,L50F Q482T,0.0013,0.0013,4,259
TGTAAACGTTCAAATA,E303L,0.0013,0.0013,4,259
AATACATAACGGATAC,,0.0013,0.0013,4,258
ATAAAGCAGTGTAAAA,G186V,0.0013,0.0013,4,257
ATCCAATGTCAACCAT,N302H,0.0013,0.0013,4,257
GAGCGAGAAAATCCGT,T110D,0.0013,0.0013,4,257
TAATCGTTCTACCGCA,E228A L442R,0.0013,0.0013,4,257
AATAAAAAACCGAAAA,F309D,0.0013,0.0013,4,254
ACGGTCTCAGTAGAAA,,0.0013,0.0013,4,254
AGACAGATGACAGCCC,A202G I361N R491Y,0.0013,0.0013,4,254
ATAAAGGGAAAGGGTA,F233V,0.0013,0.0013,4,254
CCGATTAAACCACAGA,,0.0013,0.0013,4,254
GTAAAAAAAGATCGTT,S205R T226E R248V,0.0013,0.0013,4,254
TCCCCTTATCAGGACC,N74T,0.0014,0.0014,4,252
ATAATTTTTACGCGTA,L258R F316T,0.0014,0.0014,4,251
TAGAGACTATAACTCA,S171C,0.0014,0.0014,4,251
AAAACTAACTTAGAAG,K481L,0.0014,0.0014,4,249
AAAAGCCGCTCTTATA,T110F P275H,0.0014,0.0014,4,249
GCAGACGAGCAAATTA,G174S I361S,0.0014,0.0014,4,249
AATTTATGCTGGATCA,,0.0014,0.0014,4,248
GTAGCGTCAACTGCTA,,0.0014,0.0014,4,247
TATGACTGCAAAGCGA,A173S,0.0014,0.0014,4,247
GAGAAATACCAAATAT,V97T S169G E228K K327N H398I,0.0014,0.0014,4,246
AATAATCGATCTTATA,W210L Q321L,0.0014,0.0014,4,245
AAGTAAAGTACAATCG,E104S G208L,0.0014,0.0014,4,244
AGTTAACAAAATATGT,I137R,0.0014,0.0014,4,244
TAATGACTGTAGTCGT,,0.0014,0.0014,4,244
TAGCCAGTGCCTTGTG,Q223F,0.0014,0.0014,4,244
GAATTTGACAGACGCG,,0.0014,0.0014,4,243
TGTTCTTGGCTTCCAA,S381N,0.0014,0.0014,4,243
TACAAAGATGCAGACA,L107R,0.0014,0.0014,4,241
TCCTCAGCAATTTACT,E329A,0.0014,0.0014,4,241
AGGATGCCGGAAAACA,,0.0014,0.0014,4,240
CAATAGTAGAAATCAA,S60P T101Y T265S,0.0014,0.0014,4,240
TATCGAAACGAAGAAC,D273T V435G,0.0014,0.0014,4,240
AGTCACATAAGTCGTA,,0.0014,0.0014,4,239
CATCCTATGCTACCGA,L203R Q247Y,0.0014,0.0014,4,239
GCACGCCGCGGATTAA,P486S,0.0014,0.0014,4,239
CCAACAGATGGAAAAA,F262N,0.0014,0.0014,4,238
AAGAAGGAATCTGAAA,E100L G174R I443L,0.0014,0.0014,4,237
GTGGCGTAAAATGACT,I24L,0.0014,0.0014,4,237
TATAGGTCGGATGTTT,R193S E418K,0.0014,0.0014,4,236
ATAGCTGCTACTTCGA,,0.0015,0.0015,4,235
CACTCTTATTCTGAAC,T40Q I137Y E270A E329N,0.0015,0.0015,4,234
ATCCCTAGATGTGAAT,K88F E151I,0.0015,0.0015,4,233
CCAAATTTTCCAACTG,,0.0015,0.0015,4,233
AGATGCTCCTAAAACT,G484V,0.0015,0.0015,4,232
AAAGTGACAAATTGCG,N158W,0.0015,0.0015,4,231
TGAAACAAAATTAAAG,L61S G98S,0.0015,0.0015,4,229
ACAATAAACCGTATGG,H124D,0.0015,0.0015,4,226
ATATTGGGCACGGTAA,T48V S216F A297S S367E,0.0015,0.0015,4,226
ATGTGACTGTACACGT,W210R,0.0015,0.0015,4,226
TGAGAATTCGACCGAA,N90I P238N G276N T375V,0.0015,0.0015,4,225
TACCATGATTAGAAAT,Y363Q K425L,0.0015,0.0015,4,224
ACAAGAGAGACAGGGA,W264F,0.0015,0.0015,4,223
ACTATACCATCTTAGC,E104Q N390I K481L,0.0015,0.0015,4,223
ACTCACTGGTGATACC,,0.0015,0.0015,4,222
TAGACCTCGCAGACCT,V47I L128H T215S D229Y C310M,0.0015,0.0015,4,222
CTATACCTATATCTGA,S462Y,0.0015,0.0015,4,221
AATACAACGATCATGG,,0.0015,0.0015,4,220
TGAGCCCTGAGAATAA,T377L L433M,0.0015,0.0015,4,220
TATGGTATCATGCCAG,Y66V,0.0016,0.0016,4,219
ACCATATTATACATCC,H13Y G260A,0.0016,0.0016,4,218
TGTACCTGGCTATTGT,D130V,0.0016,0.0016,4,218
CCATAACCAAGCTTCA,T81L,0.0016,0.0016,4,217
AGGCGATCCACCGATC,P145S K300L H354F,0.0016,0.0016,4,216
GATGCACAGATTCTTC,C86A D273V C279S R422L V485A,0.0016,0.0016,4,216
AAGTAAACTAAAAAAA,C385L G391S,0.0016,0.0016,4,215
TAGGTGACACAACAGT,N74P V298L,0.0016,0.0016,4,215
AGCCGACTTGTCGCGC,C310F,0.0016,0.0016,4,211
ATCAAAACGAAGGCAT,L447H,0.0016,0.0016,4,211
TGAGGTTGTCTTCGGC,,0.0016,0.0016,4,210
GACAAGCTTAATACAG,L258T,0.0016,0.0016,4,209
AAACTGTAGGATTATC,V18T S216A,0.0016,0.0016,4,208
AACAGGCTTGAGCATT,V183S I201F F436L,0.0016,0.0016,4,207
CACTGTGTACTTACTA,V341W,0.0016,0.0016,4,207
AAAACCAACAATCCGA,F316*,0.0017,0.0017,4,206
CAAGCACTTACGACCA,N99F S111I P466R,0.0017,0.0017,4,206
TTAATAAAATTATATG,T377N,0.0017,0.0017,4,206
TTTTAAAAATGGAAAC,I222V,0.0017,0.0017,4,206
AAAGACTTCAGATAAA,S216N K320S,0.0017,0.0017,4,205
ACTTTTAATGCGATGG,T40* M194L S199D,0.0017,0.0017,4,205
CCTATCCAACGCATCT,W196P R250L I254R,0.0017,0.0017,4,205
TTACCTAAAACCTTTA,S437M,0.0017,0.0017,4,203
AATATAAATGACTATA,G260Q,0.0017,0.0017,4,202
AGAAATCACAACGTAC,,0.0017,0.0017,4,202
GCAGTAACGCTCAGTA,K33N R207S Y241M,0.0017,0.0017,4,202
AAAGACCCCTAGAAGT,D317E,0.0017,0.0017,4,201
ATCATAGATCTCGGCA,G54S A184N G294Q F316A L344S,0.0017,0.0017,4,201
CGAGCGACTGTCCCGA,L285P,0.0017,0.0017,4,201
CTTTGAGAGATAAAAT,A177N M410L,0.0017,0.0017,4,201
AGCAGAGTGTAACTTA,S56K T261L,0.0017,0.0017,4,200
CGAGCCATACAGTGAA,Y200L I222W N346V,0.0017,0.0017,4,199
ACAAACATACATTTCG,H179V,0.0017,0.0017,4,196
GGTCGAGGAAGAACCA,Y172K I201V,0.0017,0.0017,4,196
AACTAGAGACAACCGA,D229T L479I,0.0017,0.0017,4,195
CAAAATTTTACAATCT,,0.0017,0.0017,4,195
CACAGCAGAGAATACC,G2S T48S,0.0017,0.0017,4,195
CACCAACTTTACCACT,T139Y T190N,0.0017,0.0017,4,195
CATTTTCATTAGGACT,L52V,0.0017,0.0017,4,195
ACAACCTCACATTATA,N79R T101I I136P,0.0018,0.0018,4,194
ACATACCTATAGCTGC,L78T I95M I113D Y129P G276D L315M L447P,0.0018,0.0018,4,194
GGAGGATTTCTATAAG,S389I,0.0018,0.0018,4,194
CCCAGCCTGGTTACGA,T70G,0.0018,0.0018,4,193
AGTCGTAGCCCCTACC,F7M A132Y T265V N338K D357V I458S,0.0018,0.0018,4,192
CAATCATTATAGCAGG,,0.0018,0.0018,4,192
GGTACTAATCGGTAAT,H374F,0.0018,0.0018,4,192
ACAAGCCAGACACGTT,L52* S91G N470S,0.0018,0.0018,4,191
ACACGTCCGAAGAATA,K88V N148L G271S G360S H374S,0.0018,0.0018,4,191
ACGACAAAACCACGCT,E17L,0.0018,0.0018,4,191
TACCAAAGAAAGCTGT,L372R K451V,0.0018,0.0018,4,191
AATATCCAGTTAATGG,T70N,0.0018,0.0018,4,190
ACGTCGTACATCATGG,C155Y C231M,0.0018,0.0018,4,190
AGCACTTTTTTATGAA,S171D G174W L430C,0.0018,0.0018,4,190
AGTGCAAGACCCCATA,G160T S205P D357V,0.0018,0.0018,4,190
ATTCCAGAGCCGCCAT,L50Q I222M H467E K481L,0.0018,0.0018,4,190
CTCATGTGGTTATAAG,G174S S267V Y371S,0.0018,0.0018,4,190
GAGCCCAGTACAAGAC,V11T S121I S199P,0.0018,0.0018,4,190
ACCCAAGATACCAATA,T182I L415Q,0.0018,0.0018,4,189
AAAATGCGATAGACAA,W386M L430K,0.0018,0.0018,4,187
ACCCAATAGTATCACC,,0.0018,0.0018,4,186
AGTTATATCGCGGGCA,S60Y L78E E396K R491L,0.0018,0.0018,4,186
GCAAAGTACGACTATG,A173C P238L N338V,0.0018,0.0018,4,186
CTGGCGCCTTACGACA,I221V,0.0018,0.0018,4,185
AAAAAAGAGCACCTGA,S56R S135C,0.0019,0.0019,4,184
GTTGTGGAAGGCAGCG,Y62P S389L,0.0019,0.0019,4,184
ACAACGTACACTCCGG,V459T S476R,0.0019,0.0019,4,183
CATCTACAAATTCTTA,I4T R356K,0.0019,0.0019,4,183
GATATCTACTGCGTCC,A30S,0.0019,0.0019,4,183
GGTCCTTCCACCCTAC,L46F A184V A330F,0.0019,0.0019,4,183
TAAGAAGACCTCCAAG,G484S,0.0019,0.0019,4,183
GATAAACTGGAAAGAA,H374W,0.0019,0.0019,4,182
AACCGGAGACCGGCAC,S169L,0.0019,0.0019,4,181
ACTGAAACACCGGCAA,P236S,0.0019,0.0019,4,181
GGACATCCCTAACATG,E72Y G484R,0.0019,0.0019,4,181
CTATGCTTCTGAAGCT,L51S,0.0019,0.0019,4,180
GATAGTATCGACCCCG,A25G A30Q A297L R356G L442H,0.0019,0.0019,4,180
CCCTCGTATTAATTAA,Q218R N302D I337N,0.0019,0.0019,4,179
AAGAAATCGAATGATA,S60M S143A A299*,0.0019,0.0019,4,178
ATACTCTTTCTGGGAG,,0.0019,0.0019,4,178
GCTAATATGTCCAATT,A184L E270P,0.0019,0.0019,4,178
ATCCCAAAAGGTATCA,S205C,0.0019,0.0019,4,177
CAATGACTGGTACATA,A152T G181S,0.0019,0.0019,4,177
GACAGCTCAGTAACTC,V28T N89P L105I D273A,0.0019,0.0019,4,177
ATCGCCTCCTCGTTCG,,0.0019,0.0019,4,176
TTGCAGGGGCACTACC,S169V,0.0019,0.0019,4,176
TTGTGAGCTCTTCTAT,,0.0019,0.0019,4,176
TGTATAGTATCCGGAG,L23R Y217N S267F,0.0019,0.0019,4,175
AAATACTCCGAAATAT,I24V T139H T375R,0.0020,0.0020,4,173
CCGCCGACATGATAAC,F318L,0.0020,0.0020,4,173
TTGCTAATCGAGAAGG,F436N,0.0020,0.0020,4,173
GACGAAACCGCATACA,Y278S,0.0020,0.0020,4,171
TACGAACGAATCGGTC,I201N S439I,0.0020,0.0020,4,171
GTCAGAGTATAATTAC,L128P Q331R D401I,0.0020,0.0020,4,170
TCCTTACCTAAAAGAT,D317L,0.0020,0.0020,4,170
ACGAATGAAGCGGGAA,M96W V431L K481F,0.0020,0.0020,4,169
CAATACTGGCCGTGCA,E76I T108N P238H,0.0020,0.0020,4,169
GAAAAGGCCTCTGATA,,0.0020,0.0020,4,169
TGCCAACAGCACCCGT,E100V T397S,0.0020,0.0020,4,169
TCACACGATGCAGGAA,P12A K368F,0.0020,0.0020,4,167
GCAAACTTTCCCGACA,G54E,0.0021,0.0021,4,166
TAGCAGAGGTCAACCA,Q232R T375H,0.0021,0.0021,4,165
CTCCCAATCACACTAC,W283L L344R,0.0021,0.0021,4,164
CTTGTTTTTAAACGAT,Q324M,0.0021,0.0021,4,164
TATAAAACATGGGTGA,S199F I239F,0.0021,0.0021,4,164
TATTTCTTACAAGGTA,Q9L,0.0021,0.0021,4,164
CAAATTAAATTATCAA,L32V,0.0021,0.0021,4,162
CAGTAGATATTGACAA,G42S,0.0021,0.0021,4,162
CTCAAGGTTATGCTAA,,0.0021,0.0021,4,162
GATTAATTTGGACTTC,,0.0021,0.0021,4,162
AGCCATTCATGTAAAC,Y62W,0.0021,0.0021,4,161
CTGAGGAGCGGGAACA,Q335S L349M,0.0021,0.0021,4,161
CCCCACCGCCATTAAA,L142C C231Y H398A,0.0021,0.0021,4,160
CGGCCTCGGGCGAGTA,,0.0021,0.0021,4,160
TTACAACTCCGGGACT,F436D,0.0022,0.0022,4,158
GCCGCTGTCCGTGCGC,E67Y W210C,0.0022,0.0022,4,156
GGAGGCTCATGAGCCA,L52R C231V N342* F399L,0.0022,0.0022,4,155
AACAATGAACCTGAAT,,0.0022,0.0022,4,153
CAGTCACACCCCCGGT,L188Y D229E,0.0022,0.0022,4,153
CATAGCCAAGAAAAAC,L103D A322V,0.0022,0.0022,4,153
CCTCAGAAATTATTCT,V22G Y172I E413T,0.0023,0.0023,4,151
GAACTATTAAATTATA,T58N S121D N146I K291R,0.0023,0.0023,4,151
TAGCGTGAAGGCCTTG,T281E K339V,0.0023,0.0023,4,149
ATACATAGGATCAAGA,C53Y,0.0023,0.0023,4,148
GTATCCCTAATACGAA,E16L,0.0023,0.0023,4,148
GTCAATACGACAAACA,A123R S143G,0.0023,0.0023,4,148
GTTATGCCAAGTCTAT,G208I T438R,0.0023,0.0023,4,148
CAACCAACTAGATTTT,S333M,0.0023,0.0023,4,147
GTCCGTGAAATTAATA,L103G H115S T139Y C231I,0.0023,0.0023,4,147
ACCACAAACAATCACT,M75F H230D,0.0023,0.0023,4,146
CTCCTTTAGTAAAATA,K33N Y200S D317G S476L,0.0023,0.0023,4,146
ATAGAAACCATTTGAA,V28*,0.0024,0.0024,4,145
CCGAAAGAAGCATTAG,H13N K88P F140S L188T,0.0024,0.0024,4,145
GTAATGAACTTCGCAG,S60V S143L A195T,0.0024,0.0024,4,145
AGAAAACTCGAGCGCA,,0.0024,0.0024,4,143
TCGTATGAAGGATGTT,L46G L105C T190P D402F,0.0024,0.0024,4,143
AAATCTCCTTAAAGGT,N89M Y200D,0.0024,0.0024,4,141
CGGTAAAAAATATTAT,G42A,0.0024,0.0024,4,141
GGATCCGGATCAAATA,A288* S367Q,0.0024,0.0024,4,141
TAACAGTTATTACCAG,T48W Q331R H374P P427Q,0.0024,0.0024,4,141
TACAGTACTCAGTGGG,A39Y I345P S400T,0.0024,0.0024,4,140
TTGTAGCTAGCCGCCT,G102S,0.0024,0.0024,4,140
TATCCCAAACGTTATA,S111F N167K,0.0025,0.0025,4,139
TGAGAGCCCAACATAC,,0.0025,0.0025,4,139
AGTAAGATGCCAAGCA,Y36V L133Y Q223A K291R,0.0025,0.0025,4,137
CGATCCATACTACTGC,G34H Q232P,0.0025,0.0025,4,136
AAACGATTCATGGAAC,H92P N390S H471D,0.0025,0.0025,4,135
ACTATGAACATAGGAT,I21T P145S W370R,0.0025,0.0025,4,135
ATACAAGTTAACGTTC,S169K K461A,0.0025,0.0025,4,135
TTCCCTAGTATCATAA,L35S,0.0025,0.0025,4,135
TTTCAAAAGGGGCAGA,N109K N302F Y441G,0.0025,0.0025,4,135
AAAAGTCAAAGTTGCG,G98T M284G,0.0025,0.0025,4,134
AAGACGACACCAATGC,P362T,0.0025,0.0025,4,134
CAGAACGGAGAGCGGC,E17S N302I,0.0025,0.0025,4,134
GAGTGATATGTAAAAT,S85G V388W,0.0025,0.0025,4,134
AAATCTTGTGTGCCGC,N127T,0.0026,0.0026,4,133
CTAAAATAGCATTAAC,F233V,0.0026,0.0026,4,133
GTCTGAACTAAACAGG,S246L Y253I L355P,0.0026,0.0026,4,132
TGATTAATAACTGCCT,,0.0026,0.0026,4,132
AGATGATTTAACCGGG,Q335*,0.0026,0.0026,4,131
GAACGCTTTTCCTAGG,H170I T261S Y441D,0.0026,0.0026,4,131
TAAAGCAATATCGACC,S135L V388A,0.0026,0.0026,4,131
AGACCAGCAACTACCG,A176S D229*,0.0026,0.0026,4,130
GTTAATACTACATTTT,S138D D156Y F293G Q331T L449G,0.0026,0.0026,4,130
CAATTACCCAGTACTA,N74I,0.0026,0.0026,4,129
TGAAAATGCCTACCAA,R55G F147L A195S R256I,0.0026,0.0026,4,129
TGATACAATGACACCA,T48F K126M R250D L336T K461S,0.0026,0.0026,4,129
AAACTATTTATGTAAT,,0.0027,0.0027,4,127
GGTCAAGAAAAAAAAA,T110N F318T P383S,0.0027,0.0027,4,127
AAATTAGCGAATTACA,,0.0027,0.0027,4,126
GGACAACCACTAAAGC,N79T G181E N224C,0.0027,0.0027,4,126
CTATTCTCCCACTGAG,E104I K417S,0.0028,0.0028,4,123
CAACGTAAAGGCCGTA,,0.0028,0.0028,4,122
GTCTATTAACAGCTAC,Y94L T110S,0.0028,0.0028,4,122
TAACCTGACCTGGCCA,R491K,0.0028,0.0028,4,122
ACAACCCGAAGTATAG,S60H S163R T182A L245Q H467A,0.0028,0.0028,4,121
ATGGCACGGGATGGAA,A297H W370N,0.0028,0.0028,4,121
GACGCCTCTAACGGCC,V18M,0.0028,0.0028,4,121
GAGACATATTCGCCGG,E100R D306R,0.0028,0.0028,4,121
TCAATGGTTTAATTAT,Q149R F233T,0.0028,0.0028,4,121
GATTATCTTTGGAGCC,F436Y I458R,0.0028,0.0028,4,120
TAAAGCTAGATTTCAG,V44G L52M T106L,0.0028,0.0028,4,120
AACCATTGTATATTTA,S143T T375Y,0.0029,0.0029,4,119
AGCCTGAAACGGACAA,T249G,0.0029,0.0029,4,119
CGGACTCTTACATAGC,I4* K88S S234F V431D,0.0029,0.0029,4,119
AAGATCGGCAGACGTA,V431S,0.0029,0.0029,4,118
ATTAAGTAAAAATTAA,K126N H141L D229H E418W,0.0029,0.0029,4,118
CTCCACTTGAAGTCCG,G378T,0.0029,0.0029,4,118
GCGACATTATCTCACA,S444N,0.0029,0.0029,4,118
GTACCTGAAGTGACCA,T48Y S367N,0.0029,0.0029,4,118
AAAAGATCAATATCAG,T81L S91L K126L L415F,0.0029,0.0029,4,117
AGCAGCGTTCGCGAGT,Q331N,0.0029,0.0029,4,117
AGTCGTTAGACCCCTA,N37P T108L I201G,0.0029,0.0029,4,117
GACCAGCACATAGTGT,L50G G159E D175Q D432N P464F,0.0029,0.0029,4,117
TACACAACCCGAGCAC,E104S S121L K126C,0.0029,0.0029,4,117
TCGACAGGCGTCTAAT,G2R F233C,0.0029,0.0029,4,117
CCATTCAAATAGCCAG,E151I G206L A297Y,0.0029,0.0029,4,116
GCAAGTCAAACTTACT,I162F Q416N,0.0029,0.0029,4,116
GCACTTGAGTCCACAA,,0.0029,0.0029,4,116
ACGTAGTTTAAATAAA,I345T,0.0030,0.0030,4,115
ACTAAAAACAACGTAA,C86G,0.0030,0.0030,4,115
CAATTACACTAAAAAC,F38L I443C,0.0030,0.0030,4,115
CGACGACGAACATCGA,I239S Y371G I411K,0.0030,0.0030,4,115
TGCAAGTCATCCTAGA,G98V M134C I162M L203K E308G,0.0030,0.0030,4,115
AGCTCAACATATTATG,F293I,0.0030,0.0030,4,114
CAAGCTGAACGTGGCC,,0.0030,0.0030,4,114
CCCAACGCCCCCGAAT,F8* Y480A,0.0030,0.0030,4,114
GATCGCGGTATATACT,G54N L394N,0.0030,0.0030,4,114
AACAAAAGACAAGGAG,Q9R I162L S171W S246E Q416I K490G,0.0030,0.0030,4,113
ACATGTACATACTAAC,F293S,0.0030,0.0030,4,113
GGAATAACGTGGTCTA,C53R R193N,0.0030,0.0030,4,113
TTCAAACACGAGAAGT,S135I F157E N224A S269*,0.0030,0.0030,4,113
CTTCCTACAGAAGGGA,G42D I221L M284K F434A,0.0030,0.0030,4,112
GCGATTTAGTTTTATA,G181C C310R,0.0030,0.0030,4,112
TAAGTGAGTTGTGTCC,C41P S143C A184G,0.0030,0.0030,4,112
TCATAGTCGTACGAAC,K125N S216Q K300* I337C,0.0030,0.0030,4,112
GACCCTAACGAGCATT,L23R G34D P238N,0.0031,0.0031,4,111
GCACTTCCCCTTACTC,G2Q L168S T426Q M472Q,0.0031,0.0031,4,111
GTACCAATAACAACTC,T6S L313F I350M,0.0031,0.0031,4,111
TGCAAGTGAATATAGT,G34I C57Y,0.0031,0.0031,4,111
TGGCCAGTTTTACCTG,V164M H230S C475E,0.0031,0.0031,4,111
AATGATCATCTGTTAG,E104T R491M,0.0031,0.0031,4,110
ACACTGAAACAAGCAT,H467M,0.0031,0.0031,4,110
ACTATTCACTCCACAA,I144M L285* M312I L349T,0.0031,0.0031,4,110
ACTTGCAATGAGCTAA,C53G H141Q V183R,0.0031,0.0031,4,110
AGTTATGATAACATAA,F157S,0.0031,0.0031,4,110
ATACCAATCAATCCAG,Y278F,0.0031,0.0031,4,110
ATTAGTGAGTATAACT,H92S C364A W370*,0.0031,0.0031,4,110
CATTAGCCATACTTAT,A39Y N90L C477G,0.0031,0.0031,4,110
CTAGACGCGATATATC,Y129Q D229E K291R T377L,0.0031,0.0031,4,110
AATAGGAAATAATCAT,Q149G L188N C279W Y366K,0.0031,0.0031,4,109
ACACATAGGTCCCTTC,G160* G197R L280F L433G,0.0031,0.0031,4,109
CGGCTTCTACATACAG,G186M M414K,0.0031,0.0031,4,109
GACCACAAGTCGAAAT,T6C L469A,0.0031,0.0031,4,109
ATAGTAACAATATCAC,C180I G181R Y200L,0.0032,0.0032,4,107
ATGGGCTTATTTAAGC,V44K P145W,0.0032,0.0032,4,107
GAGGTCCGACCCCAGC,N89V I221L K272L D347I,0.0032,0.0032,4,107
GAGTAACCATGAATAA,R207K F293P W489F,0.0032,0.0032,4,107
TAATCAGTATTCATAC,L46P C118P D122V G260S N342Y,0.0032,0.0032,4,107
TCGGTTGTGCACTCAA,L61A L442V,0.0032,0.0032,4,107
TCTTAAATCGTCCACT,M1W,0.0032,0.0032,4,107
TGGATTGTTTACAGAA,I213R,0.0032,0.0032,4,107
AGTAGTCTAAAAACAC,Q3M L46W A173F M420G K451S,0.0032,0.0032,4,106
ATAAAATGCGTGTAAG,V14G S199H,0.0032,0.0032,4,106
CGACCTTAATCCGACG,M1G,0.0032,0.0032,4,106
CTTCTGTTGATCGCAA,G45V L103K,0.0032,0.0032,4,106
GCTGAAGCCGACCCAC,S85T T281L,0.0032,0.0032,4,106
TAATCTTTAAAGTAGT,T48N Y419A,0.0032,0.0032,4,106
TATTACCGGACTCCTG,K300S,0.0032,0.0032,4,106
TTCTTAAAGGTAGTAA,Q3A Y441I,0.0032,0.0032,4,106
TTTAAACATGAAGATT,Q69L,0.0032,0.0032,4,106
AACCTTGATGACGTGA,L68V S216V N302I,0.0032,0.0032,4,105
ACGAATGTAAAAACGA,V22R,0.0032,0.0032,4,105
CAGAGCAACTTTAAAA,H141P E228T,0.0032,0.0032,4,105
GAAAATGATAATACAA,,0.0032,0.0032,4,105
GCTTAAACACGCGGCA,Y371N,0.0032,0.0032,4,105
GGTAACAAAAAATAAC,F7K K384L V485G,0.0032,0.0032,4,105
TACAAAGTCAATTAAG,N89I E270S K339T,0.0032,0.0032,4,105
TACAGAACAGTAAACA,Y172K,0.0032,0.0032,4,105
TATATACTTTGGCTCA,S91I R256F,0.0032,0.0032,4,105
AGATGTTGAGTAAATA,Y66P E72L S171D S237R T377N,0.0033,0.0033,4,104
CAACGAGTAGCCGTCT,S163F T380L,0.0033,0.0033,4,104
CTCAATTCATTCATTA,K272N Y363Q T380Y,0.0033,0.0033,4,104
GATTCCAGGTCCTTAT,Y200K,0.0033,0.0033,4,104
GTGGACCCTGCTTATC,I239K W264N C292W,0.0033,0.0033,4,104
TAACCAGAGGGGAAGA,A30C T58H T182Y,0.0033,0.0033,4,104
AACCCCTGTAAAATAA,L290H,0.0033,0.0033,4,103
AAGCAAGCCCAGAACT,M75I,0.0033,0.0033,4,103
ACAACGCCCTAAAGCA,H124N T261R L315K A343K,0.0033,0.0033,4,103
AAGAACTAAAGTAATC,G198Y R256*,0.0033,0.0033,4,102
AAGTTACTATGTGATA,G98Y V388G,0.0033,0.0033,4,102
ATGCCACCGAGAATAC,S389M,0.0033,0.0033,4,102
TAGAGCCCTTTCAGAA,T397S Q406F,0.0033,0.0033,4,102
TCGCCCATACCAACAT,K352S,0.0033,0.0033,4,102
AAATACGTGCTAGCAG,L415M,0.0034,0.0034,4,101
AGATCACCATAAAATC,I213V L245R,0.0034,0.0034,4,101
AGGCTTGTGATATATG,,0.0034,0.0034,4,101
CATGAAAAACATCGAG,G197E R325V K368S S439T,0.0034,0.0034,4,101
GGTGAAAAAGAACCAC,K33* S56K F157L Q189R F233T,0.0034,0.0034,4,101
TCGTATGGACATTATT,,0.0034,0.0034,4,101
AACGACGATACACAAC,N109K,0.0034,0.0034,4,100
AGCGTTATCGACGTAG,T59G W196M I254L Q348R Y363S,0.0034,0.0034,4,100
CACTGTTATCACCGAT,E72H A173N S246P L447I C475K,0.0034,0.0034,4,100
CGCGCTAAAACCGCAA,T261Y R468S,0.0034,0.0034,4,100
TTTCCCACAGAGCTCC,G159Y W196*,0.0034,0.0034,4,100
AAACGAATACACACTC,T77A G206S W210Q,0.0034,0.0034,4,99
AATGAATAAACGATTC,G34D,0.0034,0.0034,4,99
AATTAACCTCACAGCT,T6Q C41V P236N T281S Q321L,0.0034,0.0034,4,99
ACATAACGGCTCAATA,E104N,0.0034,0.0034,4,99
CAAAAGTTGAAATTAA,,0.0034,0.0034,4,99
CAAATGACGAGACCCT,,0.0034,0.0034,4,99
CCAAAAATACATGAAC,N224* G460S V487G,0.0034,0.0034,4,99
CCAATCGCTAAATCTA,S135A V485L,0.0034,0.0034,4,99
CGATTGCAGCCACAGT,I345E,0.0034,0.0034,4,99
GACATAGCCGTGTATC,G181E,0.0034,0.0034,4,99
GATCAGATCCAATTGG,S389K Y441M,0.0034,0.0034,4,99
TACAGAGGCAACAATC,Y66M E72L A123G P427C,0.0034,0.0034,4,99
AAAATTGAATCTCTTT,F140L G181E Y200K E287T A328V,0.0035,0.0035,4,98
ATATCGCTCAGAACCA,I113V C118K Y217T,0.0035,0.0035,4,98
ATTGATATATTTGTTG,V341G,0.0035,0.0035,4,98
GATAGGTTTGTATGAA,G160V C180N K352V,0.0035,0.0035,4,98
GCCCTTGCACTACGAC,S246I L394H E404P,0.0035,0.0035,4,98
GCTGATAAATTATGAC,R55H D311C,0.0035,0.0035,4,98
TTTTTACCCAGGATAC,I95S,0.0035,0.0035,4,98
AAAGCACATCTTACAG,D273A,0.0035,0.0035,4,97
AAGAAGCATACCAATC,F7A N99L G208L Q232N,0.0035,0.0035,4,97
AAGCATATGCGCCTCG,S85D,0.0035,0.0035,4,97
GCACAACGGAATAAGC,Y219L,0.0035,0.0035,4,97
GCTTAGCAGCTACCAA,F147K D156H S269L,0.0035,0.0035,4,97
GTGCGTTAATGCTAAT,D156N A176R R193A M312I,0.0035,0.0035,4,97
TTCAAGCGTCATCAAT,S205P D432Q,0.0035,0.0035,4,97
ATGAGTTAGAAAGTTA,K88W D156M,0.0035,0.0035,4,96
CGCATCAGGTCTCAAC,E72C A176I,0.0035,0.0035,4,96
TGTCGGAAACTGTTCA,I162T R379T S444P,0.0035,0.0035,4,96
CCAAAGTAAATAAAAA,I137N T261N P362V,0.0036,0.0036,4,95
CCACACCGTCACTGGT,N37Y,0.0036,0.0036,4,95
GCCCAGTATAAGTGAA,T6N,0.0036,0.0036,4,95
GTACTGCTTTACCTTT,L35W G240K L315H M420N,0.0036,0.0036,4,95
GTCGCTAATCACAGAT,T58I A195S F316S L433I,0.0036,0.0036,4,95
AAGTTGTGCATTAGCG,Q247P K417* L442P,0.0036,0.0036,4,94
ATAAAGCGTGGAAATA,L52Q M153S R257S A297T P383Q N395T,0.0036,0.0036,4,94
ATATCTGGCAGTACTG,C53H T261R T380H,0.0036,0.0036,4,94
CGAAACATGTGTCGCA,,0.0036,0.0036,4,94
GGGGAGCCACTCCACG,G45*,0.0036,0.0036,4,94
TACATAGTTAATATAC,E72I K116Y S135L,0.0036,0.0036,4,94
TCAACTTCTCGAATGT,G54L H457L,0.0036,0.0036,4,94
AAGATTAACGAAGATA,P453*,0.0037,0.0037,4,93
AATATCAGATAAACCA,,0.0037,0.0037,4,93
ACGTCCACGATGATGG,V341C G360Q,0.0037,0.0037,4,93
AGACTCGCCTGCAAAG,G208C K272T Y363K,0.0037,0.0037,4,93
AGGGGGGGTGAGACAA,D156S R422C,0.0037,0.0037,4,93
AGTATGCATTACACAT,,0.0037,0.0037,4,93
CCACTTAGTCAGAAAC,V187A N302T I445C,0.0037,0.0037,4,93
GCTCAAGGAAACGCCC,T70R S267N S367G,0.0037,0.0037,4,93
GGGTGGTTAACTATTC,G102A D122N D211G Q247Y,0.0037,0.0037,4,93
TGGAATGAACCCCTAG,M214I,0.0037,0.0037,4,93
TGTCAAATTACCATTA,Y366A,0.0037,0.0037,4,93
TTACAGATTAGCAACA,L61N H124I L242M T296S,0.0037,0.0037,4,93
AATGAAATCCTTATAC,G159W Q223G,0.0037,0.0037,4,92
AATGGATTTGACAAAC,G2*,0.0037,0.0037,4,92
ATAAATTACAAGATAA,W210N N390L,0.0037,0.0037,4,92
GACAGAAATAAGACGA,G186E M312S,0.0037,0.0037,4,92
GGATGCATCCTGCAAC,L430F,0.0037,0.0037,4,92
AAAACGAGCCCCATAC,L344H L428K,0.0037,0.0037,4,91
ATTTCGAGAATAACCA,L46S K88A,0.0037,0.0037,4,91
CAAATTAAATCCATAC,P236D,0.0037,0.0037,4,91
CTCAGGATCCAAATAT,T182L Y441V,0.0037,0.0037,4,91
CTGGTCGCAGAACTTA,G102R A328T Q482K,0.0037,0.0037,4,91
GTAAATCCAAGCTTAA,T77R V164H A288L T376L,0.0037,0.0037,4,91
TAATAGTTGTCCAGAC,Y217C I443C,0.0037,0.0037,4,91
TCGAGCTGAGTTTATA,G2S A202G,0.0037,0.0037,4,91
TGAGACTTAACCAAAA,N89T V187E G271S,0.0037,0.0037,4,91
CAATCTGCGAAACAAG,M82S N89I K126N G276L I337G K352S,0.0038,0.0038,4,90
CCCCTTCCGATCAAGG,T81L L344R,0.0038,0.0038,4,90
CTGTCACAGGCGGTGA,L61Y N158T L428R,0.0038,0.0038,4,90
ACATTAAGAACAAGGA,S199R W227M E289L F318Y,0.0038,0.0038,4,89
AGCCCTAGGTTGGCTT,G277H,0.0038,0.0038,4,89
ATGCTATATACATAAA,,0.0038,0.0038,4,89
TAGTAGATTAAGCTAA,F117T A123Q A173N S205C Q406I,0.0038,0.0038,4,89
TATAACCACGAATTAC,,0.0038,0.0038,4,89
AAACGAGGTGGCAGTA,T101K F140N H305K M312L F316L,0.0039,0.0039,4,88
AATTTACATAACTGGA,N99I,0.0039,0.0039,4,88
ACTTGGCAGACAGTTG,V5A A25W T225V,0.0039,0.0039,4,88
CCCGTTTACCGGATCC,N390I Q416*,0.0039,0.0039,4,88
CTGCATTAAAAGATAG,L46M N342S K368S L442G,0.0039,0.0039,4,88
GACCAAAAATCTAAAC,S169Y G197T N302I,0.0039,0.0039,4,88
GCTAGTGACCTAAATA,V47C Q69K I113H N319A,0.0039,0.0039,4,88
TAATCCGCATCAAGCG,G64* D156A A343M,0.0039,0.0039,4,88
TCCTCTAAGAGACTTT,T87Q Y94F,0.0039,0.0039,4,88
TCCTGATCGAAGGGGC,K417T I474Q,0.0039,0.0039,4,88
TTGAGAACCCCTTGTA,S246I,0.0039,0.0039,4,88
AAAGCAGTCATCCATT,P275Y N470T,0.0039,0.0039,4,87
AATTAACAACTGAGAA,L242P L442K C475V,0.0039,0.0039,4,87
AGTTCTCAAGAGAGAC,V5R G64T,0.0039,0.0039,4,87
ATTTAACTATCTTTGG,A30L L61G L107F N127L,0.0039,0.0039,4,87
TCTGGACTACAGTAAA,S154Y W196A,0.0039,0.0039,4,87
TGACAAATTTAGAACG,C53Y F140I N167Y Y200V,0.0039,0.0039,4,87
ATTGGCTCCCAACAAA,L394C P466K,0.0040,0.0040,4,86
CGAGACCGCTGAAAAT,E17L M82Q Y278F R356S,0.0040,0.0040,4,86
CGCCTCACCACAATTC,G206F F440K,0.0040,0.0040,4,86
GAAGCTTTCTTAACAT,R468D,0.0040,0.0040,4,86
TGAAAGACCGCAACTA,V11L I239L,0.0040,0.0040,4,86
TGGCAAACCAAAAACC,V5K L394H,0.0040,0.0040,4,86
GCAACCCGCCAATTAC,V28* D273N T426S,0.0040,0.0040,4,85
GCGCCAACGCACACAG,E104G K490L,0.0040,0.0040,4,85
TGCTGGAGAGTGAACT,W283* D357L,0.0040,0.0040,4,85
AATAAATCACTTATTT,S121R T281G Q482D,0.0041,0.0041,4,84
CATTATGGAAACCTTA,I15L E76* F318R,0.0041,0.0041,4,84
TCCGTGTCATTTGCGG,L51G A176C L387H,0.0041,0.0041,4,84
AAGAAATTCTCCACCA,G391C,0.0041,0.0041,4,83
AAGTATAATCAATAGA,T377E,0.0041,0.0041,4,83
ACGATCGTACAAGAAG,V18L S56N C155A K384N N390G,0.0041,0.0041,4,83
CCCGGAGAAATCTTAC,C155K K327F,0.0041,0.0041,4,83
CCTAGAGTGGTAAACA,L32A S444W,0.0041,0.0041,4,83
CTTAACCTCTGAGCCT,H13N H179P V431G,0.0041,0.0041,4,83
GAGATACCCATCTCGA,G181D N224I C364V P427F C463R,0.0041,0.0041,4,83
TCTTTATAAACTTTGC,L68E,0.0041,0.0041,4,83
AAGAATCTAATCAAAC,P486T,0.0042,0.0042,4,82
GGCATTGACCTATGTA,L32I L449A,0.0042,0.0042,4,82
GGTGCTCTTAAGAAAA,Q3P C57W,0.0042,0.0042,4,82
GTTCATTTTGCCATGC,K161Q Q165Y R257A K291L A343Q Y480*,0.0042,0.0042,4,82
TCTAATATAACATCTT,C212L C231A K320M S389H,0.0042,0.0042,4,82
CACATAGCTGTAACAC,M19T R207P,0.0042,0.0042,4,81
CAGAGATCCTCCGTAA,Y200T G206L,0.0042,0.0042,4,81
CGTATAAACGACATAT,G208M P238L F318K A343K,0.0042,0.0042,4,81
TTATACATCTAACCGG,N37I L78K A152F A173S,0.0042,0.0042,4,81
ATCCCTCAGTATAAAT,W264R,0.0043,0.0043,4,80
CCATATAGAACCAGCT,N37I L469T,0.0043,0.0043,4,80
GAATAAGAGACCAATA,,0.0043,0.0043,4,80
GATAGTCCATCATACA,I144A N158H M284W T454S,0.0043,0.0043,4,80
GCGACCGAGTTGAGTC,L103T,0.0043,0.0043,4,80
TATCGCAACATTCAAT,L68C L73P,0.0043,0.0043,4,80
CATCCCCCTGCAATAC,R193T R456Y,0.0043,0.0043,4,79
ACCCTCGCCAATGGAA,F440H,0.0044,0.0044,4,78
ACGCCTCTATAAATTA,M134E N470I,0.0044,0.0044,4,78
ATCATTAGTTAAACAG,E10Y L23P I113Y N338K T454A,0.0044,0.0044,4,78
TAAACGCACTACAAGG,C155D T226L,0.0044,0.0044,4,78
TCTAACTTCTCACTAT,M1I M194R L259Y L344Q,0.0044,0.0044,4,78
TTTAAGAACATAGCCT,W489T,0.0044,0.0044,4,78
ATACACGCAAATCAAC,T6M Q423C,0.0044,0.0044,4,77
CCTACCATTTACACAG,,0.0044,0.0044,4,77
CTTCGAGGGATACGGA,E76S T81S P486F,0.0044,0.0044,4,77
GCAACCCGACTCATTC,S56R K272T,0.0044,0.0044,4,77
GCAGAATCGGTAATAC,C155P N365E,0.0044,0.0044,4,77
TTCAATCGAACTATAA,K161P N167S N365* N390G,0.0044,0.0044,4,77
AAACAAAAGCCTACAA,R282L Q335I H467L,0.0045,0.0045,4,76
AGCCAATAAACTGTCT,F38G G102M L188S,0.0045,0.0045,4,76
CATATTTAAACATATC,Y172R W370P T380A,0.0045,0.0045,4,76
TAATCAATAAATATGG,S27G,0.0045,0.0045,4,76
AACTAAATACTGTTGA,S381Q,0.0045,0.0045,4,75
GTGCGTCCGAGCACGA,L68M,0.0045,0.0045,4,75
GTTGAAACTTTAATGC,L71V T110N V164W L285P N409W F434H H471L,0.0045,0.0045,4,75
TAAGGGTGTACAAGTC,M192R F309R D408R,0.0045,0.0045,4,75
AAATTAACCCATTTCG,V431Q,0.0046,0.0046,4,74
ATACCAAGGACCCATG,T81* F318P M410* M414I,0.0046,0.0046,4,74
AACTCCTTTAATCCCT,C180D A184L S444N L449C,0.0047,0.0047,4,73
ATTTAACCAATACTGC,P275T S444I,0.0047,0.0047,4,73
CAAAAAAAATACCAGA,E151F W227C,0.0047,0.0047,4,73
TACATTAAGACATTTA,D306A H354I,0.0047,0.0047,4,73
TATCGAATCCCTACAC,N90H A152Y,0.0047,0.0047,4,73
GAAGATCGGACTATAA,G181*,0.0047,0.0047,4,72
GATACTCAACACCAGT,G64T N302Q,0.0047,0.0047,4,72
TCGTGTAGAACTCTTT,V31C W196H,0.0047,0.0047,4,72
TTACCAGTCCCCTTTT,T190K E287C L442Q,0.0047,0.0047,4,72
ATGACAAGAGGGTTGA,S60V I112T G208D H448A,0.0048,0.0048,4,71
CTACAAAAAAGAATGA,E10F N119R D273F A288S,0.0048,0.0048,4,71
GAATAGAATCTACAGC,A25M N99F Y253T N302F,0.0048,0.0048,4,71
TATCCACAGTCAAGCG,L68P,0.0048,0.0048,4,71
TCAAGTATCGATTCCT,T77* W283*,0.0048,0.0048,4,71
AGTCATGGTATTAGAG,Y241S P453A,0.0049,0.0049,4,70
CAACGGAACGGTAGCG,S476T,0.0049,0.0049,4,70
CTCGGGCGCCAAACAA,F233S,0.0049,0.0049,4,70
GAAGTAACTATCAAAT,F157M G473W,0.0049,0.0049,4,70
TCCATAGATACGCACT,G174F F262S R314T,0.0049,0.0049,4,70
ACTATGATCTTATTAA,L220D,0.0049,0.0049,4,69
AGTGCTGACGACGAGG,I24Y A288*,0.0049,0.0049,4,69
CTTATCTCATTTATGT,,0.0049,0.0049,4,69
GCCCTCGGCGACTGTC,,0.0049,0.0049,4,69
GTATAAAAAAGTAGTA,Q165H D311Y E396R,0.0049,0.0049,4,69
TAAATACCATCCAGAG,T40W R55Y F117V,0.0049,0.0049,4,69
CCTCATCAAATATATT,T87I K88Y M332V D408K,0.0050,0.0050,4,68
CGGCTAAAATTGAATG,V44L D156P Y219A Q324T E404K L428H,0.0050,0.0050,4,68
GAAATAAGTCCAACAC,C57S G174S M312T,0.0050,0.0050,4,68
GTAATATATAGCAAAT,I15W H92S F316R,0.0050,0.0050,4,68
TTATAATAGGCATCTA,E151D M410K,0.0050,0.0050,4,68
AAATCCAAGCGTACGC,I137N I361T,0.0051,0.0051,4,67
ACACAGTGTGAAATGA,,0.0051,0.0051,4,67
CATTAACCAAGCATTT,G64S E104Y F147D,0.0051,0.0051,4,67
CTAAATTATGAATTAA,Q247K M284I,0.0051,0.0051,4,67
GTTCGATAAGGAAATC,G2N T58Y E76K S163* F262S A288L,0.0051,0.0051,4,67
TTAAACGTTAGAGGTG,T377R T426R,0.0051,0.0051,4,67
ATCGATTCCGATTGAC,H374*,0.0052,0.0052,4,66
CCCCACCATCGACAGG,L35H G186E S333I,0.0052,0.0052,4,65
CCTCTATGAAAAACGT,L35N H93Y Y200F,0.0052,0.0052,4,65
GGATTATCCCTTCGCT,L142V N319T Q482R,0.0052,0.0052,4,65
AAATCAAACGCGTGGT,L280S R456T,0.0053,0.0053,4,64
AATATTTTCTGCTGCT,T190C,0.0053,0.0053,4,64
ACACCGACCGGCATAA,T397I,0.0053,0.0053,4,64
ACAGTAACACGGTGAA,S56I,0.0053,0.0053,4,64
AGATACATCCATTCTT,K88I I445S L449R,0.0053,0.0053,4,64
AGATCACTCCTGTACA,E151A L280S Q331L,0.0053,0.0053,4,64
CGTCAATAATGGGGAT,Y66F M192W S333T,0.0054,0.0054,4,63
GTAGAAGGTTTTACCT,V5I E289R M420K,0.0054,0.0054,4,63
CAAGGCTATCTTAGCC,S60A,0.0055,0.0055,4,62
GAGGACAAGCGTATAA,S27K L50H Q223K R356K T438P,0.0055,0.0055,4,62
GCCAGAATCTTCATAT,K88C P453G,0.0055,0.0055,4,62
GGCCCTTGAGGCCTCG,V5N V44I S163L R325I T375A,0.0055,0.0055,4,62
TTGGGGGGTATAGTTT,K125E V298K,0.0055,0.0055,4,62
GGACTTTTATCGAATT,N178S N319V,0.0056,0.0056,4,61
AGGGTAAACACTTAAT,L387G,0.0057,0.0057,4,60
TCAAACTATAGAGTTC,M1K G198V T225C Q416A,0.0057,0.0057,4,60
TACAGTTGGCTGAGAA,Y241T S255F,0.0058,0.0058,4,59
TGGCGTTAATATGCTT,K125G D156W D204E Q406P,0.0058,0.0058,4,59
AACTCCCAGAACACTA,Y172P,0.0059,0.0059,4,58
CTGTTAGCAAACGACC,V341T W386R C477H,0.0059,0.0059,4,58
TACGCAAACTCCAGAA,N20L N99S S400H,0.0059,0.0059,4,58
TGAGAAAAATTTTCTA,,0.0059,0.0059,4,58
ATAGCGGCACAAGAAA,W264Y L449F H457L,0.0060,0.0060,4,57
CAGAGAAATTGACACA,,0.0060,0.0060,4,57
CGGAATAGTCCAGTCC,E104G S216P,0.0060,0.0060,4,57
TACTATAAAACAATCC,A123N R491E,0.0060,0.0060,4,57
AAACAACAAGCCTACC,A123S Q165L,0.0061,0.0061,4,56
GTAGCGAATAGCATTC,I136A,0.0061,0.0061,4,56
GTTAAAATTGAAAGCA,L23W F446Y,0.0061,0.0061,4,56
TCGAAATCTTGACTTC,D156G T215A L258M W386S,0.0062,0.0062,4,55
TTGGGAGGTCTAAACA,E404*,0.0062,0.0062,4,55
AAAGCCCGAACATAAA,C231G K339I E396G K465*,0.0063,0.0063,4,54
AAAGTATTTGCTTGGT,M82N S154G N224R S269F,0.0063,0.0063,4,54
GACACGTATTGTACAA,C310Y E329P P383R Q405M,0.0063,0.0063,4,54
AATGGCACGCTATGCA,N89K Y441A T454A P486R,0.0064,0.0064,4,53
AGCGTCAACTGGAAAG,T190Y T215S D273V,0.0064,0.0064,4,53
CATAGCAAAACAATCA,L52M S111A K161C M192I T215K Y441A,0.0064,0.0064,4,53
GTAAACAAACAAAGTT,S135P I337T C463K,0.0064,0.0064,4,53
GTATCAAATATAACTC,V11A S169F Y241F V388K,0.0064,0.0064,4,53
AAACAGTCTTGAAGCT,F49V S138G K352V,0.0066,0.0066,4,52
CCGAGAATTCACTGTA,D130Y K161R S171I S462F,0.0067,0.0067,4,51
CTACGACTCCAGGTCA,Q223L S246R,0.0068,0.0068,4,50
GAATTTACGAGTCTAT,A177C,0.0068,0.0068,4,50
GAAAAACCTTAAACGT,L46K L103S A202L N224S E303K K339A,0.0070,0.0070,4,49
ATCTTAGTATGGTCAG,I458E S462F,0.0071,0.0071,4,48
ATTCACTAGTTGTGCT,Q335I L355M S400K,0.0074,0.0074,4,46
TAAGCTTAACAATGTT,D268G K304R H374P,0.0074,0.0074,4,46
ATCAATACCGAAAAGC,M192Y,0.0076,0.0076,4,45
GATCCGCAGTTAACGA,R55K L68K R356T,0.0076,0.0076,4,45
TAACAATAAAGCAACG,M1S S169H A322S D401A,0.0076,0.0076,4,45
TATAGACGCTTAAACT,Y62K L258P,0.0077,0.0077,4,44
CGCTTCCCTATTAAAA,G186L L315S,0.0081,0.0081,4,42
CGTAAAAAATCCTAGC,I4V H13W H124D,0.0083,0.0083,4,41
AAACTGAAATTCTACC,G159Y S400R D401H,0.0087,0.0087,4,39
GTCAAATGTGCTAGGG,M82V L103S E228K,0.0087,0.0087,4,39
TCTAAACATAAACGAG,G2M E76R Y393F,0.0087,0.0087,4,39
TGGCTGCCCAAGGCAA,M80E C118H C385V,0.0090,0.0090,4,38
AAATAACGCACCAAGT,C155S H398K E418K,0.0092,0.0092,4,37
CATGACAAAAAAACAT,C57* S237R,0.0092,0.0092,4,37
CCCTGATCATCGAATA,N119L S389R,0.0092,0.0092,4,37
AACTAGATTTGATAGA,N99S A195S,0.0100,0.0100,4,34
GAAAAACCCACAACCG,R207T N365C S389V,0.0103,0.0103,4,33
TGCCTACCAGCGCGCT,N158Q K384*,0.0103,0.0103,4,33
CTGAATATAGTTAGCC,V341N,0.0106,0.0106,4,32
AAAACATTAAGCCATG,T139L W264D D306R N390G,0.0110,0.0110,4,31
TTATACAAAGCACTAC,S91N Y393H,0.0114,0.0114,4,30
AACTAAAAATAAACAG,S138P E289R,0.0122,0.0122,4,28
AGATCAGAGATTGCGC,G186Y I222K T454Y,0.0122,0.0122,4,28
TAGAAAGCTCAAATAG,G160Y D251C P486S,0.0126,0.0126,4,27
AATACACCCTAAGAGA,N109S M153W A343M,0.0136,0.0136,4,25
AAAAACCCGAAAATAA,E72Y P83C N89I,0.0148,0.0148,4,23
CGAGTCTCGCGAAATC,M284V E413R,0.0243,0.0243,4,14
ACTGATAAGACAACAT,I113V D156Y,0.0262,0.0262,4,13
TTAGTACCGAGCCATA,G42L L61Y R257*,0.0262,0.0262,4,13
TGACTACATCATTGAA,L415R,0.0284,0.0284,4,12
TGCCCGACCGTAACTC,T139Y Q247M I411T,0.0284,0.0284,4,12
TTAAGGACACCTATAA,D432N,0.0284,0.0284,4,12
CAATGTTACAAAATCA,A25T A39F K126N,0.0310,0.0310,4,11
AGGATGAATTAGCGAA,N346L,0.0341,0.0341,4,10
CACTGTTTGTCTAATT,N89P F147P,0.0341,0.0341,4,10
CTAAAGGCAATGCACT,S56L S439E,0.0341,0.0341,4,10
TATACATTCATGAGCG,E17V T87* I113D L349H,0.0341,0.0341,4,10
AAAAACAGTATATGAA,C41D S234Q C301W,0.0379,0.0379,4,9
AAAGAAAAGGGTTCTG,T101V Q149* S381W,0.0379,0.0379,4,9
AATATTATGCTAAATA,L29K,0.0379,0.0379,4,9
ACTACAAGTGACTCTA,I222D I252L L258S,0.0379,0.0379,4,9
AGAGTATATCATAATG,S138R M472*,0.0379,0.0379,4,9
CAAATAGGCGGGGCTG,H115P C212G,0.0379,0.0379,4,9
CAATGGGCTACCGCTA,C477R,0.0379,0.0379,4,9
CGTCCTCCACGAAGAA,C57Y N365R,0.0379,0.0379,4,9
CTGTCTGTCTTGAGGT,Q3K S163A L220T,0.0379,0.0379,4,9
GATTTAATAAAGAGGC,L46P A173T Y441F,0.0379,0.0379,4,9
GTACACCATGCTGCAG,L46M E151F W196L Y200W,0.0379,0.0379,4,9
TTAGAATACAGAGTCT,R193W L326K,0.0379,0.0379,4,9
AATTTGGTCTGCTCGC,S437L,0.0426,0.0426,4,8
ACGTGAATCAATCAAA,M19I I239E,0.0426,0.0426,4,8
AGAGTGTATGCGGCCC,Y129A M134K N224K G294L,0.0426,0.0426,4,8
ATCTGAAATGTCCGTA,R379P,0.0426,0.0426,4,8
ATTTGTTTAAGTAAAA,F38C M153P Y200V T225Y R282S V388M P464H,0.0426,0.0426,4,8
CACCATACATACACCC,E104K S216K L259H,0.0426,0.0426,4,8
CGTGGCGTTCTGTACA,E76K G186T E289*,0.0426,0.0426,4,8
CTTGTACATTAAAAGC,,0.0426,0.0426,4,8
GATATGACCAATTGAT,K63E A173T A202E F233V E303S E404F,0.0426,0.0426,4,8
GATCCCTGCATGAGAT,M1* C180A S237G,0.0426,0.0426,4,8
GATCTTATTGCATAGG,G54K G208H I358P,0.0426,0.0426,4,8
GCCTACAGAGGAACAT,I239A Q324Y,0.0426,0.0426,4,8
GCTTACTATAGTCCCA,L245M L344F K417*,0.0426,0.0426,4,8
GGAGGAATAACAGTAC,L103G,0.0426,0.0426,4,8
GGATCACAACATTTTC,T48Q N109S K125N L142M Q189I S439N H471A,0.0426,0.0426,4,8
GTTAAAGCAACGGTTG,G54D S143F I221T Y278L G391T,0.0426,0.0426,4,8
GTTTAGGGTCCCATAT,E287S D311T E421M,0.0426,0.0426,4,8
TAATCTATTATAAATA,,0.0426,0.0426,4,8
TCAGCTTCTAAATAGG,T215I F434G,0.0426,0.0426,4,8
AACAACGGATTAAATA,N89E,0.0487,0.0487,4,7
AATCACTACCCTTAAC,L349G Y419I,0.0487,0.0487,4,7
AATTCCATGATCAAAT,E17K L258I A297E H398L,0.0487,0.0487,4,7
ACACCCGCACGATGCG,L103H E104K R491S,0.0487,0.0487,4,7
ACTCAATAAGGCTCAA,K88V H467R,0.0487,0.0487,4,7
AGACAGACCAATTAGT,I411N,0.0487,0.0487,4,7
AGAGATATGCAACCCA,A184P R491F,0.0487,0.0487,4,7
AGGATTTTTCCCTCCG,Q165R W283H D357M,0.0487,0.0487,4,7
AGTAGTCTTACTAGTC,S56C R356H M410I,0.0487,0.0487,4,7
AGTCTAACCAATTCGC,N37V L188T R250L,0.0487,0.0487,4,7
ATTAGCAAAACCACAT,Y441*,0.0487,0.0487,4,7
ATTTTCTTCGAGGTGT,L428N,0.0487,0.0487,4,7
CCCACTATCAGCGTAT,G54Y G98C L433F K488N,0.0487,0.0487,4,7
CCCGTCGATCACGGGT,L73I A328I L394D,0.0487,0.0487,4,7
CGAACGCAAAATAGTA,H467I,0.0487,0.0487,4,7
CGATAAAGCAATCCTC,N90Y T397I F399V,0.0487,0.0487,4,7
CGTCCTCATATTGAAA,R235S Y278T V431F,0.0487,0.0487,4,7
CTAGTCCGTCCCGTAT,L105G D211H H471W C477F,0.0487,0.0487,4,7
CTCGTGAAGCTAAAAA,L290S N295D,0.0487,0.0487,4,7
CTTGACGTAAATCCTA,N89T F157D L449*,0.0487,0.0487,4,7
CTTTGAAACTAACAAT,I350Q Y363L I445H Q482M,0.0487,0.0487,4,7
GAACAAAACGCCTTAA,F140M W227C,0.0487,0.0487,4,7
GAGCTGAACTTGTAAG,S199P A299R S439R,0.0487,0.0487,4,7
GATAATCGAACTGAAC,K291I P427Q,0.0487,0.0487,4,7
GCCCCCACTGTCATCC,T77R L128N F147I N295L A322K R325G N346W,0.0487,0.0487,4,7
GCTTCACTTAGCCCGA,N409I V435Y,0.0487,0.0487,4,7
GCTTTGATGAATAATC,Q3V G174Y C231N A297T A343I I403D,0.0487,0.0487,4,7
GGACCAGTCATCAACA,L50V N89S S121P T226S N395Y,0.0487,0.0487,4,7
GTAGGCCCTATCGGTC,G2V L32R T77A F318I,0.0487,0.0487,4,7
TACGTAATAAAAAGTT,W264C F293V,0.0487,0.0487,4,7
TACTCCTCGAAACGTA,S143F Y419I,0.0487,0.0487,4,7
TATGTACTAGTTTTGT,L52* W196L S400Y,0.0487,0.0487,4,7
TCAAGGAGACAACGAC,T182L F233S C292Y V341F,0.0487,0.0487,4,7
TCAATCAGGATACGGC,N178I S199*,0.0487,0.0487,4,7
TCTAATGTTCAACAGT,D347I,0.0487,0.0487,4,7
TGAATCCAGATGGATG,H115I K161N E228L,0.0487,0.0487,4,7
TGGCCGACCTGTCTGC,V28S L133K R257S C301P I361G D401S P464S,0.0487,0.0487,4,7
TGGTATAACTAAACAT,M82T D347T,0.0487,0.0487,4,7
TGTTGTGAAACGAATT,E413Q E418L,0.0487,0.0487,4,7
TTCGGTCTGACGTACA,C212V,0.0487,0.0487,4,7
AAAAAGTATGTTTAAT,M153* C212G,0.0568,0.0568,4,6
AAAACGAGTTCGTTTT,M1S,0.0568,0.0568,4,6
AAAATTGTTCATTTAA,A288K,0.0568,0.0568,4,6
AAACGTCCCTAAGTCA,S91F D273A T281V Y393S,0.0568,0.0568,4,6
AAATCAGCCAAGTTCG,L258K T281A C463I,0.0568,0.0568,4,6
AACCACAACACGAATT,V28D S154G Q348M C385R N409V,0.0568,0.0568,4,6
AACGGAATCACCTTAC,F147S Q348E K488F,0.0568,0.0568,4,6
AACGGGCGAATGATAT,T377P,0.0568,0.0568,4,6
AACGTAATAAGATAGT,P83L G378K,0.0568,0.0568,4,6
AAGGAGTTTAATGAGG,T6P E76A F157Y G174L E307F M312V Q406L,0.0568,0.0568,4,6
AATAATACACTGCCCC,E151* R250M V388R,0.0568,0.0568,4,6
AATCAGCCTTGCCCGT,E67G C292F,0.0568,0.0568,4,6
ACACGAGATCAAACCC,Y66E I144L,0.0568,0.0568,4,6
ACAGTGCATATCATAT,L78A N365F N390S,0.0568,0.0568,4,6
ACATAACATTGCGAAA,T77W D156T V341S H374Q L442V,0.0568,0.0568,4,6
ACCTCTAAGTCGCATC,I443H,0.0568,0.0568,4,6
ACCTGGTAAAATAATT,F7L L35A L43K S269I E418K I452*,0.0568,0.0568,4,6
ACTAACATACAAGCTG,S85K S163V G277A,0.0568,0.0568,4,6
AGAATCCATCCTTCCG,Y166* I201H L315P,0.0568,0.0568,4,6
AGAATTATATGCGGTA,A25I L107* W196S T296* N390Y R456G,0.0568,0.0568,4,6
AGTAACGTGAATGTTC,T182D C292W,0.0568,0.0568,4,6
AGTATAGATGAACATG,M82L Q165F C292Y,0.0568,0.0568,4,6
AGTCACACAAATTACG,S267T G277V A343L,0.0568,0.0568,4,6
AGTCATAGATAGGCTT,M1I V28I N99I L349P,0.0568,0.0568,4,6
AGTGTCTCGGATGAAG,R491*,0.0568,0.0568,4,6
ATATCTTTGATAGATG,L61M C86L K327S Y419S,0.0568,0.0568,4,6
ATCACGCATCATATGT,E151G T454V,0.0568,0.0568,4,6
ATGAGAAAGACAATGA,C118H,0.0568,0.0568,4,6
ATGCTACGGATTCTGT,G45M S60M K481L,0.0568,0.0568,4,6
ATTATACACAGGACAA,V47D T48N,0.0568,0.0568,4,6
ATTTCAAATTGACCGC,S27C N109L K116F A195R,0.0568,0.0568,4,6
CAACTAATCGATGACT,I15Q L103R M134Q Q482S,0.0568,0.0568,4,6
CAACTCTACCAGCTAC,E72T E151S R207I E287R I445N,0.0568,0.0568,4,6
CAAGAAGAATTCCCGT,F38L I144L Q165S K368L,0.0568,0.0568,4,6
CACCTTACTCAGACCA,L35S E396S K461*,0.0568,0.0568,4,6
CAGATAAGCCATATGT,I112N T377Y,0.0568,0.0568,4,6
CAGTGAAATTGAAAAA,V187E L245G S255Y G260L N295F,0.0568,0.0568,4,6
CATGACGCGTACTTGG,Q405K K488Q,0.0568,0.0568,4,6
CGAAGAAGGGAATATT,E76K L84* S169D G271W M410C,0.0568,0.0568,4,6
CGAGATTATAACTAGA,Y94G L290S N395T,0.0568,0.0568,4,6
CGCTTGACGATGAACT,N90G A328T C364D L433R K465E L469S,0.0568,0.0568,4,6
CGGATGCTCCCCAATC,W196* T215R,0.0568,0.0568,4,6
CGGTTTCGCAGTCATG,A25W T106F C301A K327T T376E Q406R,0.0568,0.0568,4,6
CGTAGTACGGTGGACT,L188P G260N,0.0568,0.0568,4,6
CTAACCTTAGTCCTTG,M1L N99S S216F L259P N395K,0.0568,0.0568,4,6
GAAACTGGATTGAATA,I239F E418R,0.0568,0.0568,4,6
GAGGAGATAGGACCCG,K33A E104Y H131Y L168T,0.0568,0.0568,4,6
GCAAGTAAATCGCCAA,Y129K K161H,0.0568,0.0568,4,6
GCATGACTCCAGACTC,D347V D401R,0.0568,0.0568,4,6
GCTAGCGCTACTGGGT,C118Y,0.0568,0.0568,4,6
GGTGAAACATTCAAAC,T6V M134R Q165N Q189G G260A M351W,0.0568,0.0568,4,6
GGTGCATGGACAAATA,K125M Y150C D175T N409T,0.0568,0.0568,4,6
TAAATACGAGTAACCC,S169L G271C K300Q V487K,0.0568,0.0568,4,6
TAACTATTATTGAAAA,C41Y R55H,0.0568,0.0568,4,6
TAAGGATCTCTTCGGG,C212Y K272C,0.0568,0.0568,4,6
TAATCATAAATTACAT,M420Y C463S,0.0568,0.0568,4,6
TACCGACATTCTTAAT,I15P T48L C212F D251T Q321N V485R,0.0568,0.0568,4,6
TACCTCTAAAAACCAC,T375W,0.0568,0.0568,4,6
TAGGAAAATTCCCGAA,N127* G198D C301R,0.0568,0.0568,4,6
TAGGGACTAGGAATCA,Y166S,0.0568,0.0568,4,6
TATTGTCAGTCCTCAT,I345P S389F,0.0568,0.0568,4,6
TCAAACCTCCTCTCAC,G160H S199L K291M V388L,0.0568,0.0568,4,6
TCATAGTTTGAGGGAT,S121R T296P,0.0568,0.0568,4,6
TCCACCGGACATAGGC,S169E D402L A407T,0.0568,0.0568,4,6
TCCTCTTGTACATAGT,F318I D357W C475Y K490M,0.0568,0.0568,4,6
TCGATACTGAGAGTTA,V14W,0.0568,0.0568,4,6
TGACCGATAAAAGGCA,F7S A288L,0.0568,0.0568,4,6
TGAGAGCGAAAGTCAG,I445* G478E,0.0568,0.0568,4,6
TGATCCTGACCGAACG,F147T N390V,0.0568,0.0568,4,6
TGCCTAATCGAAACAT,G64P K88I P427M,0.0568,0.0568,4,6
TGCGTCAATGACAACG,G45W G54A H179K W196V Y200G T261F K417S,0.0568,0.0568,4,6
TGGTGTCCACACCTAA,T40N L68R T101H N470R,0.0568,0.0568,4,6
TGTCTCAATAGGTTGT,F49L I254R,0.0568,0.0568,4,6
TGTTCGACCATCCCAA,A25V C53L K451W,0.0568,0.0568,4,6
TTAATGTTAGTAAAAT,G64N A173V L394I,0.0568,0.0568,4,6
TTACAGCTATATAACT,M1I I112S C231S,0.0568,0.0568,4,6
TTATATCGATAACCCG,N295I I358L S400K,0.0568,0.0568,4,6
TTCCCAGTCCGGGAGC,I213L P383V F436Y P483S,0.0568,0.0568,4,6
TTGAATTTAGTTATTA,C86M E307C,0.0568,0.0568,4,6
TTGAGATGGCGCTCCC,I337H S437Y,0.0568,0.0568,4,6
TTTTAAGCGGTACACC,S56N H131F S462R,0.0568,0.0568,4,6
AAAAAACAGATACTGA,I213F T215G S476L,0.0682,0.0682,4,5
AAAACAAATTCAAAAG,P464D,0.0682,0.0682,4,5
AAAACTGCCATTAGTA,C364M,0.0682,0.0682,4,5
AAAATTATTTGGACGA,I458E,0.0682,0.0682,4,5
AAACCAGTTCGTTCAA,A195I C475I,0.0682,0.0682,4,5
AAACTGCGGTACTGTA,C53M K63R N99R A123C Y166* C310L,0.0682,0.0682,4,5
AAATGGAACTTAAAGA,H467R,0.0682,0.0682,4,5
AACCAATATTTTTCTT,L285M I323Y,0.0682,0.0682,4,5
AACGATGTGCGTGCCA,G98D G240E Y278*,0.0682,0.0682,4,5
AACTGTACAAGATCCT,S267Y P427S,0.0682,0.0682,4,5
AAGATACCCCTATACT,Y66V,0.0682,0.0682,4,5
AATAGACATGGCTTAT,R422K,0.0682,0.0682,4,5
AATCATCACACGATCC,Q9F T87K S171I T261P D402M P483M,0.0682,0.0682,4,5
AATCCAGGCTCCCAAA,Y62Q G174*,0.0682,0.0682,4,5
AATCGCGTTTTCAACT,N90L R193N N365F K425N S476G,0.0682,0.0682,4,5
ACCAAAACTTTTCAAT,Q416P,0.0682,0.0682,4,5
ACCCGCTAACCTAGGA,F7D A173V,0.0682,0.0682,4,5
ACGAGATAACCGCGTC,H115T Y129* C231I S476T,0.0682,0.0682,4,5
ACGCTCTAGGCTTCCC,R55L,0.0682,0.0682,4,5
ACTTAATTACATCTTA,F233R L245Q A407*,0.0682,0.0682,4,5
AGAACCATCCATATAA,N185S Y393M,0.0682,0.0682,4,5
AGAACCTTAAGCAGAC,L107A,0.0682,0.0682,4,5
AGACAACACATTTAAC,Y129C L290V C310S,0.0682,0.0682,4,5
AGACCAATTAAAGCCA,I21L D122Y C301* C463S,0.0682,0.0682,4,5
AGATTGGACAGTCGAT,N99V S135* F293L,0.0682,0.0682,4,5
AGGGCACTCCTCTGTA,K125V K304* Q348F,0.0682,0.0682,4,5
AGTCCATAAACTAAAA,T190D S199L G243S I350R L372A,0.0682,0.0682,4,5
AGTGGAAATCTATAAA,W283P,0.0682,0.0682,4,5
ATTCACTGAGAATGTC,L52R E104D,0.0682,0.0682,4,5
ATTCATCCTTAATTCA,Q232H A299I G429*,0.0682,0.0682,4,5
CAAGGAACGCTGTAGA,H179* D357E,0.0682,0.0682,4,5
CACCTCTCCCTTACGC,D122* Q149F D156N,0.0682,0.0682,4,5
CAGACCAAGTTAAAAG,L344W,0.0682,0.0682,4,5
CATACGATATAAACCC,C292S,0.0682,0.0682,4,5
CCTACATAGGCATCTA,D432L,0.0682,0.0682,4,5
CCTGATATCTGTGACA,I4R A343I,0.0682,0.0682,4,5
CGAACCGTATCAAGAT,T48L T87L,0.0682,0.0682,4,5
CGTACATTAACCTACA,G64F T380G,0.0682,0.0682,4,5
CTAGATTGTAATGCTG,T81G G198T M312R H457Q,0.0682,0.0682,4,5
CTATTGATCCGAAGAT,G391* F434D,0.0682,0.0682,4,5
CTTGATTGCTATAAAA,M1S H455S,0.0682,0.0682,4,5
CTTTAGGAAAATAATT,L50M K272C D347V C463Y,0.0682,0.0682,4,5
GAAACAAAAAATAAAT,V5S N185K,0.0682,0.0682,4,5
GAACATCTACTTGTTA,S27G I254G M332E,0.0682,0.0682,4,5
GAATAACAAAATGATA,L35I N346Y N365K,0.0682,0.0682,4,5
GACCTACGTGCCACTC,Y219V F434N,0.0682,0.0682,4,5
GACTCATTAGTCAACC,A132H D401H I411S,0.0682,0.0682,4,5
GACTTCCGGTCATGAT,A340T,0.0682,0.0682,4,5
GATATAACTACACAGG,I144K R257L,0.0682,0.0682,4,5
GATCTCCCGCCACCCT,L32M D122S Q149S W283R,0.0682,0.0682,4,5
GATGAAGATCCAACCG,T6K I24L A30I E104S G186V L259R L280Y P466K,0.0682,0.0682,4,5
GATGCCAGGATAAGAC,T108H S138Y Y166A,0.0682,0.0682,4,5
GATTCACTTCAGGGCT,K272A P362Y,0.0682,0.0682,4,5
GATTCAGGCTACTAAA,T261E E396F,0.0682,0.0682,4,5
GCAAACTCAGTGCTAC,K33E L103G H170Y V341G,0.0682,0.0682,4,5
GCACCATGGCTGGCAC,C463V,0.0682,0.0682,4,5
GCCACAAGACTAACGC,A39G Y94F E104I I458D,0.0682,0.0682,4,5
GCGAAGGGTTACCAAA,E10P E76H S143V G294I,0.0682,0.0682,4,5
GCGCAACAAAGCAAAC,I136F H230R T454L,0.0682,0.0682,4,5
GCTTCAACTATCGCTA,I15S A343R N395S H467L,0.0682,0.0682,4,5
GGAGTCATTCTTGATT,N319K,0.0682,0.0682,4,5
GGATTCACGAACGCAT,G160S S392T L430A,0.0682,0.0682,4,5
GGTCATACTTGTAAAG,H179* H467P,0.0682,0.0682,4,5
GTAACGCGTCGACCAC,M1Q T438I,0.0682,0.0682,4,5
GTCAATCCCAGAGCAT,K291* C364P,0.0682,0.0682,4,5
GTCGCAAAGTTTTCTT,Q3W V65K,0.0682,0.0682,4,5
GTTGCCCCACCAGTTA,C385* E418L,0.0682,0.0682,4,5
TAAAAAAGGTTCGTAG,D229* T412P,0.0682,0.0682,4,5
TAAAAATAAAGTGCGG,T58K,0.0682,0.0682,4,5
TAAGTAATCCAAGGCA,Y66H Y369L,0.0682,0.0682,4,5
TAATATATCCAGTAAA,Y129H M194L Y480L,0.0682,0.0682,4,5
TAATCCACGACAGAAC,I4K G159R T412N,0.0682,0.0682,4,5
TAATTGTAAGGAAGTA,M214L D229N Y241H,0.0682,0.0682,4,5
TACATTGGGGGGCACC,Y172L A195V D204I A288T F318R,0.0682,0.0682,4,5
TACGTTCACAACGATA,L46T L51R M82V C364M,0.0682,0.0682,4,5
TAGTACAAACAGGCTA,C475L,0.0682,0.0682,4,5
TATATCTTTACCTAAA,I24T H398P N409S,0.0682,0.0682,4,5
TATGAAGAACGCAATT,Y172M E308A,0.0682,0.0682,4,5
TCAAAAAAAGACCAGT,,0.0682,0.0682,4,5
TCATAAGAAAAACACG,E67C S199F P427E,0.0682,0.0682,4,5
TCTCACTTCTCGCACA,T81K N185G Q405R Q416*,0.0682,0.0682,4,5
TGTATTAAAACCACTA,L32G D401C,0.0682,0.0682,4,5
TTAAGTTGATTCTACC,T48R D156T G277A E287G F446V,0.0682,0.0682,4,5
TTAATGAAACAAGGAC,V47N S60L I252L,0.0682,0.0682,4,5
TTAGGGCGAGAGGTAT,A25N T215S C385T,0.0682,0.0682,4,5
TTATAGCAAATTACTA,L35S D122V K126G M134L T377F,0.0682,0.0682,4,5
TTATCCTTAACAGGAA,G64K N178A H398P,0.0682,0.0682,4,5
TTGAATCAGCGTACAC,E17L H92Q I162T C463Y,0.0682,0.0682,4,5
TTGAGAACCAAAAAGG,G34N F446L,0.0682,0.0682,4,5
TTGGGCCAACCATTGC,V44* S269A,0.0682,0.0682,4,5
TTTTGAATAGAAGGTC,Y129F Q405R I445L,0.0682,0.0682,4,5
TTTTGAGCACTGGCAG,I21T S60L N90P L133F,0.0682,0.0682,4,5
AAAACAAAATCTGAAC,N79L D156W T274* E413V P464Q,0.0852,0.0852,4,4
AAAAGACATGGTTCTG,T87A L259* C477T,0.0852,0.0852,4,4
AAAAGATGAGTCGTTG,G34C Q218G G240I,0.0852,0.0852,4,4
AAAATTCACGTATCTA,F49L E100N K161G S199R S205*,0.0852,0.0852,4,4
AAACGCAAACCCTGTT,C364Y,0.0852,0.0852,4,4
AAACTAAAATACTCCA,F38L L46G E308V F316K,0.0852,0.0852,4,4
AAAGGTTCGATTAGAA,Q223W T281F,0.0852,0.0852,4,4
AAATAAGCAATTAAAA,M134E A173M L258C,0.0852,0.0852,4,4
AAATACAAAGATATGT,A25N,0.0852,0.0852,4,4
AAATCTAGATGAACCA,S138C W283A F293L,0.0852,0.0852,4,4
AAATGCCAGCGTAGCG,Q3G I213M C279M F309Y,0.0852,0.0852,4,4
AACAAAGCTAGTTGAA,L68S G277D,0.0852,0.0852,4,4
AACAGGGAGCGGATGT,L29R S476A,0.0852,0.0852,4,4
AACATTCTAGCTCGGA,P12M L35W H93R K425* G460W Y480K,0.0852,0.0852,4,4
AACGATGTCCACTCTT,Q69R H448I,0.0852,0.0852,4,4
AACGCGTACTATCAAC,E67K N74* F399L,0.0852,0.0852,4,4
AACGTGCTGAGAAGTC,L26M W264E,0.0852,0.0852,4,4
AAGAGCTCCACTCAAA,E100* T182L,0.0852,0.0852,4,4
AAGGCATTTATAGAAT,G197V P483S K488N,0.0852,0.0852,4,4
AATAAAGTGCATTAGC,N119D C279S,0.0852,0.0852,4,4
AATAAATTAGCTTAAA,S199W V450C R456G,0.0852,0.0852,4,4
AATAAGCCCAGAACAG,E72T L128N N365H,0.0852,0.0852,4,4
AATACGAAGATACTAG,N20K G64D G243I H305G,0.0852,0.0852,4,4
AATAGAATAATATTCG,I15N G64H I95Y I254R,0.0852,0.0852,4,4
AATGATCGACCGACAT,Y253K N295* H374Y,0.0852,0.0852,4,4
AATTTAACACATCGCA,A177Y N295I T412C,0.0852,0.0852,4,4
ACACTGGTCCAATTAG,Q3P R282D N470K,0.0852,0.0852,4,4
ACAGCTGCTAAGTAGT,N390S G424S S439R,0.0852,0.0852,4,4
ACGTAGGAATCCCTAC,,0.0852,0.0852,4,4
ACGTCACAAAATATCT,T6H N90M T274A Q348I,0.0852,0.0852,4,4
ACGTTTCTGCACCACA,L285Y E404T P466R,0.0852,0.0852,4,4
ACTACATATTTTACAA,G34M G102E F293E I337P,0.0852,0.0852,4,4
ACTCTATACTGAAAAC,Q223P G378S,0.0852,0.0852,4,4
ACTGCACCCTTAATAA,V164R S199Q H467E C475*,0.0852,0.0852,4,4
ACTGGGAATGTATCAC,S56P C180V Q232M,0.0852,0.0852,4,4
AGAAAAGCCCATAAGG,A30C M82S,0.0852,0.0852,4,4
AGAATGATGATCGGCA,I15A G54L H305G R422S V431T,0.0852,0.0852,4,4
AGACACCGTCACTACC,L220N T261C E303F L387M,0.0852,0.0852,4,4
AGATTGAATACAGAAC,G159S E228I S246N D273M,0.0852,0.0852,4,4
AGCCTCACGTGCGACA,V5A T106I Y129N L344T V450* S476Q,0.0852,0.0852,4,4
AGCGGTTACCAATGAA,N295I A297I Y363D,0.0852,0.0852,4,4
AGTACGTTAAAAAATC,Y66E T225F,0.0852,0.0852,4,4
AGTATATCAAACACAC,I4P,0.0852,0.0852,4,4
AGTTATATCGCCCAGG,N89T S135D N158S A297T,0.0852,0.0852,4,4
ATAACCAACATGGCAG,E17K,0.0852,0.0852,4,4
ATACAACCATAGTTGA,S27P A39T L61S K126V L428A,0.0852,0.0852,4,4
ATACATAACGTGAAAT,E228Y L290G I361M S400G,0.0852,0.0852,4,4
ATAGAACAAAGGAAAC,M153E L394T S462V,0.0852,0.0852,4,4
ATAGGCGTGCGCAAAT,N79* V183K,0.0852,0.0852,4,4
ATATGAGGGGGAACAT,S143* I252L V435M,0.0852,0.0852,4,4
ATATTCCTAAATTAAG,H179R I254T W264L T377Q C475T,0.0852,0.0852,4,4
ATGACCTTATGAAAAA,Y219A S389M,0.0852,0.0852,4,4
ATGCACGAAAAACATA,L107Q R468H,0.0852,0.0852,4,4
ATGCTTATTAAGCCCT,A39T S143I L280H A297L Q348T,0.0852,0.0852,4,4
ATGGTTGCAGCATCTG,M134L C155N Y278T,0.0852,0.0852,4,4
ATTAAACCGATTTCCA,S439I I445Y K465M,0.0852,0.0852,4,4
CAAAAGTAAAAACCGC,S163F A173K G186T Y200E H305I Y363M,0.0852,0.0852,4,4
CACACCGAATAACGAA,H124G M153S Y166V E404T,0.0852,0.0852,4,4
CACTCAAAGCCACTTA,H305Y Y363P F434*,0.0852,0.0852,4,4
CAGCGAGCTTTCGTTA,E72W N109R,0.0852,0.0852,4,4
CAGGACGAGACCAAAG,I458E,0.0852,0.0852,4,4
CATTCAGAGCAAGGTC,L220S R256L,0.0852,0.0852,4,4
CCACCGATACGAACTC,F233P W264*,0.0852,0.0852,4,4
CCCTCGCAGAAAGGGG,G45M,0.0852,0.0852,4,4
CCCTTTCTATAAGGCG,V164R A176F,0.0852,0.0852,4,4
CCGAACGCAGAATGAA,C385L V388S L479W,0.0852,0.0852,4,4
CCGATATCTCAGCCCC,H131W C292T,0.0852,0.0852,4,4
CCTCAACAAGCCATCG,Y66L I337S H374V T380Q,0.0852,0.0852,4,4
CCTCAGGAGTATGAGC,I4S H131W,0.0852,0.0852,4,4
CCTTATAGATACAATC,T139N T249I R314L K465C,0.0852,0.0852,4,4
CGAAAAATAACTCACG,C279L,0.0852,0.0852,4,4
CGACGAGTCCAAAACA,G2R,0.0852,0.0852,4,4
CGCTCAATGAGACAAG,F262P L313W A340D,0.0852,0.0852,4,4
CGTCCAATAATCAAAG,Q3K Q247Y I334L,0.0852,0.0852,4,4
CGTCTAAAACAGACCG,L26S D347K V435Y,0.0852,0.0852,4,4
CGTGGAGAAGCCAATC,L105G,0.0852,0.0852,4,4
CTCAACAACGCCTCAA,V164* F233N,0.0852,0.0852,4,4
CTGACCTGTTGCAGTA,C57S S143R Y200P,0.0852,0.0852,4,4
CTTATAACCTGGTGAC,I112N D273G R314F,0.0852,0.0852,4,4
GAAAACACTCACAAAT,K161V N167I R256V M351K,0.0852,0.0852,4,4
GAAACAACCTATACCA,N373F N409S,0.0852,0.0852,4,4
GAAACTAGTTACGCAC,W283I Q482E,0.0852,0.0852,4,4
GACCCTAGGAAGATCG,E151L Q165S,0.0852,0.0852,4,4
GACGGAAAATTATTAG,I95A N319S,0.0852,0.0852,4,4
GACGTCCATAAGATCT,L242I W283H L442P,0.0852,0.0852,4,4
GAGTTCTTCGGATGTG,I458N,0.0852,0.0852,4,4
GATTAAAATTGTATTG,K33T T40S K116S Q482S,0.0852,0.0852,4,4
GCATTGCCCCTTAGCA,E100*,0.0852,0.0852,4,4
GCCAACTTAAGACGTA,M194*,0.0852,0.0852,4,4
GCCTATGAAGTGTTAT,T6F R250Y N395Y,0.0852,0.0852,4,4
GCGCATACGGATTAGG,A176P I286Q C310Q,0.0852,0.0852,4,4
GCGTTAAAAACACATT,T48R,0.0852,0.0852,4,4
GCGTTAAGATATTACT,L35Q Y200K T265A Y371W,0.0852,0.0852,4,4
GCTACCTGGTGAATAA,L280Y K451E,0.0852,0.0852,4,4
GCTCTGATTATAACTA,I24N L50H M96F,0.0852,0.0852,4,4
GCTTCGAGGTGAAGGA,C118N,0.0852,0.0852,4,4
GGACAGGTCTTATTGA,L52V L220C E228I H471N,0.0852,0.0852,4,4
GGAGTATACAAACAAC,L128N H170N G277V K352S,0.0852,0.0852,4,4
GGATTATAAATATTGA,G34W I345L,0.0852,0.0852,4,4
GGCCCTCAAATTTAGA,T70R V97L A152D G378M,0.0852,0.0852,4,4
GTACCATGACTATCTC,L51Q C231L A343P T438I,0.0852,0.0852,4,4
GTAGACTGGGAGTAAG,S199G Y278*,0.0852,0.0852,4,4
GTAGCCCTAGATTAGA,M82N E228Y N353M,0.0852,0.0852,4,4
GTCACATACGTAGAAG,Q9* C180L C301P K384F,0.0852,0.0852,4,4
GTCACCTTCGGTCCCG,T106V F140Y H230I M472P,0.0852,0.0852,4,4
GTCCCAAAAGTACCCT,I222P F233V Q331M E396D,0.0852,0.0852,4,4
GTGGACGAAAACAAAC,A152F F233I V341I N373T,0.0852,0.0852,4,4
GTTAGTAGAACTAGAA,N390F,0.0852,0.0852,4,4
GTTGTTCATCTAATGT,L285Q,0.0852,0.0852,4,4
TAAAAATATCCGGCAT,F49V S171R K490V,0.0852,0.0852,4,4
TAAAATCAAGTTACAC,H230I G277D,0.0852,0.0852,4,4
TAAACATTCATATCCG,P383I,0.0852,0.0852,4,4
TAAATGCCAACTTTGT,G181R N365D,0.0852,0.0852,4,4
TAACCCCCAGCGGTGA,S246W,0.0852,0.0852,4,4
TACAGACATCCTTCAT,G197D W227Y F316V,0.0852,0.0852,4,4
TACCAGCCACAAAAAT,K33M H179T I239S,0.0852,0.0852,4,4
TACCCTTCTGTTAGCT,S143P L259P,0.0852,0.0852,4,4
TACGCATATATATTAT,F233P E329C K339L,0.0852,0.0852,4,4
TACGTTAGCCATAAAA,N302L P464W,0.0852,0.0852,4,4
TAGAACAACACCTTAT,C475L,0.0852,0.0852,4,4
TAGGACAAACAATATA,S205M S237M I403P,0.0852,0.0852,4,4
TAGTCCATCGCCCACG,L35A L285S,0.0852,0.0852,4,4
TATACAATACCTGATT,Y36C P145* L315N,0.0852,0.0852,4,4
TATCAACTGACGTACT,L280E,0.0852,0.0852,4,4
TATCATAAAAGTTCAA,N365R I411K,0.0852,0.0852,4,4
TATCCAGGTACACTCT,H179L I201C I323S,0.0852,0.0852,4,4
TATGTGTGCAAACTAC,E151* D357G,0.0852,0.0852,4,4
TATTAACTGTGATACC,V14A V65M Y66C D211L Y219G D311T,0.0852,0.0852,4,4
TCTATTCAATTATAGA,E100M A202G L326P,0.0852,0.0852,4,4
TCTCTCAGAAAAATTC,V65L V164Q N167S P238V L244S,0.0852,0.0852,4,4
TGACCGCTCACGACAC,Q3T,0.0852,0.0852,4,4
TGCCATGGTTGAGATC,K63R E151Y P238H P486C,0.0852,0.0852,4,4
TGGAAGTAAAAAGACG,Q3R K116I,0.0852,0.0852,4,4
TGTCCGACCGTTATGA,T58* V187S,0.0852,0.0852,4,4
TGTCTCAACGTAGCAA,C279Y S400G,0.0852,0.0852,4,4
TTAACATCAAGGACTA,P12Q L29M N89V K126M S163C S171N V341M,0.0852,0.0852,4,4
TTACGGCACGAGTCGA,I112Y N158F A176Y,0.0852,0.0852,4,4
TTAGCGCCAGAGCAAG,G54K R250C S333Y Y419A,0.0852,0.0852,4,4
TTCGCAGACCGCCCCA,Q149V F309T I443*,0.0852,0.0852,4,4
TTGACAAGAGGACCGT,K33I,0.0852,0.0852,4,4
TTTAGCGTCCTACGTA,F434I,0.0852,0.0852,4,4
TTTAGGCGGACTGTAC,V341M L447H,0.0852,0.0852,4,4
AAAAACCATAAAAATA,Y94T,0.1136,0.1136,4,3
AAAGAAACACCAACTA,F293D,0.1136,0.1136,4,3
AAAGAAGGCATTCGTC,D273G K327F T375C P383K,0.1136,0.1136,4,3
AAAGAATGCCACCCCG,E16G N79D,0.1136,0.1136,4,3
AAATATTGTTGTACCC,K33D,0.1136,0.1136,4,3
AAATTGAGAAGAGAAA,V187S D251G T281L,0.1136,0.1136,4,3
AAATTGCCAGATATAT,S333T T375L,0.1136,0.1136,4,3
AAATTGTAGGCCCTTT,S234T F293G,0.1136,0.1136,4,3
AACGTGGAGATATTAA,G2F C292F N319S,0.1136,0.1136,4,3
AAGACAAAGCTCATAA,L120E D432R,0.1136,0.1136,4,3
AAGAGCTGGCCAGGAA,F147G H179E I286T E421K,0.1136,0.1136,4,3
AATAAATAAGTGTCTG,T70W M359*,0.1136,0.1136,4,3
AATAGATAAACAAATC,E67H L168A G198C S267I,0.1136,0.1136,4,3
AATAGCAATTAGATCT,H92A Y363I S367I,0.1136,0.1136,4,3
AATCTGCGATAACTCG,,0.1136,0.1136,4,3
AATGAAACACGGAAGA,Q3H S169N G360V,0.1136,0.1136,4,3
AATGACAGAGGCTCGT,M96P N185D D408A,0.1136,0.1136,4,3
AATGACTTCACGCACT,T190I W370S,0.1136,0.1136,4,3
AATGGCAACTGCGCAT,L51R,0.1136,0.1136,4,3
AATTAAATCACATAAC,M96N M153W A297K Y419W L442P,0.1136,0.1136,4,3
AATTAATGACACCCAT,L107I I113K I137R T397N I452N,0.1136,0.1136,4,3
AATTACGCCAGGTTCA,I24M G64T H131Q Y200V L469S I474Y,0.1136,0.1136,4,3
AATTCAGATAGAGTAC,D156C D229A G277K K304L Q335G,0.1136,0.1136,4,3
AATTTATTAATGCCAA,L78T E307F K417P,0.1136,0.1136,4,3
ACAAGATGATAATATA,G42R S111V T249I D306N L344Q,0.1136,0.1136,4,3
ACAATAGAGATCAGTA,A39E D357L,0.1136,0.1136,4,3
ACACACTGATAATAAT,R55L Y166* I361M K417W E421W L449K,0.1136,0.1136,4,3
ACACTACTACGCCTTG,S205I N224I I358N Q405P I452D K465L,0.1136,0.1136,4,3
ACAGAAAACATTAAGT,L244Q N395H,0.1136,0.1136,4,3
ACAGGTGAAACACACA,C57L M75R L133H C155K R235T N302T A322Q I337T,0.1136,0.1136,4,3
ACATCCTTGTAAATAC,Q189M M194S I334R M359S,0.1136,0.1136,4,3
ACATTACCAAAAACAT,L52S H170S A328Y,0.1136,0.1136,4,3
ACCGATACAATGACCA,Q223D L242S S267K C475K,0.1136,0.1136,4,3
ACCGCCAATATGACAA,G34* D156V H230L,0.1136,0.1136,4,3
ACCGGACCTAGCAACA,I113M T438Y H467E,0.1136,0.1136,4,3
ACGGTCACGGGGAGAC,S205R I411A,0.1136,0.1136,4,3
ACTCCTTGCACCATGT,E76T T412N R468L,0.1136,0.1136,4,3
ACTCTTTATAAAGAGG,C53F E67K L78* T274S,0.1136,0.1136,4,3
ACTTTGCATGCATCAC,I4W H93Y E413M,0.1136,0.1136,4,3
AGACAACGCCGGGCAT,L52D E228I,0.1136,0.1136,4,3
AGAGGTCACAGATATA,T70* K126R,0.1136,0.1136,4,3
AGAGTCGAAATCTCTT,F233M T412K,0.1136,0.1136,4,3
AGATTGATTATCATTG,L68A E76D K88M F446L,0.1136,0.1136,4,3
AGATTTATGCTTGCGA,C53Y H354N,0.1136,0.1136,4,3
AGCCGCTAAATGAACC,L84F C231Y V485*,0.1136,0.1136,4,3
AGCTAAAACAAAGTGT,T81G E307F Q348L N365D,0.1136,0.1136,4,3
AGCTTTCCTCTACCAA,Q69P Y129W,0.1136,0.1136,4,3
AGGAATTTCTCACTAA,C53K E228A G277L,0.1136,0.1136,4,3
AGGGTAAACTGGACAG,V18W G206S A297C,0.1136,0.1136,4,3
AGTATAACCCAACATG,S85P L259F I286R A299G,0.1136,0.1136,4,3
AGTATTGCCAATAAAC,I254N L285P H305E,0.1136,0.1136,4,3
AGTCATGAAGTTTTTA,S85N H141M Y369K,0.1136,0.1136,4,3
AGTGTAGTCCATATCT,P238N A343W S400H K417L,0.1136,0.1136,4,3
ATAAAACGGGAACATA,A39T S199R T376Y L442W,0.1136,0.1136,4,3
ATAAAATATCAAAAGT,T190H D229G M414R V431A,0.1136,0.1136,4,3
ATAACTTAAATGATGG,S169L D175S I201L N295L,0.1136,0.1136,4,3
ATACCTCTTAGTGAAC,G54R Y66S E104R,0.1136,0.1136,4,3
ATACGCCAAGTAGAGT,C86R I162Q L428P,0.1136,0.1136,4,3
ATAGCGTCCTAATCAA,D229Y Q331S,0.1136,0.1136,4,3
ATAGGAAGTATTTTAA,L68A G186K G391V P464S,0.1136,0.1136,4,3
ATAGTAAAAAAGAAAG,K161I S205A I252L F399R,0.1136,0.1136,4,3
ATATAAACTCAATACT,L43R P83S E151A N395T G478A,0.1136,0.1136,4,3
ATATGCCAGACAACTC,I15H L107S L220M S234F,0.1136,0.1136,4,3
ATCAGTAGACTCTGTG,M1*,0.1136,0.1136,4,3
ATCCGCTCCTAACCTT,W196R I213G Y253E L315Q,0.1136,0.1136,4,3
ATCTCCACATAAATAA,L61S C180N I213W,0.1136,0.1136,4,3
ATGGAAACTCAATGCT,Y363S H467*,0.1136,0.1136,4,3
ATGTGAATGCATGCAT,W210R Y253A E307T L442K,0.1136,0.1136,4,3
ATTAACCTTAGTATAT,N37S T101D F117V N395S K425*,0.1136,0.1136,4,3
ATTACAAGACAAAAAG,S56G G260Q L285P,0.1136,0.1136,4,3
ATTAGGGGTACATGCG,M75W N99L I213V,0.1136,0.1136,4,3
ATTCCAGAAAATTAAA,R193* A297W,0.1136,0.1136,4,3
ATTCTGCTCTAACCAT,M19V L61E F309K E418M Y480*,0.1136,0.1136,4,3
ATTGAAGTAAGATATG,S199N C212S M351F T397M L479*,0.1136,0.1136,4,3
ATTGATAGTGCAAGTG,H457Q,0.1136,0.1136,4,3
ATTGATTGCCGTCAAT,N127T A328E,0.1136,0.1136,4,3
ATTTAAAGATAAATAG,V31L M194K,0.1136,0.1136,4,3
CACAATGAGAACACGG,C212R T376Y S476H,0.1136,0.1136,4,3
CACATTTTAAAAACGT,E104N C212L D401N,0.1136,0.1136,4,3
CACTGATTAGACCCTA,M82V S143N C155E E287A,0.1136,0.1136,4,3
CAGCATCTAGAAACCG,F316D S333L N470Y,0.1136,0.1136,4,3
CAGCGGAAAAGTAAAC,T6K,0.1136,0.1136,4,3
CAGCTTAGACAATGCA,L52Q Y166L Y480I,0.1136,0.1136,4,3
CAGGGGGTACGGAAAC,V183Y L242Y S246E M410P,0.1136,0.1136,4,3
CAGGTTGCAGGGCATC,A39G G186R,0.1136,0.1136,4,3
CATATTGTAACTATGA,M284S N346R,0.1136,0.1136,4,3
CATGTGCTGACTTGTT,Q416L,0.1136,0.1136,4,3
CATTCCTTGATCAACA,F38N W210F,0.1136,0.1136,4,3
CATTGCCCTTCAGAAA,E104V C463S,0.1136,0.1136,4,3
CCATGATGTTATTAAA,Y393N H398A R491A,0.1136,0.1136,4,3
CCATGTAATAGTATAA,N119M,0.1136,0.1136,4,3
CCCGGACTACGTATAC,I24V C86M D317S N346F E421L T454Y,0.1136,0.1136,4,3
CCGAAAATTAAAGACA,F8S S205F,0.1136,0.1136,4,3
CCTATAAAACGTAACA,H230P G271P,0.1136,0.1136,4,3
CCTTACTAGCAATAGA,L51* C86V,0.1136,0.1136,4,3
CCTTCTAAAAAACGTC,L61S C180N G424Y L469W V485Q,0.1136,0.1136,4,3
CGACACCTTTGGTGTT,I162K Q482R K488M,0.1136,0.1136,4,3
CGACTACGTTACAAAA,L73K H92L R207T,0.1136,0.1136,4,3
CGATGAACCTTGTCAC,H230A Y363T K481N,0.1136,0.1136,4,3
CGCAGGCACTGAACCC,C477E,0.1136,0.1136,4,3
CGCGGTAATGTATCCC,L372E E396L V485H,0.1136,0.1136,4,3
CGGCCATACATAAGTC,F49M N373F A407S,0.1136,0.1136,4,3
CGGGACCATTAAGGTC,N109S F434*,0.1136,0.1136,4,3
CGTGTACCCTTATAAA,G197R T215G Y278M L387G,0.1136,0.1136,4,3
CTAATCGATCCTCACT,L259W,0.1136,0.1136,4,3
CTACCTTCCCACAACG,M96H Y166P I201L S367V,0.1136,0.1136,4,3
CTAGTTGGTAAGAAAC,I213S S234V Y369V S400I,0.1136,0.1136,4,3
CTATCAAAGTCTGTAC,P83H D211A W283L E307S,0.1136,0.1136,4,3
CTATTTTAGGCTGTTT,L105W C155* H448S,0.1136,0.1136,4,3
CTCCGATTCCATAGCC,V47N S135V F157L I252C T261G,0.1136,0.1136,4,3
CTCTTGATTTCCACGA,G243*,0.1136,0.1136,4,3
CTGAAGTACTATAATA,F7Y G98F A152H,0.1136,0.1136,4,3
CTGGATAAGAACGAAA,C155P,0.1136,0.1136,4,3
CTGGCCATGCAGCTCC,R207N C310R I358T,0.1136,0.1136,4,3
CTTAAAAAATCATAAT,T108S Q165L,0.1136,0.1136,4,3
CTTATTTTTTCGTTTT,I15S L133S,0.1136,0.1136,4,3
GAAAACTGAAATAATG,G42V L479N,0.1136,0.1136,4,3
GAAGACAAAGCGTAGT,E72D A299N,0.1136,0.1136,4,3
GAATAATAGCAGTTCT,I334P P453T,0.1136,0.1136,4,3
GACATGTAAAGATTAT,G102S N119L F147C D204S I403Q L433C,0.1136,0.1136,4,3
GACGAATTTCCAACAC,W210L I252K N353K,0.1136,0.1136,4,3
GACGCATTAGATCGCT,D175* K272M C292A,0.1136,0.1136,4,3
GAGATGAACAAACCCA,I15R Q189R L242A I358F Q416W,0.1136,0.1136,4,3
GAGGAACTCTCATAAA,E16G I286H T380I,0.1136,0.1136,4,3
GAGGGGTGTTCCGCGT,F318L A328G S476D,0.1136,0.1136,4,3
GATAAGTAGATCCGGA,P236R Y441F,0.1136,0.1136,4,3
GATCACTATAGTCCTA,L73P D175F Y200H F233H D273V,0.1136,0.1136,4,3
GCAAAGTAAAACAAAA,L35F A177D E303Y L344A,0.1136,0.1136,4,3
GCAACTAGTTAAAAAT,,0.1136,0.1136,4,3
GCACCAAACCGAAACC,L394H I452V,0.1136,0.1136,4,3
GCAGCTCAGTTTAACA,G159D D357K G391Q,0.1136,0.1136,4,3
GCGGATATAACCTAAC,C279S L394H,0.1136,0.1136,4,3
GCTGACGAACGGATAC,C86S A297Q N338C,0.1136,0.1136,4,3
GGACGTTTTAAACTCC,L120* V485Q,0.1136,0.1136,4,3
GGAGTAATTTCTACCC,L285H,0.1136,0.1136,4,3
GGTGTCTGTTGTTAAT,H13V C180Y Y219F,0.1136,0.1136,4,3
GTAATCGTATGATCCA,G198F T249V D357H,0.1136,0.1136,4,3
GTACAAATAAGGCTAC,A184N T226I,0.1136,0.1136,4,3
GTATTTGAATCTAATA,S135K D229G,0.1136,0.1136,4,3
GTCTTCGATTTAAACT,D130C,0.1136,0.1136,4,3
GTTACAAACAGCAGTA,G174R N342* N395Y K488*,0.1136,0.1136,4,3
TAAAGATTCAGTTAAA,S91T C212L F434S,0.1136,0.1136,4,3
TAACAAAAAGTGCTAA,L120* Q149F,0.1136,0.1136,4,3
TAAGAAACCACTATAC,E104P Q416F,0.1136,0.1136,4,3
TAAGATATATCCCCCG,L107A,0.1136,0.1136,4,3
TAATAGACACAACGAT,N37S E307Y M312T,0.1136,0.1136,4,3
TAATCAACCTCAAAAG,A297T R491E,0.1136,0.1136,4,3
TAATCTCCAGAGATAT,N99L L242W R256V F399L,0.1136,0.1136,4,3
TAATTAGCAGCAGGAA,M75D G186I Q247K,0.1136,0.1136,4,3
TACAGTGGGAAACCTT,C118N P236R V450S,0.1136,0.1136,4,3
TAGCCCATTTTTACTC,S367*,0.1136,0.1136,4,3
TAGGATTGTTCACTTG,V65H A184E S255K N295P,0.1136,0.1136,4,3
TATATGTGCGGGTTAT,N20S E418L Q482*,0.1136,0.1136,4,3
TCAACATGAGTGTAAT,I24R T58L T438A,0.1136,0.1136,4,3
TCACACCGAGGAACAA,Y217G V487K,0.1136,0.1136,4,3
TCACATCTACTGGAAA,W386F K490Y,0.1136,0.1136,4,3
TCCAGCAGATTTGCCG,W283*,0.1136,0.1136,4,3
TCGAAGGAGCTAATTC,R282A K300E R325T A343M Y363W T426L,0.1136,0.1136,4,3
TCGAATTTGACCCGAT,G2N N99V N209A Q247N I252F,0.1136,0.1136,4,3
TCTATCACAGACATTA,F147N L242R L315*,0.1136,0.1136,4,3
TCTGCTGTTAAGTCTG,P83L,0.1136,0.1136,4,3
TGAACGCATTAACACA,L103F K425I L449S,0.1136,0.1136,4,3
TGACAACCTTGACAAT,G271E H354V C477V,0.1136,0.1136,4,3
TGCCAAAAAAAAGAAG,V187D,0.1136,0.1136,4,3
TGGGGTATCAGGACAT,C477R P483T,0.1136,0.1136,4,3
TGGTCGTCAAAGATCT,L442I K451P,0.1136,0.1136,4,3
TGTAACGAGACATTCT,L107S I345E,0.1136,0.1136,4,3
TGTATATTTTGCGTCC,Y219D G240Y H457*,0.1136,0.1136,4,3
TGTGCACAGTCATTTA,S91N A173C I254*,0.1136,0.1136,4,3
TGTTCATCATACACTT,V5F E67R P238R S246L M420K,0.1136,0.1136,4,3
TGTTGTCAAATCTGTT,V187S N390R C463T,0.1136,0.1136,4,3
TTAACCGTGGGACCAT,V44S L103T L142R V187S W489C,0.1136,0.1136,4,3
TTACGACTATATGTCT,Q149S T225S Q247L L313F C385V,0.1136,0.1136,4,3
TTACTGTTAATTCACA,V22F L203P Y217S I222A L242H H398M,0.1136,0.1136,4,3
TTAGCTTTACAAGATT,L46A D130C D251E F293M N390F,0.1136,0.1136,4,3
TTGTGCATAGTCACAC,F147L S154Y I345Y K461L,0.1136,0.1136,4,3
TTTGAGAAGTACATAA,T296I Y393I,0.1136,0.1136,4,3
AAAAAACCAGATCTGA,W210L T225Y,0.1704,0.1704,4,2
AAAACTAGTAATCTTT,V5S V11R A299M I403L,0.1704,0.1704,4,2
AAAAGTCGCTCTCCGA,Y219F D432L,0.1704,0.1704,4,2
AAACAAAACACGGGTT,L220R C231S,0.1704,0.1704,4,2
AAACAGAGGTACACTC,S269I L290* V435S,0.1704,0.1704,4,2
AAACCTAGATGTAGAA,G98R Q218E Y253G,0.1704,0.1704,4,2
AAACTCGTGACATAGC,L32T M134S N178M K272V H455L,0.1704,0.1704,4,2
AAAGATCGAAATACCC,L245N,0.1704,0.1704,4,2
AAAGCTCAGCTGTAAT,T87Q V431W H457A,0.1704,0.1704,4,2
AAATCATCCGAAGAAC,V47I S199L T215W,0.1704,0.1704,4,2
AAATCCATGACGACAT,F157I K417F,0.1704,0.1704,4,2
AAATGATCACACCAAA,N353C,0.1704,0.1704,4,2
AAATGTTCCTTCGTAG,L168* Y253S D357F,0.1704,0.1704,4,2
AACCGACATATAATTG,T40M Y62F E104A A123Q S169C S216F,0.1704,0.1704,4,2
AACCGCGCAAAATTTA,V14K K417H,0.1704,0.1704,4,2
AACGATTGAAACTATG,I24K,0.1704,0.1704,4,2
AACGGAATATATGAGT,I24S G186F S199A G271D L382S,0.1704,0.1704,4,2
AACTTGAAAATCAGCG,V97L N148H G208I R248* I411P,0.1704,0.1704,4,2
AAGCCACCCACAGAAG,G102E D130Q H141L E396Y,0.1704,0.1704,4,2
AATAGGCTACATTGAA,I213N G484L,0.1704,0.1704,4,2
AATCGCATGAAATCAA,L50H,0.1704,0.1704,4,2
AATGGACGCTCGGAAG,F7Q,0.1704,0.1704,4,2
AATGTGCTGAGTGCAG,D311V L469P,0.1704,0.1704,4,2
AATTACCACAATATTG,N37T S199T Q406*,0.1704,0.1704,4,2
ACACGTTTAACCTCCC,F49Q,0.1704,0.1704,4,2
ACAGCGGACCACCTGT,D204N W264P,0.1704,0.1704,4,2
ACAGCTGTCTGACGTA,G34* D273S,0.1704,0.1704,4,2
ACAGGCAAAAACCGGA,F140C Y363R Y371V,0.1704,0.1704,4,2
ACAGGGGTTAACGGGA,S462C,0.1704,0.1704,4,2
ACATCTCTACGCGGGA,V28S I337R I443T,0.1704,0.1704,4,2
ACATGGGACTCCAAAG,T58S A173V H467I,0.1704,0.1704,4,2
ACCACGTCCAAATCCC,M75G C310R,0.1704,0.1704,4,2
ACCAGTGTTCCACCAT,I4F L51Y H115T T139H F233L T261V,0.1704,0.1704,4,2
ACCATAGCTCTGAACA,E308Q Q405L D408R H457L,0.1704,0.1704,4,2
ACCATTTAAAAAGTTC,C57G S121L Y129H,0.1704,0.1704,4,2
ACCTTGTTAATTCATG,T6I P238Q,0.1704,0.1704,4,2
ACGAATACGAACTTTA,D311W,0.1704,0.1704,4,2
ACGATTCAAATAAGTA,G159R S255V L290W C301P Y441V G478F,0.1704,0.1704,4,2
ACGCAACATTTAGGAC,H93A F140Y A152P D306N,0.1704,0.1704,4,2
ACGTAGACCTTGACCT,A39D E289V,0.1704,0.1704,4,2
ACTATACAAACCGTTA,S138A S199L C231V,0.1704,0.1704,4,2
ACTTGCGGCAGAGAAT,V28L T70D C231H C301W,0.1704,0.1704,4,2
ACTTTCTGTTTATTAT,V22C D251Y Q335*,0.1704,0.1704,4,2
AGAAATCTGGGGGTAG,L142M I162M W196*,0.1704,0.1704,4,2
AGACAGACCTAACAAT,L68E,0.1704,0.1704,4,2
AGACCCTTTATCATCA,G2V N158R,0.1704,0.1704,4,2
AGATACAGAAATAAAA,C212T D432V,0.1704,0.1704,4,2
AGATATCCTACCAAAT,K425*,0.1704,0.1704,4,2
AGCATGCTGCATCACA,H467F,0.1704,0.1704,4,2
AGCCAAATTCTCAATC,L35W S163F,0.1704,0.1704,4,2
AGCGCATTTATGACGT,L46R H131E Y166H M332P N470E,0.1704,0.1704,4,2
AGCGCGCACCAAAGAT,W210M W227R S234A I334K D401F,0.1704,0.1704,4,2
AGCGTTATAAATAAGA,S27P A39T L61S K126V E287Y N295F H305V,0.1704,0.1704,4,2
AGGAACAATAAACTTG,N119S K417*,0.1704,0.1704,4,2
AGGACAAGATTATTAT,M1D Y278I,0.1704,0.1704,4,2
AGGGCTACTGATTGAT,L46S M82K H115V L220*,0.1704,0.1704,4,2
AGGTAACTCTTAAATT,Q324V P486*,0.1704,0.1704,4,2
AGTAAAGACCTTCACC,C231G L245H,0.1704,0.1704,4,2
AGTACCGCTGTGACAA,L78G I213N L349W R379F,0.1704,0.1704,4,2
AGTAGCAAAATTGGGA,L50S T106N Q223S G391F,0.1704,0.1704,4,2
AGTCGGATTAGGAAAA,H354L L469A,0.1704,0.1704,4,2
AGTTAGTACTTTAGTA,Y62S R248G A297P Y441T,0.1704,0.1704,4,2
ATAAGGACTAATTCAG,I24* S437L,0.1704,0.1704,4,2
ATACAAGCTGTCCCAC,G181R G271N H467N K481L,0.1704,0.1704,4,2
ATATATGCGCCATGCT,G54C N302Q,0.1704,0.1704,4,2
ATCACCTTAAAAAAAA,C41M Y217G Q406L,0.1704,0.1704,4,2
ATCACTGATAAATAAC,N37P E413A,0.1704,0.1704,4,2
ATGGTTTCTGTCACAT,V164E L266R,0.1704,0.1704,4,2
ATGTCAAGCCCAACTG,G98F L203N E308A Y371I L428R,0.1704,0.1704,4,2
ATGTCACATCCTTTTG,C212S,0.1704,0.1704,4,2
ATTAAAAAAGTGAAGA,S60W G391L V487A,0.1704,0.1704,4,2
ATTAGAAAGCGCCACA,A25S,0.1704,0.1704,4,2
ATTATCCATAAATATT,M1S I136R T182V I337H P383G,0.1704,0.1704,4,2
CAACACCCAAACCCAA,G198T I254H A330F,0.1704,0.1704,4,2
CAACGTGGGCATACTT,N158W Q165H,0.1704,0.1704,4,2
CAAGAAAAAAATATCA,V450R,0.1704,0.1704,4,2
CAAGGCTAATCCCATA,,0.1704,0.1704,4,2
CAATACAAGTAGATAG,M414S,0.1704,0.1704,4,2
CACAAAAACGAAAATA,E72S R235H W264P K327N,0.1704,0.1704,4,2
CACAACAGAGTGAGGC,H179W K339T I452*,0.1704,0.1704,4,2
CACAGATTTGTTTGGT,V44L T106R L133* R282K,0.1704,0.1704,4,2
CAGGACATTAAAAGAT,N295R,0.1704,0.1704,4,2
CAGTTGAGGAATACCA,Y219D L428P,0.1704,0.1704,4,2
CATCTGCAGTCATAGC,F191S A195S,0.1704,0.1704,4,2
CATGAATCAGAAACTA,H141L I162L C475F K481* K488D,0.1704,0.1704,4,2
CATTAAATAACGAGTT,G2N I213M N302L F318G S389L V459*,0.1704,0.1704,4,2
CCAAACTTTCAACATA,Y241S R379G,0.1704,0.1704,4,2
CCATATAAACAATGTA,I337D,0.1704,0.1704,4,2
CCCGAGGGATTAAACT,G34L W210G W264M,0.1704,0.1704,4,2
CCCTTCTTCACGGGAT,F140R,0.1704,0.1704,4,2
CCTAAACACCTATGTA,G34V F293* V459C P466T,0.1704,0.1704,4,2
CGAATCTATCAATCAC,W196G L244N V431Q V435M,0.1704,0.1704,4,2
CGAGTAATGGTGGACA,Y166L G276P W386C,0.1704,0.1704,4,2
CGCCCCCGAAACGCAT,L23G L35K,0.1704,0.1704,4,2
CGCGGGGGCTATGGCC,G2R,0.1704,0.1704,4,2
CGGGATATACAACAAT,N89D K125N Y480S,0.1704,0.1704,4,2
CGTAGTTGCTAATATG,F49L C86Y T377L,0.1704,0.1704,4,2
CGTGATCTAGGCCAAA,E16W I21L M153S V164R T274A L336R,0.1704,0.1704,4,2
CTAAAAGATCGCGTTT,G42S A132D G186W I334C N409I,0.1704,0.1704,4,2
CTAACATGAAAAACTA,M1* E418L T426L,0.1704,0.1704,4,2
CTAATGAAGCAGAGGC,N224L H305K C475I,0.1704,0.1704,4,2
CTAGCAATATCACACT,A340V L382Y,0.1704,0.1704,4,2
CTAGCACGCGCGAAAG,Q247A F316L T426E,0.1704,0.1704,4,2
CTCAAGCAGATAAACG,G45L N109P N209S Q232K C463R,0.1704,0.1704,4,2
CTCAGCATTACAGCAA,D311P N390M,0.1704,0.1704,4,2
CTGAAAGAATTGATGT,T40I S56K M134R V164S Y172D F233T G243A L394A E404Q,0.1704,0.1704,4,2
CTGAAGCCGGCCAATA,F399L F436L K465C,0.1704,0.1704,4,2
CTGCCAGATGCAAACA,Y172Q M214T P464S,0.1704,0.1704,4,2
CTGTTACTACACTGAT,N224T Y419K I443L,0.1704,0.1704,4,2
CTTTATTTCGTGAACG,I337T T380R Q405H,0.1704,0.1704,4,2
GAAAAGCGCGCCTGCA,C41W I112C E151K P383R G424Q,0.1704,0.1704,4,2
GAAATCAAAAAATTAA,E104H N209P A340C,0.1704,0.1704,4,2
GAACCTAGAAGCCAAT,K116I A299C C477Y,0.1704,0.1704,4,2
GACACAGCATCTCGAC,C364V,0.1704,0.1704,4,2
GACCAAACTGACGTCC,N109A N167A,0.1704,0.1704,4,2
GACGCAGATAGTGAGA,E303R E421*,0.1704,0.1704,4,2
GAGCAATCCAGAATAC,V14W W210V T215* E289L C364S D402Y I411V,0.1704,0.1704,4,2
GAGTAAACGCAATGTT,I144Q D311E,0.1704,0.1704,4,2
GATACTTCGATGACCA,M134C,0.1704,0.1704,4,2
GCAATAATACTTCTTA,L52P D175* M192* Y217K N353L,0.1704,0.1704,4,2
GCAGACGATCACCCTG,T182N Y419*,0.1704,0.1704,4,2
GCAGGAGACAATGCCC,R207A C231D M332C,0.1704,0.1704,4,2
GCATGAGGCCCGAATG,G174A N470P,0.1704,0.1704,4,2
GCCGGTCGTGCTATAA,S199I S205Q D347F,0.1704,0.1704,4,2
GCCTGAATAAATAAAA,M82W A176H K320M L469F,0.1704,0.1704,4,2
GCGATAAAGATACTCG,I15D R257W,0.1704,0.1704,4,2
GCGTTTTTGACGAAAC,A202R L245F,0.1704,0.1704,4,2
GCTCACAGGCACCTTT,Q218H Q331T,0.1704,0.1704,4,2
GCTTACATGGGTTAGA,L46P C118P D122V S199F G260S,0.1704,0.1704,4,2
GCTTAGAGAAGCCTCG,I4N G98S,0.1704,0.1704,4,2
GGAACTACAATACAGA,M1Y K339T,0.1704,0.1704,4,2
GGAGAAGCTAGAGGCA,N158P E307P,0.1704,0.1704,4,2
GGAGCCAGCCAGATCA,T101M A202N M410K,0.1704,0.1704,4,2
GGAGCGGTCAGCCCAT,T215I A299T K320Y S462F,0.1704,0.1704,4,2
GGCAGACATTAAACCT,N373*,0.1704,0.1704,4,2
GGCCAACACACCTTAC,L23T I112F Q189K,0.1704,0.1704,4,2
GGCTTTCTAACTACAT,L259P G277E,0.1704,0.1704,4,2
GGCTTTTCGATATCGA,C53* S205V N302S,0.1704,0.1704,4,2
GGGCGAAGATCCTTAA,L244N R257I T376S Y441*,0.1704,0.1704,4,2
GGTACTGCCTTTCTGA,S121I G208F Y363L,0.1704,0.1704,4,2
GGTCAGACTTTAGAAG,L220* G378E Y393Q,0.1704,0.1704,4,2
GTAAACTGACATCTAT,L68I D156Y E418M L433I,0.1704,0.1704,4,2
GTAAGAAGGTCGTACT,N79P,0.1704,0.1704,4,2
GTACCAGACAAAGCGA,D251S Y441L K465Y,0.1704,0.1704,4,2
GTACCCTGATATCATG,P383* L479D,0.1704,0.1704,4,2
GTAGCCCAATGCTTTT,L433R,0.1704,0.1704,4,2
GTCCTCATAATTTCAA,F318I,0.1704,0.1704,4,2
GTCGAAGAAGGAACGA,F157L G240D L280P H467I,0.1704,0.1704,4,2
GTGTCACATCCAGCCA,V97Y A152S I239Y N302V Y419S,0.1704,0.1704,4,2
GTGTCTAACGATGTAC,L142R A195I,0.1704,0.1704,4,2
GTTAGAAACAAAGCAA,E72L L103S L315R,0.1704,0.1704,4,2
GTTTACAGGAATAAAT,Q3L,0.1704,0.1704,4,2
GTTTAGTTCAAGAAAA,L73R,0.1704,0.1704,4,2
TAAACAAAGTGTGAAA,Q3* C301Y K368M S392R,0.1704,0.1704,4,2
TAAAGTAACCACTTGG,L35K E100I D156S I162E C212D Y480V,0.1704,0.1704,4,2
TAACCAGAACCACCGT,F233V C310K,0.1704,0.1704,4,2
TAACCTGGTGCTACCA,K465V,0.1704,0.1704,4,2
TAAGTATAAACAAAGG,S27I L428P,0.1704,0.1704,4,2
TAATAGATCTTAAACA,L71K H92R A299T,0.1704,0.1704,4,2
TAATCCTAAAGTTCAC,V44D,0.1704,0.1704,4,2
TAATGATGTAATTGTG,L142C T225I,0.1704,0.1704,4,2
TACCAGTCAAAGACTA,T48M S199P D408*,0.1704,0.1704,4,2
TACCCAAACGACTCCT,L133T C475V,0.1704,0.1704,4,2
TACCTGTTCCTATAAA,L51T,0.1704,0.1704,4,2
TACTACATTATACGTT,A299R D347R,0.1704,0.1704,4,2
TAGCAAATTATTAGCA,K339* A407F,0.1704,0.1704,4,2
TAGCAATCACAGAAAA,Q165R,0.1704,0.1704,4,2
TATAGCCCTCCCTCGA,K451C I458H,0.1704,0.1704,4,2
TATCAGTAGTGTCCCA,Y94P,0.1704,0.1704,4,2
TATCGACGCTATACCA,E307*,0.1704,0.1704,4,2
TATGGGCGTCATCACT,S60I E228H F318C,0.1704,0.1704,4,2
TCAAAATCACACAACT,A152S V435P,0.1704,0.1704,4,2
TCAAAATTAAGTACGC,H179T T412R S476N,0.1704,0.1704,4,2
TCAATCAGGTTTGTAG,L107D N346S,0.1704,0.1704,4,2
TCAGCCAAACCCCAAC,F293C,0.1704,0.1704,4,2
TCAGCGAGGGAGCACT,S163G I222R,0.1704,0.1704,4,2
TCATTTTATGGTGTAC,H230N L242T M312I Y366S,0.1704,0.1704,4,2
TCCAGAAAAATCTCGA,F8N L103P V183M T261L L372R V388M,0.1704,0.1704,4,2
TCCATGCAAACTTCCA,F49N,0.1704,0.1704,4,2
TCGGGTACCATTATCG,C301S,0.1704,0.1704,4,2
TCTAGGTCAAGTTATT,M153K L168Y L382A,0.1704,0.1704,4,2
TCTATAAACAATCCTG,A173* W227F D273H P486F,0.1704,0.1704,4,2
TCTATGTTTTTTGCAC,V14A K327C A407S,0.1704,0.1704,4,2
TCTGAAAACCCGCACG,L46F L73R,0.1704,0.1704,4,2
TCTGATTCCGTGTTAA,S85A S267N N395M L442H,0.1704,0.1704,4,2
TGAAGACCTGGCATTA,V14S,0.1704,0.1704,4,2
TGAAGGGCCCATCAAT,A299E N346L F440Q,0.1704,0.1704,4,2
TGAATAACAGTTCACC,A132I F191L R256P C301W,0.1704,0.1704,4,2
TGCCCGAGTCAAACCC,Y166D A330C S400I,0.1704,0.1704,4,2
TGGCCGATACTAATTA,L29A W196G Y393K,0.1704,0.1704,4,2
TGTAATCGAAACCAAG,R193I S199C H354Q,0.1704,0.1704,4,2
TGTATCTCGAAAAAAT,I15N M82L,0.1704,0.1704,4,2
TGTCTTCGAAGAACAG,N158D K161D I252K L285P,0.1704,0.1704,4,2
TGTTTGACCGATCCCT,T48S T59L Q149F Y371N,0.1704,0.1704,4,2
TTAAACGCTTTACGCC,T6M H131D Y200R F293T L344M Y363L,0.1704,0.1704,4,2
TTAATCCAAGGGACAC,S56M I239D E270K V298P,0.1704,0.1704,4,2
TTCAAATGACGACGTT,G174I W386K,0.1704,0.1704,4,2
TTCCAGCCATTACCGC,G2V D306S,0.1704,0.1704,4,2
TTCCTGAGGTTGTAAT,C463S,0.1704,0.1704,4,2
TTCGTTGTGAATCAGG,L266F A407Y L428*,0.1704,0.1704,4,2
TTGAAAGACGTACCTA,S135N,0.1704,0.1704,4,2
TTGATAGCCGTGGACC,T40W N295Y C477E,0.1704,0.1704,4,2
TTTACAAAGCTACATA,L168T E308M I361P K465C W489S,0.1704,0.1704,4,2
TTTAGATTGTCATAAA,L188S P236C V485G,0.1704,0.1704,4,2
TTTCGCTTGGTACCTT,S27I N114S A340G I350Q,0.1704,0.1704,4,2
TTTTTCCTCGGTTAGA,I112S K161G K490F,0.1704,0.1704,4,2
TTTTTCGATAGTCAAT,V44K T215S I286Q M410E,0.1704,0.1704,4,2
TTTTTTACGAGCGACA,H467L W489*,0.1704,0.1704,4,2
AAAAACGACGCAGTCG,R193*,0.3408,0.3408,4,1
AAAAATACCCACGAGT,Y393L,0.3408,0.3408,4,1
AAAAATGTGGTTATAA,L128C T226N V388A,0.3408,0.3408,4,1
AAAACCTCTCCCCCGG,L103T S205Y G277V E307L,0.3408,0.3408,4,1
AAAAGACGTCACATGT,S154N V431P,0.3408,0.3408,4,1
AAACAGAGAAATCAAA,I24R N79T,0.3408,0.3408,4,1
AAAGACATTGTGGTAA,E16K A184I D432C,0.3408,0.3408,4,1
AAAGCGGATATGCTAG,T40L S138N N178L T296S K368*,0.3408,0.3408,4,1
AAAGCTAAGTACACGA,K63V G260V M351V K384L,0.3408,0.3408,4,1
AAATAAACCTTGAAGA,L84M N90L F316Q,0.3408,0.3408,4,1
AAATATTACGGGGGTA,F318K,0.3408,0.3408,4,1
AAATGCAGCCAATAGA,M1D,0.3408,0.3408,4,1
AAATTAAGGCACACCT,I403S K461L,0.3408,0.3408,4,1
AAATTGCCTACAATCG,W386A,0.3408,0.3408,4,1
AACAAAGCTTGTTTCT,N37R N209A V450H,0.3408,0.3408,4,1
AACACATCGTCCCCGT,Y66L N114H K125C W264* Q416R,0.3408,0.3408,4,1
AACATCACACTATAGG,C180S D306E K352M,0.3408,0.3408,4,1
AACCAAATGCATATGT,Y66L Q189K N395T K451L,0.3408,0.3408,4,1
AACCACCTCCATCTGT,Q3P M19* G174L,0.3408,0.3408,4,1
AACGAATGCCCCTAAT,H13L R257K T281S A322N,0.3408,0.3408,4,1
AACGCGATGGAGATAT,E76H S205F M214K I443E,0.3408,0.3408,4,1
AAGAAATGATCGGAGC,N346I,0.3408,0.3408,4,1
AAGAACCGATTAAATA,L51A N209T L259R S444T C477F,0.3408,0.3408,4,1
AAGCTCATGTTGAGAC,T58N,0.3408,0.3408,4,1
AAGTTCCATCTTAGGG,E303S S389T,0.3408,0.3408,4,1
AATAAAAGGGTGAAGG,L73N,0.3408,0.3408,4,1
AATACCTTAGCACCAT,V18E A30I G198C T397S T438A,0.3408,0.3408,4,1
AATAGGAACAATACCA,C41M F140A Y371I L394G,0.3408,0.3408,4,1
AATCAACGTATAGTAA,E308L Y393F,0.3408,0.3408,4,1
AATGAGGGTTATTTGA,S85I W370*,0.3408,0.3408,4,1
AATTTTGATTTATAAG,A322D F436K,0.3408,0.3408,4,1
ACACGAGCTGCACCAA,N20A Y253F,0.3408,0.3408,4,1
ACAGTTATTACATAGA,Y66M F157I E396D,0.3408,0.3408,4,1
ACATCCAAGATTCTCT,M75V T139F N178M D401H,0.3408,0.3408,4,1
ACATTATTAACCCTAC,N99M N167K W196K Y253N I474N,0.3408,0.3408,4,1
ACCCTGTAAGAGTACC,W264E G294A,0.3408,0.3408,4,1
ACCTATGTCAGAAAAG,Y369M N390P,0.3408,0.3408,4,1
ACGACAGCCCATAACC,N20W T58E R356F N395L,0.3408,0.3408,4,1
ACGACTAATACCTTAA,L46G H124* R257K T376Y,0.3408,0.3408,4,1
ACTTAGATAACCGACT,N390A,0.3408,0.3408,4,1
AGAATCGCTATTCAAA,L133W Q149E I222S K300*,0.3408,0.3408,4,1
AGAGGTTCAAAAGTTT,R55P G198S,0.3408,0.3408,4,1
AGATCTCAAATGATCC,A202T V435M,0.3408,0.3408,4,1
AGCCCCTGCTAGAACG,E10S G208C L259R D402G G429L,0.3408,0.3408,4,1
AGCTTCCCTGACTAAC,M75S G198S H455D,0.3408,0.3408,4,1
AGCTTGAACAACAAAC,K63I R193Q,0.3408,0.3408,4,1
AGGGAAAAATAACAAA,G2P W264L,0.3408,0.3408,4,1
AGTCATTGCGCTATCA,T81Y N295F,0.3408,0.3408,4,1
AGTGAATAGAAGGTTA,S27H M80V,0.3408,0.3408,4,1
AGTTGACGCAACAATC,I162W D306K,0.3408,0.3408,4,1
ATAACAAGCTCCAATA,V28G C155H L259G T296R P427S,0.3408,0.3408,4,1
ATAACAGACAATAGCA,S234Y Q247G,0.3408,0.3408,4,1
ATAACGAGTTGATGGT,C155L,0.3408,0.3408,4,1
ATACAAGCTGCTAAGC,S143M I213Q H305L Q331L K451V M472L,0.3408,0.3408,4,1
ATACACACAAATCCCA,K33Y I144V I201N,0.3408,0.3408,4,1
ATAGCGCTGGAATGCC,P12S L107E G198S I201M R248G K490L,0.3408,0.3408,4,1
ATATGAAATGTTAGAT,I144K Y200* L344S Y363V S462D,0.3408,0.3408,4,1
ATATTAGAAAAATAGG,V298D S333K,0.3408,0.3408,4,1
ATCCCACCCCTACCAT,I136P H179F,0.3408,0.3408,4,1
ATCCTATCCGTTTTTG,L51T D130V M284R H455F,0.3408,0.3408,4,1
ATCGCCGTATTTTCAC,M1* S91E S111A M134R E228R,0.3408,0.3408,4,1
ATCTAAACCTAAATCC,A152G R325S K461* K490W,0.3408,0.3408,4,1
ATCTATTTGTTACCAG,Y66R,0.3408,0.3408,4,1
ATGAACAATAATATCA,N20V S237*,0.3408,0.3408,4,1
ATGAGTTTACTCCAGA,F8* I21K S171E E228S R325S,0.3408,0.3408,4,1
ATGCAGCGATCAGAAA,M192Y,0.3408,0.3408,4,1
ATGGATCTCCTCTTAT,G240L Y393G G460I,0.3408,0.3408,4,1
ATGTCTGAATATACTT,N295F D357N,0.3408,0.3408,4,1
ATGTTAAACACCAGCG,V47I L203K D306G,0.3408,0.3408,4,1
ATGTTATCCACGTGAC,M1R Q218S P238S I252* T412A,0.3408,0.3408,4,1
ATTAAGAAAATGCATA,L84P I458L H471C,0.3408,0.3408,4,1
ATTCGTTCAAAAGGTG,I213C T377F L382F,0.3408,0.3408,4,1
ATTGACAGAGAAGAAC,I15N I136K S237T,0.3408,0.3408,4,1
ATTGAGCAGTGGGGCT,T225Q R422V,0.3408,0.3408,4,1
CAAAAAATCAACGACA,S163E L203K D311Y,0.3408,0.3408,4,1
CAAAGCGGCCAACTGT,L51V I144R G174F W227S G243S W386* F399G,0.3408,0.3408,4,1
CAACAGGCCTGTTTCA,N99T W210R T225C S367I,0.3408,0.3408,4,1
CAACCACTAAGCAATC,E16A V44K N346S Y369L,0.3408,0.3408,4,1
CAAGCTTGTGTTTCTT,T106K G277R Q335M,0.3408,0.3408,4,1
CACAAATGAAAAACTA,N99G T139G A177G S437G C475Y,0.3408,0.3408,4,1
CACACCGAGAGTCCCC,I4V L107* C155Y Y200P I337T H448K H467P,0.3408,0.3408,4,1
CACACCGATTCGGAAA,C53I W264M Y363F N395K,0.3408,0.3408,4,1
CACATAATGCAGGACT,G181E L315D,0.3408,0.3408,4,1
CATCACAGTTTATCCA,R282V Y363P,0.3408,0.3408,4,1
CATTGTAAGGGACGTA,C41G S91K P145H Y172G M194S T274P,0.3408,0.3408,4,1
CCAAACTAATTGGTTA,T77N K339R R422A K488E,0.3408,0.3408,4,1
CCATGGACCAAGCTGC,F191V Y217M,0.3408,0.3408,4,1
CCCTGGACGGCTACCG,V65A N90V S267N E287V F318V P453W,0.3408,0.3408,4,1
CCGAGCAATAAATGCC,A195L C231Y L242M T296L N390Q,0.3408,0.3408,4,1
CCGATGTTTTACTATT,V11* R193S I213Y V450L,0.3408,0.3408,4,1
CCGTATACGTATGCGG,K33L S85R,0.3408,0.3408,4,1
CCTAAAAGATCTTAAG,I4R N319G,0.3408,0.3408,4,1
CCTACGTACTTAATAC,G64C T249A N373W,0.3408,0.3408,4,1
CCTATAAGACAAAATC,A299S L415K,0.3408,0.3408,4,1
CCTCGAAAAAACCTTT,F7M M359K,0.3408,0.3408,4,1
CGAATAGATACCTACG,L50M T110L I162M Y166R A343I D408S,0.3408,0.3408,4,1
CGAATTGTACCTGTAC,L280S,0.3408,0.3408,4,1
CGACGAGTCCGATAAA,N146C S246R M284L L326A,0.3408,0.3408,4,1
CGAGGGTCTAACTATT,G98M A123H,0.3408,0.3408,4,1
CGCTACTGTAAATTGC,H141K F147L E308A R468T,0.3408,0.3408,4,1
CGGCTCCAAGCCCCGG,C385L D408I,0.3408,0.3408,4,1
CGGTAACCCATAGCGC,F191W C292P E307C C364F P486I,0.3408,0.3408,4,1
CGGTTACTAAAGAGCT,V28W M194R C212F G277V K304R I361D,0.3408,0.3408,4,1
CGGTTCCTAACACTTT,I4F V97G N119M E404W,0.3408,0.3408,4,1
CGTGAGGTCGGATATG,T81L L415R,0.3408,0.3408,4,1
CGTTAACCCAACAGAA,Q348V R422A G478D,0.3408,0.3408,4,1
CTACATCACAACTTTG,S163L L258W W283C,0.3408,0.3408,4,1
CTACCAAAGCCTAACT,F7G A25Q T261N R379G,0.3408,0.3408,4,1
CTATAATCAGCATCCA,M134L M312T K451L,0.3408,0.3408,4,1
CTATCCACTATTAATT,R55I G64V T70A H455K,0.3408,0.3408,4,1
CTGATCATTAAACATT,K291Q I445N T454F,0.3408,0.3408,4,1
CTGCGATAAGTATCAC,K161L L242Y P466L G484V,0.3408,0.3408,4,1
CTGCTGCAACTCCGCA,V183R A330V N390I Q423H,0.3408,0.3408,4,1
CTTACCATACACCCCT,C475I,0.3408,0.3408,4,1
CTTCCCGTAAACAACT,E17G E396*,0.3408,0.3408,4,1
CTTTACAACAAAACCA,S85C N127I D273G D347E T412L,0.3408,0.3408,4,1
GAAACGTTGCTACTTT,D130I Q247A G271D G478I,0.3408,0.3408,4,1
GAAAGGCCAAGATGCC,E72K D251K,0.3408,0.3408,4,1
GAACATAAACCCACTA,D229C K272* A343L C463A,0.3408,0.3408,4,1
GAACTATGGTTCAAGA,L107T S367A I403E,0.3408,0.3408,4,1
GAATCAAATTGGCTAT,L46N,0.3408,0.3408,4,1
GAATGAAAATAACCCC,I286F K425E S437C,0.3408,0.3408,4,1
GACATTATGTTTACAC,L73D L258T,0.3408,0.3408,4,1
GACTTCCCATTGAGAG,M312Y G360T,0.3408,0.3408,4,1
GAGCATACATTTAAAT,V5F I15H N346G,0.3408,0.3408,4,1
GATTTCTAATGTCTTG,L51* C301V Y441C S444G H448R K451G R456G K461G S462G K465G H467R R468G S476G Y480C K481R K488R K490R,0.3408,0.3408,4,1
GCACAAATCGGCCGAG,T225V L372F,0.3408,0.3408,4,1
GCATGAGAGTGATCAC,L336*,0.3408,0.3408,4,1
GCCCACATGTAATTCA,Y94A Y172W P362W,0.3408,0.3408,4,1
GCCGGAAACTACTGTG,H115R N224S I252L I286P V485G,0.3408,0.3408,4,1
GCCTAGCAAGATCACC,S91N C118G F309* C475H,0.3408,0.3408,4,1
GCGGGGATATTCGTAT,T6M S234P V298T W386H,0.3408,0.3408,4,1
GCTACCTATTTCAAGA,L51* T101N L133I Q189V,0.3408,0.3408,4,1
GGAAGCGGAAAATTTG,H398G,0.3408,0.3408,4,1
GGACTGGTTGACATAA,R256D P466F,0.3408,0.3408,4,1
GGAGATTCTCCAACAC,D130W C475A,0.3408,0.3408,4,1
GGATGCGAATTAAAGA,T70M M134I T274F R314V I337L S476D,0.3408,0.3408,4,1
GGCAAAAAATAAGGCA,C212E,0.3408,0.3408,4,1
GGCATAAATAGACCCT,,0.3408,0.3408,4,1
GGGACATACCAACCAG,C180R S216D,0.3408,0.3408,4,1
GGGCAAGTCACAATAT,D432S,0.3408,0.3408,4,1
GGTACACTCTTATCCA,M1R L73P T77V Q247E M410I,0.3408,0.3408,4,1
GTAAATCGACCGCACG,L50N N114S P453V,0.3408,0.3408,4,1
GTCATCTCTACAATCT,F147S F440E,0.3408,0.3408,4,1
GTCCCTACCAATAATT,G181P L220V K272M A322T,0.3408,0.3408,4,1
GTGAACATATTATACG,Q189F H354R N390H V450P,0.3408,0.3408,4,1
GTGCCAGTAAATGTAC,P362K,0.3408,0.3408,4,1
GTTAAATTTTTACGTC,A322V C364F,0.3408,0.3408,4,1
GTTACGTAGGCCTACT,Q3S K33F L285M M312I S444M,0.3408,0.3408,4,1
GTTATCCGTACACTCA,A202V,0.3408,0.3408,4,1
TAAAAGCGACTGCTAA,Q189R S267L M312T F446S,0.3408,0.3408,4,1
TAAACCACCTTCTGTT,C41K D122N S135A,0.3408,0.3408,4,1
TAAATAAACTTTAAAG,V11M K384F,0.3408,0.3408,4,1
TAAATATCTTGTATCC,N79L L133H K304C,0.3408,0.3408,4,1
TAACAACCTGCTTCAC,C118G A202G N373G Q416R,0.3408,0.3408,4,1
TAACCCATGAACCGGA,T48N Y62V L280R C475L,0.3408,0.3408,4,1
TAACCGCCTCAAAGAA,L32* C86Q I162L C180M L258V,0.3408,0.3408,4,1
TAATCCTCAATATGAA,V164E S389G,0.3408,0.3408,4,1
TACAAAATAGTTTATA,V97Q L168N I213W,0.3408,0.3408,4,1
TACCAGCCCCTACATT,C155T,0.3408,0.3408,4,1
TACCGACACGCTTAAG,E76S F147W L203K L242V T274V Y419S,0.3408,0.3408,4,1
TACGATCCGAGTGAAG,E10A W196R,0.3408,0.3408,4,1
TACTATGATGAAGGCC,C86L S237* V459*,0.3408,0.3408,4,1
TACTCATACATAACTA,E396K,0.3408,0.3408,4,1
TACTGTATCAATACTT,S85K,0.3408,0.3408,4,1
TAGGACTTCCACTCAG,F7T Q165A S444R,0.3408,0.3408,4,1
TAGTTCGCATGTTAAT,L107T L133P F157M I337E P362R,0.3408,0.3408,4,1
TATACATCGCGTCACC,T296K I337S N373S,0.3408,0.3408,4,1
TATCAGTGTTCTGATA,M1L M472E,0.3408,0.3408,4,1
TATCTAAAGCCTGAAA,H93A T101N T225S T274R D357L,0.3408,0.3408,4,1
TATGAGAAGGCAAATT,N37L S121I M192L Y393P,0.3408,0.3408,4,1
TATGCGTCCGGCACCC,Y166Q G240S M420P K465*,0.3408,0.3408,4,1
TCCGGGACTCCACCCA,C292S,0.3408,0.3408,4,1
TCCTAGGTGCCCAGCC,Q3G V22M I24-,0.3408,0.3408,4,1
TCCTTAGTCCCAACCA,L258R G424I,0.3408,0.3408,4,1
TCTCCATAATGAAGAA,K272H P427L,0.3408,0.3408,4,1
TCTGAACAAAATTATA,I162D N167L A184* A195S I239K,0.3408,0.3408,4,1
TCTGTAACCGACCCGC,P236T C279L,0.3408,0.3408,4,1
TCTTGCTTCCTAATTC,N109* A173E T296P,0.3408,0.3408,4,1
TGAAAAAATATAACTA,L430Y W489S,0.3408,0.3408,4,1
TGAACTAACTGAAAGA,Y66W M214R I334M W489*,0.3408,0.3408,4,1
TGAATGAAATAGCAGT,Y94G N119I N146K G277K N409A H471L,0.3408,0.3408,4,1
TGACTTTCATAAAGTC,I24M S138E N409I,0.3408,0.3408,4,1
TGAGCGCTAGAACTAG,D311T,0.3408,0.3408,4,1
TGATGTCAAACTACTT,M19N M75I,0.3408,0.3408,4,1
TGTGTAATATTTACAG,Y419P,0.3408,0.3408,4,1
TTAATAGGAGACAAGA,T58Y K125L R207L A407L,0.3408,0.3408,4,1
TTAATTACCGATTACG,G54R T81E K461M,0.3408,0.3408,4,1
TTCCAAGCCATATCCG,M1G I144L K161M W196P K481S,0.3408,0.3408,4,1
TTCTAGGGATCGATCT,R235Q N302L,0.3408,0.3408,4,1
TTGATACGTCATTGTA,N114L L313Q,0.3408,0.3408,4,1
TTGATTCTTAAACTGA,G260W M332Y V435S,0.3408,0.3408,4,1
TTGGATTTGGGAATGC,V5D T87P W210I,0.3408,0.3408,4,1
TTGTGTCGCTAGTAAC,V341K K465A,0.3408,0.3408,4,1
TTTGGAATAATAACCA,L259Q,0.3408,0.3408,4,1
TTTTAGTGGTCGAAAC,,0.3408,0.3408,4,1
AAAACGTGGCTAAAGT,E228L S234*,1.0000,inf,4,0
AAAATTGCATTCAAGG,H92L T182F K465*,1.0000,inf,4,0
AAAGATTTGCCTGATA,L285W,1.0000,inf,4,0
AAATTAAGATTCACCG,Y369T K490E,1.0000,inf,4,0
AAGAATAGATACTGAT,G98S L105E A177T P486R,1.0000,inf,4,0
AAGGGCACGGCAGATA,A152S Q416H F446Y,1.0000,inf,4,0
AAGTCTGAGCTAGCAT,C86V Y129L I137Y A299S,1.0000,inf,4,0
AATTAACATCAACGTA,G98K C231S,1.0000,inf,4,0
ACCGCTACAGAATATA,G271Y D402E H455P,1.0000,inf,4,0
ACCTTCTATGCTGGTA,V14M N470A,1.0000,inf,4,0
ACTACTTCCCACAAAT,S27H S56K N158T K327T,1.0000,inf,4,0
AGATTAAATATCAGTC,L103H M284T W370C S381*,1.0000,inf,4,0
AGCGCGGATTTTATTC,E76Y F399G G484C,1.0000,inf,4,0
AGCGGAAATATTCAGA,H179R H305* S392R,1.0000,inf,4,0
AGGAGACAGCCGGCAT,S154L T215Y L285S,1.0000,inf,4,0
AGTTCCAACAAACCCT,L242P P453F,1.0000,inf,4,0
ATAAAGGAGATACTCT,M80V Y129* K339S,1.0000,inf,4,0
ATAAAGGGGCAAAGTA,A184C S267* K368G,1.0000,inf,4,0
ATAATGCCTCTGCAAG,G54F L61T L103F T412I,1.0000,inf,4,0
ATACAACTCCCTTTTG,L103S A177S,1.0000,inf,4,0
ATAGTGAGTTTTTAGA,N89F K291Q K384S,1.0000,inf,4,0
ATATGTCGTAACCAAT,S199P T226R M312K,1.0000,inf,4,0
ATCAAGTCATGTTTTA,N37* T182I W283R K291P K465Y,1.0000,inf,4,0
ATCCAAAAGTCAAATC,A176P Q232M A297E,1.0000,inf,4,0
ATCGCAATACCATGTT,L68Y P236T,1.0000,inf,4,0
ATTACCCTTTGTGTTA,D156P,1.0000,inf,4,0
ATTGCATTAAAGCGTA,Y66T Y219L R456L,1.0000,inf,4,0
CAAATAGTAGTCAAAA,L107* N209V S381C K490N,1.0000,inf,4,0
CAACTTCATATAGTCC,V65T Q324P L344M,1.0000,inf,4,0
CACCGTAAAGCTTCGC,T87H S199R F293S C301W,1.0000,inf,4,0
CAGTAAAACCCCATAA,K126N S439K R468L,1.0000,inf,4,0
CATCAATCTGCCTGCA,I4A I213W,1.0000,inf,4,0
CCACGAAGCCAAACAA,L259C P427M F446T K490L,1.0000,inf,4,0
CCGACGGAAACTCAAA,R193D N209F D317H,1.0000,inf,4,0
CGTATAACCCAAGACC,E303K G391D Y393T *492L,1.0000,inf,4,0
CTCCCGCATTTCCTAG,S56N L430H,1.0000,inf,4,0
CTTTCAACCAAATCAA,G102L A297S K352M,1.0000,inf,4,0
GAACTTATTATTTTCA,V97P C180H,1.0000,inf,4,0
GACAATTAGTCGAGAA,Y62M P464L,1.0000,inf,4,0
GAGATGATAAACTCGT,L84R,1.0000,inf,4,0
GAGTTAGGCAACCTAT,C475S W489S,1.0000,inf,4,0
GATATCAGCAGAACTA,P12V I254K,1.0000,inf,4,0
GATGAAAGAGTGTACA,L23P M284E,1.0000,inf,4,0
GCAAATTCGTACATTA,K352R N353G,1.0000,inf,4,0
GCATTCTAGGGCGCAC,G186F I458C,1.0000,inf,4,0
GCTCAAAAAAAACTCG,D311T H374Q,1.0000,inf,4,0
GCTTCCCAAGCGGTGA,Y172L K352W,1.0000,inf,4,0
GGCCATATTGGTTCGC,G186N L259I G378W S439E G473S,1.0000,inf,4,0
GGCTTCTCAGCCCTTG,S169L D251S C292N,1.0000,inf,4,0
GTAGCTTGAATAGAAT,V44E M284T R379S,1.0000,inf,4,0
TAAATCCGGACACACC,H398Q H467D,1.0000,inf,4,0
TAACTACACTACTGCT,T58R C364F F434S,1.0000,inf,4,0
TACATTGGGAAATCCC,C364Y N390*,1.0000,inf,4,0
TATACCACTAAGGCAA,V97G N158T L245*,1.0000,inf,4,0
TATTTGAGACGCCTTT,Y200K T263G A407F,1.0000,inf,4,0
TCAAAGGACTCGTTGA,S216R P275S T426K,1.0000,inf,4,0
TCCTGAGCACTTGAAA,S85C L120R M153I L220C I334N,1.0000,inf,4,0
TCTAAAATTTACTACT,T58*,1.0000,inf,4,0
TCTCTGCTAATTATCA,G54I G102V W196*,1.0000,inf,4,0
TGAGACGATGCGGAAT,A173P N365R,1.0000,inf,4,0
TGCCTTCATATCACCA,C41Y Y66K V341M,1.0000,inf,4,0
TTACCCACAGAAGAAA,L394D D402M,1.0000,inf,4,0
TTATATTTTGATACCA,F436N,1.0000,inf,4,0
TTATTGATGTGCCGAA,H13K A25Y L68W,1.0000,inf,4,0
TTTGAGTTTCTTCACC,W227Y L259A K339M,1.0000,inf,4,0
TTTGCAACTTATTCGT,N90H H230M G460F,1.0000,inf,4,0
TTTTGTGCGAAAAAGA,L46R T81V P145L L344Y Q406A H467G,1.0000,inf,4,0
AAAATAACTAACAAAA,T225N,0.0001,0.0001,3,2123
TGACATTCGTATTCTC,,0.0001,0.0001,3,2020
TTCAACTTGAGTTCTG,,0.0001,0.0001,3,1972
AGACCGAGAAAATCCT,Y62L,0.0002,0.0002,3,1671
GATAAACAGATGACAC,,0.0002,0.0002,3,1597
TGCCCACTATCGTGTG,S267Y,0.0002,0.0002,3,1594
TTCTACGCACCATCAA,N114T,0.0002,0.0002,3,1590
ATAGTACGGACCAATT,,0.0002,0.0002,3,1524
GATATGTAATACGGTT,,0.0002,0.0002,3,1490
CCAGGCCTAAGCAGGC,V31L,0.0002,0.0002,3,1479
AACCACGGATTCCGAA,,0.0002,0.0002,3,1470
CAATACTACTTAAAAA,,0.0002,0.0002,3,1462
AGATACAGAAGTAGAT,C155L I411F,0.0002,0.0002,3,1454
CACGGAAAGCAAAAAC,F147M,0.0002,0.0002,3,1443
TTCTTGAGGACTTCAT,,0.0002,0.0002,3,1437
ACTCCATGGCCCATCT,,0.0002,0.0002,3,1418
AGAAATTACGGTTTCG,F140V,0.0002,0.0002,3,1395
TGGAGTTTGCTCACGA,F140I,0.0002,0.0002,3,1341
AAATATATAAATGTCG,,0.0002,0.0002,3,1334
ACTCCAAACAGACTGA,A177T V341T V485M,0.0002,0.0002,3,1327
TATAACCAAAAGTAAC,W196L,0.0002,0.0002,3,1307
AGGAAATAAACAGGAT,,0.0002,0.0002,3,1289
CACGACCTTTACGCAA,W283M,0.0002,0.0002,3,1289
TCGGAAATATATCTCA,W283S,0.0002,0.0002,3,1272
AGAGACTGCTGAACTG,H471K,0.0002,0.0002,3,1259
TTGGTTGTTCCTAACG,V65M A132T W227L,0.0002,0.0002,3,1256
CTCGAAAGTGATCGCA,G208T,0.0002,0.0002,3,1246
TAATGCCATGGCAAAA,H179L,0.0002,0.0002,3,1239
TTTTTGTTAACCCGAG,R207K,0.0002,0.0002,3,1238
TTTCGGATTATTACCA,M472S,0.0002,0.0002,3,1236
AACTCACTGTAAAAGC,,0.0002,0.0002,3,1232
TCACGAACAACATTAA,,0.0002,0.0002,3,1219
AATCATAACTCAAACA,G98Y G360N,0.0002,0.0002,3,1210
TTTGTATGAAATACTG,K161A,0.0002,0.0002,3,1205
CCACCGTATAAGTTAG,L442F,0.0002,0.0002,3,1194
ATCACCCTATATCTAT,S389L,0.0002,0.0002,3,1186
TAAGGCAGTTATACCA,E421S,0.0002,0.0002,3,1158
ACAATATGACCTGGGT,,0.0002,0.0002,3,1145
AATTAGATAAGCGGAA,V28L E67S K481E,0.0002,0.0002,3,1139
CAACCGCCCTCTGTGT,Q189T,0.0002,0.0002,3,1119
ATTCATTCGCCTGGAA,D273R,0.0002,0.0002,3,1109
TCAAACACAGCCTTCT,,0.0002,0.0002,3,1093
CCATACTAACCACCTA,D156N D273G,0.0002,0.0002,3,1090
CAAACTTAGACCAGAA,,0.0002,0.0002,3,1087
CATAACCGAGTTTTAC,E67D Q321A S389R,0.0002,0.0002,3,1085
ACGTTCAACGATTCAA,,0.0002,0.0002,3,1080
TTAAGATTCAACACCT,,0.0002,0.0002,3,1078
CCCATCCATCATCGAA,Q223A Y278L G391C E421A,0.0002,0.0002,3,1070
GAGTAACGAATACAGG,G198C,0.0002,0.0002,3,1069
GACCATAGAGCTTTCG,,0.0002,0.0002,3,1068
GTGAACGGTTGATCAT,,0.0002,0.0002,3,1066
TATACTTAAGATTTAA,,0.0002,0.0002,3,1060
TCAAGAATCACTACTA,K126I,0.0002,0.0002,3,1060
GAAGATACTTAGACTC,,0.0002,0.0002,3,1058
CGAATCCGACTACGCA,,0.0002,0.0002,3,1055
CACGAATAAGCAAAGT,I201L K272G,0.0002,0.0002,3,1052
ATCTGGCAATAAAAAA,N167M W210R L479K,0.0002,0.0002,3,1038
CAACTTTGCCCAAATA,A184S,0.0002,0.0002,3,1032
TTAACTACACAAATTT,G98R A297D,0.0002,0.0002,3,1031
ATCACAGAAAAGGCTA,Q247K,0.0002,0.0002,3,1028
ATAGTATGCGAGTCTT,A176S,0.0003,0.0003,3,1022
GTGAGACTAAACATTT,E307T,0.0003,0.0003,3,1019
AGATTATGCATTAGAT,,0.0003,0.0003,3,1015
CACAAAAAAGTATCAA,E76Y K339D N409S,0.0003,0.0003,3,1012
TATTGATGAGAAATAG,A132G N158S,0.0003,0.0003,3,1012
GTAGTAACGCCAAAAA,D357N,0.0003,0.0003,3,1009
CCATATAGTGACACGG,,0.0003,0.0003,3,1005
TTACCAAGGGACGAAA,L32I A39R A330F,0.0003,0.0003,3,1005
CGAATAGAGAACCCTA,,0.0003,0.0003,3,996
AAAATGAGCGTATAAT,,0.0003,0.0003,3,994
GAACGAGACATGACGC,,0.0003,0.0003,3,992
GTAGGCTTGTAATATA,G271A,0.0003,0.0003,3,988
CGAGTAAAGGAAACTG,I112A K339N,0.0003,0.0003,3,980
TGCCTCCATATCCTTT,,0.0003,0.0003,3,978
TCAGATAGTAGGAAAG,,0.0003,0.0003,3,977
AAGAATAATGCTTATA,,0.0003,0.0003,3,976
TCAGCCGTTGATAATT,,0.0003,0.0003,3,971
AGTTGGAATCAGAAAA,P483M,0.0003,0.0003,3,970
TAGGTTTCAAATTACC,K63R D130A S169T Q482R,0.0003,0.0003,3,969
AAGCATTGTTTATAAA,N90D T101S,0.0003,0.0003,3,960
ACACCTTCTATATAAT,,0.0003,0.0003,3,959
ACCCCACTCCCTAGAA,H170M,0.0003,0.0003,3,957
GAACCCAGGACCGCAC,A177F,0.0003,0.0003,3,927
TCCCTGGCACTCATTA,N158Q G186V,0.0003,0.0003,3,927
CATTCTAAGTTCAAGA,,0.0003,0.0003,3,917
TTCTACACTATAAGCG,R379G,0.0003,0.0003,3,908
CGGTTTCCCACCTGCC,T274F S389T,0.0003,0.0003,3,901
TTTACATTGTGAAACC,L188G,0.0003,0.0003,3,894
AGCAATTCCAACTAAA,,0.0003,0.0003,3,892
TTTTACTCAAACAGAC,L336V,0.0003,0.0003,3,892
TCCGTTCTATAGATAA,N409W,0.0003,0.0003,3,891
CCGCTAAAAGTTAGCC,D357G,0.0003,0.0003,3,882
GGCATCAACCATAAAC,T274I,0.0003,0.0003,3,881
GTCCTGCGTATCCTTA,F233C,0.0003,0.0003,3,878
CGATTACCCAATTATA,S85Y,0.0003,0.0003,3,876
ACACGAACAAATCGCA,,0.0003,0.0003,3,870
GTCCAAGTCCTATATC,,0.0003,0.0003,3,870
AAGGGCTAAGAAAGTG,T110A,0.0003,0.0003,3,869
TATCCAATTCAGGCGC,V47S M194T,0.0003,0.0003,3,868
AAAGCTGAGGACACCC,T182R Y253I D408S,0.0003,0.0003,3,864
CAGAATCTGATGGAAA,G159H,0.0003,0.0003,3,858
TGAAACTCTAACTAGT,T426L,0.0003,0.0003,3,854
GACATTAGTTCATTCC,,0.0003,0.0003,3,849
GTTGATGGGTCAACTA,F157M G206D M472R G484H,0.0003,0.0003,3,849
GGGGAAGCATTGAGTA,N90H T101S A288N,0.0003,0.0003,3,847
AACTGTGCTAAAGCCC,M153C D273M A328I,0.0003,0.0003,3,842
ATGTAAATGACCCCTT,E100W,0.0003,0.0003,3,840
AGCTACAATATGCAAA,G64D,0.0003,0.0003,3,839
AGGGCTACCTAGTTCC,,0.0003,0.0003,3,839
GAGATACGCCTACTAA,,0.0003,0.0003,3,839
ATTCTACAACCGTAGA,T296L,0.0003,0.0003,3,838
CAAATTCTTCCGATAT,M192G,0.0003,0.0003,3,837
TCGTGCGCCCTCGAAC,,0.0003,0.0003,3,833
TAGATTTGGCATACGC,,0.0003,0.0003,3,829
GAATCCCAAGCGTAAA,H131L T249G,0.0003,0.0003,3,828
TAACCATAAAATTAAG,,0.0003,0.0003,3,825
GTGTCATTCCGAGAAT,,0.0003,0.0003,3,822
ATGATATAGTAGACAA,N90G,0.0003,0.0003,3,819
CCCCGAGTTATCATAA,D156S S400H,0.0003,0.0003,3,818
TCCAATTTTCGGATAT,G186R,0.0003,0.0003,3,816
ACCAACAACTAGCGTG,,0.0003,0.0003,3,812
AGGCTATGACCCGTAT,,0.0003,0.0003,3,810
TTTAAAACCAGAGGGG,Q149R,0.0003,0.0003,3,810
TAAGACTAAGTGAATA,I345F,0.0003,0.0003,3,809
CCGAAGCCCTTAAAAT,A39T,0.0003,0.0003,3,806
AAAGAGCCAGATAAAG,F140V,0.0003,0.0003,3,801
TAACGATTATTTAAGT,S135C,0.0003,0.0003,3,801
AAATTCGATCCTATTA,R491T,0.0003,0.0003,3,795
TATACTAGCAGATAAA,,0.0003,0.0003,3,794
CCTTTCAGATAACAGC,,0.0003,0.0003,3,788
GTAGAAACCCAAGATT,K327C,0.0003,0.0003,3,787
TTACAAGCAGTCAAGT,,0.0003,0.0003,3,787
AATGAAAACAAAAATC,L50N H170L,0.0003,0.0003,3,786
TCGGTGCTACTACGTC,,0.0003,0.0003,3,784
TCAAGTGAACATAATC,G391L,0.0003,0.0003,3,775
CTGGAATCCTGTCTCA,S205T,0.0003,0.0003,3,769
ATACTAGGTCCCGCGG,S60G,0.0003,0.0003,3,765
GATCTAATTCAACCAA,,0.0003,0.0003,3,764
TCTGTGTCTTTGGTTA,Y363T P486S,0.0003,0.0003,3,764
CAACAGTAAAATGTTG,K488W,0.0003,0.0003,3,763
GCACTCTCTATAAATT,,0.0003,0.0003,3,757
CCTCCTCGTCGAGCAG,,0.0003,0.0003,3,756
TTAAAATTTGTAGTAG,L133F,0.0003,0.0003,3,755
AGGTACGCCCTGATTG,,0.0003,0.0003,3,751
TCACTAATAACACAAA,,0.0003,0.0003,3,751
AAATATGATCTAAAGC,V44A G208E,0.0003,0.0003,3,745
CGAAAAAGACGCACCC,N90I,0.0003,0.0003,3,745
TCTATCATGGTAAACT,,0.0003,0.0003,3,745
CAGTATAGTCTCTAAC,D175G Y200L K272R M420F,0.0003,0.0003,3,741
ATACTTCGCCGACTTA,,0.0003,0.0003,3,739
ATTTGAGAAATAGTAG,Q218S,0.0003,0.0003,3,735
CAGCATAAAACTAACG,Y200L,0.0003,0.0003,3,733
TTACATTTACAAAACA,Y36W E67G,0.0003,0.0003,3,731
ATTGAAAATCGGTAGT,S269G,0.0004,0.0004,3,718
GTACGTCCAACCAGGT,,0.0004,0.0004,3,718
TGAAAGGAGCACTCCT,L32I,0.0004,0.0004,3,717
AACATGTTTGGATAGG,K88L,0.0004,0.0004,3,716
GTCCATTCGCCCTTGG,,0.0004,0.0004,3,715
AAAGTACATATAAAAC,,0.0004,0.0004,3,705
TATAACAACCTTTAAA,,0.0004,0.0004,3,705
AAATGCAAGAGGTTCA,N99Y,0.0004,0.0004,3,704
ACAAATTGGCTAGTAA,,0.0004,0.0004,3,704
GAAAATAAGGAATGAA,,0.0004,0.0004,3,703
ATTCGAAACTGTTTCA,,0.0004,0.0004,3,702
CAGGTCCTTTAAAATC,,0.0004,0.0004,3,701
CAGTGGTCGGTGTATC,,0.0004,0.0004,3,699
GTGCGTACAGAAGCAC,L51T K451R,0.0004,0.0004,3,698
GAGCTTAGTGGTATCC,E67S K352F,0.0004,0.0004,3,697
TCGGTGAATCATAATA,I286L L349Q,0.0004,0.0004,3,697
TAGGTTTATAAATCCC,N74S,0.0004,0.0004,3,688
GACAGCGAATATGGGG,,0.0004,0.0004,3,687
CATGCAACATTCACGA,,0.0004,0.0004,3,685
GTACATATAGATTGAA,E228G S269K,0.0004,0.0004,3,685
TGTCAACATAACAAAG,D229Y M472A,0.0004,0.0004,3,685
AATTGAATACCCAGAA,D211G,0.0004,0.0004,3,676
GTCGACTAGACCAGAA,H374Q,0.0004,0.0004,3,672
TACCCCAGCATATCAG,A123S,0.0004,0.0004,3,671
ATAAAAACCATGTAAA,N158K A202N,0.0004,0.0004,3,669
TGAACTCGCTTTAGAA,H131L L326M S462L,0.0004,0.0004,3,669
TCCGAAACGCTCATAA,Y200T,0.0004,0.0004,3,664
GCCACAACTATAAGTG,V44A G198W,0.0004,0.0004,3,663
ATCAATCTTGCTAGAG,S389F,0.0004,0.0004,3,662
TTAATCAAGCCTAAAC,K126M N390F,0.0004,0.0004,3,662
TATCAAGGCGCTTACC,L35F G206S N390H,0.0004,0.0004,3,659
TCAATTCGGGTGAAAC,,0.0004,0.0004,3,654
ACCTTATATAACACAG,E228D R248Q,0.0004,0.0004,3,653
AATTTCCTAAATAACA,L203Y F440L,0.0004,0.0004,3,651
ACTTAAAATTGGTAAA,S60R V459P,0.0004,0.0004,3,651
AATATCTATATATTCT,T226L,0.0004,0.0004,3,650
TATTACGCAGATCTTT,,0.0004,0.0004,3,649
ATTCATAAACTATTAA,F262N M332Y I411F,0.0004,0.0004,3,646
GTCGTACATATAAAGA,E307D,0.0004,0.0004,3,646
GAACATATAATTCCAC,L128N M134H,0.0004,0.0004,3,645
ACTTAGATGCATAAAA,F233S,0.0004,0.0004,3,644
CTAAATGATTTAAATT,,0.0004,0.0004,3,643
AACATTTAAGTCATCG,,0.0004,0.0004,3,642
AATGGAATGCATCTTT,L52W,0.0004,0.0004,3,642
AAACCCCCCTCCACTG,,0.0004,0.0004,3,641
GGCAAGTTAATATATT,,0.0004,0.0004,3,637
GTAGAACTCAGGAAAA,K352Q I358L,0.0004,0.0004,3,637
ATATTCAGCACTAGCA,I136W I252S V341N,0.0004,0.0004,3,634
ATTGCAGGTGTTGCGA,T110R E287V,0.0004,0.0004,3,634
GCAATATCCTATGATA,G484Y,0.0004,0.0004,3,634
GTCTAAAAATGCTCTC,I334L,0.0004,0.0004,3,633
TGTATGTTCATACATG,W227D V388M,0.0004,0.0004,3,633
CGTGAGTAGAGACTAT,E76I,0.0004,0.0004,3,631
ACTTTTGAGTTAAAGG,,0.0004,0.0004,3,627
GGATCAATATCCATCT,,0.0004,0.0004,3,627
GGTCACTCTCAAAACA,,0.0004,0.0004,3,627
TGCAGCTTGTAACAAC,,0.0004,0.0004,3,627
AAAATTTCTGACTGAC,V5A E307F,0.0004,0.0004,3,626
GGTGTCCTATAAATAA,M80P,0.0004,0.0004,3,626
AGACCAAGGCATACCG,,0.0004,0.0004,3,621
TGTTTTTATTTAAGCG,H13N D156V,0.0004,0.0004,3,618
ACAAAAGATGTTTCGT,T48L,0.0004,0.0004,3,617
CTACCCGTAATGTAAG,V187I D268F,0.0004,0.0004,3,615
TCTAATTGATAACAAC,L372I,0.0004,0.0004,3,610
GTTTAACACACTTAAA,,0.0004,0.0004,3,609
AATAAGTATTCCAGAA,R193V,0.0004,0.0004,3,607
CTCGTGGCTGCTGGTC,R379T V450T,0.0004,0.0004,3,603
AATTTAAACTTACTCT,,0.0004,0.0004,3,602
AGAAAAGAATGTATGG,M332Y,0.0004,0.0004,3,602
AGCCCGATAGGTTGAA,,0.0004,0.0004,3,602
ATCTGTAGCATCCCCG,,0.0004,0.0004,3,601
CCCGCAATTAGCCGAC,,0.0004,0.0004,3,601
CATTTACATTGAGCAT,Q149F,0.0004,0.0004,3,599
CCCAGATCTAATCGCT,G271Y,0.0004,0.0004,3,595
AACGACCTTAAGAATA,D229A,0.0004,0.0004,3,593
AATAATTCATAGCAGG,H13Q G197D S333L,0.0004,0.0004,3,593
CACCTTTCCAAAGTAC,,0.0004,0.0004,3,590
TGTGCCTTATAGCTTA,,0.0004,0.0004,3,590
TCTACTGGCAGGGCAA,G181T,0.0004,0.0004,3,587
TCGGTACAGCCTTCGC,L428V,0.0004,0.0004,3,586
AACGAGTACTTAAGAT,,0.0004,0.0004,3,585
AAAATTTACACATACA,F49Q,0.0004,0.0004,3,583
GCCATAAAGCGTGTAA,,0.0004,0.0004,3,582
AACATACTCGGCCTCC,L242A H374S I458K K481N,0.0004,0.0004,3,581
TTATGAGTAACGTGAT,,0.0004,0.0004,3,575
TCTAATGCAGAAGCTT,N185S E307D,0.0004,0.0004,3,572
TTTGGCCTGTGGACTG,D156Y,0.0004,0.0004,3,572
ATACATACTACTCGTG,,0.0004,0.0004,3,571
ACATAGAAACGAAAAT,S85C D273Y,0.0004,0.0004,3,569
CCATATGAAAGAGTCA,T249P,0.0004,0.0004,3,569
CGCTACAATCCAAAAT,D204C,0.0004,0.0004,3,568
TAACAAGCAACAAGAA,N148L,0.0005,0.0005,3,566
ACCATACATTTGCATA,E151F R379A,0.0005,0.0005,3,563
ACCAACTACGAACCCC,S169G,0.0005,0.0005,3,562
AGAACCCATGTATCGA,T274G,0.0005,0.0005,3,561
CAATCACTTACTTATA,S255V,0.0005,0.0005,3,561
CTACGAAGTATCCACA,L245A,0.0005,0.0005,3,561
GTAAACCACTTATTAT,E76S L442A,0.0005,0.0005,3,561
TCCTTGAAAATAAGCT,N158K,0.0005,0.0005,3,560
AATGCTTGATGAACAC,I113M,0.0005,0.0005,3,559
GCATACTTAACTCGCA,H170L,0.0005,0.0005,3,559
AGTGCACAATCAAAGG,Y172T A177I Y200S,0.0005,0.0005,3,557
AAATCACTGCAATTAT,G271D,0.0005,0.0005,3,555
AATGGGAATAAATTTG,,0.0005,0.0005,3,555
GCTGACCTCTCTTTCT,,0.0005,0.0005,3,555
AATCCAGGAAAATTAT,,0.0005,0.0005,3,551
ATAGATTCAAATAAAT,Q223M,0.0005,0.0005,3,551
ATATGTTAAATCTAAA,G54S,0.0005,0.0005,3,550
GATCGGAAGATAAGCC,N79K,0.0005,0.0005,3,550
AAACAAAATGTGAATT,N224K,0.0005,0.0005,3,548
TATACATTTTCCTGGT,S255R K481Y,0.0005,0.0005,3,547
AACAGGTATCAGAAGC,,0.0005,0.0005,3,546
CAAATCCCAAAGAATG,L68M H179V G186A,0.0005,0.0005,3,546
TAACAGTACCCGATTG,M19I G198W,0.0005,0.0005,3,546
CACAGAACTTAATTAG,,0.0005,0.0005,3,544
AGGAATATGAGTAAAC,H374S,0.0005,0.0005,3,542
TTAACTTCGTTTACCA,,0.0005,0.0005,3,542
ATTGACACAGGATAGA,,0.0005,0.0005,3,541
AGAGAATCACAGCTAA,D408L,0.0005,0.0005,3,540
AGTACAACCAGCGCAG,,0.0005,0.0005,3,540
TTTAAGGTAATTGACA,V18L Y278H,0.0005,0.0005,3,538
TACCTTGAAATACAAA,,0.0005,0.0005,3,537
TGAAAAAACAAGGCAA,M75T,0.0005,0.0005,3,536
GATTGGATTTCAGTAT,,0.0005,0.0005,3,533
TAGAGAAGAAGAGTCA,T182S,0.0005,0.0005,3,533
GGCGTGTAATAGACTA,N209D,0.0005,0.0005,3,529
TTAACCCGATCAGCTC,M284L,0.0005,0.0005,3,529
AATTGCTGCCGCTTGA,,0.0005,0.0005,3,528
CAAATGATGAATAGCC,,0.0005,0.0005,3,524
CAATTACTCAACTAAA,S246L,0.0005,0.0005,3,524
TGACGATCGAAAACCA,,0.0005,0.0005,3,524
ACCAAAAGGCCGACGT,T59A L107F,0.0005,0.0005,3,522
CTCGACAATGTGAGAT,,0.0005,0.0005,3,519
GAGCTCCTTGTAACGC,D204T,0.0005,0.0005,3,519
CCTGAAGAGAGCGCCT,,0.0005,0.0005,3,516
CATCTGAGACCTTCTC,Y172I,0.0005,0.0005,3,514
TTCAATATAATGGTAT,Q416H,0.0005,0.0005,3,514
CGCACCCCCCTCCATA,,0.0005,0.0005,3,512
ATGAGAACCGGGGATT,L61S,0.0005,0.0005,3,511
GACATTCCTAATACGT,L266D,0.0005,0.0005,3,509
TAAAAGTCTACCATCT,M96L,0.0005,0.0005,3,505
GAACGACATCAACTTA,T261Q S392H,0.0005,0.0005,3,504
GGGATACGATATTAGA,S60R,0.0005,0.0005,3,504
CCACTTGTTGTCGAAC,Q331N,0.0005,0.0005,3,503
CGCTTACTCATGAAGA,V28L K490M,0.0005,0.0005,3,503
AAAGCACCGGGCATGA,H179A,0.0005,0.0005,3,502
ACGCCACAAGTATACC,Q189L,0.0005,0.0005,3,499
ACAGTTGACTCATTCT,,0.0005,0.0005,3,498
GTAGTGGAACCAATAC,,0.0005,0.0005,3,498
TAAAGGCAAGAGACTC,M312L,0.0005,0.0005,3,497
TGATAAATGACAGATT,M75L,0.0005,0.0005,3,497
AATAGATGCTCCGGGC,A202G,0.0005,0.0005,3,495
CGCACGAATGATAAGA,Y62H I337L,0.0005,0.0005,3,495
GCGCTCATTCTAAATA,D204N,0.0005,0.0005,3,495
GTTCTAATCGTCACAA,,0.0005,0.0005,3,494
ACTTAGAAATCATGAT,G478R,0.0005,0.0005,3,491
CAAATCTACCTGAACC,S171I,0.0005,0.0005,3,491
ATAGCTATCTACAAAG,K352T,0.0005,0.0005,3,490
ATGATAAATAGCGAAA,T296W,0.0005,0.0005,3,486
TCCAAGAAATCATAGG,,0.0005,0.0005,3,485
CAGATCAAACGCAGAA,K327W,0.0005,0.0005,3,484
CACACGAACCGCAAGA,G174R,0.0005,0.0005,3,483
GCCAAGGCTGAACTCT,N90R,0.0005,0.0005,3,481
CAATAACTGCTGGGTT,K481A,0.0005,0.0005,3,480
CGGGACTGCAACCAAA,S267G W489*,0.0005,0.0005,3,480
GCGGTACAAACCCCAA,F38S Q165E K304R,0.0005,0.0005,3,480
AGATCCTAAAATAATC,V5E,0.0005,0.0005,3,478
GAAGTATTTTTGAAAA,R325T,0.0005,0.0005,3,478
TGCTGCCGTTTGGGTC,,0.0005,0.0005,3,477
AGTAGATTCTTGTAAA,,0.0005,0.0005,3,476
GCCAGATGGCTGTTAA,T263H,0.0005,0.0005,3,476
CCAACCATGTGAACAA,V97Y L449S,0.0005,0.0005,3,475
TCAGATTAGAATAGTG,,0.0005,0.0005,3,474
TCCACATAGGATACGC,F233N,0.0005,0.0005,3,474
AGAATGCTAGGAAGCT,H13E M284A,0.0005,0.0005,3,473
CAGATACCTAGTGTTA,T59L,0.0005,0.0005,3,472
GTAGCAAATTTCTAAG,C86V,0.0005,0.0005,3,471
TATGATAACAAAAGAG,,0.0005,0.0005,3,471
ATTAAAGTACCTAAAC,M420G,0.0005,0.0005,3,469
ATTGACTATCGCGATT,,0.0005,0.0005,3,469
AATGTGGCTCACCAAT,S60K,0.0005,0.0005,3,467
CATAATCATGCCCAGA,R207S A330W,0.0005,0.0005,3,467
CTCTGTAAGTTTCCCC,F8V A173W,0.0005,0.0005,3,467
ATTACAGGTGTTGCAC,L394V,0.0005,0.0005,3,466
GAGGCTTTCTCCCGGG,,0.0005,0.0005,3,466
AACTAAACGAATGAAC,,0.0005,0.0005,3,465
ACTGTGTCAGTTGTTT,,0.0005,0.0005,3,465
ATAAGGAACGTAAATT,W210R T375I,0.0005,0.0005,3,465
GGAGATCAGAAAATTA,,0.0005,0.0005,3,465
CGCCTATCTACCCATA,,0.0006,0.0006,3,464
AGACTAAATCAGTCTC,L51V M214H R248S,0.0006,0.0006,3,462
TGAGGTGAAACTTATC,N74Q,0.0006,0.0006,3,462
CCTAATGACTTTGGCC,V388S A407C,0.0006,0.0006,3,460
TACAACCAGTGTATTA,K272L,0.0006,0.0006,3,460
AACTTATATAAGAGGC,T375L,0.0006,0.0006,3,457
CACTTAAAAGTAACTA,Q149L,0.0006,0.0006,3,456
TACCGCCAACCCACAC,L52M,0.0006,0.0006,3,456
TTCACTTAATATAAGC,N409L L433S I474F,0.0006,0.0006,3,456
TGCAGAAATCTTCAGA,T263P,0.0006,0.0006,3,455
GGTCCTGTGGTGCGGA,Q9C,0.0006,0.0006,3,452
GGTTATGTGCCTAGCG,G243Y S389N,0.0006,0.0006,3,452
ATTAAAAATTGAACGA,,0.0006,0.0006,3,451
AGATGGCACTTCTTTA,A322H,0.0006,0.0006,3,450
CCCCCAACGGTGCGAA,Y278S,0.0006,0.0006,3,450
AGACGCTTATATTTCA,A297V,0.0006,0.0006,3,449
ATTATCAGTGCCTTTA,,0.0006,0.0006,3,448
TAATGACTCATGATTA,,0.0006,0.0006,3,447
CATGCCATCCGAAAAC,W283H,0.0006,0.0006,3,445
CTAAGAAATAATCCAT,L61G V97L I286L,0.0006,0.0006,3,445
AATAACTAATAACAAT,V31F H124D,0.0006,0.0006,3,444
TGAACACCTCAAGCCA,K88L H179K I361M K490L,0.0006,0.0006,3,444
TGCAATTATATCTGGC,S246R,0.0006,0.0006,3,444
GGCACAAGATCCAATA,G159M,0.0006,0.0006,3,443
GTAAACAGGACAAGAT,Q416G,0.0006,0.0006,3,441
GTAATTATGTAATATC,,0.0006,0.0006,3,441
CTGCATCTGATGTACT,G174S,0.0006,0.0006,3,440
ACGATACGGTAAAAAA,G54E T59G M214F,0.0006,0.0006,3,439
AGGGTACATCAAAGAA,T110K,0.0006,0.0006,3,439
AGTGACTAAAAATCGA,N79I,0.0006,0.0006,3,439
TAGGAAATCTAACTTG,G294A K465S,0.0006,0.0006,3,437
AATACCAAAGCATATT,,0.0006,0.0006,3,436
CGTCATGGAAAAAATA,N89D E329Y,0.0006,0.0006,3,435
TCACGACGAACAAACA,E270A,0.0006,0.0006,3,435
GTGCAACACTAAGCAG,F7V D229Y,0.0006,0.0006,3,432
TCTTTTACTTGATCCC,S171I A177Q S205K K352N,0.0006,0.0006,3,432
TTTAACGCATTGAATC,L73W T110I,0.0006,0.0006,3,431
ATCCAGCTACATAATA,K161R V485M,0.0006,0.0006,3,430
AAAACCCTGTTACTAT,K451G,0.0006,0.0006,3,429
GTTGAATATCTAGGGA,S85I S199T,0.0006,0.0006,3,428
ATGATACGTCGGAAGA,R55Q,0.0006,0.0006,3,427
CATGTACTTCTATATG,H179Y,0.0006,0.0006,3,427
TGACAGGGAGCTCCGC,N395Y,0.0006,0.0006,3,427
AATCGTGAACGAGAGC,L245Y,0.0006,0.0006,3,426
AATGAGCCCAAATAAA,,0.0006,0.0006,3,424
ACGTCCGAAAACATCC,S246A Q321G S389E,0.0006,0.0006,3,424
AGTTACTCTGAGAATC,,0.0006,0.0006,3,424
CAACTGGTATAAAAAA,I15L I136L K327T,0.0006,0.0006,3,424
CAAATTCCCAATGCAG,M214A,0.0006,0.0006,3,422
GTTAACGAATAATGTC,D175A,0.0006,0.0006,3,422
TAGGATATAAGTCTAA,,0.0006,0.0006,3,422
ATGCTACGAATTATCG,,0.0006,0.0006,3,420
ACACAAAAATCTTAGC,T58G,0.0006,0.0006,3,419
CATACACATCCCTCAT,N185T,0.0006,0.0006,3,419
ATTTTACTTCTATTTA,,0.0006,0.0006,3,416
GACTCCCCCGTCAACA,,0.0006,0.0006,3,416
TTTCTTGACAACCCAA,V65G N99H N390G,0.0006,0.0006,3,416
AGACATAGCTCAAAAT,T296L,0.0006,0.0006,3,415
AGCTGTGCGAACACAG,I361S K481V,0.0006,0.0006,3,415
GAAGTATCAAATAGCA,I361M,0.0006,0.0006,3,415
TTATCTCAGACTTTAG,N158W T226D,0.0006,0.0006,3,413
AAAGGATTATTGCAGT,A407T R491*,0.0006,0.0006,3,412
TCATCTGACTAGAACC,H374Q,0.0006,0.0006,3,412
TGACTCTTGTTTACTA,D175Y I254D T261R,0.0006,0.0006,3,412
TTGTATAGTTTAAACG,S60L N302R,0.0006,0.0006,3,412
AAAAAAATTCAAATGC,,0.0006,0.0006,3,411
ATTTTGAAAACTAGAA,T182F K272Q,0.0006,0.0006,3,410
CCCGCGAAAACATAAT,Q69E L168R A173P R193G N295K G429L,0.0006,0.0006,3,410
ACCCGCTCCAAGCCTG,T226L,0.0006,0.0006,3,408
GAAATTTTAAGAAGGC,F233S N390S,0.0006,0.0006,3,406
GCACCGAATTATGCAA,,0.0006,0.0006,3,404
ATGACTGTACCAGGAA,,0.0006,0.0006,3,403
TAATTAAAGTTACCTG,E100R M284L,0.0006,0.0006,3,403
AGGCATTTAATGCAAC,S27N D175L P483H,0.0006,0.0006,3,402
AAACATGCCCTACTAT,G98C,0.0006,0.0006,3,401
AGTGTTAAAAAAGATT,L35S N390H,0.0006,0.0006,3,401
ATGATTCCAAGATCTA,G198L M414L,0.0006,0.0006,3,401
TCAGCACCAAAAGAGA,S111R,0.0006,0.0006,3,401
TTATCGATCGTCACGC,H92R,0.0006,0.0006,3,401
TTAAACCTACGTCACA,T48I T87K,0.0006,0.0006,3,400
AGATAAATACCTTTAA,,0.0006,0.0006,3,397
CTTTACACATTGATAA,Q218N,0.0006,0.0006,3,396
GAATGCTAAGCCACAG,Y363H,0.0006,0.0006,3,396
AACAAATGACCGCCTG,,0.0006,0.0006,3,395
ATATATTGCTTAGATT,N209R K425A,0.0006,0.0006,3,395
CCCGCTCACCATGAAT,,0.0006,0.0006,3,395
TCGTAGTGTAATAATC,L447Y,0.0006,0.0006,3,394
AAAAACGAAATTCAAA,K161N G198L P486L,0.0007,0.0007,3,392
AAAGATCCGACCCAAA,,0.0007,0.0007,3,392
ATTTGAATGGAAAACC,V65C Q218L,0.0007,0.0007,3,392
ATCGTATATAACAAAA,M194L D408H,0.0007,0.0007,3,391
GAGTCCAGTGAGTACA,G159A Q223W,0.0007,0.0007,3,391
AACTTTGTCTCATTGG,I15F L103V,0.0007,0.0007,3,390
ATGATGGATCAAAAAA,,0.0007,0.0007,3,390
CGCTATCAATTCAATG,S60V,0.0007,0.0007,3,390
TTAAACATCTTCGCCC,G484S,0.0007,0.0007,3,390
CAAAGCACAGTGCGGA,N470S,0.0007,0.0007,3,388
CATACACAAGCAGCCA,K63S,0.0007,0.0007,3,388
GCGAACAGTATACGAA,,0.0007,0.0007,3,388
GCTGCTTAAGGCATGA,A123N V164W,0.0007,0.0007,3,388
AGGTTACGAAAAGGCA,L51M I474K,0.0007,0.0007,3,387
ATTCCCCCCCGAGACG,,0.0007,0.0007,3,387
GGCTAACCCAGAAAAA,M194C,0.0007,0.0007,3,387
AACGTTATGCAGTGTG,S169D I201L N224A,0.0007,0.0007,3,386
ATTCGCCAGAATTCGA,S246G K461T,0.0007,0.0007,3,386
CTTTCGACAGTGAGAC,W227E,0.0007,0.0007,3,386
TGACGGAAGATTGGGG,,0.0007,0.0007,3,386
GTGAATCAGAATTGTA,T438I V450L,0.0007,0.0007,3,385
CCACCATAGCCCCCAA,H179R,0.0007,0.0007,3,383
CCCAAAAGATATCCCG,P483R,0.0007,0.0007,3,383
GCCAAAAGAAAGATAG,,0.0007,0.0007,3,382
TTTTTATGAACGAAAG,F157L D357L S389Y,0.0007,0.0007,3,381
AAAATTCTTATAGTGC,D268S,0.0007,0.0007,3,380
AAGTCATACCAATAAT,Q232R,0.0007,0.0007,3,380
AGACTGTAATAATACG,I136T M351L,0.0007,0.0007,3,380
CTGAACCTACACTCAA,I201L Q335L H374N,0.0007,0.0007,3,380
GCCGAGAAGCAATAAA,G174P,0.0007,0.0007,3,380
ATACCAATAAGAGCGC,P275T,0.0007,0.0007,3,378
GGCAAACTTCTCTGCT,R193V,0.0007,0.0007,3,378
AGAAATTTGAATGCTC,E72A,0.0007,0.0007,3,377
ACAATCCTCCTCACCC,C53I,0.0007,0.0007,3,376
AGAACAACTTTGTCTG,L133Y,0.0007,0.0007,3,376
CACAACCATCCTAGAT,,0.0007,0.0007,3,375
TCACTTGAACTGTTCA,,0.0007,0.0007,3,373
ATAATCCTGATTAAAA,G54D,0.0007,0.0007,3,372
CCGGGCATGCCAATAT,Q9T V388I,0.0007,0.0007,3,372
GAAACCTGACAGCTAT,,0.0007,0.0007,3,372
GCAATATTACAAAACG,K63N N158H,0.0007,0.0007,3,372
AAATAAGATCCTATAC,,0.0007,0.0007,3,371
AAATCGGTATCAGCTG,,0.0007,0.0007,3,371
GACCACATACCTATTC,,0.0007,0.0007,3,371
TATGTTCCAATGCACG,H354W,0.0007,0.0007,3,370
AATCCACATAATGATC,G159R A343V,0.0007,0.0007,3,368
CTCTACACGGCATACT,,0.0007,0.0007,3,368
TTTGCCAATACAAAGA,,0.0007,0.0007,3,368
GCCCAGCCATCTCCTT,,0.0007,0.0007,3,367
AATGTGACTACGAATT,,0.0007,0.0007,3,366
ACAAACAAAACACACA,,0.0007,0.0007,3,365
CTTAGGATACTGGGCA,K272R,0.0007,0.0007,3,365
CAGTACGCTGCGTATT,Q189T,0.0007,0.0007,3,364
GAGGTATTAAAACGAT,,0.0007,0.0007,3,364
GGAAGACAAAATAGTT,,0.0007,0.0007,3,364
GGAAGGAGCAAGGACT,T215I,0.0007,0.0007,3,364
ACGTATAGCACACTTT,A132D,0.0007,0.0007,3,363
AAAAAGAAGAAATTAA,V459N,0.0007,0.0007,3,362
CACAAGTGCGATTTAT,M19E L32T M80L T225I,0.0007,0.0007,3,362
GACAGGTAGTATTTGT,C53L G197R,0.0007,0.0007,3,361
GTGTTGACACAGAAGT,Q321I,0.0007,0.0007,3,361
AAACATCGATACGAAC,,0.0007,0.0007,3,360
AGCATGATAGGGAAAT,T59S A177R I213T D306L,0.0007,0.0007,3,360
GACGAGATCGGGAATA,,0.0007,0.0007,3,360
GAGGAGCCTCGAATAA,,0.0007,0.0007,3,360
GTAATGATGTGGAATC,Y200E G206T L394I,0.0007,0.0007,3,360
TAAACAGTAGAAATTA,G181H A343V,0.0007,0.0007,3,360
ACTGGATTTGCTACCA,A173V,0.0007,0.0007,3,359
TTTCAGATATATCGCA,G181N A202E,0.0007,0.0007,3,359
TTATATATATCTACCA,L26Y,0.0007,0.0007,3,357
AGTTTTCACGATAACC,T438L,0.0007,0.0007,3,356
GAGAACTGTCATGATG,K481L,0.0007,0.0007,3,356
AACCCGATAATCCCAT,,0.0007,0.0007,3,355
AAAGGCTAATGTAGTT,M19C S163L,0.0007,0.0007,3,353
ACAAACCTATCCAACT,,0.0007,0.0007,3,352
GGATTATAAAGCTATG,S163C,0.0007,0.0007,3,352
GTAACCTTTTTTATCA,N74D I136M,0.0007,0.0007,3,352
TCTTTCAAACGTTAGA,,0.0007,0.0007,3,352
TCAAATAAAGCAGACA,L349N,0.0007,0.0007,3,351
GGACTATGCGTGATGT,Y217Q S267F,0.0007,0.0007,3,349
AATATTCCGCAACAGC,D251T K272W N390L,0.0007,0.0007,3,348
CTCCTAAATTTCATGA,N209T S462G,0.0007,0.0007,3,348
GTGAACAAAGTTGAAA,,0.0007,0.0007,3,347
AGTTAAGATAGCCAAC,Q223E,0.0007,0.0007,3,345
CAACACGCACAAACGT,,0.0007,0.0007,3,344
CTCAACAGCACGGCCA,,0.0007,0.0007,3,343
TACGACCATCAGGCTA,A288Y,0.0007,0.0007,3,343
ACAACTCTTATGTTTG,K272S,0.0007,0.0007,3,342
GGCTTTAGACTGGAGG,L51Y,0.0008,0.0008,3,339
GGACTCCTAGCATCAT,,0.0008,0.0008,3,338
GCCCAAAAGACCGCCC,A39N H230K S333T,0.0008,0.0008,3,337
CATTACTACTACTTAG,,0.0008,0.0008,3,335
ATTCGCACACAGCTCG,K425E,0.0008,0.0008,3,333
TATTAATTCGGTGATT,,0.0008,0.0008,3,333
AAAAAACCCTAACCTG,,0.0008,0.0008,3,332
AGACCATTCCAATACA,L43S,0.0008,0.0008,3,332
AAGTTACTTGTAGTTC,V97M A132R,0.0008,0.0008,3,331
AGCAGATTTAGTCATA,,0.0008,0.0008,3,330
CGCAATTGTGTCTGGC,K368V,0.0008,0.0008,3,330
AAACCTGTATCAAGGT,S269C K488M,0.0008,0.0008,3,328
CATCCCACACAGCACT,T70G E151L,0.0008,0.0008,3,328
CCTGGATTCAATCGAC,A202I H354T,0.0008,0.0008,3,328
GGGACCCCAGGTTAAA,K490A,0.0008,0.0008,3,328
TGCCACAAAAATCCAA,R282C,0.0008,0.0008,3,328
CTAGCTGCGAATATTC,N79G L245I,0.0008,0.0008,3,326
GCAAAATCGCCTTTTA,W210M,0.0008,0.0008,3,326
GTTACAAGGGAAGCTA,W210L,0.0008,0.0008,3,326
TCAGATCCTTTGAAAC,,0.0008,0.0008,3,326
TTCCTGCAAAAAGACA,A173G,0.0008,0.0008,3,326
CCTTCATTCAGCAATA,N178Q,0.0008,0.0008,3,321
CGTGCACGCGAGGTGA,,0.0008,0.0008,3,321
CTTGGGTGTATTGAGC,Y172S,0.0008,0.0008,3,321
CAGGGGAAGGGTACTA,E104T,0.0008,0.0008,3,320
ATACAAAAAGAACGTG,V47L S169R,0.0008,0.0008,3,319
TACGACTACCAAGGAG,L73T,0.0008,0.0008,3,319
TATGATGACATGTTAT,,0.0008,0.0008,3,316
ACTGTAAATTCACGTG,L128W N209S T397V,0.0008,0.0008,3,315
TCGAACCAGACCATAC,E76G V431F,0.0008,0.0008,3,315
ATGACTGCCAGGTTGT,H179Q,0.0008,0.0008,3,314
CGGACGGATTCTACAC,G159S Q348R,0.0008,0.0008,3,313
AAATTCTTCTAACCGT,G260R L449A,0.0008,0.0008,3,311
ATAATGCACTCACTTC,M359L S389L,0.0008,0.0008,3,311
TAACACGCGCTCAATA,S91N,0.0008,0.0008,3,311
TAACATCAATACTAAC,Y150W T263S,0.0008,0.0008,3,310
TCACTTGCATAATATT,,0.0008,0.0008,3,310
CGGCCGTTTATAAGAA,E16S,0.0008,0.0008,3,308
GATTAGAGTTAAGTGA,E67V H305G K461N,0.0008,0.0008,3,308
CATGAATGCTAAGTAA,G159E G378R,0.0008,0.0008,3,306
TCTTTTTAAGTGCTAA,W196E V388I,0.0008,0.0008,3,306
CTAAATTGACGACCTA,,0.0008,0.0008,3,304
TCATTGGAATACCTTA,S234I P483L,0.0008,0.0008,3,304
AGGGGACAGATAAGAG,E67L,0.0008,0.0008,3,303
CTTCGTGAAATCACTT,I286C,0.0008,0.0008,3,302
GTTCCATAAAAGTTGG,C53V E396V,0.0008,0.0008,3,302
TAGCCCGGGAACGAAG,T412A,0.0008,0.0008,3,302
TACAACTTCCGCGTCA,H92Y S216T E303R,0.0008,0.0008,3,301
TCCTCATCAGTGCACT,T101P,0.0009,0.0009,3,300
ACGGCGACTACTAGTT,F147*,0.0009,0.0009,3,299
TAAAAGCCTTGTATTA,L105M I286V H374L,0.0009,0.0009,3,298
CGCAATGTATTGTAAA,S27T F262K,0.0009,0.0009,3,297
GATGGGATGTCCTCGT,S60L,0.0009,0.0009,3,297
ATAACACTACCCTGCT,,0.0009,0.0009,3,295
GGAAACAATAAACTCA,,0.0009,0.0009,3,295
AGGAAATTCATACAAC,M134F Q165A,0.0009,0.0009,3,294
CGACAAAGTATCAGGG,S199Q,0.0009,0.0009,3,294
TACCATCCGTCAAATG,F233R,0.0009,0.0009,3,292
GCAATTCCCGCACACC,,0.0009,0.0009,3,291
GTAGAGATTAAGGCAT,I113A Q482T,0.0009,0.0009,3,291
TGAAAGATCGGATCTC,E100G,0.0009,0.0009,3,289
ACTTACAGAACACACT,N395P L449M,0.0009,0.0009,3,288
ATATTTCGATCCGATC,,0.0009,0.0009,3,288
TGACGACCAAGAACCG,K465A,0.0009,0.0009,3,288
AAGGCAAAAGTCCCTT,,0.0009,0.0009,3,287
ATTTCACCAGAGTCGA,,0.0009,0.0009,3,287
ATGTCCTAACTACATA,W196S,0.0009,0.0009,3,284
GTTTCGATAAATCCAT,,0.0009,0.0009,3,283
GTACCTAGATAGCCAT,F262E,0.0009,0.0009,3,282
ATTAACAATTATACAG,,0.0009,0.0009,3,281
GGACAATTATCGTGCC,N178F,0.0009,0.0009,3,281
AAAAAATAATCTAATT,,0.0009,0.0009,3,280
CAGACAATTAAAGTCA,,0.0009,0.0009,3,280
GTTCGTATCTCTAGGT,,0.0009,0.0009,3,280
TATACTTTCATAGATT,L382M E421A,0.0009,0.0009,3,280
AAAACAGACACTAGGT,,0.0009,0.0009,3,279
CTTTAGTCCTTCGTTT,R193I S216V,0.0009,0.0009,3,279
TCACCGTGCCTATATT,V97R A173N,0.0009,0.0009,3,279
TTAGACTAACATAAAG,,0.0009,0.0009,3,279
TTCAATAATGACCTGA,,0.0009,0.0009,3,279
ATGCCCCATTTGACTA,S400F,0.0009,0.0009,3,277
TTAGACATGACGTGCA,N209D,0.0009,0.0009,3,276
TCGGTCGTACATCTGC,L32P S135H R356*,0.0009,0.0009,3,275
ACAAAACCCTACGGCA,V65N,0.0009,0.0009,3,274
TGGATCACCCAATACA,,0.0009,0.0009,3,274
TTTTATCTGTACATAA,E67M N302V,0.0009,0.0009,3,274
CTAGAGTTAACCGGGA,N74L W210R Q324H,0.0009,0.0009,3,272
TCGTCACAACCTCAAA,H305D,0.0009,0.0009,3,272
TGTGAACGGACCCTAA,N114T S269M,0.0009,0.0009,3,271
GCAATTTAAAGAGCAC,T101P H179Y,0.0009,0.0009,3,270
CGAGTTTAGAAAACCT,N89E M194L G276* F399M,0.0010,0.0010,3,269
AAATTGAGATATGACA,I403F,0.0010,0.0010,3,268
GCCATAAAGGAAGGAT,,0.0010,0.0010,3,268
ACCTCAGTCATACACA,,0.0010,0.0010,3,267
GGTTCATGAAAAGTAT,T265S,0.0010,0.0010,3,267
CTCAATAAGTGTAAAA,,0.0010,0.0010,3,266
GAACCAAGGGAAAACC,,0.0010,0.0010,3,265
GGCTACGCAGAGAAAC,Q223S K481A,0.0010,0.0010,3,265
TATATAACATAATACT,M82L E287P K352I,0.0010,0.0010,3,265
AATAACGAAGTGAAAC,E104I V450G,0.0010,0.0010,3,264
TGCGTAAACCTGTAGA,L387E,0.0010,0.0010,3,264
TTACATTATAATGTTT,,0.0010,0.0010,3,264
ATAACGCTTGCGTTCA,A343F,0.0010,0.0010,3,261
CAATTGACTTGCTTAC,A202W V435F,0.0010,0.0010,3,261
CGCTGAAATCGTATAA,,0.0010,0.0010,3,261
GTGGCCGACACCAACT,I136A S143C D408G,0.0010,0.0010,3,261
CCCTTGAGCAAGCCAC,,0.0010,0.0010,3,260
GCACGCGATTACGCTT,L128I S135F G198Y,0.0010,0.0010,3,260
AAATTAGGGGCAATGA,S392L,0.0010,0.0010,3,259
AACAACGGACATTACT,,0.0010,0.0010,3,259
CAAGCTGGCTAAATTT,N470R,0.0010,0.0010,3,258
TATACCTCTAACTCTA,P362K,0.0010,0.0010,3,258
ATGAAAACCGGAAAAT,T380S,0.0010,0.0010,3,257
GTCACTCAATTTAAGT,,0.0010,0.0010,3,256
TAAAGTTAAGGGTTTC,T225W,0.0010,0.0010,3,256
TTGACCTTACTCGTGC,,0.0010,0.0010,3,256
TTTTAGTCGAGAAGCA,D156G,0.0010,0.0010,3,256
ACTTCTGAGACCCCAG,G159F,0.0010,0.0010,3,255
GAAAACAAGCAAATAT,I403L,0.0010,0.0010,3,255
AGCAGTCCTGATCTCA,,0.0010,0.0010,3,253
TATATAAGACATGGAA,,0.0010,0.0010,3,253
CGACTTGCCAAATACG,G271L,0.0010,0.0010,3,252
TTTTGACCGACTGACA,T106A K125R D156N M284V,0.0010,0.0010,3,252
AGACACCCAAAGTGAT,V183A I221S F309W,0.0010,0.0010,3,251
ATAACCACATGCCTTG,I21* L220Y H305M A407H,0.0010,0.0010,3,251
TGAATAGAGATGTAGG,T58M,0.0010,0.0010,3,251
TTAAAGTAATAGCTCA,,0.0010,0.0010,3,250
TCATATAACTAAAGCT,C57Q,0.0010,0.0010,3,249
CCCAACAAGGTTCTCT,P12S,0.0010,0.0010,3,247
GAACCCTCAGAATAAA,L479W,0.0010,0.0010,3,247
TGGATACAGAAGAAAA,L71Y G206W T261M,0.0010,0.0010,3,245
TGGTACTCTAAAGTTG,S389I,0.0010,0.0010,3,245
AAGGTATACAGGAAAA,V65K S143T K272S,0.0010,0.0010,3,244
CAACTATGCTAAACGC,,0.0011,0.0011,3,243
GGTAGCTAACAAACCT,L52R,0.0011,0.0011,3,243
GTGTGAACCCCAGAAT,Y172V G276R H354Q P483S,0.0011,0.0011,3,243
AGGCCATTAAATAAAT,Q406Y K461T,0.0011,0.0011,3,242
GCATCCACTTACAAAC,S111L L128W,0.0011,0.0011,3,241
GACATGCGTGTTATTG,G64S L103T A340T V341E L394H,0.0011,0.0011,3,240
AACTCATACATATCAG,,0.0011,0.0011,3,239
AAAAAGCGAAAATTAT,,0.0011,0.0011,3,237
AACGATACAACTGAAA,Q9V S163W I443S,0.0011,0.0011,3,237
AAAAGCACCTCTACCA,R379G T397V G484N,0.0011,0.0011,3,236
TTAACGCAAAGCACCT,A195L,0.0011,0.0011,3,236
GAGTATCCTAGTGGCA,T380L,0.0011,0.0011,3,235
TGCGCAGATTACCGTG,,0.0011,0.0011,3,233
TTCTTACATTGCTGAT,K88V,0.0011,0.0011,3,233
GACATACCGATACAAT,P483E,0.0011,0.0011,3,232
GTTCCATAAATGCCCA,G64I R193K P427F,0.0011,0.0011,3,232
TCACCGAATCCTGGCA,G45V,0.0011,0.0011,3,232
CATTCAATCACAGCCT,D211C,0.0011,0.0011,3,231
TTTATGACGTTGAGCA,E76C,0.0011,0.0011,3,231
AAAATTAATGAAGATC,,0.0011,0.0011,3,230
TTCACAATAATGCCCG,E76Q I144Q,0.0011,0.0011,3,230
TTGTCTGATCGGAAAA,L449Y,0.0011,0.0011,3,230
TTTCATACAAGGACCA,,0.0011,0.0011,3,229
AACCAGACCAAGAGCC,A195E,0.0011,0.0011,3,228
CTTGCACATAAGCTTT,,0.0011,0.0011,3,228
CTCTTGGCACAACAGA,M351I N409L,0.0011,0.0011,3,227
GGGGCACAAGTAAAGC,T108V,0.0011,0.0011,3,225
TAAAATTCGGCCCGAA,L258I,0.0011,0.0011,3,225
CAATCCAACCATCAAC,T380P,0.0011,0.0011,3,224
GACACACAACTCAAGT,S169V,0.0011,0.0011,3,224
GCAGCCACAAACCAAT,N167D W227C,0.0011,0.0011,3,224
GGCAGCGTGGGGATGG,M82V Q335L,0.0011,0.0011,3,224
TCAGCATTTCAGGGGA,H92F S269Y,0.0011,0.0011,3,224
TTCACCATGCACATCT,K451G N470S,0.0011,0.0011,3,224
GTCCTCGATCAAACCG,N209F,0.0011,0.0011,3,223
TATAACAGTTTCATAC,A173L F262V N373K,0.0011,0.0011,3,223
AGTAATAGAATTAATT,,0.0012,0.0012,3,222
GAGACTTGCTGGAAGG,T110I F140S,0.0012,0.0012,3,221
AGGATCCAAAATCTAC,,0.0012,0.0012,3,220
CGCAAAACGAGCAATT,L61I G484S,0.0012,0.0012,3,220
GGACGTAACATATACT,T70A Q482A,0.0012,0.0012,3,220
TAATCAAAACTAACAA,,0.0012,0.0012,3,220
GAATGGAGTTGTTACG,E100M S169T,0.0012,0.0012,3,219
TAGTTATAGAAAAGCT,I112N F434K,0.0012,0.0012,3,218
AACTTTGCATGAGTAG,W196L,0.0012,0.0012,3,217
AGTAGAGCTTAATCCA,L26Y N178L,0.0012,0.0012,3,216
CACCCACTAAAAGATA,E10K V65F H374L V459A,0.0012,0.0012,3,216
GGACCTACACTCTTCA,V187I,0.0012,0.0012,3,216
AGCATACGTCCGGACG,N99L,0.0012,0.0012,3,215
ATGCGCACAAGGGATT,T40F L50M,0.0012,0.0012,3,215
TAGACCTTGAAATGAA,D408T E413M,0.0012,0.0012,3,215
AGTGTCGAAATGCATC,G276N,0.0012,0.0012,3,212
GGGCTTATCTGACTGA,L258R,0.0012,0.0012,3,212
TAAGACACGAATGAAA,A195T,0.0012,0.0012,3,212
TTACTAACGTCTAGAG,W283C,0.0012,0.0012,3,212
AAAACGTAAGTCATAA,,0.0012,0.0012,3,211
AAGCCAAGCCATTATT,L50M C463M,0.0012,0.0012,3,211
ACGCTATCGCGAACTA,V5I L313V,0.0012,0.0012,3,211
AGAAAAAAACATCTAG,Q247H A288M D311T G429F,0.0012,0.0012,3,211
CATTCAATTTCCATAC,S143C,0.0012,0.0012,3,211
TAAAAACAGTTTAAAG,L26A S199G,0.0012,0.0012,3,211
TATTAATTCTAATGTT,,0.0012,0.0012,3,211
TCTCTACAATAAACTT,,0.0012,0.0012,3,211
TGAACGAATAGTAGAC,T87F S91I I112T,0.0012,0.0012,3,211
AAGCAAACCGCTAATA,M312S,0.0012,0.0012,3,210
CTACCCGAGCATCATT,D317N A328R,0.0012,0.0012,3,210
AATACGATGCAAGAAT,A152K,0.0012,0.0012,3,209
AATTGAATTTCTGCCT,Q321N I458F,0.0012,0.0012,3,209
ATACGACAGAGTACCA,L105* A173D,0.0012,0.0012,3,209
CGAAAGTGGAAATGTA,,0.0012,0.0012,3,209
CGGCAGAACCCCTTAA,G197S P236L L344I,0.0012,0.0012,3,209
GTTTACGGGGCACAAT,L61A G174K,0.0012,0.0012,3,209
TAAACACATATGCAAA,,0.0012,0.0012,3,209
ACGGGACATTCGCATA,W210P Y278W K461L,0.0012,0.0012,3,208
AGGACATAAGAATATG,F8A,0.0012,0.0012,3,208
ATGTAATCTAGCCTAG,L245E,0.0012,0.0012,3,208
CAATACATAAAAAGAC,K417R R491W,0.0012,0.0012,3,207
CAGCCTAGAGGGACCG,,0.0012,0.0012,3,207
TTAAGGGAGAACCCCT,,0.0012,0.0012,3,207
TTATCGATAGCGTACA,F157* F309S,0.0012,0.0012,3,207
AGCCCTTTGTCCACTT,G160D G378L,0.0012,0.0012,3,206
GTGACACGGAATAAGC,G45V,0.0012,0.0012,3,206
TAGATTTAACGAAGAC,R193E H467T,0.0012,0.0012,3,206
AACGAATCTTTATCCG,P362H,0.0012,0.0012,3,205
CCACAATACTTTCAAA,N209S S333A,0.0012,0.0012,3,205
ATTTGCATACGTTTCG,P12W L51M N90M,0.0013,0.0013,3,204
CCAGGATTGAAGTTAT,G198C,0.0013,0.0013,3,204
TCTAGCTTCCACACGT,G160D S169K S255I,0.0013,0.0013,3,204
GCACTCTCTAAGAAAT,I21H M96N D204C D229S W264C R379I,0.0013,0.0013,3,202
ATACAATCTTCCCGTG,,0.0013,0.0013,3,201
CCGATAATCGGGATAC,M134D H179L,0.0013,0.0013,3,201
ACCACCCATCACAAAG,,0.0013,0.0013,3,200
ATACACGCAACATATA,C53L,0.0013,0.0013,3,200
AATGCCAAGCCCACGC,Q405L,0.0013,0.0013,3,199
AATGGTCCTGATCACC,E104C,0.0013,0.0013,3,199
GTGGTACAGATGTTGT,E421N,0.0013,0.0013,3,199
CATGGCACGTTCTAAG,R207E R468Y,0.0013,0.0013,3,198
GTGAAGCCGCAGCTGA,N346R I361D,0.0013,0.0013,3,198
TATTCACAGTTTTGAG,,0.0013,0.0013,3,198
TCAACCAATAAAGAAC,S143N F262T,0.0013,0.0013,3,198
AATTATTCCAAATGGC,A173V,0.0013,0.0013,3,197
CCCATATGCCCCGCTT,H398S,0.0013,0.0013,3,197
TACCTTACTTGAAGAA,,0.0013,0.0013,3,197
AGCGAATCCTAATTGG,M192H K304V,0.0013,0.0013,3,196
CCTCATCAAAACAAAT,T48L L433M,0.0013,0.0013,3,196
TTTGGCAGTACATAAA,G391D,0.0013,0.0013,3,196
CTAAGAACGAATAACG,A177V Y480F,0.0013,0.0013,3,194
CTCACCTATGACAATA,K88F F293L I443P,0.0013,0.0013,3,194
TGACTGATACCGGGCT,,0.0013,0.0013,3,194
AACATTTAAAACCCAA,I334N Y441S,0.0013,0.0013,3,193
TTTACGAGCTACAATC,I112K L128M P362R,0.0013,0.0013,3,192
AAATCCTTAAACGATC,S199A L449R,0.0013,0.0013,3,191
AGTGTACTTTAAAAGA,E67K,0.0013,0.0013,3,191
CGATTATATTGAGACT,Q223F M312I G378V,0.0013,0.0013,3,191
GAAGCACTGTAGACTG,Q232N C463V W489K,0.0013,0.0013,3,191
TCACTCGTCGAGCGAA,A132R N209S L242* R257E,0.0013,0.0013,3,191
AAAACGGATGTCCGTA,N109W,0.0013,0.0013,3,190
AAACGCGAATGAGCAT,G159* L168E R248A,0.0013,0.0013,3,190
CGGCTTGGCAAAACCA,V28S,0.0013,0.0013,3,190
GATTTTCAATGAGGTT,S163T I201* N209Y,0.0013,0.0013,3,190
TTTTACCACCGAGAAG,A25L T110M,0.0013,0.0013,3,190
CTAAAGCAATACCTGC,D211Y,0.0014,0.0014,3,189
GAAACATCTCGGATAA,E76S Q165T R193G L259K D401S,0.0014,0.0014,3,189
TTGAAGTCCGTCACAC,Q348Y,0.0014,0.0014,3,189
AAGTTTCCACGTATAG,C180E,0.0014,0.0014,3,188
ACCATATGGTGCCGGT,C212E L349S,0.0014,0.0014,3,188
ATTTAATATACTTCAC,Y129Q,0.0014,0.0014,3,188
TACGAGAAATGACCAG,Y441F,0.0014,0.0014,3,188
TTAGTCCTACGAATCC,K63E E228G S237R,0.0014,0.0014,3,188
ATCAGTACCACCTCTT,E418A L447Y,0.0014,0.0014,3,187
AAAGAATCCATCAAAT,G243N L259S V435N,0.0014,0.0014,3,186
CATAGAATCCTTGAAT,N178S G208D S246F G271I D311* C477S,0.0014,0.0014,3,186
TAGCATTTGCTTCAGG,E104K,0.0014,0.0014,3,186
TCCATCTAACCATATC,E76Y S205I E421I,0.0014,0.0014,3,186
AGCGGACTCACACAAA,A132V,0.0014,0.0014,3,185
GCACAAGCACTGACCA,V47* G98V Y219L Y253L,0.0014,0.0014,3,185
GTGAAAGAATAATTTG,S439N,0.0014,0.0014,3,185
TCCGACGTCAAGTTCT,,0.0014,0.0014,3,184
ACAAATAACGCTGCTA,,0.0014,0.0014,3,183
ACACAACGAGAACTCC,,0.0014,0.0014,3,183
CCCAGAGGTAGTTAGA,A343T,0.0014,0.0014,3,183
CTGCATCTTTTCACAG,H179R G186N,0.0014,0.0014,3,183
GGCTTACTATGATACT,T261L Q331S,0.0014,0.0014,3,183
TGTAGAGTGCACATGC,K481R,0.0014,0.0014,3,183
AACCTAAACTGAGAAG,I239D L242P,0.0014,0.0014,3,182
CAACATCACCTACCGT,,0.0014,0.0014,3,182
GAAGAATACCTACCTG,M153N,0.0014,0.0014,3,182
TGAACAGGTAGGTGGC,I4V A152P F233D,0.0014,0.0014,3,182
TTCTCATCCGGTCCCT,M1N M134* W227V,0.0014,0.0014,3,181
TTTTGCTACCCTCACG,T87E S135G N338Y T397K W489T,0.0014,0.0014,3,181
AGTAACAGAAGCCCCT,T48I G98N T139S E228L,0.0014,0.0014,3,180
CCGGACTCGTGAATTA,L242K V341H S381L,0.0014,0.0014,3,180
CATACGACGTATGATC,,0.0014,0.0014,3,179
TTAACTAACCACATGC,G198S Y241M,0.0014,0.0014,3,179
GAGTAAATCAGATTAG,L32G K88G L103N A343S T376P D408I P427T,0.0014,0.0014,3,178
GCACCAACCACGCATA,V44T L128N I213L Q218T,0.0014,0.0014,3,178
GCTATTGAAAAAATGC,I458M,0.0014,0.0014,3,178
ATTAAATCAATAAGTC,Y371K L433V,0.0015,0.0015,3,176
AATTAATTATTTAAAG,S246G R282H,0.0015,0.0015,3,175
CGCAAGGAGCATACCA,S85G A297D V459F,0.0015,0.0015,3,175
GACCACCATTTAAAAG,N373S T380A,0.0015,0.0015,3,175
GGGTTATTCTATGAAG,K291H S333V,0.0015,0.0015,3,175
GTGGACAATTATGTTT,L68R E100D V431M G460L P464L,0.0015,0.0015,3,175
GAGTTGGGGCGATTAC,G271R,0.0015,0.0015,3,174
GGCTCCCTTTTAATTA,N167A,0.0015,0.0015,3,174
AAAGCGCAGATACTTG,G429F,0.0015,0.0015,3,173
GCGATTTACTAACGTC,W196R R248L,0.0015,0.0015,3,173
TTGTAAACTCAGATAT,L128P,0.0015,0.0015,3,173
ATTCTTGCGGTGGGAT,L168N,0.0015,0.0015,3,172
GAGTTTGCGACCAGGC,,0.0015,0.0015,3,172
TGACGTCCCGAAGCGC,I286F,0.0015,0.0015,3,172
ACCAACCTACTGTTTG,P483Y,0.0015,0.0015,3,171
CCAAAATAAGTACCAC,M134W S143T Y253D L430R,0.0015,0.0015,3,171
GCATTAATTATGAATA,E76F Y166L L203S D229A P483N,0.0015,0.0015,3,171
TAAAAATAAAGTTCCT,V5T M284V N346*,0.0015,0.0015,3,171
ACTCAGATATGCACTT,,0.0015,0.0015,3,170
ATCCAATGTGAGAGCA,M332Y I361L Q416A,0.0015,0.0015,3,170
AGAAACACCGTGTCAA,G42S L105R L313Y Y369A,0.0015,0.0015,3,169
ATTCCATACCATATAA,G98S C180F A184E V487S,0.0015,0.0015,3,168
TCAAGAACGCATCCAG,,0.0015,0.0015,3,168
TGTCATCAGGCTCTCC,,0.0015,0.0015,3,168
AACGCGTTCCGATAAT,,0.0015,0.0015,3,167
AACGTACTAAAATATT,F147R,0.0015,0.0015,3,167
TACAAAACACGGTAGT,N295Q M420I,0.0015,0.0015,3,167
TTATTGCAAAATCGAC,I213Y,0.0015,0.0015,3,167
AAACTATGCTTGCTTT,E76N S205D,0.0015,0.0015,3,166
TAAGTTAAAAAGAGAT,T274I M332T L447S,0.0015,0.0015,3,166
TCAAATAAATTGAATC,S462A,0.0015,0.0015,3,166
TCATCGCGTGTACAAG,T139R A173Q N295*,0.0015,0.0015,3,165
TTCCTGTTTATACCAC,L133F T225Q D311A M410F M414F I458F,0.0015,0.0015,3,165
GTCCTGGATCATAAGC,,0.0016,0.0016,3,164
TACTTGACGAAGGGAA,,0.0016,0.0016,3,163
GAAAATGAAGCGGAGA,S444*,0.0016,0.0016,3,162
TATTAAAAGGCAAAGA,N127T L168P V341Q,0.0016,0.0016,3,162
GAATCGCTCTTAAACT,G98H S199K,0.0016,0.0016,3,161
TGTCCTACATCAACCA,M19* A132H D273N A343P R356Q L433R,0.0016,0.0016,3,161
AGCGGTCAATGTATAG,,0.0016,0.0016,3,159
CAAAAATAAAAAGACC,,0.0016,0.0016,3,159
GTGACGAACAGATCTG,L51F,0.0016,0.0016,3,159
GAAGTCCCTTATCGGG,K63T,0.0016,0.0016,3,158
AAGAAGAAACAATATT,R207E V298L,0.0016,0.0016,3,157
ACTCAACACAGCAAAC,H374F G378S,0.0016,0.0016,3,157
ATCTTAACACCCAGAA,I201R V388E Y393T,0.0016,0.0016,3,157
CATACATACCCAACTG,I113L V487N,0.0016,0.0016,3,157
CTCCTAATATGCACAA,Y129P Y172H R282L,0.0016,0.0016,3,156
AAAAACCAATACATAA,A176G,0.0016,0.0016,3,155
ACTGCAACAGATGTGC,G276S H374S,0.0016,0.0016,3,155
GGAAGACGCATGAGGC,,0.0016,0.0016,3,155
AGCGGTCCGCAACCAA,D122Y F262S,0.0017,0.0017,3,153
ATTCGAATTTTTACCA,E100* T108H C231H,0.0017,0.0017,3,152
CCGTTGTATTGTAAAT,L26F F117S K461V,0.0017,0.0017,3,152
GCGATTGAGTGCCAAT,A173N N342V,0.0017,0.0017,3,152
AGCGCTGGTAAAGAAC,A340D,0.0017,0.0017,3,151
CTATAAAAGCATAGAT,T48R H131P N373T,0.0017,0.0017,3,151
GAATGCGGGGCGCCTA,,0.0017,0.0017,3,149
TCTTCAAACTCTCAAT,L133F F233I,0.0017,0.0017,3,148
TCTTCCGCTATCAACG,S163C,0.0017,0.0017,3,148
CAGACCGTCGTAATGC,V28G F233G,0.0017,0.0017,3,147
GTGAGCGGTAGCCAAA,V187P L266Y,0.0017,0.0017,3,147
TCATGTAAGTATAGGA,M332T H374T,0.0017,0.0017,3,147
ACATACCCTTATGGCA,L128K W196A,0.0018,0.0018,3,146
AAAGGACGCAAATCCA,H124D G174L K461V,0.0018,0.0018,3,145
AACCACAAAAACTAAG,M134T H141C F157K,0.0018,0.0018,3,144
GGCATCATTGTTATAA,,0.0018,0.0018,3,141
TTGCCGCCACCTGACC,S154I Y253L A328D,0.0018,0.0018,3,141
TGGAATGGAATATCAA,N167F,0.0018,0.0018,3,140
ACAGATGGATTCACGA,W196R L290S,0.0018,0.0018,3,139
ATATAATACTACCATA,K451L,0.0018,0.0018,3,139
TACATTATATCATAAA,,0.0018,0.0018,3,139
ACATATCTTAACCGAG,E289N,0.0019,0.0019,3,138
GCTCGAACCAACTACG,Y166F T376P S400G,0.0019,0.0019,3,137
GAATACCACGTGATAA,S234N T263G,0.0019,0.0019,3,136
TAGAAGAGACAACTTA,V14A,0.0019,0.0019,3,136
AAAGATGACAGGGGCC,K352L,0.0019,0.0019,3,135
TTAGGAATACAATAAA,Y36C,0.0019,0.0019,3,135
GGCTCGTCTCGACTAC,W370E Y480E,0.0019,0.0019,3,134
ATCGTATCCAGAAGAA,R193M S199V,0.0019,0.0019,3,133
CGCACAAGACGGCTAC,E270L Y278T,0.0019,0.0019,3,132
GCTTGCATAATCGATC,F117H Y150L,0.0020,0.0020,3,131
ATTATATAGAACGCAG,T87R D347C,0.0020,0.0020,3,130
CCTAATAGAATGACAT,S121L W196G L244M,0.0020,0.0020,3,130
CGCATCACCGCTCAAA,Q3D D268C E404S,0.0020,0.0020,3,130
CTATAATTAGCCGCTT,S267W,0.0020,0.0020,3,129
GTCCAGTCTCTAAATT,S60M,0.0020,0.0020,3,129
ATTTTAGCTCAGAGAC,H124N L245V E303M,0.0020,0.0020,3,127
GCAAAACAAGTAGAAC,A25M,0.0020,0.0020,3,127
AAAAATCTCACACAAA,,0.0020,0.0020,3,126
CGACGAGATGTATGGA,Q335T T454P I458L,0.0020,0.0020,3,126
GCTAGATAAGCGTCCT,I113M,0.0020,0.0020,3,126
GTAAACAGATTTTACC,S85T T377I,0.0020,0.0020,3,126
AGCATGTTACTTTTGC,L32W L105K,0.0020,0.0020,3,125
AGCCTACCCCGTTACG,S367T,0.0020,0.0020,3,125
ATCGTCATTACTTCCA,L142C Y363V,0.0020,0.0020,3,125
AATGCTACTGAAACAG,K161M A184N,0.0021,0.0021,3,124
AGAAAACTTTTAAAGC,K88N H131T R207M L220Q,0.0021,0.0021,3,124
TATCCTGCCTAAGAGA,G260V,0.0021,0.0021,3,124
TTTTCCCGTTAAGACC,Y166V,0.0021,0.0021,3,124
AACAGCAGAAGCACAC,H141L P236* D311W,0.0021,0.0021,3,123
GAGCGCTGTGTATACG,A152I D401N C463*,0.0021,0.0021,3,123
ATATACAATGGCACGG,Q165S,0.0021,0.0021,3,122
AATCTAAAAAGTACCG,I4R D306T S333R,0.0021,0.0021,3,121
ATCCGGATGAAAACCT,M153G,0.0021,0.0021,3,121
ATTAGATGAAAACACT,F8D,0.0021,0.0021,3,121
CCTTTACAGAAGCCTG,E270K F399*,0.0021,0.0021,3,121
CTTCCTTTCAACCACA,G2M N99L,0.0021,0.0021,3,121
AGTGCCCAGTTACTTA,Q3* L120N,0.0021,0.0021,3,120
GACACAAAAAATCACA,D156V V487A,0.0021,0.0021,3,120
TTCGACCGAGATGTCC,V164T N395R,0.0021,0.0021,3,120
ACGTATATCCTTCCAA,E104V,0.0021,0.0021,3,119
ACTGCCCAGAATCCTA,L142M F157V P236L E396T E404L,0.0021,0.0021,3,119
ATGGAGGAATCCAAAC,R356K S392T S462F,0.0021,0.0021,3,119
AGAAGGATATTGGACT,E10G N119S,0.0022,0.0022,3,118
AGGCTAATCACTAGCA,M1T S205* S367K E421G,0.0022,0.0022,3,118
ATATGATCGATATAAG,V187L M420F,0.0022,0.0022,3,118
TACTTCTAATACACTA,M192* Q324T D402R,0.0022,0.0022,3,118
TGAACGAAAGACTGCA,A39T,0.0022,0.0022,3,118
AGGAGACAGCAGGTTC,K63* M192G I286V,0.0022,0.0022,3,117
GAGGCTCATATTTCAG,G197V,0.0022,0.0022,3,117
CCAAGTTCACCATGAT,Q69* G198E E287K,0.0022,0.0022,3,116
GAATACTAATTAGGAG,T261W S389L,0.0022,0.0022,3,116
TTATAACCTCTTTAAC,F8M L285* L349R,0.0022,0.0022,3,116
ACGACGACAGGCATCT,H305Y,0.0022,0.0022,3,115
CCAAATATTGACTAAT,L73K,0.0022,0.0022,3,115
GATTACTCTTTGAACC,Q3I C212D P236* T375L,0.0022,0.0022,3,115
GTCACTCTCCAGACGT,H170Q F293L,0.0022,0.0022,3,115
AACTTACACAGCTCGT,E16* D229Y,0.0022,0.0022,3,114
ATCGAACTGAATAGTG,S60T S269L Q348R C385H,0.0022,0.0022,3,114
ATGCGGCATATGAGAA,G429Q V435F,0.0022,0.0022,3,114
CACTACGCATGTGTTT,A25T P238D G460*,0.0022,0.0022,3,114
CATATGCAAGAAAGAG,Q348L P486L,0.0022,0.0022,3,114
TTCAACGCACATTGCC,R250W F293*,0.0022,0.0022,3,114
ACGGCACTGCACGATA,R468M,0.0023,0.0023,3,113
CTAATCAAATCTAACT,G271T R282G V298A,0.0023,0.0023,3,113
GTTAAACACGACCCAA,G45W S143R M194E Y441N,0.0023,0.0023,3,113
TACATACGCAAATATA,M134E F157*,0.0023,0.0023,3,113
TCGAAATCGTACACTA,L32W N90D Y217S F262R,0.0023,0.0023,3,113
GAAAGCTAAAGAATGT,C57S K126L S163M D357N T375V R491D,0.0023,0.0023,3,112
GCTAAAAAAGTGCCGA,S56K T376E,0.0023,0.0023,3,112
GGTAGTTACTGCTCAA,F8L S60V,0.0023,0.0023,3,112
TCAAAATTCGAGATAA,K417W,0.0023,0.0023,3,112
TGCCCGTCTACTTCGG,L315F,0.0023,0.0023,3,112
AGTGAAGACCACTGGC,D204R K320D Y363S P383L,0.0023,0.0023,3,111
ATTATTTCACCACACA,F49E,0.0023,0.0023,3,111
CTGGTTATTCATAATC,A176N D347K C463S,0.0023,0.0023,3,111
GAAAAAGCAAAATGTC,C231H G260A,0.0023,0.0023,3,111
GAGCAATTGAGGGAAG,S85C L220C I286T,0.0023,0.0023,3,111
TTAAAAAAAAAAACGT,,0.0023,0.0023,3,111
ACTCTCAATTGCTATA,L46H S85R R356A F434P V485P,0.0023,0.0023,3,110
AATGGGTGGACCTTCA,E100M Q149C D204N Y253N,0.0023,0.0023,3,109
CACTCAAAGCACCAAA,V44L C180V M351F F399V H471*,0.0023,0.0023,3,109
TCGCACCGGTGAAACA,K161T G240F,0.0023,0.0023,3,109
ACGATAAAACAGTTCT,L168P Y172K L285F C301G V435L,0.0024,0.0024,3,108
ATAAACAAATAATCCT,G98C K481V,0.0024,0.0024,3,108
ATAGCAGACGCTGTAC,N167S G271D,0.0024,0.0024,3,108
CAAGCGGGACGAAAAA,I239S S269K Y393G,0.0024,0.0024,3,108
CTCCGTTCAACTAAGA,M75I R282S,0.0024,0.0024,3,108
GCCTAGTAAGGAGCAT,L336M Q482P,0.0024,0.0024,3,108
GGTCCACTCGATTACC,,0.0024,0.0024,3,108
TAACTCGTTCCCGGAT,C477V,0.0024,0.0024,3,108
TTATGTACATTATGTT,L73G G197E,0.0024,0.0024,3,108
TTCTCTCTTGGCTCAA,S91G S135L,0.0024,0.0024,3,108
AACGAACCTCTACGAT,,0.0024,0.0024,3,107
AAGGCTTTTAACCCCA,M134E G181*,0.0024,0.0024,3,107
CATGAGAGCATCCGAT,V435T,0.0024,0.0024,3,107
CATTCATTGGACTTTA,P383I,0.0024,0.0024,3,107
GAGATATCGAAAAAGT,V28L E100K F191* C301P L355A L442R,0.0024,0.0024,3,107
GGTATAGACTAGCGAA,R55V L133F E287S,0.0024,0.0024,3,107
TGCTTACCAGTTTAAG,L26S L103I D156G,0.0024,0.0024,3,107
AACCAATCAAACATCA,H179F H230Q M420H L428Y,0.0024,0.0024,3,106
ACGGGCAAACTTACTT,F262A N302R S439C,0.0024,0.0024,3,106
GCCGTGAAACGAGGCA,F140C H179Y,0.0024,0.0024,3,106
TCGCCTCTTAAAGCCC,N109V F147V,0.0024,0.0024,3,106
AAATAAAAACTTCGTA,F233L L428I,0.0024,0.0024,3,105
ACAGATTAAACCCAAA,S237L F436W W489*,0.0024,0.0024,3,105
ATCATACCCCAGAGTA,L51S,0.0024,0.0024,3,105
ATTCATATTGAGGCAA,I137* I361N,0.0024,0.0024,3,105
ATTTACGGACAAAAAG,L78V V459F,0.0024,0.0024,3,105
CAGCTTGGCCAAAAAT,L61V N158D W283F K465*,0.0024,0.0024,3,105
TAGGATTTACGCGTTA,,0.0024,0.0024,3,105
TGAATGAATCATGTAA,M134F C180N,0.0024,0.0024,3,105
TTATGAAACAGTAGAA,A297H,0.0024,0.0024,3,105
TTGCACACAGATTTCC,L285P,0.0024,0.0024,3,105
AATTATAGATAGCACT,,0.0025,0.0025,3,104
ATAGGTACTTGTTTAG,I21C T110R E287V P483S,0.0025,0.0025,3,104
ATGTGACTATCCGTTA,K88C Y129F F293M,0.0025,0.0025,3,104
CTTAACCTACATTAAT,K88R T438K,0.0025,0.0025,3,104
TCGAAGTTGATACAGG,V5S S269R,0.0025,0.0025,3,104
AATGAAACACTATACC,M192K K352Y I361P P464I C475L,0.0025,0.0025,3,103
AGACACTATTAGACCA,I136L N342* L394M,0.0025,0.0025,3,103
ATCATAAGACCCGCTG,Q3C L105M,0.0025,0.0025,3,103
ATCTAATCCGAAATGT,E16L T101H,0.0025,0.0025,3,103
CCTTACACACCTCGTT,G198N R468P,0.0025,0.0025,3,103
GACGATCATTGTTTGA,T281W I474V,0.0025,0.0025,3,103
GGATGTTGCCGATGCA,G181A T225C R491T,0.0025,0.0025,3,103
TCGTTGATTAGGTAAA,S91K F446S,0.0025,0.0025,3,103
TGCACACTCAAATTCT,C364Y F440G,0.0025,0.0025,3,103
TGCGAAATAATAGAAC,M410C,0.0025,0.0025,3,103
AAATGTAATAGTGATT,Q405T,0.0025,0.0025,3,102
AGTAAACACAGTACGA,L128Q,0.0025,0.0025,3,102
ATAATGAAAAATCGCA,T375R,0.0025,0.0025,3,102
GCAAAGAAAGGATACT,Q405I,0.0025,0.0025,3,102
TAAACAGTCGTTAGTC,H179S,0.0025,0.0025,3,102
TAACAGTAAGAAGCTA,N37A S237T,0.0025,0.0025,3,102
TCGATCGATCCAACCG,I213N I286G,0.0025,0.0025,3,102
AAACAATAACAGACTC,A25V S85V S205A,0.0025,0.0025,3,101
ACATTAATTTACTTAA,Y366F,0.0025,0.0025,3,101
ACTGATTTATTATAAT,F8M C57S H131Y,0.0025,0.0025,3,101
GATCATGAGGTCGAAC,L349* W370N Q405*,0.0025,0.0025,3,101
GCACTTTGCCAGGTTT,P83T I201N M420E,0.0025,0.0025,3,101
TATTAGGACATGCACA,L245F V341M V388E P427Y L442Q,0.0025,0.0025,3,101
AAGCGATTTCACACCT,I201F N365P,0.0026,0.0026,3,100
ACACATTATAAATGGA,T375Y W386G,0.0026,0.0026,3,100
AGCTAAAAACTTAATA,W196L,0.0026,0.0026,3,100
GATAGAAAAGCGACAG,Q149T M351A,0.0026,0.0026,3,100
ACGACGAGAGTCACAC,Q348F I361K S381L T397H L428S,0.0026,0.0026,3,99
AGTTAGCAGCAAACTT,S400M,0.0026,0.0026,3,99
CACATGAAGTAGCACT,,0.0026,0.0026,3,99
CTTTGACGATAAGTAA,C212P I222K,0.0026,0.0026,3,99
GAAAGATGTATGAGCC,S381I P483V,0.0026,0.0026,3,99
GGAAGGTGTTCACCTG,N319Y S381F K425S,0.0026,0.0026,3,99
TCAAATTCCCAACATC,D432T,0.0026,0.0026,3,99
GACCTGACATTACAAT,G243K Y441I,0.0026,0.0026,3,98
GTAGCATTGACCAATA,Y66S L73V Y200M R256W W283M,0.0026,0.0026,3,98
AAACGCCAGCGCGACA,,0.0026,0.0026,3,97
AACGGTATAATGCAGC,N90T R257K,0.0026,0.0026,3,97
AGACAAATCAAGGCCC,F38K,0.0026,0.0026,3,97
CAAACTATGCAAGCGC,G360D Y366L,0.0026,0.0026,3,97
CCCAAGCCAAAGGGTT,T48A N99F L290F,0.0026,0.0026,3,97
CCGCTTGCAAAATGAC,Y129W E329T,0.0026,0.0026,3,97
GCACACTTAAGTTACA,L29R T48R T139A I350* V388*,0.0026,0.0026,3,97
GGGGCTCGCGCTAGCT,V341K L394C,0.0026,0.0026,3,97
TATGCAGATCGTTCAT,G64S I213H F318N R456M Q482F,0.0026,0.0026,3,97
TCGTTTGTTACCTAGC,K291R S400L,0.0026,0.0026,3,97
TGCTTCTAATATTAGT,G45D T263N Y419E V435M,0.0026,0.0026,3,97
ACTGGGAATTGTGCTG,A123N I445E,0.0027,0.0027,3,96
AGATGTGTTTACGGGT,A195V C212V S462K,0.0027,0.0027,3,96
ATTATACCGTTTAACC,H230Y E270K T296V T377G K465L Y480S,0.0027,0.0027,3,96
GCGAATTGGACGGAAA,C180I L394F,0.0027,0.0027,3,96
TTACTATGATCAGTTA,P145C S246F,0.0027,0.0027,3,96
TTATGAACTGTCCTTA,G391I L430Y,0.0027,0.0027,3,96
TTCGATCATCATAGCA,I201V N353L,0.0027,0.0027,3,96
AAACATGAACTAACTA,,0.0027,0.0027,3,95
ATAAGATTTATATATT,G174A T375*,0.0027,0.0027,3,95
GATTCAGTATATGGGA,,0.0027,0.0027,3,95
GCACGTGACTCTTATT,D273N M312F,0.0027,0.0027,3,95
GGGCCTAAAGGCAAAT,S333C,0.0027,0.0027,3,95
TGAAGATCAAATACAA,G34Y T40D,0.0027,0.0027,3,95
AAAATTGCTCAATCCT,V47S I213L,0.0027,0.0027,3,94
ACTTATTCTGTTTTAA,E151C D306N N395S K490R,0.0027,0.0027,3,94
CGACACTTATGTCCGC,L50T N89V S163G C279N,0.0027,0.0027,3,94
CTAATACGAGAATACG,N209G Y241T,0.0027,0.0027,3,94
CTATTAAACGCCGGTG,,0.0027,0.0027,3,94
GGTACCATTCGCATGC,Q3N F157S L188K,0.0027,0.0027,3,94
TCCTGTATATACACAT,Q218I D273V,0.0027,0.0027,3,94
AACGGATACTCCCCAA,L220N E418K,0.0027,0.0027,3,93
ATAGTATCGATCGATA,E10L H374C,0.0027,0.0027,3,93
GCTGACCAATTAGACA,G2S,0.0027,0.0027,3,93
ATAACAGGAAGATAAA,F147L C212P G260Y C279Y W489K,0.0028,0.0028,3,92
ATAGCCGAATACGCCA,T110L S444N,0.0028,0.0028,3,92
ATAGTGACTCGAAAAG,L78W Y129N C155N D273Y N395K S444M,0.0028,0.0028,3,92
CCATATATGCCATCAA,Y66D M312K Y363S,0.0028,0.0028,3,92
GACCCTTTGTCCTATA,W196D,0.0028,0.0028,3,92
GGATTATGTTTAAGCT,E151R S255V N302L R468N K481L,0.0028,0.0028,3,92
TAATACTCAAGAAACT,G64V N365I N373Y,0.0028,0.0028,3,92
TCCATGTATAACTATA,L142* T226D Y371N,0.0028,0.0028,3,92
TCTTAAAACGAATATG,Q348T,0.0028,0.0028,3,92
TGCTTCCTCCAAGTCG,I15N L73C A297L H467A,0.0028,0.0028,3,92
TTATTATTATCCAACG,S154N C364N,0.0028,0.0028,3,92
AAACAGCAATACTGGT,T412S,0.0028,0.0028,3,91
AATGATACGTTTGAAC,L128V A195F,0.0028,0.0028,3,91
ATCTTTATATAAGTTT,E308D S333G K384N H398S,0.0028,0.0028,3,91
CCAAAGCACAGAATCA,V164W N338A,0.0028,0.0028,3,91
CGAAAAAATAATTACT,F7M S381W,0.0028,0.0028,3,91
CGAGCAAATTACAGTA,F140I I213N,0.0028,0.0028,3,91
TAGAAAAATAATGGGG,D156S L259M W489V,0.0028,0.0028,3,91
CATTGAAGCAAGGAAC,E72V D401E,0.0028,0.0028,3,90
CTAAATACTGCTCCCC,M1*,0.0028,0.0028,3,90
GACAAAAAACGGACCC,K33* T110K V388M,0.0028,0.0028,3,90
AAAGTCTATTTCTGTG,K63S K384*,0.0029,0.0029,3,89
ACACATTGGTACTCAT,C57L M192T D311G Y441S,0.0029,0.0029,3,89
CATAAAGTAGCTATCA,I222G I239A D268C A299W,0.0029,0.0029,3,89
CTTTGAATGTTAAACC,C364Y,0.0029,0.0029,3,89
GAGTGTAGTCCTCTAT,S154* A177T W196S D204N Q335T,0.0029,0.0029,3,89
GATTACTTAATGCAAC,Y393H,0.0029,0.0029,3,89
TCCCTAACCTACCAAT,V97* S216N,0.0029,0.0029,3,89
TTAGAGCGAAAGCCAC,K490E,0.0029,0.0029,3,89
AAAAGCCACAGTTACG,T281N H374Q H398F,0.0029,0.0029,3,88
AAGGTTAAGAACATGA,H92M I239V,0.0029,0.0029,3,88
ATATTCCAAAGAATGA,A132P C212L,0.0029,0.0029,3,88
ATCCTATACAATAACT,S169I V485L,0.0029,0.0029,3,88
TATACTTAACGGTTTG,L68M Q165D G260S E307S E396W S437Y,0.0029,0.0029,3,88
TATCTCAAAACTTCAA,K125Y L133P,0.0029,0.0029,3,88
TGCTCAGGCGCATACT,E287T K304T,0.0029,0.0029,3,88
AAAACCCCACGTACAG,V5N S199D K417R S462H,0.0029,0.0029,3,87
AAGGCTGACCCTCTAT,C41N L68T C212V Q232E C301S R456S,0.0029,0.0029,3,87
AATGACGTGAACTACA,H374T,0.0029,0.0029,3,87
AGCTAAAGATCGCTGG,N99T,0.0029,0.0029,3,87
CCTGATACTGAAACTA,F140L Q149W H179R G197S N209* R379V,0.0029,0.0029,3,87
CTAATCCAAAATAACA,Q149* D204N,0.0029,0.0029,3,87
CTACGAGACGGGTAGA,S143W,0.0029,0.0029,3,87
GATGTAATAAAAACTA,A340T,0.0029,0.0029,3,87
TAACAATGAAATCTAA,Q247Y L447P,0.0029,0.0029,3,87
TAATTGGGCCTGGCAT,T77R D251Y T281*,0.0029,0.0029,3,87
AAGGGTTTGTGCAAAC,T101S A202V L387*,0.0030,0.0030,3,86
AGGTAAATACCCAGTT,M75E K384N M414L G484D,0.0030,0.0030,3,86
TACAGAAGGCGAACTT,L133F,0.0030,0.0030,3,86
TGCTCATAGTCACCGG,D306V,0.0030,0.0030,3,86
TTTTTGAAACCACATA,G484T,0.0030,0.0030,3,86
AACAAAAACCAACAAA,L46* M75V E100L W227T S269G F293I,0.0030,0.0030,3,85
ATAATAAACTAAACCC,L78S D317T N342G E413R K488S,0.0030,0.0030,3,85
CAAAAAGTTCTGCACA,M134V R256I C463N,0.0030,0.0030,3,85
CCAAGAAATTTTCCCT,E104L D408E F446L,0.0030,0.0030,3,85
GATGTGTACGATATGT,P12* S60A E72G T139L S199Y L266F G294S R356V,0.0030,0.0030,3,85
TATAACTGATGTTATA,,0.0030,0.0030,3,85
TGAGAGATATGATAAT,M194I P362S L382T D401*,0.0030,0.0030,3,85
TTTTAGTGTAACACAA,N178K T377G S389R,0.0030,0.0030,3,85
AAGTTGAAATGGCATA,V164R Q223G L242R L387R,0.0030,0.0030,3,84
AATTCTTAAATTAGTT,C385N,0.0030,0.0030,3,84
AGGCCGCGTAGAGCCA,Y94F T375I,0.0030,0.0030,3,84
AGTCAGCGAAATGCCA,E16* D156K M192S L313G W386D,0.0030,0.0030,3,84
CCTCAAATCCTAACTA,F399I,0.0030,0.0030,3,84
CTTGAATAATATGATG,A328P H471L,0.0030,0.0030,3,84
TATCAAGCTGAGCCAT,S85N,0.0030,0.0030,3,84
TATTAGATCGTCGAAA,S60I N365Y,0.0030,0.0030,3,84
TCAAAGTGAAGACGGC,C57Y Y62T T263G,0.0030,0.0030,3,84
AAAGGATCAAGGAGTC,C118R A132T,0.0031,0.0031,3,83
AGATTAGGATCCAAGC,,0.0031,0.0031,3,83
AGCGAACGTGAATCTA,G2K C364L,0.0031,0.0031,3,83
CATTATTGAATAACAT,L68* L245R I411Y,0.0031,0.0031,3,83
CTAAAAAGCACTTAGC,N89H,0.0031,0.0031,3,83
TGAACCTAATAAAGAC,T48I N167C,0.0031,0.0031,3,83
TTAAACTGAAACACAG,L259K,0.0031,0.0031,3,83
TTACAGACTTTCCTAG,M75*,0.0031,0.0031,3,83
ACCCCGGATTACCGGG,,0.0031,0.0031,3,82
ATCTGGACCCCATGCT,D175L,0.0031,0.0031,3,82
CCACAAATATAGTAGT,,0.0031,0.0031,3,82
TGTCATTGAGCGCTTG,L51I S444C K465A,0.0031,0.0031,3,82
AACAGATTGGAAGTTT,S27P C279F I358M T375Y A407Q,0.0032,0.0032,3,81
GAATGCTTTGCTACCC,M134L V164E,0.0032,0.0032,3,81
GAGCATTCAATAACCC,K481I,0.0032,0.0032,3,81
TACGGCCACCCGCGAA,L46I L61G,0.0032,0.0032,3,81
AAACTATTGCCAGATG,T58L K88R C279L Q482Y,0.0032,0.0032,3,80
AAGAGGATCACAGTGA,G160S S246R L449A,0.0032,0.0032,3,80
ATAATCACTTGCGCGA,G271V Q335T,0.0032,0.0032,3,80
ATTCTCCAGATATTAA,M1* Q149P H179L,0.0032,0.0032,3,80
CTTGTGTTGCCATGAA,K125R F147M L313*,0.0032,0.0032,3,80
TACTTCGGAAGGTGTA,G198D L285Q,0.0032,0.0032,3,80
AAAATAGCTTTGTACA,N158L,0.0032,0.0032,3,79
CATAGCGGGAATTAGA,N90R W264* D306R K417N P464R,0.0032,0.0032,3,79
CGAGCTCGGATCTGGC,V28L N79W,0.0032,0.0032,3,79
CTCGAGCTCTCTAGTA,I162K Y172S R282Q F436S,0.0032,0.0032,3,79
GTGTCGTATTCATGCC,G391A P486V,0.0032,0.0032,3,79
TCGAACAACCGTTTTA,E17S I21C,0.0032,0.0032,3,79
ACGCAATACCATAAAT,S135K K161P Y366H Y393L,0.0033,0.0033,3,78
CTACGTTAAGACCCCT,M153A K488T,0.0033,0.0033,3,78
GTCCATATTAAAATAG,R314W C475*,0.0033,0.0033,3,78
AAATCGGTAACGGTCG,D401V M410I C463T,0.0033,0.0033,3,77
CCTTAATGCTCATGCC,L51R E287L,0.0033,0.0033,3,77
TCTTACCAACATCGCG,T81P V164W E418* K481Y,0.0033,0.0033,3,77
AACTTTTAAGCAGGCA,F157R R325*,0.0034,0.0034,3,76
AGACAGGGTCAGCACT,G98A N178L Y363F,0.0034,0.0034,3,76
GCAATCGCGAAGAATA,T110Y F147G,0.0034,0.0034,3,76
GGGTTAGTTAGGGCAT,H170Y G260A,0.0034,0.0034,3,76
TAGCACAGCTTAAACA,C86T F157M L344M L442M,0.0034,0.0034,3,76
TATTCTCTCCTAGGCG,Q3K S171P G276V D317R S333G,0.0034,0.0034,3,76
TGACCGTGACGCTCGT,R193Y N390*,0.0034,0.0034,3,76
ACAACCTTAGGTGTAT,V44S,0.0034,0.0034,3,75
ACCTACTTAATCTCTA,I21D L68V I252S,0.0034,0.0034,3,75
ATAACTGAACCCAAAA,I21V Y219F V431S,0.0034,0.0034,3,75
CTATGTGAAGCCAGAG,P83Q,0.0034,0.0034,3,75
ACCTACAAAATAGAAC,N302Y L315S V341M,0.0035,0.0035,3,74
GATATCCCAAACACAA,Q9G,0.0035,0.0035,3,74
GCCGTTTAGATTTGCG,,0.0035,0.0035,3,74
GGAAATGCCTTATATT,G174Q Y200T,0.0035,0.0035,3,74
TATAATAGCATGCGTT,C463A,0.0035,0.0035,3,74
AGATTCTCTAAACAAA,Q405Y,0.0035,0.0035,3,73
AAAATCATCAAAGATA,L78T,0.0035,0.0035,3,72
AAATAATAATTAGCCG,T101D G198*,0.0035,0.0035,3,72
AAATCTGAGTTGATAT,K125N C155N,0.0035,0.0035,3,72
ACGTGTGTGCACAAAT,R256Y K425R V459A,0.0035,0.0035,3,72
ACTTTGCCACCTTGCA,V164*,0.0035,0.0035,3,72
AATGTAATCGAATTAC,N114L L355*,0.0036,0.0036,3,71
CGGGAAGAAGATAAAA,M75R H170N N342K,0.0036,0.0036,3,71
TGGTTCAAAAAACAGA,S121W,0.0036,0.0036,3,71
ACCCATTGGGACGCCA,T81* N89Y M312I A407S,0.0037,0.0037,3,70
ATATGTCGCAGCACCA,L46G N338T V431R,0.0037,0.0037,3,70
CATCTACTTTCTGAAG,M1R I144T D229A G260R D268K,0.0037,0.0037,3,69
AGATATCTCTGAGCAC,F8D,0.0038,0.0038,3,68
CGCCCCCTTAATAGAA,F157N T182K L203A,0.0038,0.0038,3,68
GCGGACACCAAAGAGA,E67A L479R,0.0038,0.0038,3,68
GTTTAATCAGAAGGCG,W264* M420V,0.0038,0.0038,3,68
TAAAGATAGTTCATAT,G42N S60H M410G Q482S,0.0038,0.0038,3,68
AAAACCTAGCCTCTAT,E303L R422D,0.0038,0.0038,3,67
GTCAGAAACATAAACA,M80L Q247T E287K,0.0038,0.0038,3,67
TGTGTCTTAAAAAATG,A173N F233K,0.0038,0.0038,3,67
CAAACCTTTTACGAGA,T190L I286N N302*,0.0039,0.0039,3,66
TTATACAACAATTTAG,T281M,0.0039,0.0039,3,66
AAACAGTTTTGTGGAA,L50T H131S Q165* C231K L355C D408Y,0.0039,0.0039,3,65
AACGTAGGACTAATAG,T48L N295Q,0.0039,0.0039,3,65
AAGACTTCAACCGGCA,S91T P466* N470H,0.0039,0.0039,3,65
ATACATGACCCAGATA,S439L,0.0039,0.0039,3,65
CAAAATGACGACTATA,K88D,0.0039,0.0039,3,65
GCCATCATAATAAACT,T87R K304P,0.0039,0.0039,3,65
TCGAAGTAGGTATACT,A152M,0.0039,0.0039,3,65
AAAATATCGCATGCCA,Y480*,0.0040,0.0040,3,64
ATCTATAGTATAAACA,N109F H115D,0.0040,0.0040,3,64
GGAAGAGTAAACCCTC,M82* C86R,0.0040,0.0040,3,64
TATAAACAACCAATAA,K126L A152P,0.0040,0.0040,3,64
ACTATATAGTACGGAA,M82D Q331A T412G,0.0041,0.0041,3,63
CGTTTGTACAAAAAAT,G98C T225V Y393L,0.0041,0.0041,3,63
GAAGGACATAACATAA,W210S M414R H448F,0.0041,0.0041,3,63
TCATCGCATTCTGATG,L220R N338L I474Y,0.0041,0.0041,3,63
TAAACTGTGTATACGT,Q149A G159C,0.0041,0.0041,3,62
AAACGAAAAAGAAGTC,S138L,0.0042,0.0042,3,61
AACCACTATATAATCG,V31D L105Y,0.0042,0.0042,3,61
CCCCGCGAATGCCTTA,Y94C L355M,0.0043,0.0043,3,59
TTTCAGTTACAACATG,T40* H467E,0.0043,0.0043,3,59
TCACAGGTATTCTTAA,,0.0044,0.0044,3,58
TCCTCAATTTCGAATA,W210K D311V Q321*,0.0044,0.0044,3,58
AAACCATTAATACGCA,S27M R193S L203* Y253G,0.0045,0.0045,3,57
ACGGCTCCCAGGACAC,N158D Y166C V341L,0.0045,0.0045,3,57
ATAAACCATAGATACC,T225Y L447C,0.0045,0.0045,3,57
GGCTTACAGAACGAGT,H179S C364V S400H F440L,0.0045,0.0045,3,57
CATCACGAAACGTGTT,N158K E308L,0.0046,0.0046,3,56
AAAAGATTAGCGTTCA,E104L,0.0046,0.0046,3,55
AAGGGCTAACAATACC,L259K L349D V388A,0.0046,0.0046,3,55
GCAAACCCATACCGAG,P12L L78S,0.0046,0.0046,3,55
TGAGTATTAGACCACT,T87R S237F,0.0046,0.0046,3,55
AAGACAGTAGGGGAAC,M214P,0.0047,0.0047,3,54
ACTCATGTTAAAATCC,Q247E P275K I458D,0.0047,0.0047,3,54
AGACCTTAATCTGAAT,R456L,0.0047,0.0047,3,54
AACATTTGGAGATAAA,S171Y T380D K417R K425R R456G K465G K488R,0.0048,0.0048,3,53
AATTACAAGCCCACGA,L46R,0.0048,0.0048,3,53
ACTAACCGAGATATGA,H93Q H179R,0.0048,0.0048,3,53
CATACCTTAAGCAGAT,Q218E R256T,0.0048,0.0048,3,53
GACGCCACTATAGTAT,Q69P Y278W L336F Y363Q,0.0048,0.0048,3,53
TATCTATAACAAAGTA,S143M Q189H,0.0048,0.0048,3,53
ACCCGTGACTGAACCC,A173C N346* C475H,0.0049,0.0049,3,52
CAAACGACATAGCGAA,L415K V459R,0.0049,0.0049,3,52
GTAATATAAATTGGTC,R193E E421A F440L,0.0050,0.0050,3,51
AGCTATCACCCAAATA,L50W Y66R N295W,0.0051,0.0051,3,50
GAAAGACCGTCGAGAA,S111K,0.0051,0.0051,3,50
GGAATATTGCACCGCG,R257E A299K E303L,0.0051,0.0051,3,50
GGCGCGAGAAATAACA,T376N,0.0051,0.0051,3,50
TGAACAGAATAGAATG,Q3S Q247L T296C,0.0051,0.0051,3,50
GATTATAAACGTCCAT,N37T G198D,0.0052,0.0052,3,49
AGTTAAGAGCCGCGGT,,0.0053,0.0053,3,48
CCCTGTACCCTCAAGG,,0.0053,0.0053,3,48
TTAAACCTGACTAATG,A39G C180* Q232R I334N,0.0053,0.0053,3,48
TATTAAAACATTCGTC,S255* L449E W489A,0.0054,0.0054,3,47
ATTGTTACATCAAATA,K88T L449W,0.0056,0.0056,3,46
TATGTCAAGGGCGTTC,G2E R468L,0.0056,0.0056,3,46
ATTTTAGCACAATCAG,Y172S A176D T397F,0.0057,0.0057,3,45
GGAGATCATCGTCCTT,,0.0057,0.0057,3,45
AATGTCAAGCCATAAA,S389Y,0.0059,0.0059,3,43
CAAACGTGAACTAACA,G198M P238K,0.0061,0.0061,3,42
CCGATAAAGTCATCCA,G159* Q165L,0.0061,0.0061,3,42
GAGCTTAAATGTAAAC,A25T L242S,0.0061,0.0061,3,42
GCTATCTTATACGTGA,V435R,0.0061,0.0061,3,42
TGGACTTTATTACAAC,K33Y K272N C475Y,0.0061,0.0061,3,42
TTAGCGAATGTCTATA,R325V,0.0061,0.0061,3,42
GTTCATTCAAATTTCT,L78S S389G,0.0062,0.0062,3,41
GGTTAGATACCGGTAA,,0.0064,0.0064,3,40
AAAAAATGACCGAAAC,Y441V,0.0066,0.0066,3,39
AACAGCTAAAGTCTCT,S135* L142A,0.0066,0.0066,3,39
AAGAAAACCGTCATCA,Y363P P464R,0.0066,0.0066,3,39
GTTCATAAAAAAAAAT,,0.0066,0.0066,3,39
CAAACTGCCCTATAAA,L336Q,0.0069,0.0069,3,37
AATTGAAGAAGGGCTA,S135F R250*,0.0071,0.0071,3,36
AGATTACCGAGAAGGA,G102E,0.0071,0.0071,3,36
AGCGCACCCACTTAAC,N148W R468C,0.0071,0.0071,3,36
AAAAGACGGGAGAGTT,Q3L V65L A123H Y393M,0.0077,0.0077,3,33
AAACAGATGATAAACA,G64V,0.0077,0.0077,3,33
AAGTGCGAGTTGACTA,P464H,0.0080,0.0080,3,32
AGAAGACATGCACCAA,T380Y,0.0080,0.0080,3,32
TATATAGTTAAAATAA,C86G I213L I458P,0.0080,0.0080,3,32
AAACCTTAAGTTTACA,W386K,0.0082,0.0082,3,31
AAACTTAAGTAAATGC,E104K N395K,0.0082,0.0082,3,31
ATAAGACGATTGGGAT,T296S P486K,0.0082,0.0082,3,31
AGATCCGGCTATAATA,S121W G197A,0.0085,0.0085,3,30
TATTGAGGTAAACAAA,G276K S476C V485*,0.0085,0.0085,3,30
AAACGTCTAGAAATGA,T139* G429H,0.0098,0.0098,3,26
ATATTATGTAAAATAT,A173V G276H I361* L428N,0.0098,0.0098,3,26
GACTCGAATTACAAAC,H93F E104P P362N W489S,0.0098,0.0098,3,26
TCCGAATGACACAATC,L244R,0.0102,0.0102,3,25
GCTAATGCACCCGTTC,T48K N89Q K425T V431M F446K,0.0106,0.0106,3,24
GCCCTCGACCGTAAAC,L71R Y166K,0.0116,0.0116,3,22
CAGCACCACAGCCATA,E100A M134A R257G K272W E303V,0.0122,0.0122,3,21
TAAACGAGAGAATCAC,Q3* C477I,0.0128,0.0128,3,20
TAAACTAATCAAAATA,G243* Y253S G391Y,0.0150,0.0150,3,17
AAACTGCCTAGAGAGA,I4V F434S,0.0160,0.0160,3,16
CAAAAAATCTCGTGCA,D156V I458N,0.0170,0.0170,3,15
TCATAACAAACTCCCC,R422M R468L,0.0170,0.0170,3,15
TTATAATATGCGTGGT,C155D C212S N395M K465W,0.0170,0.0170,3,15
AGCTCCGGCATGTAAA,D130L S143R S171N I334M,0.0197,0.0197,3,13
CTTCGACGAGTGCTAA,M192* I221N F309*,0.0197,0.0197,3,13
AATACTCCAGGTTAAC,F191D I222P G243M F309V D347C L433V,0.0213,0.0213,3,12
CGCGAATTTTGCGTGA,M75W M153*,0.0213,0.0213,3,12
CTAAATACCACCGACG,E289*,0.0213,0.0213,3,12
AAAGGAAAACCAAATT,F147W,0.0232,0.0232,3,11
ATAAGTGAGCGCAGAC,H131A R356S,0.0232,0.0232,3,11
TAACGTTTGCCTCCGG,S27R E72H E418M K481L,0.0232,0.0232,3,11
TAGGTTAACTGTAATA,N20* A39S L107W,0.0232,0.0232,3,11
AGACTCTACTTCAAGG,A340S,0.0256,0.0256,3,10
CATACGCGGTGCCAAT,I4N A25M S135K G260A D357V,0.0256,0.0256,3,10
GAACACTTAAAAAGGA,N90D,0.0256,0.0256,3,10
GACAAGACGACGAATA,I162L Y241N H467L,0.0256,0.0256,3,10
TATCTAACAATATATG,G102V N146S F262S W489*,0.0256,0.0256,3,10
TCTAATTAACTAACAA,N409Q W489*,0.0256,0.0256,3,10
TGGCTATTTCCCTATT,W489T,0.0256,0.0256,3,10
AACCTCTTAATGTACC,S135* E307F S462V,0.0284,0.0284,3,9
AAGGGAGAGGGGAGAT,G206C T261C,0.0284,0.0284,3,9
ACTCTTTTAGACTACA,Q3* C86Y,0.0284,0.0284,3,9
ATCCTTTGCGTTTCGT,G2E V164P L168N Q331R,0.0284,0.0284,3,9
CAAGACACCAAAAGTC,C57F C279D N319Y P383S Q482D,0.0284,0.0284,3,9
CTTTATTCCGAGGCAT,H141L Q335V,0.0284,0.0284,3,9
GAGGGCCTAAACGCGC,I458T,0.0284,0.0284,3,9
TATAAACGCTTGCCAC,A340W,0.0284,0.0284,3,9
TCTACGGCCCTAGATT,N338S E418R S476R,0.0284,0.0284,3,9
AACTATCCCCTAAACG,G206A W386G N390S,0.0319,0.0319,3,8
ACAGGTGAAACTAGTT,G64S,0.0319,0.0319,3,8
ACAGGTTTCATGTTCT,S56R K161Y Y219C H230R I239V Y241C G277D F293D,0.0319,0.0319,3,8
ACCAAAGCTCCTGATA,T6V,0.0319,0.0319,3,8
AGAAAGGCTTGATCAT,L103K,0.0319,0.0319,3,8
ATATAGTTTCCAAACA,N89W E228Q T249N,0.0319,0.0319,3,8
CAATAACCTAATGTTT,R248K D347S,0.0319,0.0319,3,8
CACTATGTAAAAAATT,M1I E100A,0.0319,0.0319,3,8
CATGAGGGTGGCGCAT,A297P,0.0319,0.0319,3,8
CGCTAAGAACTAAAGA,A39S C118S,0.0319,0.0319,3,8
CGTACAATACAACGAA,V44* Q405W,0.0319,0.0319,3,8
CTAGGAAGTAATAAGA,L355R M414W,0.0319,0.0319,3,8
CTGTGTGCGGTCTGGA,Y200P R256Q V341R,0.0319,0.0319,3,8
GAAACATACGAACGCA,L128I C477K,0.0319,0.0319,3,8
GAAGCCCTAACGTTCT,Q69W,0.0319,0.0319,3,8
GCGATTGCCCTGTATT,F157L V183S C475N,0.0319,0.0319,3,8
GCTTAAGTTACATAAT,T110A I334P V435P,0.0319,0.0319,3,8
GGAGTTGCCTCCACAG,S135* Y419S,0.0319,0.0319,3,8
TTGGTACCTAGTTAAT,E418K K425A,0.0319,0.0319,3,8
AAACCAAAATTCCCAC,C86G E329R S462T K488V,0.0365,0.0365,3,7
AAACCGCAAATGACAA,S27T G197P L326V P466S,0.0365,0.0365,3,7
AACGAGTTCGAGTTAG,C57G A152T E404N,0.0365,0.0365,3,7
AAGACCGGGAATCGTC,Q223I S267P M351I I358P R456L,0.0365,0.0365,3,7
AAGATAAGGGGTGGAA,G34C,0.0365,0.0365,3,7
AATAGTTTAAAATAGA,Q3L V187N S237Y R256I W370Q L428F R468S,0.0365,0.0365,3,7
AATCAAAAATAATAAG,V14W,0.0365,0.0365,3,7
AATGCAAAGCCAAGGT,L280S L313Q Q331L,0.0365,0.0365,3,7
ACATTTACCATTATTC,H92V N114K,0.0365,0.0365,3,7
ACGACTAGTCCGCAAG,P83A F446C,0.0365,0.0365,3,7
ACGCTCCGGATAAGTA,N99Y K272H G484D,0.0365,0.0365,3,7
ACGCTTCATAGCACAC,Y200*,0.0365,0.0365,3,7
AGCAGCCAGCTATCAG,P12M N109L *492-,0.0365,0.0365,3,7
AGCCCCATCAGCGCAT,L32P L433V Y480I,0.0365,0.0365,3,7
AGTCCGATTTTGAGTA,T81G G277N N395H,0.0365,0.0365,3,7
ATAAAAATCATACTAA,T108P R250V,0.0365,0.0365,3,7
ATAAGTTGCTGAACAC,E289K A299D S389R,0.0365,0.0365,3,7
ATGTCTTTTTGTTGCT,M134Y G160V V435Q,0.0365,0.0365,3,7
CAGATAGTTACACAGC,G2L,0.0365,0.0365,3,7
CGAATCTGAAAACACA,L394H,0.0365,0.0365,3,7
CGACAGTATTAGTTGA,R256L G260W C301L D402Y H455A,0.0365,0.0365,3,7
GACAACCTACACATAT,E17R K126L E413G,0.0365,0.0365,3,7
GACCGACCCAGCAAGT,N90S L107S A123C P483L,0.0365,0.0365,3,7
GATAAGATGTCGGGGT,F191L I213R,0.0365,0.0365,3,7
GCCATTAATACCAACC,M214R M332T M410K,0.0365,0.0365,3,7
GCTCATTGTCGCACTA,L50- L71Y D175P L242R S267L Y363R,0.0365,0.0365,3,7
GCTCCAGTTAAACAGA,C231H D273C,0.0365,0.0365,3,7
GTGATACATACACCTA,I452Y,0.0365,0.0365,3,7
TAAAAAGACAGGAGCG,T59L T110Q N158E C301I,0.0365,0.0365,3,7
TAGCCTAGCACTGCAG,G271S K339W L344N,0.0365,0.0365,3,7
TAGTATCGTTCGGAAC,P83R,0.0365,0.0365,3,7
TATCGATAAAACAAGT,M82S S121A V187N C292I Q331R,0.0365,0.0365,3,7
TCGAAATGAGCATACT,C292S N390V S476T G478Y,0.0365,0.0365,3,7
TCGAATAAGCAATGCC,W196Y S367*,0.0365,0.0365,3,7
TGCAGTCAACGCAATT,R55P D156L W264* G473V,0.0365,0.0365,3,7
TGCGAAGTCCTTCCTC,N167C D273S E404A,0.0365,0.0365,3,7
TGCTGAGGCAGTGGCA,S154N V164Q,0.0365,0.0365,3,7
TTGTACGCCTCAGCTT,A184P P238S G243C,0.0365,0.0365,3,7
TTTACGCCCATAAAAA,G54L Y363K T377C,0.0365,0.0365,3,7
TTTGACAATGTCGAGT,L326P I345M,0.0365,0.0365,3,7
AAAAAATCACCAGAAA,V97A T110M S237*,0.0426,0.0426,3,6
AAAAACCACCACAATA,R422S,0.0426,0.0426,3,6
AAAACCAAGGACAATC,I162R Y200L,0.0426,0.0426,3,6
AACTTTGCAATCCCAA,K33T,0.0426,0.0426,3,6
AATAATCGCAATTAGC,C463K,0.0426,0.0426,3,6
AATACGACACAAGATA,F140I S333M,0.0426,0.0426,3,6
AATGAGCTAAAAAGTG,M82K T110* T182I P236V N295V,0.0426,0.0426,3,6
AATTTACCATAACGAT,L52Q N167K L315V,0.0426,0.0426,3,6
ACACCAACGGGCACTC,H92Y E104*,0.0426,0.0426,3,6
ACACCGCTTGTTTAGC,S121D Y480P,0.0426,0.0426,3,6
ACCATCATAGTTGAAG,P12I K481*,0.0426,0.0426,3,6
ACCTGGATGCTATTAG,S444F,0.0426,0.0426,3,6
ACGATACAGCCAACGG,G34N C57R W283L,0.0426,0.0426,3,6
ACTGAGGTAACACAAT,A39M K126*,0.0426,0.0426,3,6
ACTGGATAGTTGGGAC,R325G Y441P,0.0426,0.0426,3,6
ACTGTACTTTACGCCT,G34S L168C,0.0426,0.0426,3,6
AGACAAACTACCAAGC,H13A S85N H93Y I239Y,0.0426,0.0426,3,6
AGCTCGGAAACTATAC,E307F,0.0426,0.0426,3,6
AGCTGCCCTACCTGAA,G2E M284T L433A P466D,0.0426,0.0426,3,6
AGGAATGGCACACTGG,Y172V M351R,0.0426,0.0426,3,6
AGGCTAAACCTATCAC,C57F T226W E270G R468Y,0.0426,0.0426,3,6
ATCACCTCCTCTCGAT,L71R N89E I452N M472K W489S,0.0426,0.0426,3,6
ATGAACATAAGAACCT,Q9G F49I S91F N119S N373D C475K,0.0426,0.0426,3,6
ATGAACATAATAAAAC,S246T F309L S333G A340K,0.0426,0.0426,3,6
ATTCAGAATTGTTAAG,S27E G45R A288L R356G D408G,0.0426,0.0426,3,6
ATTGCTTTTCACGACT,A123T I445E R491K,0.0426,0.0426,3,6
CAAAATCAGACGATCG,W196N R257Y,0.0426,0.0426,3,6
CAGAAGAAAAAAAACA,V44I K300* Y371T K417G S439F,0.0426,0.0426,3,6
CAGCCCGACAACTCCG,T225W Y278L L285V,0.0426,0.0426,3,6
CATAAAAACCCATAAC,N127* D401S,0.0426,0.0426,3,6
CCGAATCCGAGAGAAA,P275N P362L,0.0426,0.0426,3,6
CGGATATTTTGAAAAT,V47N,0.0426,0.0426,3,6
CTAATTAAAAAATTAA,L242I G360L,0.0426,0.0426,3,6
CTAGTACTTTTGATTT,M134I D156V N470R,0.0426,0.0426,3,6
CTCACCCATATCGGAC,G2R G260R D432L,0.0426,0.0426,3,6
CTCGTTCGGTTCCGTA,S143T L258A P383L T426L,0.0426,0.0426,3,6
CTGAGAGCTTTGGATT,Y200I D204N G240I,0.0426,0.0426,3,6
CTTACATGTAAGTAGA,L43W C53E Y253N,0.0426,0.0426,3,6
CTTGGTAATACCGAGC,T139A R356G,0.0426,0.0426,3,6
CTTTAATCAGAAAATA,R235C,0.0426,0.0426,3,6
GAACACAGTTAACTAC,V65G A173W A343P,0.0426,0.0426,3,6
GAATGATAGTATTGGC,Y166W W196C,0.0426,0.0426,3,6
GACTAAAGCAAGTACA,N295I,0.0426,0.0426,3,6
GATAGATCACACTAAG,I254D N319M L355R,0.0426,0.0426,3,6
GCAGTGGCGACGTTGT,D357K T397L,0.0426,0.0426,3,6
GCATAAACCAATAAGG,S85T N178V N224Y F309L,0.0426,0.0426,3,6
GCGTGTCTCTTAGATA,M410Y,0.0426,0.0426,3,6
GTAAAGTGGACTGCAC,C41L H92D Y129C N209R I345*,0.0426,0.0426,3,6
GTGAAGGCCTTACCTA,N409K,0.0426,0.0426,3,6
TAACGTTTAGCCTCAA,M194F Y363* T377I,0.0426,0.0426,3,6
TAATAAAACGCGTATC,P12V L128P,0.0426,0.0426,3,6
TAATTTTTCCTGATTC,M19N E100G,0.0426,0.0426,3,6
TACACAGCTCATCATG,A177F W210P A297T N373L D432K S476F,0.0426,0.0426,3,6
TACATAAAAACATTAT,D311H,0.0426,0.0426,3,6
TCAATCACATTCTGAC,A184F,0.0426,0.0426,3,6
TCCCGAAGAGGTCCTC,W227D,0.0426,0.0426,3,6
TCGAATCCAGTCACTA,G64D E72* T81G C86Y A176K T376F,0.0426,0.0426,3,6
TCGTTCAACACGGACC,G98N M351F S462Y,0.0426,0.0426,3,6
TTAAAGAGAGCTAAAC,Y172C Y200S I222V D347L,0.0426,0.0426,3,6
TTACACTGGGTTCGCG,D122H M410V T412A K425R S437G R456G N470D,0.0426,0.0426,3,6
TTACTATTAAAAAAAA,M1* C155R K461V,0.0426,0.0426,3,6
TTAGCCCATCACTATA,C57W S389F,0.0426,0.0426,3,6
TTCATCTCCACTGAAC,S91R H457*,0.0426,0.0426,3,6
TTCCTTTATGCCAAAT,C41* G98S P145E D211I S437N,0.0426,0.0426,3,6
TTCTGATATGTCGACC,E228R P453K G484E,0.0426,0.0426,3,6
AAAACAGAAAAAATCT,N295Y,0.0511,0.0511,3,5
AAAATATTAGGGAATA,L372F G391S Y419C,0.0511,0.0511,3,5
AAACCGGTCGGAATAG,V14R G98K C231V P427M,0.0511,0.0511,3,5
AAAGCCTAAATTTGTG,E67H Q247N,0.0511,0.0511,3,5
AAATGAACTATATTAA,I15M I112L Y172R I213M,0.0511,0.0511,3,5
AAATGGAACCCTTAGA,T6E L245M R468*,0.0511,0.0511,3,5
AACATAACACATTATA,L285Q,0.0511,0.0511,3,5
AACCGTAAATATATCA,A25T D251C,0.0511,0.0511,3,5
AACGGTGACCCTCCCA,C212M K304E,0.0511,0.0511,3,5
AACTCACAAACATGAA,L35R W210V M312I S392I,0.0511,0.0511,3,5
AACTGAGATTTGTTGC,F233L T296A S444N I458L,0.0511,0.0511,3,5
AACTGCCCAACGCACC,S121C,0.0511,0.0511,3,5
AAGAATAGTCAAATTG,C364L,0.0511,0.0511,3,5
AAGTAGCTTAGTCCTA,L51I N90T L433P,0.0511,0.0511,3,5
AATACGAATTCCTGGC,N74F L394F,0.0511,0.0511,3,5
AATATCATCTCTTACA,T48M Y66G F233N,0.0511,0.0511,3,5
AATCCAATGGATTTGA,V14D V28E N79* D402G,0.0511,0.0511,3,5
AATTGGACGAGTAACC,V47* Y219R V341* P383T S462A,0.0511,0.0511,3,5
AATTTAGAATGTAGAG,,0.0511,0.0511,3,5
ACAACTAATGCCATAT,E17K H230Y I286N V388C E396W,0.0511,0.0511,3,5
ACAATACCTCTATGCG,S85H T110P Y150Q Y363K,0.0511,0.0511,3,5
ACATCTATGCGCCCTG,M1C V14T Y278M K300L V485Y,0.0511,0.0511,3,5
ACATGACAGATATTCT,Q3D T81V K300M I345H,0.0511,0.0511,3,5
ACCGAGCAAACTTTTA,F191K I443F,0.0511,0.0511,3,5
ACGACATCGAGACACA,F38D Y62* F117R L245I S392N,0.0511,0.0511,3,5
ACGACCTTCCGAAATA,I15N S444H,0.0511,0.0511,3,5
ACTATAACGCTGCAAA,Y219K L242I I452R,0.0511,0.0511,3,5
ACTTCGACTATCAAAA,G429N,0.0511,0.0511,3,5
AGATTGCACATACTAC,T58R L133G H170L Y369P,0.0511,0.0511,3,5
AGGCGTTGATTGCCCT,G54S L105S D156I S163R H230L V450T,0.0511,0.0511,3,5
AGGGCCGAAGAATTAA,T375Y,0.0511,0.0511,3,5
AGGGGATTCATTGCAC,L442E H455L,0.0511,0.0511,3,5
AGTTGGGGAAATGTGA,S60L N119Y K126T,0.0511,0.0511,3,5
ATAAGTAAGTAGGCCA,T77K L120* S234D,0.0511,0.0511,3,5
ATAATAAATAACTAAA,V44A A173Y I458M,0.0511,0.0511,3,5
ATACATTTCCAATGAA,T81A T106I C118V V341T T377D,0.0511,0.0511,3,5
ATACTGACTAGCACGA,T58V T101R S237I N373A,0.0511,0.0511,3,5
ATCATAGCATTCTACT,S60G M214A D268* E329Y H374L L479M,0.0511,0.0511,3,5
ATCGATGCTGAAGCTT,E16* M80R L142N,0.0511,0.0511,3,5
ATCTGATGTAATGCGA,T40F,0.0511,0.0511,3,5
ATGAAATGACACTGGG,Y200V T377P C477T,0.0511,0.0511,3,5
ATGATCTGCTTTATTC,E76P M410W,0.0511,0.0511,3,5
ATGCCACCAAGAAGTA,N353- F399K M414V L442I K461P,0.0511,0.0511,3,5
CAAAATTGTACCTAAA,P83G S91T N167A T226P K461Y,0.0511,0.0511,3,5
CACAGCTTAATAAACC,V5T G240L I411K,0.0511,0.0511,3,5
CACCGATATCATCAAT,L73N Q189I N302Y C364L,0.0511,0.0511,3,5
CACTTAACTTTTCAAA,K116W A176N,0.0511,0.0511,3,5
CAGTGGTAGCACAGGA,M19T L73V K126T K272Y G429F,0.0511,0.0511,3,5
CATCCGAGTGTTCACA,S111K A177N Q218S P236T Y441L V487G,0.0511,0.0511,3,5
CCAAGTGCCCCAATTG,Y36T Y253D L258T,0.0511,0.0511,3,5
CCACAATGTTGAACGA,Q3D Q321V R379A,0.0511,0.0511,3,5
CCATCCCATCAATTAA,S27D R248*,0.0511,0.0511,3,5
CCATGGCGAGACATGA,H141N S171G L220K G424E P453F,0.0511,0.0511,3,5
CCTAAAGAGCGACACG,F233M R250E N319A Q416E P466*,0.0511,0.0511,3,5
CGAACCCATCTAAAGA,L188Y D273Y,0.0511,0.0511,3,5
CGATAAGTAATCCTAA,C53R L103M Q218R C364S,0.0511,0.0511,3,5
CGCCAGCATATTATAA,Q149* N295K,0.0511,0.0511,3,5
CTAGGTCTTTTGCCTG,V187S,0.0511,0.0511,3,5
CTGAAACCCACCATGT,N37R N185H S269F,0.0511,0.0511,3,5
CTTGGGTACGGAAAAC,K161G S269Y S381P,0.0511,0.0511,3,5
GAAAACGATATAAAGC,P12Q E72A Y253T W264*,0.0511,0.0511,3,5
GAACGAAAAATAATGG,A297Y,0.0511,0.0511,3,5
GAATCTATAACAAGCC,G174K R207Y W370G,0.0511,0.0511,3,5
GACACTTCAAATAAGA,T412L,0.0511,0.0511,3,5
GACCCAGATACAAGCC,N89H D311M A407F,0.0511,0.0511,3,5
GACCCTTACTAATTGA,E100* Q482W,0.0511,0.0511,3,5
GACCCTTTATTAATAG,M82N I201T L313P R468Y,0.0511,0.0511,3,5
GACCGGTCTTGATAGC,L78D W264M,0.0511,0.0511,3,5
GACCTACATAACCTAT,M75E V388F,0.0511,0.0511,3,5
GACCTCCAAGTGACCG,P383V,0.0511,0.0511,3,5
GAGCAGCTCTCAAAGT,C118D I144S S169V Y172* C212H,0.0511,0.0511,3,5
GATAAAGTACTGCCAT,A132L I144Q S237A E303L F434L R491L,0.0511,0.0511,3,5
GCGACTTATTTATAAC,Q3G T48F N89R E289R V485R,0.0511,0.0511,3,5
GGAGATTGACTGATGT,F49K G197S,0.0511,0.0511,3,5
GGGAGCGAGCCGACTC,I113H Q149C L245N K481T,0.0511,0.0511,3,5
GGTCTGCCGAACTTTA,C475* V485M,0.0511,0.0511,3,5
GTCAGCAACTTGGTAG,Q69L W196M F233R I474P,0.0511,0.0511,3,5
GTGGAACCTTTAACCA,G159R A288L I403V Q482R,0.0511,0.0511,3,5
GTTGTCTAGCAATATT,E16A I403M,0.0511,0.0511,3,5
GTTGTGTTCCAGACCA,N346R L394K,0.0511,0.0511,3,5
TAACCACACTCGGTCC,S163C L315Y L326P,0.0511,0.0511,3,5
TAAGGAGAATTTGTAG,R256G D273N,0.0511,0.0511,3,5
TAAGTATTAAACCTTT,L394K N409S S476L,0.0511,0.0511,3,5
TAGTAATACACATAGT,L73N I239H E308M W370L C385A,0.0511,0.0511,3,5
TATTAACGTTATGCAT,A39S G64L N209*,0.0511,0.0511,3,5
TCAACAATCTAACTAC,L103W L107M S381M C463R,0.0511,0.0511,3,5
TCATATAGATTAATAG,N109* A176S I201V L382T,0.0511,0.0511,3,5
TCATGCGACTATTTAT,V44S T58I N99A F446L K488F,0.0511,0.0511,3,5
TCCCCATCCTGATAAA,L26Q C364S,0.0511,0.0511,3,5
TCGGAAAATTCATAGA,R193K N390P K451A,0.0511,0.0511,3,5
TCTCCGTTCATGACAT,Q165* C180S R282C,0.0511,0.0511,3,5
TGCACTAGATTCACGA,I221M P362I N373L T376F H455Q,0.0511,0.0511,3,5
TGGATGTCTATCCTAT,S199L T249* N338M L430H,0.0511,0.0511,3,5
TGGTACCTAACCGAGA,Q3T L469N,0.0511,0.0511,3,5
TTACTATTAATTTAGG,Y241S N390H L430F,0.0511,0.0511,3,5
AAAAATGAATTTCGTT,V22E L313* I334L,0.0639,0.0639,3,4
AAAACTCCTTGTTATC,F157S G174P P362S,0.0639,0.0639,3,4
AAACAAAGTCTTGTGG,C86A,0.0639,0.0639,3,4
AAACAACTCATACGAA,S56L P83H H115T,0.0639,0.0639,3,4
AAACCGCTCTACAGAC,Q3R K161L,0.0639,0.0639,3,4
AAACCTTTATGGATTT,R55L G198R T225S D311F,0.0639,0.0639,3,4
AAAGAACTGTCACCTA,L52S K63E S367F,0.0639,0.0639,3,4
AAATGTAAGATTGGTC,A123D E303* E404T L479K,0.0639,0.0639,3,4
AAATTATTATATACGG,E100I N319V,0.0639,0.0639,3,4
AACCAAGTACAGTATA,Y366T N390R,0.0639,0.0639,3,4
AACCAGATCTGTCTGC,F49G N390L I458F,0.0639,0.0639,3,4
AACGAAAAAGATGTCC,K33* L259M M312K L382Y,0.0639,0.0639,3,4
AACGCCTCTGAAAGGT,L43V G98V,0.0639,0.0639,3,4
AACGTTGAAAAAGCAG,T58H N295F,0.0639,0.0639,3,4
AACTGGTCACAGGGCA,Y200T F293R,0.0639,0.0639,3,4
AAGAAATGGGCGGACT,I221L C231S G260T N346F,0.0639,0.0639,3,4
AAGCCATAGAGTAACA,T58I K125R,0.0639,0.0639,3,4
AAGGCCAAACTTAATA,Y278G L344C K368R K417L,0.0639,0.0639,3,4
AATAGGACAAGATATC,H457Q,0.0639,0.0639,3,4
AATAGTCCGAAGTACA,I4* K88S,0.0639,0.0639,3,4
AATCAACACTCACATC,Y62G N114I E228W S444N,0.0639,0.0639,3,4
AATCGAAATAACTAAC,P83L,0.0639,0.0639,3,4
ACAACATTACCGAAGA,C57L C118L C292R,0.0639,0.0639,3,4
ACACATGATCCCCACC,P83K C231P D268V,0.0639,0.0639,3,4
ACACTAACCCGTCGGA,T110K Y166W Y219W,0.0639,0.0639,3,4
ACAGAATGAAATGTCC,Q3V L349Y,0.0639,0.0639,3,4
ACAGCGCCAATCAACA,Y36K L51P,0.0639,0.0639,3,4
ACCCACTATAGCTCGA,L103S Y150T C475D,0.0639,0.0639,3,4
ACCGTATTATATAAAA,V22M L84W L315A,0.0639,0.0639,3,4
ACCTAAAATGTGCGGT,L469F Q482H,0.0639,0.0639,3,4
ACGCTTACAACCTCAC,I21E Q218M T377D,0.0639,0.0639,3,4
ACGGATGGCGAATACT,A173K C212E E289G,0.0639,0.0639,3,4
ACTCGAGCCGTCCCAC,V44E,0.0639,0.0639,3,4
ACTGTAACAACATGGA,G2H A132I R207S E413K,0.0639,0.0639,3,4
ACTTGAATATAAAAGA,V31I L46N,0.0639,0.0639,3,4
AGAAACGGGGTGGTTG,V65M N109* K339*,0.0639,0.0639,3,4
AGACACTAACAACCGC,I15S S27R K300D,0.0639,0.0639,3,4
AGAGAAATGCTGAGAT,M75E,0.0639,0.0639,3,4
AGAGATTTAGAAAAAG,W210R M284V D432N L449*,0.0639,0.0639,3,4
AGATATATGGTACATA,L23A Y253N E307L,0.0639,0.0639,3,4
AGCAAAATGTAACCAG,Q218R L259M G260S P383S Y419*,0.0639,0.0639,3,4
AGCAAGTTAAACAACG,E16D N74I S216K,0.0639,0.0639,3,4
AGCCGCCAAAAAAGTA,H179L,0.0639,0.0639,3,4
AGCTTTGCGACTCTAC,V31Y S121Y Y393H,0.0639,0.0639,3,4
AGGCTAACTACTTTTT,G64V,0.0639,0.0639,3,4
ATAAAAAAACTTAACA,,0.0639,0.0639,3,4
ATAAATTACCTACACT,V22W,0.0639,0.0639,3,4
ATAACAAAGAGGAGTA,K272H F446L,0.0639,0.0639,3,4
ATAACCTCCGTAAAAA,,0.0639,0.0639,3,4
ATATCTGCTGAGCAAC,T58G L168R K272L,0.0639,0.0639,3,4
ATCACGTTGTCCAAAA,I221K,0.0639,0.0639,3,4
ATCATTAGACTGATGA,I222C N373D S392L,0.0639,0.0639,3,4
ATCTAACAATAATTGT,L73H,0.0639,0.0639,3,4
ATGCACACGCCTAAAA,S27T L73V R256* L447M,0.0639,0.0639,3,4
ATTCGATAATAGACTA,L120F L142T K320I H457L P486Y,0.0639,0.0639,3,4
ATTTAAACAAACAACA,Y166I S476V,0.0639,0.0639,3,4
ATTTAAACGACAAACT,A152Q R256H F293Y,0.0639,0.0639,3,4
CAAACGGTATAATATA,S205L Y480T V485G,0.0639,0.0639,3,4
CAAAGACTTACCTATG,L68G N74L,0.0639,0.0639,3,4
CAAATAAAGCGTAGAA,A343L S462L,0.0639,0.0639,3,4
CAAATAGAAATATTTA,A328S L430R,0.0639,0.0639,3,4
CAATAAAGGTTCGAGA,H115N G276S F309*,0.0639,0.0639,3,4
CAATCAAACCCTTAAA,S392N A407L P453L,0.0639,0.0639,3,4
CACCGATTCGCTTACA,V28L Y166W T263A I445Y Y480*,0.0639,0.0639,3,4
CACTGAGAGAGTCACT,I445P,0.0639,0.0639,3,4
CAGGACGGCCGAAACC,E100L G391A L428T,0.0639,0.0639,3,4
CAGTTTGTTTCGCTCC,S27Y F157R F262H Y369S I458P L479K,0.0639,0.0639,3,4
CATCATTGTATCAAGC,L50S Q223P G271W P275F,0.0639,0.0639,3,4
CCAAACGGCAAATAAA,N209* L430H,0.0639,0.0639,3,4
CCACCGTAGTAGCCTC,L245Y H448Y,0.0639,0.0639,3,4
CCAGATACCTGAAGAA,Q9* K272I T377F,0.0639,0.0639,3,4
CCATCACGTCATTGTG,H13F R55S E76Y C155T,0.0639,0.0639,3,4
CCATGAATACACGGTT,V31I S85D D156F A299T K490L,0.0639,0.0639,3,4
CCATTAACATCATAAT,R356L H467G,0.0639,0.0639,3,4
CCCAATAATATTTTTC,T265I Y363D P464N,0.0639,0.0639,3,4
CCTCGCCAGAATAATT,E228I G360N V485P,0.0639,0.0639,3,4
CGACAGCTGGACAAAT,G159L G186C T190E G260D,0.0639,0.0639,3,4
CGCAGAAAAGCGTCTA,,0.0639,0.0639,3,4
CGTATGGGCGTAGGCC,T70V T190Y N395I D402L,0.0639,0.0639,3,4
CTAAATAAAAAAAAGA,G102S E418K,0.0639,0.0639,3,4
CTAATAGCCAGTTTTA,A152S Y219I P236I,0.0639,0.0639,3,4
CTAATGCACAAGACGC,Y94N L142F Y200G,0.0639,0.0639,3,4
CTACCACCGCCCTAGA,N167T C212F L469D,0.0639,0.0639,3,4
CTAGTTCTTCCCTGTA,A177* L259R,0.0639,0.0639,3,4
CTATCGCATTTAACAT,N20G M75W N89G N390L H398R,0.0639,0.0639,3,4
CTCCAAAAATCAAACC,E270*,0.0639,0.0639,3,4
CTCCAGTTAATAGGCT,M410I S444V,0.0639,0.0639,3,4
CTCCTATAAACACTTA,I15S I24C A176L,0.0639,0.0639,3,4
CTCGCCCTCTAAGATA,V5Y N158* N178Y G294I,0.0639,0.0639,3,4
CTGAAACTACCAGCTA,F157* G174F V341T,0.0639,0.0639,3,4
CTGGAGTCAAAACAAA,L71F C118W,0.0639,0.0639,3,4
CTGTTCTAGTGACCAT,H92M S199L N209L A297I,0.0639,0.0639,3,4
CTTAAAAAAAACTCTC,G54L I361F,0.0639,0.0639,3,4
CTTACCCATTGAACAA,I239C K490V,0.0639,0.0639,3,4
CTTATATAGTCCACAT,S135P G181F T454L,0.0639,0.0639,3,4
CTTCGCTAGTAAGAGA,Q9V C53N G277C E289L,0.0639,0.0639,3,4
GAAAAGCATGCCCGAT,E151A A328L Q406R,0.0639,0.0639,3,4
GAACACAAAACTTCAC,T412K,0.0639,0.0639,3,4
GAATGGCGCAAGAGCT,L51S N158K L258A T376A,0.0639,0.0639,3,4
GACCATACCAACTGAA,Y94A L220S F316W,0.0639,0.0639,3,4
GACCGAAGATTTAGGC,A123Y C155F F233I R250L,0.0639,0.0639,3,4
GACCTTACTCATGACA,F191L L433R,0.0639,0.0639,3,4
GACTCACATAATGTCA,S91I,0.0639,0.0639,3,4
GACTCATCTTCCATGT,V28S E72S K125F L242F,0.0639,0.0639,3,4
GAGTAGGACTGACCTC,H179E L242S,0.0639,0.0639,3,4
GAGTCCAAACATTTTA,K63* E104* L220A K291I D347F,0.0639,0.0639,3,4
GATAGGTCATACGCGC,C57R E104V N114M D229A,0.0639,0.0639,3,4
GATATTAAACTGTCCA,T48Y S85Q H354K R356K Q482K,0.0639,0.0639,3,4
GATCTTAAAGCCCAAG,A184* C475I,0.0639,0.0639,3,4
GCAAGAACAACAAACA,G159A R422G L428P,0.0639,0.0639,3,4
GCACTATTACCCAGAC,A39R S255I L313Q,0.0639,0.0639,3,4
GCAGCCTGGCTTCGAG,C463I,0.0639,0.0639,3,4
GCCTAAAGTAAAGGTT,A25P G174R Q247V,0.0639,0.0639,3,4
GCTTTTGTTGTGAACA,S267K N302C,0.0639,0.0639,3,4
GGACAGTTTCGCGATC,D273T L382S,0.0639,0.0639,3,4
GGCGCAATCGTGAACG,T274L W283F I445R,0.0639,0.0639,3,4
GGTGCCCCCACATTTA,D347L E396L L469P,0.0639,0.0639,3,4
GGTTACGTACCTAAGT,N209A,0.0639,0.0639,3,4
GTAATTCTGACGATTA,K272* T375M S444G,0.0639,0.0639,3,4
GTCCCTATATTATAGC,,0.0639,0.0639,3,4
GTCTAAAAATGGACAA,S163N W264V Q331P F399I,0.0639,0.0639,3,4
GTGAGAACATACAATT,M134V C155* A322* C475V,0.0639,0.0639,3,4
GTTAACACTTTTCAAA,L51* L68V,0.0639,0.0639,3,4
GTTGTATAAAACCTGA,I286T A299F,0.0639,0.0639,3,4
GTTTAAAAGTGACCCC,V44K G160T E228I G391Y,0.0639,0.0639,3,4
GTTTCTGCAAGGACGA,I4R I113* M192S,0.0639,0.0639,3,4
TAAAAATCAGACACTA,V47R E72A M82N F157L G174Q K320M,0.0639,0.0639,3,4
TAAATAATTATGATTT,I4A I254T L285P E308D C475*,0.0639,0.0639,3,4
TAAATGAATCAATAGA,M134T T296P E303R,0.0639,0.0639,3,4
TAACAGGATGAGAAAC,H115S P427L,0.0639,0.0639,3,4
TAAGAAAATTCCTTAA,I95N,0.0639,0.0639,3,4
TACCCCGAATAAGTAT,G2R I15T G208P,0.0639,0.0639,3,4
TACGTCGGAGCAAAAG,S154E I252*,0.0639,0.0639,3,4
TAGCATTTACGTTGAG,Q3* F434M,0.0639,0.0639,3,4
TATAATGAGGTGGTTG,V97M L128G C212T I337K K368L,0.0639,0.0639,3,4
TATAGAGGAATAAGAA,G102T T263G P275Y H305F,0.0639,0.0639,3,4
TATTAAGTAGTCCCGT,Q9P H93T,0.0639,0.0639,3,4
TATTAGGGCGGTCATA,K33C L107* H131L V183* W227* L449K,0.0639,0.0639,3,4
TATTTCAAAACAACCG,S111E Y441N,0.0639,0.0639,3,4
TCAGTGAAATCCTCAA,N37L H131T I162*,0.0639,0.0639,3,4
TCATGATATTTCCAGA,G2N V431K,0.0639,0.0639,3,4
TCGAATCCATATCTAT,M1I T6Q L32A L120T Q232T H467R,0.0639,0.0639,3,4
TCGTCAACTAATCGGG,M420* D432T,0.0639,0.0639,3,4
TCTAACTACCTCGTTA,N74C,0.0639,0.0639,3,4
TCTAGCAATTGAGTTC,L68K L84M N158S S439G,0.0639,0.0639,3,4
TCTCATAAATGCGACC,L68R K125C V298K S367R G460T,0.0639,0.0639,3,4
TCTTAATTGTATGATA,N390S E413*,0.0639,0.0639,3,4
TGACACTTACTACAAC,F434Y,0.0639,0.0639,3,4
TGACCAAGACACAATT,H457L,0.0639,0.0639,3,4
TGATCTTGACGAGAGT,V97R I239V,0.0639,0.0639,3,4
TGCAAAGCTATCGCAC,T110K A123V I221L V298G,0.0639,0.0639,3,4
TGCCAACACACTACAT,L68M V97W M410V T438S L447H R491C,0.0639,0.0639,3,4
TGCTCATTATACAAGC,S199R A288P,0.0639,0.0639,3,4
TGGGGGTGAGCAGCAA,E104L S143I Y278S,0.0639,0.0639,3,4
TGGTAAAACGCAAAGA,R356P T376L,0.0639,0.0639,3,4
TGTATCCAACTCTCAA,A25G L68M G360C,0.0639,0.0639,3,4
TTAACCGTAAAGACAC,G34R I201Y N390K,0.0639,0.0639,3,4
TTCCACCTTTGATATA,Y369S,0.0639,0.0639,3,4
TTCTAAAGCCGAACAT,A195I M214V L315* G378S P383Y,0.0639,0.0639,3,4
TTGTTATCCGTAATAG,T274D H374I D408T,0.0639,0.0639,3,4
TTTAATGTTAATGCAA,H13I R422E,0.0639,0.0639,3,4
TTTATCATAGAGATGA,L73H F157V L355V,0.0639,0.0639,3,4
TTTCCCAGACGAAAAT,L23V G276C T375F,0.0639,0.0639,3,4
TTTGTCCTTTCCGAGA,C279F,0.0639,0.0639,3,4
AAAAACAATTGTTTAC,G160C N185P E413G,0.0852,0.0852,3,3
AAAAGCGAGTTATTAG,L61D N127W S154N,0.0852,0.0852,3,3
AAAAGTAACATTCGGT,M192G P236*,0.0852,0.0852,3,3
AAACCAAAACATCCAG,L43T I113P,0.0852,0.0852,3,3
AAACGGCGACATTATC,L46R L133Q K320P,0.0852,0.0852,3,3
AAAGCAGAAGACCCTC,E76K D156T R256S,0.0852,0.0852,3,3
AAATGACTTTGTTGAA,T110L S163N A407D S444V,0.0852,0.0852,3,3
AACATAGCATTGACAA,L29R G198P F434H F446H,0.0852,0.0852,3,3
AACCAAGCGCTTTGTA,G54*,0.0852,0.0852,3,3
AACCTTAAAAAAGGGG,S400R L430F,0.0852,0.0852,3,3
AACTAATGCGTAAAGA,L68E S154T D273G,0.0852,0.0852,3,3
AACTACGTTAGCTCAA,C231S,0.0852,0.0852,3,3
AAGATTTTGCCCAAAA,G198F C231D,0.0852,0.0852,3,3
AAGCGAAATAAAGTAG,L29K I286Y,0.0852,0.0852,3,3
AAGCTATAGAGCTGGA,L259S G473P,0.0852,0.0852,3,3
AAGCTATGGTGTGGCG,L344S Y371T,0.0852,0.0852,3,3
AAGCTTAAAATCAATA,R193E N395*,0.0852,0.0852,3,3
AAGGTAAACGCCTTAC,L105* R248P Q321P,0.0852,0.0852,3,3
AAGGTACAGCGACTAT,A25D,0.0852,0.0852,3,3
AAGTGGAAACGTAATG,D306P S392R C477S,0.0852,0.0852,3,3
AAGTTCGCTCGGTTAA,L46P C155M K161M E270A,0.0852,0.0852,3,3
AATAATGGTTTCTAAA,L120Y G198I W386T,0.0852,0.0852,3,3
AATACCTATACAAGCA,Q165W Q232M F293L P427F,0.0852,0.0852,3,3
AATCCCTAAAGGTAGT,T412F,0.0852,0.0852,3,3
AATCCGATGTAATCGA,M359C T426Q G473P,0.0852,0.0852,3,3
AATTAACTTTTTTAAA,L26E L68M N178K M284T,0.0852,0.0852,3,3
AATTAGGCCACAATTC,K33R Y172F V183S,0.0852,0.0852,3,3
AATTTGACGACTACAT,Y129I N295S,0.0852,0.0852,3,3
ACAACCAGAGTGGAAA,V22F L107E L336G L394A R468*,0.0852,0.0852,3,3
ACAATGTGTGGACAAA,W210V G478*,0.0852,0.0852,3,3
ACACAAATCCAAATAT,M1Y M82* K88N E100* T215S C279S,0.0852,0.0852,3,3
ACACAACCACCGAGTT,G34P S135F W196I,0.0852,0.0852,3,3
ACAGACGAAACTTACA,V28E C53L L336H,0.0852,0.0852,3,3
ACCATAGAGTATGTAG,L142D,0.0852,0.0852,3,3
ACCATGTCGACTGAGT,C463Y,0.0852,0.0852,3,3
ACCCAACCTCCTCCGA,Q3V I24L L52W M82P L203P,0.0852,0.0852,3,3
ACGATCAATCAATGTT,E104L G206V,0.0852,0.0852,3,3
ACGTGTCATAAGACGT,Y419K,0.0852,0.0852,3,3
ACTCGATAATCCATTA,F446E,0.0852,0.0852,3,3
ACTGGAACTATCCTAA,C180W N295K F318N N395T,0.0852,0.0852,3,3
AGAAAATGTTTGTAAA,L52H S199Y G260D,0.0852,0.0852,3,3
AGAAAGATATGAATAA,E329A H467F,0.0852,0.0852,3,3
AGAGACGTTTGTACTT,M19R C118Y Q482M W489V,0.0852,0.0852,3,3
AGCAGACAAAGCTTTT,G42R,0.0852,0.0852,3,3
AGCATTGAATGAGCAA,Y172A G206* D268G,0.0852,0.0852,3,3
AGCTAGTACAATCTCA,Y94K,0.0852,0.0852,3,3
AGGATACTCGCATAAC,L43S C231S K352Q,0.0852,0.0852,3,3
AGTAGATTCTTATACC,E72G K304T P427R,0.0852,0.0852,3,3
AGTGACTCAAACATAA,S135K C301K,0.0852,0.0852,3,3
AGTGCCCAAATATGCA,S85A H374I,0.0852,0.0852,3,3
AGTTGCCTATCTCGTT,F38S S199C D251A G276I R456V,0.0852,0.0852,3,3
ATAACAAGCCCAATTA,L51C D156* N167F,0.0852,0.0852,3,3
ATAACATAACATAAAG,C463R,0.0852,0.0852,3,3
ATAAGACAGACTTGGC,G34V S91R D156T D408N,0.0852,0.0852,3,3
ATAAGACGGTTTCAAT,L107W W210G I411C,0.0852,0.0852,3,3
ATAAGCCTACACCTAT,S60H H115D G243F D357S L447H G484Q,0.0852,0.0852,3,3
ATAATGATCTCATTGG,T281P,0.0852,0.0852,3,3
ATATCCTAATGAACAG,T48A Y200* Y217N S269G N395E,0.0852,0.0852,3,3
ATATTTTCTACATATT,N224I S234F,0.0852,0.0852,3,3
ATCGTCCATCTCCACT,F38* M75E L128I,0.0852,0.0852,3,3
ATCTTTCAACAATCTG,L428Y,0.0852,0.0852,3,3
ATGTGTTAGTATACAA,L51S I254T I403S,0.0852,0.0852,3,3
ATTAAAACCAATCTTT,T101G H179M D408S V431G,0.0852,0.0852,3,3
ATTAATTAAGCCATCA,S389R D401L R456V,0.0852,0.0852,3,3
ATTATAGTTCCGCAAC,C53W A123C,0.0852,0.0852,3,3
ATTCCTAAATTCCTAT,I15F D408R,0.0852,0.0852,3,3
ATTCTCAATTCGTGGA,N295R,0.0852,0.0852,3,3
CAAAAAAAGTGAGAAA,L168* G197D L349R S381A,0.0852,0.0852,3,3
CAAAAAGCGTATGTCT,L46R,0.0852,0.0852,3,3
CAAAATTAATGTAACT,W264* F293A M420R,0.0852,0.0852,3,3
CAACCAGATATCACTT,K88W L103Y A340V Q348K,0.0852,0.0852,3,3
CAACTATAAATAGTAA,F7C G174R D311S,0.0852,0.0852,3,3
CAATCAAAAAGTGATA,G2A I137N C231E,0.0852,0.0852,3,3
CACAAAGCTGACCATC,Y200L R356I,0.0852,0.0852,3,3
CACCAATCTAGTCCCA,L103H L133S G174Q,0.0852,0.0852,3,3
CACCGACATCGCGTGA,L43R F147I C477I,0.0852,0.0852,3,3
CACGACATACAGTATT,C57Y Y62S Y200G,0.0852,0.0852,3,3
CACTTTACCGCCCGAT,G98S G429* S439P,0.0852,0.0852,3,3
CAGATGCAAAATAAAT,L23P L449S,0.0852,0.0852,3,3
CAGATTTCACGAGTGA,C212W,0.0852,0.0852,3,3
CAGTACATAACTCGTA,P236T H457Y,0.0852,0.0852,3,3
CAGTATAAAAGTTTTC,L84H C292R,0.0852,0.0852,3,3
CAGTCCGAAGACTTGA,V97M C475L,0.0852,0.0852,3,3
CATAAAACTACCGCTG,M1R K272M,0.0852,0.0852,3,3
CATCCTGAATAACCTC,F140M A176M D204F P275T Q335V Y480S,0.0852,0.0852,3,3
CATTACAAGCGGTTTT,W227T M312R,0.0852,0.0852,3,3
CCACTAACCAATCGAG,Y66V D317N C463Y,0.0852,0.0852,3,3
CCAGAACAAGGCGCTC,R379E P466S,0.0852,0.0852,3,3
CCATACTAAAAGTGTC,L32P,0.0852,0.0852,3,3
CCCAGAATACTGAGTA,R55L M192P,0.0852,0.0852,3,3
CCCATAATAATCAGAA,G2Y T81S,0.0852,0.0852,3,3
CCCCAAACGAACGTAA,M1W T6M D156L M192I C279F H305Q M312S,0.0852,0.0852,3,3
CCCCCTATCTGACACA,L78E S400F,0.0852,0.0852,3,3
CCCGCAATCCGGGGGC,H170Y A184H D306L,0.0852,0.0852,3,3
CCCTATGACCACATCC,N37R A152D Q482F,0.0852,0.0852,3,3
CCGATTCGCCGATGTT,Y66D T101C K417Y V435G,0.0852,0.0852,3,3
CCGCCAACGTAGATTG,G277I N373*,0.0852,0.0852,3,3
CCTGCATCAAAAGACC,C86L T397F,0.0852,0.0852,3,3
CGAATAAAAGTTGCTG,I221G,0.0852,0.0852,3,3
CGACAAATGGACGGTA,N20W T58E,0.0852,0.0852,3,3
CGACAACCACACAAGG,K88Y N185P T281N A297P,0.0852,0.0852,3,3
CGACTTGACAAGCCAT,L52V N74V Y150R M414L G473Y,0.0852,0.0852,3,3
CGATCTTTTGCACTAC,Y393S,0.0852,0.0852,3,3
CGATTAATACGAGGAA,C155S G197R Y363C,0.0852,0.0852,3,3
CGCAATTATTTTTCGC,T101* N119H I136L P427M,0.0852,0.0852,3,3
CGCGCATGGTGAAGAC,L73A N148D D273G C385S D432F,0.0852,0.0852,3,3
CGTAAAAGTAACAGAT,N20R C180I W196F N295T,0.0852,0.0852,3,3
CGTAGACTCTGATACT,N79M C279F,0.0852,0.0852,3,3
CGTATAGGAGACTACG,M19Q G98M E228H E307L Y363L,0.0852,0.0852,3,3
CGTATGGCGGCCCTTA,T377M P466Y,0.0852,0.0852,3,3
CGTTTATACACAGTCA,Q149H E404W L442P,0.0852,0.0852,3,3
CTAAATCGATAAAACG,K272I I286S N373F H457R S476K,0.0852,0.0852,3,3
CTAAGCCCAGCATTCA,I21T L51R V97I F434W K451W,0.0852,0.0852,3,3
CTACGCGTGTACTAGG,F440A,0.0852,0.0852,3,3
CTAGTGTCAAACCCCC,N319F R379T I445L,0.0852,0.0852,3,3
CTAGTTAGTCCTAAAG,H398R E418* G424S,0.0852,0.0852,3,3
CTGACGATAGTTGTCC,F157V,0.0852,0.0852,3,3
CTTTATATATGCCGTG,I15G,0.0852,0.0852,3,3
GAAATCCGGTAATCGA,C155M V459R,0.0852,0.0852,3,3
GAACAGTATCTTTCAA,K272D H471D,0.0852,0.0852,3,3
GAACTATTATTCGAAC,V187K I239* A322V M414S,0.0852,0.0852,3,3
GAAGAACCCATACCCA,V14T Q348E C364V,0.0852,0.0852,3,3
GAAGAATGAAAGAAGG,T215D S267K T274I,0.0852,0.0852,3,3
GAATAAAGTACACCTA,L105* S400N,0.0852,0.0852,3,3
GACATGTATATGTACA,G2E G159F L372E,0.0852,0.0852,3,3
GACCAATAACCATTAG,L68K I201N T375H C385F,0.0852,0.0852,3,3
GACCCATATAAAGTCT,L220T D408Y,0.0852,0.0852,3,3
GACGAAACGGAGATCT,F140E,0.0852,0.0852,3,3
GACTCACGACCAGGGT,G45I D156F C231G,0.0852,0.0852,3,3
GACTCAGATGTTACCA,N146L E308V I345M,0.0852,0.0852,3,3
GAGACTTTATAGCCAA,H115D Y241H,0.0852,0.0852,3,3
GAGCCGAATTAAGGCG,C463L,0.0852,0.0852,3,3
GAGGCTAGACATTTAC,E17R S389G,0.0852,0.0852,3,3
GATATGCACAATTGTA,Y441Q,0.0852,0.0852,3,3
GATCTAATGCCTGTCA,L120N L168A,0.0852,0.0852,3,3
GATTTTTGCACGACCA,L428Y,0.0852,0.0852,3,3
GCAAAACAACTAACCA,N90V M134P Q218Y,0.0852,0.0852,3,3
GCACAAATCGCGAACT,F157I L442N L479G,0.0852,0.0852,3,3
GCAGGAGCAACATGAA,L71T D122N A132L G208N P238S,0.0852,0.0852,3,3
GCATACGTAGACATGT,L50M C364N,0.0852,0.0852,3,3
GCCACCCCTCAAAACT,L479P,0.0852,0.0852,3,3
GCCGTCGGTCTTAATG,A177G C279Y N295V,0.0852,0.0852,3,3
GCGAGCCTATCGAAAA,Q3V T6A V11S A177D,0.0852,0.0852,3,3
GGAACCACAATGACAA,T139Y C155H,0.0852,0.0852,3,3
GGAATTAGAAATATAA,L220V D401K K490L,0.0852,0.0852,3,3
GGACCTGACCGAGTGA,N209S C231S Y278S H374R,0.0852,0.0852,3,3
GGAGTGGACTTAGATA,Y166M E270K K304M Q405H S437N,0.0852,0.0852,3,3
GGAGTTATATGTACGG,N89M F147Y F157L R257K V435Q P464M P483Y,0.0852,0.0852,3,3
GGCAAACATAAGTAAT,S143C C212L K352L,0.0852,0.0852,3,3
GGCAAGGTAAAGGGCA,V341M G378R,0.0852,0.0852,3,3
GGTTGCTACAAACTTC,H93L S135F I162T W386S G478R,0.0852,0.0852,3,3
GTACACGAATAATAGA,V28H C41D T376I,0.0852,0.0852,3,3
GTATCAGAAATTAGCC,G198S F309V,0.0852,0.0852,3,3
GTATGAACAAACTTTC,F140I I162S W370C,0.0852,0.0852,3,3
GTATGTTGCTCGCAAA,C155T,0.0852,0.0852,3,3
GTATTGTAACGAGCGA,Q232V M332*,0.0852,0.0852,3,3
GTATTTTCCCGTAACT,E67V E76N N148E Y393H D401V,0.0852,0.0852,3,3
GTCAGAATGAGTCTGA,T110F C180W,0.0852,0.0852,3,3
GTCATCTCTTAACAAG,Q223A S476P,0.0852,0.0852,3,3
GTCTTACCCTCCAAAA,N295V,0.0852,0.0852,3,3
GTGATCGCCAAGCTTT,N127E S135Y S199* S237R,0.0852,0.0852,3,3
GTTCACATACCAAGAC,F8L H115N Q189P N295D,0.0852,0.0852,3,3
GTTGAAAAAAAATCCT,G271D V341P L433Y,0.0852,0.0852,3,3
GTTGAGAGCCGGGGAT,M75K F233C F318V A340V M410K,0.0852,0.0852,3,3
GTTTTCTTCAAAGTGG,W227G C475V,0.0852,0.0852,3,3
TAAAAAATTCTAAATG,C475N G484S,0.0852,0.0852,3,3
TAAAAACAATAGAGAA,A123V V187G S400R,0.0852,0.0852,3,3
TAAAATACAACACACA,C118S,0.0852,0.0852,3,3
TAACAACAGTCCAGGT,M1I,0.0852,0.0852,3,3
TAACGCCCCCTTTTGG,V11E V18L A173P S234C,0.0852,0.0852,3,3
TAATCAAACCACTTTT,G460*,0.0852,0.0852,3,3
TACATAGCTCGTCTTA,G54I M75Q L133C,0.0852,0.0852,3,3
TACTCCGAAAAAACCC,F7L S269N V431P Q482T,0.0852,0.0852,3,3
TAGGATGATTAGTATA,D268V N295K S392N,0.0852,0.0852,3,3
TAGGCCGGTTTAATTA,L78R F233* N409Q,0.0852,0.0852,3,3
TATAAGACAAAAAAAC,S56M T249V K327*,0.0852,0.0852,3,3
TATAGTAAACAATCTA,Y166F S199- N295Q T412N H467M,0.0852,0.0852,3,3
TATATAAATCTACAAT,Y363L P464R,0.0852,0.0852,3,3
TATATCCGTCAACTCA,Q3E T81C F157M C463Y,0.0852,0.0852,3,3
TATTACTACCTGACCA,M1G S163D G181M,0.0852,0.0852,3,3
TCAAAATCTGAAGTTC,M82I N178K E289L S444V,0.0852,0.0852,3,3
TCAAACTCTAAGCTAC,T81K Q149Y L349I,0.0852,0.0852,3,3
TCCGAGCACAGAACGT,L46T N99L F147V L372S P453T,0.0852,0.0852,3,3
TCCGCTTTCTTCGGAA,L51P L142Q I474K,0.0852,0.0852,3,3
TCCGGACCAGTAAACA,I213G M351C,0.0852,0.0852,3,3
TCCTGGAAACCGGTCC,G64V N99H A177I R207* A288L V459S N470D,0.0852,0.0852,3,3
TCGAATGTGAGCGAGA,S169V G360E,0.0852,0.0852,3,3
TCGACAACAAAAACTA,Q223* Y419S,0.0852,0.0852,3,3
TCGATATGTATACATC,T81I P83I I112Y I137Q,0.0852,0.0852,3,3
TCGCAAAGAAGTGGAT,L51G S163R,0.0852,0.0852,3,3
TCGGCTACTTTGATAG,L50*,0.0852,0.0852,3,3
TCGGTAATTATCCAAC,F434* C475L,0.0852,0.0852,3,3
TCTTACCTAGCAAACT,C41Y Q223G F309R G391L,0.0852,0.0852,3,3
TCTTATATTCCATAAA,W264*,0.0852,0.0852,3,3
TGCAACGCACTTTCCA,V11M V14W K339A Y363W,0.0852,0.0852,3,3
TGCCAATGACACTCAT,L107Q Y129C H141G I358Y N395T T426F K451I,0.0852,0.0852,3,3
TGGGGTGGCTTAATTT,S27C A39P A202V D251F,0.0852,0.0852,3,3
TGTCCATCCAACATTA,E67* C118T L285M,0.0852,0.0852,3,3
TGTTGGAGTAAACCAC,D156Y E228L,0.0852,0.0852,3,3
TGTTTTTACCTAGGCC,N209V T261K G277N,0.0852,0.0852,3,3
TTAAACACGCTGATAC,C41W R248S E418D L442Y,0.0852,0.0852,3,3
TTAACAAAAGATACCT,E10A M19L G64V,0.0852,0.0852,3,3
TTAAGAGTATCTGGAG,G198A E307L D401H Y441I,0.0852,0.0852,3,3
TTAAGTAAATCTCGAC,L26E T110S V187A Y200L T263Y E413G,0.0852,0.0852,3,3
TTAATAGCCCAATTAA,M1V I239* D268C,0.0852,0.0852,3,3
TTACAGTGCTTCATCA,V31L Q165S S171H V183M D347M S367Q S437T,0.0852,0.0852,3,3
TTAGATAGTTTTCCCG,G2Y E72L T296G,0.0852,0.0852,3,3
TTAGTTCCAAACCTAC,D156T Y419L,0.0852,0.0852,3,3
TTATGCAAGACGTTAT,Y166G Y253S C279E,0.0852,0.0852,3,3
TTCCAAGAAGCGTATA,E76T V97N C212F,0.0852,0.0852,3,3
TTCCCAAAGTGAGTCG,N109P S439I,0.0852,0.0852,3,3
TTCCTTGCGCGCAACA,F7V H141S T226G,0.0852,0.0852,3,3
TTTAAAATAGTCAGAT,L105R K116H A173D N185I S269H G277I L415R,0.0852,0.0852,3,3
TTTCCGCTTTTCATTG,W210R W283K,0.0852,0.0852,3,3
TTTGTTCGCATGTAAC,Q3G A25T C53W T59N G208M M284L,0.0852,0.0852,3,3
TTTTAACACTCGTTGC,L23T E72S G186R,0.0852,0.0852,3,3
TTTTAATTTTAATGCA,G42T G206W C231M T397L,0.0852,0.0852,3,3
AAAAAATGGATCAAGA,L51V W196A L220E I411K Q416*,0.1278,0.1278,3,2
AAAAATGCAAGCCTCA,E100* K116C L168S T454S,0.1278,0.1278,3,2
AAAACAACAGAAGAAA,S60* F318S,0.1278,0.1278,3,2
AAAACTAATACCAAGG,C41* E151A G360R,0.1278,0.1278,3,2
AAAAGTTCCGGTGCAT,L266C,0.1278,0.1278,3,2
AAAATAATGCTTGAAC,N319Y,0.1278,0.1278,3,2
AAACACGAGTAAATTA,C53R D402L L433N,0.1278,0.1278,3,2
AAACACGCAGGTTTGA,G240E,0.1278,0.1278,3,2
AAACAGATTAATATCA,R257*,0.1278,0.1278,3,2
AAACAGCGGATTAATT,L51V Q247H L259H,0.1278,0.1278,3,2
AAACATCCACAGTCAT,S60L G181R L188K P236L R248K E308S R356C L382C,0.1278,0.1278,3,2
AAACCGAATGAATACG,M19K,0.1278,0.1278,3,2
AAACGACGATTAATAG,N158E K461L H467F,0.1278,0.1278,3,2
AAACTCCAAGCTATCG,T59Y E76K Y241C,0.1278,0.1278,3,2
AAAGCTACCTAAGACA,A25I V44K,0.1278,0.1278,3,2
AAAGGGAAGAAATTAT,M19C L394A,0.1278,0.1278,3,2
AAATATAACAGCACCA,Q3F F157* V459L,0.1278,0.1278,3,2
AAATGCCATCAGGGAT,V187I M192F C231H G243S,0.1278,0.1278,3,2
AAATGTCAATATTAGC,N89R L259K L469N,0.1278,0.1278,3,2
AAATTTCTCGGCGACA,G2R M82W Y172L A195F G243K L258S,0.1278,0.1278,3,2
AACATACTTTTCACAT,K63R L105D D122R K481S,0.1278,0.1278,3,2
AACATTCACCTTCCGT,S135V Y172I P466S,0.1278,0.1278,3,2
AACCATTAGCTGGCAT,M80L L428Q,0.1278,0.1278,3,2
AACCCACGTTGGATAA,G260C Y369S V431E H457Y,0.1278,0.1278,3,2
AACGGCTACAGGGGCT,C86R G276R I334N,0.1278,0.1278,3,2
AACGTTAAAGTGCAAG,N302K S444P,0.1278,0.1278,3,2
AACTACATTTAATTGT,H124D,0.1278,0.1278,3,2
AACTCGCGAAATAATT,I254M,0.1278,0.1278,3,2
AAGAGAGTCGACATAC,C155A S199Y F309S,0.1278,0.1278,3,2
AAGAGCGAGCAGCAGT,S169* G277F,0.1278,0.1278,3,2
AAGAGTGTTGATGTTA,G34K T106P I144E F157D T454G,0.1278,0.1278,3,2
AAGCCGATACAAACCT,Y66P,0.1278,0.1278,3,2
AAGCCTCAAGACGCTC,K384* Y419K,0.1278,0.1278,3,2
AAGGCGTAGATTACTT,R235W,0.1278,0.1278,3,2
AAGTAATCCAAGCCAC,I136Q D204E,0.1278,0.1278,3,2
AATAACGTGAAGCTAC,C155I R356I,0.1278,0.1278,3,2
AATAAGAACAACACAA,C41H E404R,0.1278,0.1278,3,2
AATAATTAATCATAAA,A195D L220C,0.1278,0.1278,3,2
AATAATTTTTGTAGAT,F49W L168F D204Y,0.1278,0.1278,3,2
AATACAAAATATGTAC,V18R,0.1278,0.1278,3,2
AATAGTCCAAACAGCA,Q149*,0.1278,0.1278,3,2
AATATTAATTTCAAAA,L29W T87Y Y172N T190M G260Y,0.1278,0.1278,3,2
AATCACTTGTTTCTGT,F293D K451V,0.1278,0.1278,3,2
AATCGGCAATAATATG,A202W P275T,0.1278,0.1278,3,2
AATCTCTCCGCCGGCT,Q232M I345W,0.1278,0.1278,3,2
AATGAATAACCAGTGA,F7L E308S K327R S437F,0.1278,0.1278,3,2
AATGACCAGCCGTTAG,K33N T296L I334M Y441G,0.1278,0.1278,3,2
AATGTGATATAATAGT,I337Y I361V E396H,0.1278,0.1278,3,2
AATTCAAGAGAAAAAC,Q149R R356Q C463F,0.1278,0.1278,3,2
AATTGACTATTTCCTA,L313D,0.1278,0.1278,3,2
ACAAACTCTCGGTTCA,N37M,0.1278,0.1278,3,2
ACAAGCGCGTCTCCGC,M75S S333T,0.1278,0.1278,3,2
ACACCTACGACAAGAG,T77S Y278H F399R P427S,0.1278,0.1278,3,2
ACACTGAAGATGGGAA,Y480L,0.1278,0.1278,3,2
ACACTTGTATTATTAG,N146G D347I,0.1278,0.1278,3,2
ACAGGGCAGTTGATTG,F7L Y62* S392I V485F,0.1278,0.1278,3,2
ACATCACTTCGCGCTT,W370F,0.1278,0.1278,3,2
ACATGGGATTACTAAG,L23T T139N I162L D251C D273A,0.1278,0.1278,3,2
ACCATAACACTCTGAC,C231M A343Y S444N,0.1278,0.1278,3,2
ACCCAAAAATCGGACT,Q149H R207F I221* Y441H,0.1278,0.1278,3,2
ACCCAAGGTGTAACGT,L78C M472V,0.1278,0.1278,3,2
ACCCAGAACTTTGAGA,A184R R257K K352F,0.1278,0.1278,3,2
ACCGAGTCTAGTAAAA,F49M N99P L430R,0.1278,0.1278,3,2
ACGATGACGACATATA,I201S G208L D432K,0.1278,0.1278,3,2
ACGCATCATTTATTAC,L355M P427L,0.1278,0.1278,3,2
ACGCGATGGTGCATTC,N127I M312Q,0.1278,0.1278,3,2
ACGTAAAACCGTAAAC,V5I G186R I222K I337D I361F,0.1278,0.1278,3,2
ACGTGCCGTGAGGTGA,L35R G378R R379L N395R,0.1278,0.1278,3,2
ACTAATAGAAATAGAC,A177E C231V,0.1278,0.1278,3,2
ACTAGACGACGAAATA,L128A K339* N395K G429F,0.1278,0.1278,3,2
ACTCTGGGATGTATTT,F7S D306E C463Y,0.1278,0.1278,3,2
AGACCGTACCCCTAAC,C310R,0.1278,0.1278,3,2
AGACTACTGAGGATAT,G45D,0.1278,0.1278,3,2
AGAGAAACATACCATA,D122S G160S P464T,0.1278,0.1278,3,2
AGAGCACAAGGACCGA,I345*,0.1278,0.1278,3,2
AGCAAGCACTCTAACC,G42S S143I Q232H L394T,0.1278,0.1278,3,2
AGCAATTGAGTATCAC,L52S V65L L133F Q423P,0.1278,0.1278,3,2
AGCCAAGTGTAATCCG,L105S S216R,0.1278,0.1278,3,2
AGCCACGATCCTGACA,Y480K,0.1278,0.1278,3,2
AGCGATCCAGATACTG,L133R L449A,0.1278,0.1278,3,2
AGCGTTGAAGATGAAG,C41E W264A N390F,0.1278,0.1278,3,2
AGGAATACCCCCAAAA,I15R S27* S216A Q223H,0.1278,0.1278,3,2
AGTACTATTACGAGCA,T48N S56D,0.1278,0.1278,3,2
AGTTAATTCCATACTT,P83E L259S R314I,0.1278,0.1278,3,2
ATAAGCCACTATGGCT,E396P H455Y,0.1278,0.1278,3,2
ATAAGTCAGGACCCAT,A123P M153R R282L F399C,0.1278,0.1278,3,2
ATACGTTTTGCTAGCT,M1I N90Y S91R,0.1278,0.1278,3,2
ATACTATCGCTCAATT,T87I E289M I452P,0.1278,0.1278,3,2
ATAGTAACACTATGCA,T261*,0.1278,0.1278,3,2
ATATCAGAGCATCATA,L258M F309Y,0.1278,0.1278,3,2
ATCAAAAGAAACTTTC,V47S N89M L103N I222S G424S,0.1278,0.1278,3,2
ATCCCTGACAGGGGTT,H124I Q189K W227*,0.1278,0.1278,3,2
ATCGGATTCTTTATAC,N319P,0.1278,0.1278,3,2
ATGAAACTTGAAGACC,W210K D357N C364R F436T H467M,0.1278,0.1278,3,2
ATGAACAGACTGTGCC,N99E,0.1278,0.1278,3,2
ATGCGATACCAAACTC,A25N E76T N114C,0.1278,0.1278,3,2
ATGGAAATACTCCCGT,C41R E151H S171N F309L S333R,0.1278,0.1278,3,2
ATGTAATAGCGTGTAT,L128Q N158Q Q223K C310E P427S,0.1278,0.1278,3,2
ATGTGTGATTATTCAG,F157T L285* S392K,0.1278,0.1278,3,2
ATTAAGAGACATGGCC,L168S K291L,0.1278,0.1278,3,2
ATTAATACGAAGTGAT,L52A E72S,0.1278,0.1278,3,2
ATTACAAGGTCTTTAA,E100M S121L A176Y,0.1278,0.1278,3,2
ATTATTGACTGTTTTA,F49N N295L,0.1278,0.1278,3,2
ATTCCCATATGTGTGC,E67S I137S C231I L315M H354K,0.1278,0.1278,3,2
ATTGGCACTCCTAACA,C155A L168* E228I N409T,0.1278,0.1278,3,2
ATTTTGCAACCAGCAG,H141G E396K,0.1278,0.1278,3,2
CAAAATAAGTCGCACT,G2* Q9S C155R C385S Y480I,0.1278,0.1278,3,2
CAAAGGTACATGCCAT,Y200F G391L S444Y,0.1278,0.1278,3,2
CAAATATAATACAGAA,T106H N319* N346P,0.1278,0.1278,3,2
CAAGACTGCTACATAT,G197D T380R T397S,0.1278,0.1278,3,2
CAAGGATGCATCCCCA,A297T,0.1278,0.1278,3,2
CAAGGATTATAAAAAA,G64Y A184N Q247L F293H S444H,0.1278,0.1278,3,2
CAATAATTCGCAAACC,S91L T101Y M194F S269G A330T,0.1278,0.1278,3,2
CAATACGAGGAGTTGT,Q189A G197V C301N,0.1278,0.1278,3,2
CAATATATTCGAGCGA,V14* G34I S333R,0.1278,0.1278,3,2
CAATGTTAAGCGTCGG,M420Q H467Y,0.1278,0.1278,3,2
CAATTGACAAACCATG,C279Y L285E S389*,0.1278,0.1278,3,2
CACACCTACCTTTAGT,I21S I334E S367N,0.1278,0.1278,3,2
CACCTATATTCTTGAG,F7S E16V L133F S392Y,0.1278,0.1278,3,2
CACGAAACACACAAAA,V97* I334D Y363W,0.1278,0.1278,3,2
CACTTCACTTGATGGC,G34A N353L,0.1278,0.1278,3,2
CACTTTGAAAAAGCAC,Y62F E104Y F262L D357L Q405K,0.1278,0.1278,3,2
CAGAATTTTGGTGTTC,K384F,0.1278,0.1278,3,2
CAGGAACAAGTCAATA,G240E I358L S400R,0.1278,0.1278,3,2
CAGTAAAAACAGTTAC,I136C S154Y,0.1278,0.1278,3,2
CAGTAAATTACCAGAA,T40S Y62A S111N S169F V341D S389L S476T,0.1278,0.1278,3,2
CATAACTAAGTCTATG,C310T,0.1278,0.1278,3,2
CATAATACATAGAATT,H230M R456M,0.1278,0.1278,3,2
CATATGTTATACATTC,G174* I254S V431* Y441W,0.1278,0.1278,3,2
CATCCATGTAGTGGAT,E104* I403K,0.1278,0.1278,3,2
CATGGGGTGAGCAGTG,T226K Y278A N373D,0.1278,0.1278,3,2
CATTATTTCTCGTATC,E16Q V187W,0.1278,0.1278,3,2
CCAAATTTAACTAATA,M82* F147H A288G F440V,0.1278,0.1278,3,2
CCAGCAGAGAGTCACC,L23S T265S K425L,0.1278,0.1278,3,2
CCAGCGCTTACGCTAT,E307K V431Y L442Y,0.1278,0.1278,3,2
CCATGGTTTTCTTATC,C385S V459*,0.1278,0.1278,3,2
CCATTATATCCCATGC,C53L D211A S400P,0.1278,0.1278,3,2
CCCAACCTCAACCAAT,G102N G206F F440K,0.1278,0.1278,3,2
CCCGCTGTTCTTAAAA,E17G L23Y E104* A407H,0.1278,0.1278,3,2
CCGAAAATTTGAGCCC,L46R I144M G160T T281Y S333V,0.1278,0.1278,3,2
CCGGAAACCTGCTAAT,S255T R256S A407W,0.1278,0.1278,3,2
CCGGAGAAATAAAAAT,K125E Y166A E396H,0.1278,0.1278,3,2
CCGTGTGATAACAAAC,F140D T454Y G484M,0.1278,0.1278,3,2
CCTACATAAAAGTTTA,T40I H471C C475F,0.1278,0.1278,3,2
CCTACATTGTAGAAAC,V44L H92S V183*,0.1278,0.1278,3,2
CCTCCAGGAGAACAAT,R193L T412Y,0.1278,0.1278,3,2
CCTCCCGACTGGAAAA,N119Y W196P K384N,0.1278,0.1278,3,2
CCTGGAAGCTAGGCTT,Y166L S216L I254N,0.1278,0.1278,3,2
CGAAAGTTCCGTAACA,I24P R55L M82L,0.1278,0.1278,3,2
CGACATAACAAAGTCA,M75L T225D I239L S444W,0.1278,0.1278,3,2
CGAGACACCCCTCTCT,T48* S171C G271*,0.1278,0.1278,3,2
CGAGACTCTGACGATA,K88S Y129W T249D T380N,0.1278,0.1278,3,2
CGATACATTACCGTTT,G277D,0.1278,0.1278,3,2
CGCAATCGCCATACTA,C41S V47W L68Y C155S A299G S333A,0.1278,0.1278,3,2
CGCCAAGCCTCACAAC,G360L G378P D402Y,0.1278,0.1278,3,2
CGCGATAGCCACTTCC,G54V Q69L,0.1278,0.1278,3,2
CGCTATTGTTTAATTT,N295I,0.1278,0.1278,3,2
CGGACTAACTCCTAGA,A132H,0.1278,0.1278,3,2
CGGCTAAAGCATAGAA,L68V C155M Q247P F293W N353F,0.1278,0.1278,3,2
CGGGAATCGTTTCTGA,L26S H230G Q423P L428R L442T S476Q,0.1278,0.1278,3,2
CGGGATTAGTAGTTGG,T281F,0.1278,0.1278,3,2
CGTTGTACGCGTTGAA,C477Y,0.1278,0.1278,3,2
CTAAAGATTAAAAACT,H230T N409Y,0.1278,0.1278,3,2
CTACAGAACCTAGAGC,W264T,0.1278,0.1278,3,2
CTCATAAATGAAGCAC,L259F,0.1278,0.1278,3,2
CTCGTCCGTCTCACTA,T139G C212* A299S S476K,0.1278,0.1278,3,2
CTGATGCAATTTAAAC,Y172* Q232F D401K,0.1278,0.1278,3,2
CTGCTTCAATTTCCAC,V97G P236H Q247N V487D,0.1278,0.1278,3,2
CTTAATCCCTGAACGA,M1I K490N,0.1278,0.1278,3,2
CTTTACTAGCTTATAC,E307G K425N,0.1278,0.1278,3,2
CTTTTTACCAATTCGA,F309Y G391L,0.1278,0.1278,3,2
GAAAAAATTAACAAAT,Q165H,0.1278,0.1278,3,2
GAAACCAATATGTTCT,L46D E404S,0.1278,0.1278,3,2
GAAAGAACGTTACACG,A25G N79K G98W W196V,0.1278,0.1278,3,2
GAACAAAATGAAATAC,E151K A195T I201L,0.1278,0.1278,3,2
GAACAGTGCCCAACAC,K33C I95F C475E,0.1278,0.1278,3,2
GAACCACCATTACCCA,L142P S269D,0.1278,0.1278,3,2
GAACCTCAAGGATGAA,L103P S143C T376S,0.1278,0.1278,3,2
GAACGCCATCAGAGCA,G159F W196S C231Q T296C,0.1278,0.1278,3,2
GAACGGGACCCACCAA,F233I Y253D T296Y,0.1278,0.1278,3,2
GAAGACTAAACATGTT,L23R,0.1278,0.1278,3,2
GAAGACTATACCTGAC,K63L D306K L326Q P464N,0.1278,0.1278,3,2
GACAAAGGTGGTTATC,N158L C463H,0.1278,0.1278,3,2
GACACGAAATAGGCAC,V65C W196L Y200N,0.1278,0.1278,3,2
GACATAACACCCGCCA,L258E K352W,0.1278,0.1278,3,2
GACCAACAAAAACGGA,T101W E396M,0.1278,0.1278,3,2
GACTAGTTGGCTCACT,V11L T215K D432F,0.1278,0.1278,3,2
GAGCGCTATACTAGGA,L78V Y419M,0.1278,0.1278,3,2
GATACAGAGTGGTAGA,M75N I201V H230L Y419L,0.1278,0.1278,3,2
GATACTTATCTTGTTA,D311W,0.1278,0.1278,3,2
GATATGTTAAATTAGT,E287A N295Q,0.1278,0.1278,3,2
GATGAAATAAGTGCGA,F38S C118Y S121H S199V R356V,0.1278,0.1278,3,2
GATTGAAGACACTTGG,G197W H374S W489I,0.1278,0.1278,3,2
GCAACTGAATATACCA,L469S,0.1278,0.1278,3,2
GCAATAATTACCTCGA,V44Q E72K H124G M214I G240E R257K D268N D306N D317N M332I T376* E404K M420I R468K G478E W489* R491K,0.1278,0.1278,3,2
GCACAGCAAGCGTACG,K33D L120F Y166R,0.1278,0.1278,3,2
GCATCAAATACATTGA,V5L G159S Y200*,0.1278,0.1278,3,2
GCCACAGTGTATCCGC,I334P,0.1278,0.1278,3,2
GCCAGCTCCAAAGTCC,E76* D357A,0.1278,0.1278,3,2
GCCGAAAGAAACTCTT,V5Y Q232E T249S L394H K490E,0.1278,0.1278,3,2
GCGAACAATCCTAACT,H13I C53R T81Y P238K G271N M472I,0.1278,0.1278,3,2
GCTCTCGGTGCTTACC,N167P T182A,0.1278,0.1278,3,2
GGACTGTGGTTGCGAT,E17R Q247M,0.1278,0.1278,3,2
GGATAATTGACAACAT,I15R,0.1278,0.1278,3,2
GGCACTGTGGATTTAC,V47L D347H,0.1278,0.1278,3,2
GGCATGCTTTATCTAA,N79P,0.1278,0.1278,3,2
GGCGTTTCCCGACAGC,F262* A343S,0.1278,0.1278,3,2
GGTAAATAAAGGCTAA,S60G Y278R N346K A407F Q416*,0.1278,0.1278,3,2
GGTTCCTGATTTTCCA,K88* S169T,0.1278,0.1278,3,2
GTAAACGTGCCCCTCT,E17D L61N C364W Y419E,0.1278,0.1278,3,2
GTAACACTGGAGCAGA,A132N K272L,0.1278,0.1278,3,2
GTAACCGCAGGCTACA,M1H S154E L245N T281M D317K,0.1278,0.1278,3,2
GTAATCTTAAGAGCCA,C463Y R468K,0.1278,0.1278,3,2
GTACCAACACGAAATT,W264S G276L,0.1278,0.1278,3,2
GTACGAAACCAAACAT,C41L L133E I286F C385F H471W,0.1278,0.1278,3,2
GTAGAGGGTGGGCAGA,C57Y E67M T412Q,0.1278,0.1278,3,2
GTATCAATGGTATCAC,L61* T101N S135T L315M D432M,0.1278,0.1278,3,2
GTATGGTTGACGAGAA,C86Y D204M E396D,0.1278,0.1278,3,2
GTCCTAACAACCAGCT,I15E I254G L285W L349F T376L,0.1278,0.1278,3,2
GTGAAGCATGCGCACA,V18W V65K Q223S I239F N338L,0.1278,0.1278,3,2
GTGATAACGTTTATTT,L26T G181L I254F I334E,0.1278,0.1278,3,2
GTGCACAGCCAATTAG,T87Q V164R S267D E396M T412R M420F R456H,0.1278,0.1278,3,2
GTTAAGAAATCCTGCC,T58F F147* S169R G260N I452V,0.1278,0.1278,3,2
GTTAGAAGATGCCTCA,N390K,0.1278,0.1278,3,2
GTTCGACGAACTGTGC,E329L I334L G460S H471L,0.1278,0.1278,3,2
GTTGACGTTAGCAGCT,A297H,0.1278,0.1278,3,2
GTTTGAATAGGTACAC,G181Q D347S,0.1278,0.1278,3,2
TAAAAAACAGACAATT,F8S L35S P238M L344P,0.1278,0.1278,3,2
TAAAACATGTTACGTA,L46R,0.1278,0.1278,3,2
TAAAACTAAAAACGGA,V28S I162R H179G T265V E308* A407I I411D,0.1278,0.1278,3,2
TAAAGACTGAAAGTCT,G478W K481N,0.1278,0.1278,3,2
TAAAGCGATGGTATCC,F262G T296Y P464M,0.1278,0.1278,3,2
TAAATCTTACAAGATA,L51P Y66A L168S,0.1278,0.1278,3,2
TAACAGATGATAGACT,C212L,0.1278,0.1278,3,2
TAACTCATATAAATAC,E104V D130V I136* L280G P362L T397Q,0.1278,0.1278,3,2
TAAGACAAAGTGAAAG,G240R L449V,0.1278,0.1278,3,2
TAATCCATAGTATGAA,V28G L73V S400D L449S C463R,0.1278,0.1278,3,2
TAATGTGGTATTGACT,N74A V187T,0.1278,0.1278,3,2
TACAACAGACCAGTGG,K33T G206L V485S,0.1278,0.1278,3,2
TACACCTAACAACACG,I137K R193A M414F,0.1278,0.1278,3,2
TACAGAGAATAGCACC,P83K T225C,0.1278,0.1278,3,2
TACAGTACTAGCGCAC,I15A I24R M192V K461T,0.1278,0.1278,3,2
TACATAATTCTATTTC,D229S F434R,0.1278,0.1278,3,2
TACCCGTGGCCCCACA,V28L L103C T182S S255N V459S,0.1278,0.1278,3,2
TACGATAAAATATAAT,M1V L29* R248V H398R,0.1278,0.1278,3,2
TACGGATACACAAAAA,T215L K425V,0.1278,0.1278,3,2
TACTGCTGAAGAGACG,D273T S367I W489T,0.1278,0.1278,3,2
TAGAAACGTACAGTGC,S121T K126* S205F E308A A328I K339H S367N,0.1278,0.1278,3,2
TAGACGTTCCTAGCCC,R55P N74H T139N,0.1278,0.1278,3,2
TAGAGCGCAATAAATC,L103F L142H,0.1278,0.1278,3,2
TAGATGAATACACAAA,K490*,0.1278,0.1278,3,2
TAGCATATTGAATTAA,F38C T58I H93*,0.1278,0.1278,3,2
TAGTCTATTAACATCG,L128G I137E G391V,0.1278,0.1278,3,2
TATAGTGAGGCTAGGC,T48L I112F,0.1278,0.1278,3,2
TATCGTACCACGACTT,E104G Q165P R325G L382S,0.1278,0.1278,3,2
TATTAATGGCAAAAAC,F191N W196A Y200F K272D,0.1278,0.1278,3,2
TATTACTAACCTCATC,I15M V341C,0.1278,0.1278,3,2
TATTCCACAATGTATG,Y217H T225M N346L,0.1278,0.1278,3,2
TATTTGGGTTTAAACA,E228F T412L,0.1278,0.1278,3,2
TCAAAGAAGTCCACAG,C53W D402I A407K,0.1278,0.1278,3,2
TCAATCATACTGAGTC,R314* S392V,0.1278,0.1278,3,2
TCACCAGCCATCTACA,K339T L394C E421L,0.1278,0.1278,3,2
TCACCTTTATGCTGTA,C57Y N148K M351W I474*,0.1278,0.1278,3,2
TCACCTTTTAGATTGT,T77P S143R R257Q R422K,0.1278,0.1278,3,2
TCGAACTATTATAAGA,C180L I254G,0.1278,0.1278,3,2
TCGACATAAGCACAAG,G102R I162Q S199C A343T,0.1278,0.1278,3,2
TCGGTTGAACACTTAG,Q165E W227E K272S,0.1278,0.1278,3,2
TCTCAAGCAGTCTTCC,F49Q R55H S85N N99R N185F L442G,0.1278,0.1278,3,2
TGAACAACAGCTCCAG,Y278R,0.1278,0.1278,3,2
TGACATGTAAACGATT,N119Y T182R I201T I252G C475F,0.1278,0.1278,3,2
TGAGGTGCAATCATTA,V44Y E308Q,0.1278,0.1278,3,2
TGCAATATTAAATGTA,V47I,0.1278,0.1278,3,2
TGCCCCAAAATTACTT,N20I L32E I345N,0.1278,0.1278,3,2
TGCGATAAAATTTGCG,L68T S333N,0.1278,0.1278,3,2
TGGACCGTCCCTTTGA,G484I,0.1278,0.1278,3,2
TGGTTGACACCGGGGA,P383L,0.1278,0.1278,3,2
TGTACAATAGAAGTAT,H170* L313A S400C,0.1278,0.1278,3,2
TGTTAAGTAGCTACAA,I213R P486H,0.1278,0.1278,3,2
TGTTTCGGATATGAAA,V44K T108R L349N,0.1278,0.1278,3,2
TTAAGGTATATTCAAT,Q406P L449M R468A,0.1278,0.1278,3,2
TTACCGATTAAAGTAC,A123C N390L,0.1278,0.1278,3,2
TTACCGTAGCATAACC,P427S,0.1278,0.1278,3,2
TTACTTAGCTAAGAAA,I144C G160Y T182* L442H,0.1278,0.1278,3,2
TTAGAATATAACCATC,C231D,0.1278,0.1278,3,2
TTAGAGACTAGTAACA,H92I I136S T249G,0.1278,0.1278,3,2
TTAGCCAGATACACGT,C475H,0.1278,0.1278,3,2
TTATATAAATGACCGC,F8D Y62T S199G,0.1278,0.1278,3,2
TTATCGTATTAAGCAA,Q165D T281N,0.1278,0.1278,3,2
TTATCTAATTTCTCCC,Q189S E307G F434C,0.1278,0.1278,3,2
TTCAGATTAAATCGGA,E17* S237* L326V R356L,0.1278,0.1278,3,2
TTCCTGTAAACCGGTG,S111L,0.1278,0.1278,3,2
TTCGAATGTGTTCGGC,L52R V65D S121N N178R,0.1278,0.1278,3,2
TTCGCTAACATTCTCA,V487E,0.1278,0.1278,3,2
TTCGTCAAGAGAGGAA,L50T C364N,0.1278,0.1278,3,2
TTCGTGCACCAGACTT,N90I D311S Q482T V485S,0.1278,0.1278,3,2
TTGAGATACCTAGCTG,L188Y K417V,0.1278,0.1278,3,2
TTGAGTCTTCTATAGA,L78S I337L,0.1278,0.1278,3,2
TTGCTTATATCATCAA,M1L M75W G197W E418M,0.1278,0.1278,3,2
TTGGAGAGACACTTAC,C463F K481P,0.1278,0.1278,3,2
TTTATGGGACGGACAT,S60R I239S F446S,0.1278,0.1278,3,2
TTTCATTGTTACTAAC,I15D C155I C212Y K368C,0.1278,0.1278,3,2
TTTCCAGGGCTTCCCC,G45R E151T V187Y I345S,0.1278,0.1278,3,2
TTTGTAACACACAACT,I4D A195W M359Q,0.1278,0.1278,3,2
TTTGTCCTTTTAACGA,E308D,0.1278,0.1278,3,2
AAAAACGTGATAGGAA,E17G T182I G208M E421G,0.2556,0.2556,3,1
AAAATGCTGGAAAGTA,A152P T377F H467Q,0.2556,0.2556,3,1
AAACACAAGAGGTGAA,L479P,0.2556,0.2556,3,1
AAACCAAAGGAAAACA,K33S T106I S381V N390T,0.2556,0.2556,3,1
AAACCTAGATTACCGC,E151I P236G Y480W,0.2556,0.2556,3,1
AAACGAACTTAAAGAG,L430R,0.2556,0.2556,3,1
AAACGTTCACTGTCGC,M214K K490V,0.2556,0.2556,3,1
AAAGCCAGGAAGTCTA,K63W C118L L128F Y219I,0.2556,0.2556,3,1
AAAGGCATATACTATT,N99S Y129T V388K H398*,0.2556,0.2556,3,1
AAAGTAGGAAATGATC,C292N T438W,0.2556,0.2556,3,1
AAAGTTGGGACAAACA,G45A Q189* S381K E396T,0.2556,0.2556,3,1
AAATAGTTATCAGTCC,Y36H T426H,0.2556,0.2556,3,1
AAATGAAAAGTTACTG,L52E Y253K,0.2556,0.2556,3,1
AACAAACAATTCTGAT,M134T F147D L259R K291* T296F Y366K,0.2556,0.2556,3,1
AACAACCCCTCATTCG,I4F R207S N224R A299E,0.2556,0.2556,3,1
AACAAGAGTGAACAAT,P383T,0.2556,0.2556,3,1
AACAGAAAAGTAGTAT,L32R T81E F140V Y219S,0.2556,0.2556,3,1
AACCAATCCCTACAGA,C41M Y200W N373Y L442D,0.2556,0.2556,3,1
AACCACTAGTCCTCCT,N353L D401V,0.2556,0.2556,3,1
AACGATCTAAACCTGG,G64D C155F T261M,0.2556,0.2556,3,1
AACTTTATGAGTATTA,V14K L280K,0.2556,0.2556,3,1
AAGAACAGACTTTGGT,L103R S234R,0.2556,0.2556,3,1
AAGAATAGGGGCTACA,F316Y A328P,0.2556,0.2556,3,1
AAGAGCCAAAGGTCCG,,0.2556,0.2556,3,1
AAGATATTGGTCTTGG,G2V D251T M351E,0.2556,0.2556,3,1
AAGGATCAGATCATGA,C41I S269R L428S,0.2556,0.2556,3,1
AAGGCCATTTTAATAA,Y66T V298I K304L,0.2556,0.2556,3,1
AATAAAGAGAGTCCAT,E16D L103R K352M,0.2556,0.2556,3,1
AATAATAACATGATGA,M1S G159V M214R R491G,0.2556,0.2556,3,1
AATAATGCAGACCAGA,E67K R468S,0.2556,0.2556,3,1
AATATCACGATGGCAT,N89V L103C T226H,0.2556,0.2556,3,1
AATCAAAACAAATCCA,G2* Y166P N178R G277K I334R K417M P466S,0.2556,0.2556,3,1
AATGAACTACACCTGC,C86E N99L,0.2556,0.2556,3,1
AATGAGCCATGGAGAT,S199K C475S,0.2556,0.2556,3,1
AATGCTTGAAAGAACC,L61V R193Y D317P,0.2556,0.2556,3,1
AATTAACAGATCTGGT,L259S H398L S462P,0.2556,0.2556,3,1
AATTACAATACTGTCA,L61K C385H L449G,0.2556,0.2556,3,1
AATTATTTAACGGTGG,N89T F293S I358L,0.2556,0.2556,3,1
AATTGAGAATAGATGG,L107T E307F G429R,0.2556,0.2556,3,1
ACAAAATGCGTACGGA,T48V H115I Q223*,0.2556,0.2556,3,1
ACAACAAAGTACGTTG,H467L,0.2556,0.2556,3,1
ACAAGATGATTAGGAG,C292D,0.2556,0.2556,3,1
ACAAGCATATAACGAA,L50I C180L P275S L387V K451E,0.2556,0.2556,3,1
ACACCCGAGATGTAGC,P466I,0.2556,0.2556,3,1
ACACTAAATAATCGCT,L285* A297V,0.2556,0.2556,3,1
ACAGCCACCGAGAGCC,L220W V450W,0.2556,0.2556,3,1
ACATAACCCACTTTTC,M1* Q149P H179L W264V Y441I Q482M,0.2556,0.2556,3,1
ACCAAACAAACAAACA,P464M,0.2556,0.2556,3,1
ACCATTGGTTGGACGT,G102D M194K,0.2556,0.2556,3,1
ACCATTTCATAATAAT,I15V N365I,0.2556,0.2556,3,1
ACCCCATTAGACAGAA,G34T E151N T261Y N409S,0.2556,0.2556,3,1
ACCCTCCAAACTTAGT,G54T H467M,0.2556,0.2556,3,1
ACCGTAATCCACTGGA,A173S W264* I345D S400P,0.2556,0.2556,3,1
ACGAACTTTAAAAAGA,L35Y L105P P238H,0.2556,0.2556,3,1
ACGAGATTAAATGACT,D156T A176G R256M,0.2556,0.2556,3,1
ACGAGCCCCATTTGAC,V97L D311E P453W,0.2556,0.2556,3,1
ACGATGAACAATATAA,T139M L428Y,0.2556,0.2556,3,1
ACTAAAAGTCCCTACC,F157* T226V L315T,0.2556,0.2556,3,1
ACTATCGAGTCTAAAG,K272L F318S,0.2556,0.2556,3,1
ACTCATTAATAGAATG,C231K D273F K300N K352H,0.2556,0.2556,3,1
ACTCGAAGCTTAACTC,T274* D402G M414C R422L L449H,0.2556,0.2556,3,1
ACTTAAATATGTTTTA,R250H L469R,0.2556,0.2556,3,1
ACTTATGATTAGTATG,V18E Q348* C475F,0.2556,0.2556,3,1
AGAAAAACTGTCCATG,Q3* I411R P486Y,0.2556,0.2556,3,1
AGACAAGAGTATGATT,C231A N409L T426L,0.2556,0.2556,3,1
AGACCCATAAGTACCG,L68* T139L N178P,0.2556,0.2556,3,1
AGACTACTGAAGTTCG,L52R D211N K465S,0.2556,0.2556,3,1
AGAGTTGAGTGAAATA,R193L S444F,0.2556,0.2556,3,1
AGATAAATAAAAAATC,G198D H467E,0.2556,0.2556,3,1
AGATCGACATCAACTG,N99L A173R S199E L336M Y441S,0.2556,0.2556,3,1
AGATGGCTACATACAT,H131S S163N G186L A407N,0.2556,0.2556,3,1
AGATTGATCAAGTACT,M19Q G45W V388I E396A,0.2556,0.2556,3,1
AGCACCACCGGACGGA,M75R C155T G198W N390P,0.2556,0.2556,3,1
AGCACGTACAGAATTG,Y94T W196Y,0.2556,0.2556,3,1
AGCATCGCGGAATTGA,N146Q L382Y,0.2556,0.2556,3,1
AGCCATAAATTCGAGA,M214L G391L R422K K481T,0.2556,0.2556,3,1
AGCCCTATGCGCCGAA,L61P C118G K126S M351L F434L,0.2556,0.2556,3,1
AGCCTAACAAATCTCA,T59E G424T S462H,0.2556,0.2556,3,1
AGCTTAATATAGCAAG,C57F K88S A173C S246L,0.2556,0.2556,3,1
AGGACGCACGATGAAC,E16P P83H,0.2556,0.2556,3,1
AGGGCATGAAACGTAT,C231W,0.2556,0.2556,3,1
AGGTCTGAACAATCAT,T412I P453Y,0.2556,0.2556,3,1
AGTAAAACGGTTGCCT,K465L,0.2556,0.2556,3,1
AGTATCATCACATGAA,Q232V S246F L258K F293A L433S,0.2556,0.2556,3,1
AGTCTACGATATCTGT,T87S C279I,0.2556,0.2556,3,1
AGTGTTACCCTCAAAG,S85K N119F A176P S216I G260* C279S I443D,0.2556,0.2556,3,1
ATAACATAATTGCCGC,T110P V341K,0.2556,0.2556,3,1
ATAAGGGAGTAACCCG,G240M N302S M332C L336P Q348A,0.2556,0.2556,3,1
ATACACCCAGTATGCT,I15G L52V F446E C475R,0.2556,0.2556,3,1
ATAGACTAACACCCAA,,0.2556,0.2556,3,1
ATAGACTATAGTTTGT,R257K I452P,0.2556,0.2556,3,1
ATAGCAACCGCACCTA,L23D T274* K352M H398A,0.2556,0.2556,3,1
ATATATTGAGAGAATG,L32S G276T L394P Q405P F440L,0.2556,0.2556,3,1
ATATCAAAAATCACCA,K33L T58V W264C G424D,0.2556,0.2556,3,1
ATATCGCCATGGGAAA,L105C T182L,0.2556,0.2556,3,1
ATATCTCAATTTCGAA,C86N Q232L N409E,0.2556,0.2556,3,1
ATATTCACCACACTGA,I323K I361T A407S K481F,0.2556,0.2556,3,1
ATCGCATAGTCGTAGA,W264* D306E K490Q,0.2556,0.2556,3,1
ATCGCTAAGCTAAATA,A195T R248W I361P P486D,0.2556,0.2556,3,1
ATCGGGCGCTGATGAT,N409L,0.2556,0.2556,3,1
ATCTATTGTCAATTAG,Q9P R55L T87L E228* S389V,0.2556,0.2556,3,1
ATCTCTACTCAGCTTC,G174R I337C V435T,0.2556,0.2556,3,1
ATGAATTAAAAGTGAG,W196M,0.2556,0.2556,3,1
ATGCAATAATCAAGTC,C57G F140L,0.2556,0.2556,3,1
ATGCACTAGAATCTCT,H115N W210R E421G,0.2556,0.2556,3,1
ATGGAACACTAATAAG,Y278V S333Y V341S V431P,0.2556,0.2556,3,1
ATGTACAGTTATACCA,T40K S56G L344R E413P,0.2556,0.2556,3,1
ATTAAAAAAGAGCCAT,C86V R207K R256L M351G,0.2556,0.2556,3,1
ATTACATATGCTCCCA,T58E Y94H A173P L220V Q335G N373R,0.2556,0.2556,3,1
ATTCAGAATTAGACGT,I144S E228G M351A Y419T,0.2556,0.2556,3,1
ATTCCAAAGTCTCTAA,C53A A328P,0.2556,0.2556,3,1
ATTCGCAAAGTATGCG,Y66D Y129Q N209Y E289A,0.2556,0.2556,3,1
ATTGTAGCAACAGATA,Q3V T81N W210M E396* K488T,0.2556,0.2556,3,1
CAAAACGTAAATATCC,T265* G460D,0.2556,0.2556,3,1
CAAAAGTGAAAACACA,V18E,0.2556,0.2556,3,1
CAAACAAAAAAAGTTA,L336R R468L,0.2556,0.2556,3,1
CAAACGCCAAAGTAGG,L46Q F233R,0.2556,0.2556,3,1
CAAACGGAGTTAACGT,L103C Y253H S400L F436I,0.2556,0.2556,3,1
CAAAGTATAAATCGCC,S85G L245R G260Y M359*,0.2556,0.2556,3,1
CAACCAATATATGTTG,V18F F49*,0.2556,0.2556,3,1
CACACTATTACATCAA,E10I L142V D175* T274M,0.2556,0.2556,3,1
CACAGACTACACTAGA,I337D,0.2556,0.2556,3,1
CACGATGATCAGTAAT,T70H M214L E404* K465L,0.2556,0.2556,3,1
CACGGGGAACCTTACA,T77*,0.2556,0.2556,3,1
CAGAAAGTAATTTCAA,R235N C279Y A343P,0.2556,0.2556,3,1
CAGATGACTTATTATA,Y166N H230L,0.2556,0.2556,3,1
CAGGCACTGAGAAAAT,C180A L259V M414I P464S,0.2556,0.2556,3,1
CATACTGGTATCACAA,T81K,0.2556,0.2556,3,1
CCAATGTCTTACAGTG,C118N S163W G186W S392L,0.2556,0.2556,3,1
CCACCCCATTGTAGGT,C155G,0.2556,0.2556,3,1
CCAGAAGTATACCACT,I144* Q416Y,0.2556,0.2556,3,1
CCATAAACAGAGTAAA,G260N T375Y K481F,0.2556,0.2556,3,1
CCATAAATTCAGATAA,L52K L142S T438Y,0.2556,0.2556,3,1
CCCACCTAACAAAGAG,F436T,0.2556,0.2556,3,1
CCCTGAAGTAAATGAG,C57R S381R,0.2556,0.2556,3,1
CCGAATAATTCATTCG,L242P M284K D306L,0.2556,0.2556,3,1
CCGCGGGTGTAGACAT,N89*,0.2556,0.2556,3,1
CCTACGCCAATACCCC,P362L V450Q,0.2556,0.2556,3,1
CCTCCATCAATGACAC,V11L A25T A173K,0.2556,0.2556,3,1
CCTCGTACATTTCGCG,L71S Q321K K465R,0.2556,0.2556,3,1
CCTCTTTTCAATTTAT,L73K,0.2556,0.2556,3,1
CCTTTATCATAAATAC,L428W,0.2556,0.2556,3,1
CGAATAACCAACCATT,Y62R,0.2556,0.2556,3,1
CGATAGATTGAATGAG,T81D M192I G276*,0.2556,0.2556,3,1
CGATCCACAGTCATAG,S171V N338W,0.2556,0.2556,3,1
CGCGTTACAAAGTGCC,F318L,0.2556,0.2556,3,1
CGGATACAGGAAACGG,H141I T281I D311H E418V,0.2556,0.2556,3,1
CGGCCGATCGGCGGGT,S367G,0.2556,0.2556,3,1
CGGCCGGAGTAGAACC,S171G Y253G I452N N470K,0.2556,0.2556,3,1
CGGGGGATTGGAAGAC,L51* R55A,0.2556,0.2556,3,1
CGTAGAATTAAACGTG,T70W F140D,0.2556,0.2556,3,1
CGTCAACGTTAGAAAA,P83W E287V,0.2556,0.2556,3,1
CGTCGTCGCGTTTCAA,I21S Q247N,0.2556,0.2556,3,1
CGTGAAACTCACAGTC,A39V L71* N338K K461G,0.2556,0.2556,3,1
CGTGGAGCTCCGATTA,R356L C475K,0.2556,0.2556,3,1
CGTTTACGTGATCCTC,S121T N146V S171R P238Y M410L I458K,0.2556,0.2556,3,1
CTAATATAAACTGTAA,G159C D229E T263Q,0.2556,0.2556,3,1
CTAATATTCCTAGCGG,C57Y Y62N E76L Q335T S389I,0.2556,0.2556,3,1
CTACTCTCGAACAGCA,I4F A25V,0.2556,0.2556,3,1
CTAGACAGGGACAGAA,V28W V44P T48S,0.2556,0.2556,3,1
CTAGCGCCTGTTTGAG,R422K,0.2556,0.2556,3,1
CTATTAACAAATGCTT,V5F Y241S M332V,0.2556,0.2556,3,1
CTCCCCTATACTGCAT,D175S R207A W264L A407S,0.2556,0.2556,3,1
CTCGCTAACCAAGTCC,S138L I162K,0.2556,0.2556,3,1
CTCTTGTAAAAATAAA,V47G E76S L245V Q348D Y480V,0.2556,0.2556,3,1
CTTTCCATACACCCAA,G2L R379V,0.2556,0.2556,3,1
GAAAGCGCGAGTTGAG,H179I C231W,0.2556,0.2556,3,1
GAACGTGACAATAAAA,N20Q Q232L L372S,0.2556,0.2556,3,1
GAAGAACACTAGCATC,F49K M194P,0.2556,0.2556,3,1
GAAGACCTAAGCATCA,L43S C155W P238Y W386F Y419*,0.2556,0.2556,3,1
GAAGATTGAAATCTAG,I24S,0.2556,0.2556,3,1
GAAGGTCCAGCTGACT,V14E Y166V L245T M420L,0.2556,0.2556,3,1
GAATAAACTCATGTTA,Y366* G460D,0.2556,0.2556,3,1
GAATTTGGGAACGAAC,E104L M420*,0.2556,0.2556,3,1
GACAAGTTCTCGAACA,C155G,0.2556,0.2556,3,1
GACACACTCCCTACGC,D122Q S163H D204Y Y241G M332S G424V,0.2556,0.2556,3,1
GACACAGATTGTTCGG,,0.2556,0.2556,3,1
GACATTAAGCCGGCAG,V44S D273S I334T,0.2556,0.2556,3,1
GACCCAGACGTAGAGC,E100N E418W,0.2556,0.2556,3,1
GACCTAGATATGATTC,C86V S367P K481T,0.2556,0.2556,3,1
GACGACTTATAACTAC,L107R T375* H467R,0.2556,0.2556,3,1
GACGAGTAAATAAGCT,T77P D229F V298Y,0.2556,0.2556,3,1
GAGAGGAACCTGCCAG,T40C C118M S138C,0.2556,0.2556,3,1
GAGTGTGACTGATTAC,T274I N319S D401K,0.2556,0.2556,3,1
GATAGACCGAATAAAA,C57G,0.2556,0.2556,3,1
GATATATACTATCAAC,H115R V388Y F446V,0.2556,0.2556,3,1
GATATCATTTCCGACT,L51E I144S A288S V341R C385Y,0.2556,0.2556,3,1
GATATCCAGGGGATGC,W283* T426K H467P,0.2556,0.2556,3,1
GATCATGATCATAAAA,L107P,0.2556,0.2556,3,1
GATCCGAATCATAAAG,F38C,0.2556,0.2556,3,1
GATCTTATAAATTGGA,L32V,0.2556,0.2556,3,1
GATCTTCGAGAATTCT,L103M Q324F I452L H457V C477S,0.2556,0.2556,3,1
GATGCATTTACAGCAT,C53K S154E G208F T380P,0.2556,0.2556,3,1
GATTGGAAAGCAACGC,H131P Y200I I222T V485S,0.2556,0.2556,3,1
GATTTCATAAGACAAA,D357Q E396L,0.2556,0.2556,3,1
GATTTTAATAGATTTC,G54C L61N I458L,0.2556,0.2556,3,1
GCAAGAAGCCACGTAG,E76W R193G G198E D317Y A343V,0.2556,0.2556,3,1
GCAATATGAATGTCTG,E151Y H170L M284Y W386T,0.2556,0.2556,3,1
GCACGCAGAGTAGCGT,Y129V Y166K,0.2556,0.2556,3,1
GCATACTCGCCGTATG,R55E D156L H467R,0.2556,0.2556,3,1
GCATCTTTGTAATACA,Y62T L242H,0.2556,0.2556,3,1
GCCACGCTAAGTCAAA,H131D N395T F446N,0.2556,0.2556,3,1
GCCCCCATGCAGTTAA,R193T E228F A343T,0.2556,0.2556,3,1
GCCGTACACATAGCAT,V164P,0.2556,0.2556,3,1
GCCTAAGTGCCAGGGC,T139P K368T F399T,0.2556,0.2556,3,1
GCGGGCCCCTTTGCTG,F8G V18F,0.2556,0.2556,3,1
GCTGTCTATACCAGCC,G98V D347I,0.2556,0.2556,3,1
GCTTCCAGCGTTATTC,H179V N209* K291L,0.2556,0.2556,3,1
GGAAGTGTAGATTTTG,R456L,0.2556,0.2556,3,1
GGAATGCCGTACCCGG,Q165Y D204G,0.2556,0.2556,3,1
GGACTTACCGTCGCTA,C118R V187S C231V,0.2556,0.2556,3,1
GGAGTAGAATAGTGCA,I239Y K352T,0.2556,0.2556,3,1
GGATTTAACAATACAT,,0.2556,0.2556,3,1
GGCCTACTAAGAAACA,I15C L78R Q149Y D156C A297T N365V,0.2556,0.2556,3,1
GGGACCTGTATCAAAA,A176I C279V K481S,0.2556,0.2556,3,1
GGGCCCCGCATACCCA,T87G V97R G378L,0.2556,0.2556,3,1
GGGGACCCCATTTATC,F191M A288I N302Y E308F,0.2556,0.2556,3,1
GGGTACAAAAATTTTG,E10K,0.2556,0.2556,3,1
GGTAGTACAATTATCT,Q3L V28E T110L G160D G271E F316L,0.2556,0.2556,3,1
GGTCCTGGATATCACT,M82S G98V M153T E270S,0.2556,0.2556,3,1
GGTGCTTGGTTAAATA,K126F T215L T263M,0.2556,0.2556,3,1
GGTTTTAGAATCCCAG,T70V I95T C279W,0.2556,0.2556,3,1
GTAAATGTCTTGTACA,F7S E16V S392Y,0.2556,0.2556,3,1
GTCATCTAAGAAGGCA,C463F,0.2556,0.2556,3,1
GTCGCGTTCGGATCAA,V5T I136T W196F D229P I252*,0.2556,0.2556,3,1
GTCTAATAAAAACCAA,N390*,0.2556,0.2556,3,1
GTCTGCGAAACTCCTC,Y172R K465Y,0.2556,0.2556,3,1
GTTAAAAATCAATCTA,N74T G181P E329R F399A G473D P486K,0.2556,0.2556,3,1
GTTAGACCATATCTAT,K33F M332I Y480M,0.2556,0.2556,3,1
GTTATCCCGAATGATA,I4D L50C S111C,0.2556,0.2556,3,1
TAAAAGAGCCTTAGAC,S255L R325S H467S,0.2556,0.2556,3,1
TAAAATATCAATAATA,M82G N158D L244P,0.2556,0.2556,3,1
TAAAGCTGTGTAATCA,N37S I254L,0.2556,0.2556,3,1
TAACACAATTCTCTCA,P236S M284L N302W H354V,0.2556,0.2556,3,1
TAACATACCGAAGTCG,V18T T101H C231P N346L,0.2556,0.2556,3,1
TAACGTCCAGATTTAC,S135L D229E G277S E287* H457V,0.2556,0.2556,3,1
TAAGATCAGTTAACAA,T81L P483N,0.2556,0.2556,3,1
TAAGGGAAGATAAGTG,T48L I162G N224T E413Q G473N,0.2556,0.2556,3,1
TAAGTTGCTGTTCAGT,E289I C463F,0.2556,0.2556,3,1
TAATACCATACGCATC,L259E T296A L442I,0.2556,0.2556,3,1
TAATGGTACTCTTACT,A25R G260V,0.2556,0.2556,3,1
TAATTCTTACCCAAGT,F117I D122L M134*,0.2556,0.2556,3,1
TACAGTAAGACCCGAC,L105E H457C,0.2556,0.2556,3,1
TACATTATCTTCAATC,R55H V431P,0.2556,0.2556,3,1
TACCAAATCGAAAATG,V18R W227P T261N,0.2556,0.2556,3,1
TACCAGTGGTAGAGAA,C57Y,0.2556,0.2556,3,1
TACGCAAAAACGACGA,M75N L142I I334L H455M,0.2556,0.2556,3,1
TACTCTAGGGCTATAA,K161T Y441T,0.2556,0.2556,3,1
TAGAGATGAGTACTGA,L105F G276*,0.2556,0.2556,3,1
TAGCAGGAAGAGTCCT,D156P S216F K272Q L394F,0.2556,0.2556,3,1
TATACAACGACATAAT,I4Q L220Y G276M I286Y P383F,0.2556,0.2556,3,1
TATCTAAGATCGGCTC,K33S L469H,0.2556,0.2556,3,1
TATGTATCTAAGTATT,L29D F157L A173L A297I E308Q E396V H457N,0.2556,0.2556,3,1
TATTCTCCCCCGATCA,N119W G159M K465D,0.2556,0.2556,3,1
TCAACGTGTATTCAAG,V298E,0.2556,0.2556,3,1
TCAAGAACCATGATAC,W196V G206S T375Y,0.2556,0.2556,3,1
TCAGAAAATAGGTCAT,I136K Q165R,0.2556,0.2556,3,1
TCATCAATCTAAATGG,A25R,0.2556,0.2556,3,1
TCCCAGTTAATAGAGA,C57I A132S Y150F,0.2556,0.2556,3,1
TCCCTAATATAGATGA,Q3I A184R,0.2556,0.2556,3,1
TCCGGCACTCGTACAC,Q324W,0.2556,0.2556,3,1
TCCTAGGGCCTGACCT,T106N V164K A195N F440L,0.2556,0.2556,3,1
TCGCGTATCCTCTTTA,L32D A328S K481R,0.2556,0.2556,3,1
TCGTCTATATATATAA,C86H N295V E413P L447P,0.2556,0.2556,3,1
TCGTTCCCTACGTACT,I4C G206H Y371L,0.2556,0.2556,3,1
TCTAATGTGTACCGCA,G64C H115V I443S,0.2556,0.2556,3,1
TCTACCCCACATGAAA,F140*,0.2556,0.2556,3,1
TCTCCCTCACAAGTGA,L32R G271D,0.2556,0.2556,3,1
TCTGCAAGTTTACACT,N20S M312I L336S Y371D,0.2556,0.2556,3,1
TCTGCTCTGTATCTGA,T70G M153S S437T,0.2556,0.2556,3,1
TGAACAAAATCCAGAA,I403H,0.2556,0.2556,3,1
TGAACGTGGTAACAAC,G42V N74K I144L D357L N470H,0.2556,0.2556,3,1
TGAATGATACGGACAT,L46Y D347S,0.2556,0.2556,3,1
TGACCCACGAAAACTT,N74W S169C D347E,0.2556,0.2556,3,1
TGACTTAAAAATAGGC,L103W L107M V388D,0.2556,0.2556,3,1
TGAGGATAATGAGTGT,P427L,0.2556,0.2556,3,1
TGAGGGAGGACTTGCA,R379Q K481T,0.2556,0.2556,3,1
TGAGTTACCACCCAAC,G98S S163C C212I N395K,0.2556,0.2556,3,1
TGCAACACACTAGGAT,S111Q R207T I222P I350L L355S C385F,0.2556,0.2556,3,1
TGGCGCACGACCCTCA,H455K Q482K,0.2556,0.2556,3,1
TGGGCCAATCTTCCCC,C292Y,0.2556,0.2556,3,1
TGTATTGATGAGATAC,T110M D273A T397F,0.2556,0.2556,3,1
TGTCCTAATAATTATA,L68* A202C S237A G360A,0.2556,0.2556,3,1
TGTTCAGCAGTTTAAT,R257A Q348*,0.2556,0.2556,3,1
TTAAAAGTTATATATA,G198D N390L,0.2556,0.2556,3,1
TTAAACGTAGGAGGTA,I201T H467T,0.2556,0.2556,3,1
TTAACATACTAACACG,M153I G276F S367L,0.2556,0.2556,3,1
TTAATGCATTGCCCGA,Y62N W264Y V435R,0.2556,0.2556,3,1
TTAGAGGACAATACGA,D156M N365R,0.2556,0.2556,3,1
TTCAATGCCCCACGAA,Q3P T48R T59*,0.2556,0.2556,3,1
TTCCCATCCGGCTAGC,H92Q D311Y N390L,0.2556,0.2556,3,1
TTCTGTGCAACTTATG,R235S,0.2556,0.2556,3,1
TTGGCCAACCGTCTCC,K125I S255G W489S,0.2556,0.2556,3,1
TTTAATATCAAACGAA,F309T,0.2556,0.2556,3,1
TTTCGAAAGTTACACA,L78E H179V P236S,0.2556,0.2556,3,1
TTTCTATTTAGTCATA,N127K S234C T265D Y393*,0.2556,0.2556,3,1
TTTCTTTTATCAAGAA,L220R,0.2556,0.2556,3,1
TTTTGAAGTCCACTGA,E104G K291G,0.2556,0.2556,3,1
AAAAACTGAGTCACAA,A173H S255A D317I,1.0000,inf,3,0
AAAACTTAACTGTATT,G98W F399V,1.0000,inf,3,0
AAAAGGAGCTAAAATA,M82K I358Y T426S,1.0000,inf,3,0
AAAATGAATGGCCCAA,N89V H131Q,1.0000,inf,3,0
AAACCAATGAATGACT,V97P N114L I350K,1.0000,inf,3,0
AAACTGTGTATTCAAT,G473M,1.0000,inf,3,0
AAATAAACGTAAATCA,G2T F318V I323K,1.0000,inf,3,0
AAATCCATGTTAAAAC,G360E D402G,1.0000,inf,3,0
AAATCGAACAACATTA,A30D T40E F233V L259W P383M G484V,1.0000,inf,3,0
AAATTTCGTAACGAAA,F7A C41A E76R N346M,1.0000,inf,3,0
AACAATAATGTGGGAA,G102N L128F R256S,1.0000,inf,3,0
AACACTATATGTGAAG,E303K L344Q Y371*,1.0000,inf,3,0
AACCCCGAATCCGCTA,G102V K339L S437N,1.0000,inf,3,0
AACCTTAAAAAGCTGG,R256E G260M E396W,1.0000,inf,3,0
AACGCATCATGGAAGC,V459R R491L,1.0000,inf,3,0
AACGGTGCGAACTGCA,I411* H467P,1.0000,inf,3,0
AACTATAATAAAAGTA,L61S N148T A202W,1.0000,inf,3,0
AACTTCAAGGTCCATA,N224D Y480S,1.0000,inf,3,0
AAGACAATAACCGGGG,G54S C310S V431L,1.0000,inf,3,0
AAGAGAATTCTGATCT,I201R W264*,1.0000,inf,3,0
AAGAGACATACGAATA,L290* N409S Q482P,1.0000,inf,3,0
AAGCCATACTTACGGA,V164K,1.0000,inf,3,0
AAGGGATACTTTATAC,P83N Q189A G260R,1.0000,inf,3,0
AAGTATTTCTGTAACG,L105K Y200V K291*,1.0000,inf,3,0
AATGCGAAACCGACCC,L50Q Y62K Y441*,1.0000,inf,3,0
AATGGATTACAGCATA,I95F S367A,1.0000,inf,3,0
AATTCACTTCCTAGGC,H124G H179N E308G L336V,1.0000,inf,3,0
AATTCCCGGATATTAA,F49L Y200V D229Y,1.0000,inf,3,0
ACAAATAAAGTTAGCT,I403T P486I,1.0000,inf,3,0
ACAGATGTTCGTTATT,L43R H115G S143R T376I,1.0000,inf,3,0
ACAGCCGGGACGGTAT,F157L S234L C310S,1.0000,inf,3,0
ACAGGTTGTCATTATA,G174K D211N L430I F434R,1.0000,inf,3,0
ACATCTCTTAGGATCA,N224M M410K L447R,1.0000,inf,3,0
ACATGATTGTTCTGCA,M134L G198A P236M C475I,1.0000,inf,3,0
ACATTATAACTTTCTG,M1F T48Y V485W,1.0000,inf,3,0
ACCAAAACATTAACCG,G98L A322*,1.0000,inf,3,0
ACCCGTCGGCAGCACA,F8S T81M T265G K272W,1.0000,inf,3,0
ACCTGGTAGTGACCTG,L242I G260N P362R L442A,1.0000,inf,3,0
ACGGGAACCTAAAGAA,D156N D211N L220V P453*,1.0000,inf,3,0
ACGTTTAATAGGTAGC,A288R N470F,1.0000,inf,3,0
AGACGTAACTCCCCAG,N74S W264L,1.0000,inf,3,0
AGACTATTTAGACTCA,G98I L428N,1.0000,inf,3,0
AGAGGTTCCAATCCAC,Y66E D347L,1.0000,inf,3,0
AGATAGCAGTGTGTTT,S85R A123I N185V,1.0000,inf,3,0
AGATATGGTTTGCATA,Y62K K63R G64C C212I I361L,1.0000,inf,3,0
AGCAACTTATGCAAGA,D317R,1.0000,inf,3,0
AGCCGCCTATACTTAA,S444H,1.0000,inf,3,0
AGCGCGTAAAAGTTAA,F157N R257*,1.0000,inf,3,0
AGCTTAGACATACAAA,T110V K425N H455V,1.0000,inf,3,0
AGGCACCTCTTTTCAC,N148L I221* M284S C364V,1.0000,inf,3,0
AGTTAAAAGGACATGA,M134L V164M P427E,1.0000,inf,3,0
AGTTGACATTAATAAA,F233M M284Q P464* V485L,1.0000,inf,3,0
ATAAAACACAACTACT,N99S H124S N224G T274M W283* L315F W489*,1.0000,inf,3,0
ATAAGACTAAAAAACA,L120* N224F S400G Q482S,1.0000,inf,3,0
ATAATTATCTTTTGGA,L23F T426E,1.0000,inf,3,0
ATAGGTCAATCCCTGT,E67R Q218L G276P Q416P L442T,1.0000,inf,3,0
ATATCACAACAAGAAT,E100Y T139F A176C H398L W489V,1.0000,inf,3,0
ATCATAAAACCCTGAA,H230Y D432Y,1.0000,inf,3,0
ATCCGTAAAAAGTCGC,T106M M134K D229S L442N,1.0000,inf,3,0
ATCGAACACTTGGCTA,L258G,1.0000,inf,3,0
ATCGTTATACAGAACT,M1R R456V,1.0000,inf,3,0
ATCTAACCCATTTTAC,L78I N178Y,1.0000,inf,3,0
ATCTGTACGTTTCTGC,L245G,1.0000,inf,3,0
ATCTTCGGCTAAGGTG,S27D D268Y,1.0000,inf,3,0
ATGACACATAAACGCC,K88P K272N K300C,1.0000,inf,3,0
ATGCGTAACGAAGGAT,F7G G34C M75N C292Y G424P T454M P466I,1.0000,inf,3,0
ATTAAGACAATGGAAC,C231M R256I D401F S476F,1.0000,inf,3,0
ATTACCCCCACCTCCC,G208A A340T L469I,1.0000,inf,3,0
ATTCAGGTGACAACAC,G160T Y166L R207T T261K R282I,1.0000,inf,3,0
ATTCAGTCAGGCCAAG,G2V T274R,1.0000,inf,3,0
ATTCCAATTCTCCAAA,L84F L107T N295E,1.0000,inf,3,0
ATTCGAATCATCTAAT,I252Q G260S L415P,1.0000,inf,3,0
ATTGAAAGTACCTCGA,N74R F293Q K465Y,1.0000,inf,3,0
ATTGAATAAACTTCTA,M1C S56G T59N T110H H305Q,1.0000,inf,3,0
CAAATGAAATCCTTGC,G102E D229M N319F,1.0000,inf,3,0
CAAATGTGCTCCGCTG,I137D D311Y,1.0000,inf,3,0
CAACCTTTGCTGTGCA,L61N L78M C180E I201T W283C N395L L479Y,1.0000,inf,3,0
CAACTCATCCATCATA,G64S,1.0000,inf,3,0
CAACTCCATTCATCCC,H141F G198T D251N I337D C364S Q406W,1.0000,inf,3,0
CAAGCCAAATTTTAAT,L103F H230L H457W I474G,1.0000,inf,3,0
CAATGACATCAGGTAA,T6P D122A T375P T397Q Y441V,1.0000,inf,3,0
CAATTTAAGGAAGTAA,A173W C301F,1.0000,inf,3,0
CACCCTTCATGTACGA,I15S A25I,1.0000,inf,3,0
CACGCGATTCACTATA,L78G,1.0000,inf,3,0
CACTATATTAAGAGCT,V5F Y241S E404R,1.0000,inf,3,0
CAGTTCGTAAACCGAC,R257*,1.0000,inf,3,0
CATACATGCAAAAGAT,K161V C212S G360V V450H,1.0000,inf,3,0
CATAGGCCCTTCGACG,Q3L F147S R257S M414T,1.0000,inf,3,0
CATCAATGCATCAAGA,I4V K417P,1.0000,inf,3,0
CATCCAAATACCCTAA,N79D,1.0000,inf,3,0
CATCGCGATAGTACTC,W386* I474D,1.0000,inf,3,0
CATTGGCTGTGTAATG,L168F G174L F440R,1.0000,inf,3,0
CCAAGATCTTCCTTGA,H467Y,1.0000,inf,3,0
CCAAGATGCCATGAAA,V97N,1.0000,inf,3,0
CCAGCTACTTTGACCC,Y366L,1.0000,inf,3,0
CCATGACACATCAGCA,L61T V97D C475S,1.0000,inf,3,0
CCCGTCATATATAACT,W227S,1.0000,inf,3,0
CCCTGGTTTCATTCGT,F38L T81K M134T,1.0000,inf,3,0
CCGAAAACAACATAAT,T108V,1.0000,inf,3,0
CCGGATATCTAGGTCC,R55H H457N,1.0000,inf,3,0
CCGGGTATTAAATTAT,L220R G240I I334S K490N,1.0000,inf,3,0
CCTCTGCACGTATCGC,R193C Q405W,1.0000,inf,3,0
CGCAAAGTTAGACGTA,M214Y N365L,1.0000,inf,3,0
CGCAAGACCAATTTGG,W210V M332I G460V,1.0000,inf,3,0
CGCTCTCTCGTGCAAT,I4G A25Y C180S G276R,1.0000,inf,3,0
CGGTGGCCCAAAACTC,T58D S85L L103S F157L R314A Y441N,1.0000,inf,3,0
CGTGGTGTAGCTACTC,Q69K H131K I323M H374*,1.0000,inf,3,0
CTAAATAAACAATATC,K63N Y150Q,1.0000,inf,3,0
CTAATCAAGGTAACAT,,1.0000,inf,3,0
CTACCTAACTCCAAAG,,1.0000,inf,3,0
CTACGCCGAGAGGATA,G45H N148V S199* S444W,1.0000,inf,3,0
CTAGAACAATTTGTAG,I137L I144Q I350M G378F,1.0000,inf,3,0
CTATGCGCGTTCCCCA,R235C L244V I252* T375E,1.0000,inf,3,0
CTCGTCAATAGACATG,G260K L315D,1.0000,inf,3,0
CTTACAGGCCCAGTAG,G181W M214T C475V,1.0000,inf,3,0
CTTACTGGCCGCCATA,L280W E287L,1.0000,inf,3,0
CTTCAACGCTGCAAAA,L29S T139V,1.0000,inf,3,0
CTTCCATTCCTCGCGC,L68F N158*,1.0000,inf,3,0
CTTCGAGTCACCATAG,A25S I337K H354L C463A P483T,1.0000,inf,3,0
CTTCTTTACAGCATAT,I15Y A25T H374A,1.0000,inf,3,0
GAAACAACGAATCTGC,S85K I136N N319K,1.0000,inf,3,0
GAAACGATTCAACACA,A288S M414V S444D,1.0000,inf,3,0
GAACAATAATCGACTT,Y172K K272N L313K,1.0000,inf,3,0
GAACGGTTTAGCAAGT,Y369P H457L,1.0000,inf,3,0
GACGCAGGTTTAGCAA,C53T K63Q C155Q L428Y,1.0000,inf,3,0
GACTTGGGTCGAAGTA,Y62L T87L,1.0000,inf,3,0
GAGCAATAGTTTTCAA,W196* S234* H467S,1.0000,inf,3,0
GATACAAAAACGCGGG,,1.0000,inf,3,0
GATAGGAAACACTACT,L52W L68Q N395R K461R,1.0000,inf,3,0
GATCCGCTGGATATCG,I4S T81L C118Y A330T Y371P,1.0000,inf,3,0
GCAAAATGGACTACTA,L344Q N390Y,1.0000,inf,3,0
GCAGATACTCAACGTG,L68V I113G S163N S267R H457P G478V,1.0000,inf,3,0
GCCAGGATGAAAAGCA,S381L,1.0000,inf,3,0
GCCCAATATAGGCGCA,Q149T C155V S267R,1.0000,inf,3,0
GCGACCATCTAAGCTC,L372Q K465W,1.0000,inf,3,0
GCGCAATGTTAGACAT,V5I L32I E72Q L259P I334S A343S,1.0000,inf,3,0
GCGCCGACATCTCGTG,I286H T296M F440S,1.0000,inf,3,0
GGAAGCGCCATACACT,S121N L168I S444V,1.0000,inf,3,0
GGATCAATTATTATAC,S121L K125M D251G,1.0000,inf,3,0
GGATGTAAAAGGCCCC,G160W A340S M414V,1.0000,inf,3,0
GGGCCCGATCTACTTA,Q3P Y363L V485F,1.0000,inf,3,0
GTACCATGTTATGAGA,G198D F233R R257V A343K H354Y E396T M414I,1.0000,inf,3,0
GTACTAATGGCTACAT,K63E G198A I254* T263K L428P I443P,1.0000,inf,3,0
GTATAACAAAGACTAG,T426A,1.0000,inf,3,0
GTATCAAAAAGCGTTG,L26R L32K D175R,1.0000,inf,3,0
GTATCTTACGACAAAG,G378Y S439W,1.0000,inf,3,0
GTCTTATAAATCCGGA,G260K I337E N373R,1.0000,inf,3,0
GTTAAATTGACTAGAG,E104N D347G,1.0000,inf,3,0
TAAACTAAACGCGACC,N89Y,1.0000,inf,3,0
TAAAGCAAAGAGGGAA,N99V Y200F G206Y F399Y I403V,1.0000,inf,3,0
TAACAAGCTCATGATC,T108* Y129I C279L,1.0000,inf,3,0
TAACACTAGTAACACA,V97*,1.0000,inf,3,0
TAATAGTCCATCCATA,A25N I213A,1.0000,inf,3,0
TACGATCATTCGAGAG,R55L,1.0000,inf,3,0
TACTCAATTCAATAGG,N90S K461N R468D G478I,1.0000,inf,3,0
TACTCCTGTAAATTTT,L32Q S143R I403D,1.0000,inf,3,0
TAGTATGACCGCCACT,S154V R257F S476F,1.0000,inf,3,0
TATAAGCCCTCTTAAC,L84T E228V L245S I458S,1.0000,inf,3,0
TATGATCAAATCGAAA,A173S S205N F262G D357K,1.0000,inf,3,0
TATTGTGACAAAAGAA,V14N T182W G378S P427I,1.0000,inf,3,0
TATTTGGCTTGTCAGG,C385G,1.0000,inf,3,0
TCAGAGTCCTCCTATG,I95D L103R T281A,1.0000,inf,3,0
TCAGTTGCATGGGAGT,S85R N224S A299L,1.0000,inf,3,0
TCATGGCATTACAACC,V187S L242Y,1.0000,inf,3,0
TCATGTTAGATCACAA,N89T K490L,1.0000,inf,3,0
TCCCAAACCTTACCGG,N37* F157S,1.0000,inf,3,0
TCCGACGAAGAGAACC,L46P L51R N89V K425L,1.0000,inf,3,0
TCGAAATATAAAACCA,E307K,1.0000,inf,3,0
TCTACTAATTGGCAAC,S389L,1.0000,inf,3,0
TCTTTACACAAGGGTA,H124Y Y172F D251A G478E,1.0000,inf,3,0
TGAACTAATCTTAGTC,Y94A S169Q K272C V431S H448Y K490T,1.0000,inf,3,0
TGACTGTCACATATAC,N99S I474S K481T,1.0000,inf,3,0
TGATGATTTACGTGCT,C86S L103T R422G,1.0000,inf,3,0
TGATTTTCAGACGATC,M1G M19Q T87A T397H,1.0000,inf,3,0
TGCAAAGCACACTAAC,V44H E76*,1.0000,inf,3,0
TGCCCATTGTCTAGTA,M1L A132S L280P N390I,1.0000,inf,3,0
TGGAAATACTCACGAT,Q3R V14* I21M T263D K304N,1.0000,inf,3,0
TGGCAGACAATAGATA,G2S Y66A E104N A152P M194L G198C S267E P464S S476D,1.0000,inf,3,0
TGTAATTCGATATACA,L433K,1.0000,inf,3,0
TGTACAAACAAGAACC,I452E H471S,1.0000,inf,3,0
TGTACATATCTTACCG,I137L G186S W210L W264L,1.0000,inf,3,0
TGTACGCAAACAAAAG,A25T P483Y,1.0000,inf,3,0
TGTAGAACACAACATC,N127E S135Y S199* S237R,1.0000,inf,3,0
TGTCCAATCCATCCGA,L23R I201S A288T V431R,1.0000,inf,3,0
TGTTCACTCAAACTAG,S216T R256L,1.0000,inf,3,0
TGTTGGCCGAAGTTAA,I21L I112D M194V S462A,1.0000,inf,3,0
TTAACAGAAGCACTCT,A407I C463Y,1.0000,inf,3,0
TTACCATTACTGAGGC,A25F P83Y M96I G159E S163V,1.0000,inf,3,0
TTCACCACCGACTCGA,C53R I201V Q232L L245*,1.0000,inf,3,0
TTCCGTATAAACCATC,K417L,1.0000,inf,3,0
TTGAGACAATATACCG,S135F P464Q,1.0000,inf,3,0
TTGGAGGAATTATCCC,M1I,1.0000,inf,3,0
TTTAAACGACCATATC,G208I K272S M312I Q324R S392C D401N C477Y,1.0000,inf,3,0
TTTGAACTAAAAGAAT,F38C G160N L242F F293Y,1.0000,inf,3,0
TTTGTAATACGCCGCG,T59L V164R,1.0000,inf,3,0
CTAAAAAATGTAATCG,K125R,0.0001,0.0001,2,2180
TGGCAGTTTAACGGAA,,0.0001,0.0001,2,1860
TATATCGCTATGCAAC,N90T Q149T,0.0001,0.0001,2,1845
TCTAATCATGTTTTAA,D156A D268L,0.0001,0.0001,2,1807
GCCTTATGGAAATACA,T139N,0.0001,0.0001,2,1652
CAGTATAACCATTAAC,H131V,0.0001,0.0001,2,1509
ATTCAAAAATAGTCTA,,0.0001,0.0001,2,1474
GCAAATGCCACACTAC,L32S,0.0001,0.0001,2,1346
CTATAAACCAAACTTC,,0.0001,0.0001,2,1342
GGGACATACCCTATTT,N90F H398Y,0.0001,0.0001,2,1336
TCAAGCGAAGATCAAG,L128N K327S,0.0001,0.0001,2,1326
TAGATGATACTTTGAA,,0.0001,0.0001,2,1305
TTACCAATAATTTGCA,Q232S I334A L387M N395K,0.0001,0.0001,2,1305
CCATGTAACAAGGAAG,,0.0001,0.0001,2,1287
GAATAAGTAAACCCAA,,0.0001,0.0001,2,1273
ATTGGCATACTTATAA,A152L,0.0001,0.0001,2,1229
CGATAACGAAACTAAC,,0.0001,0.0001,2,1209
GATCCCGGTTCTCATA,M332F,0.0001,0.0001,2,1204
AGCAGCCAATGTACAA,H92Y,0.0001,0.0001,2,1202
TCATCACCATCGAGAA,A177C,0.0001,0.0001,2,1159
GCAGCGCGTTACGCGC,I136Q F140C A152S Q335*,0.0001,0.0001,2,1157
TATGCGACTCGTCTCT,A25T Y253I,0.0002,0.0002,2,1134
CAACTTCAGCCCCGTC,,0.0002,0.0002,2,1121
ACTAGGATACTCAGAG,E228V N395H,0.0002,0.0002,2,1120
GCGGTATATAAAAGAA,V97L,0.0002,0.0002,2,1113
AGAGTTATCCAGACGC,I443A,0.0002,0.0002,2,1108
TTGCTATAGAAATTGC,A328V,0.0002,0.0002,2,1101
CGAAATTACATCTTAT,,0.0002,0.0002,2,1090
ATTTTAATTAATGGAA,F316L,0.0002,0.0002,2,1077
CGGCAACTCACGTAGA,,0.0002,0.0002,2,1071
ATTAAATAGACCGCAA,T101A Y217S,0.0002,0.0002,2,1070
CTTAATATAACATGAA,I15F,0.0002,0.0002,2,1060
AAGTGGATATTACATA,S389L,0.0002,0.0002,2,1033
TATCAGGTTTCAAGTA,K125E L128W,0.0002,0.0002,2,1032
TACTCTTGCATATAAC,H170Q R207T,0.0002,0.0002,2,1011
ACTTTAGAGTCTACTT,,0.0002,0.0002,2,995
GTAAATCCGTTAATAT,T48S N148S S462T,0.0002,0.0002,2,991
ATGCACCTATTAAAAA,Y94L K126N,0.0002,0.0002,2,989
CAAGAAATTTAGAACT,,0.0002,0.0002,2,986
TGCTACCATAAACAAA,,0.0002,0.0002,2,982
CGTGTCACAACTTTGC,,0.0002,0.0002,2,980
AGAGGATGCTAGGAAA,R207N,0.0002,0.0002,2,979
TTGATAAAACTAACAC,V5I R257K,0.0002,0.0002,2,977
GAATATAAAGAAGTGG,,0.0002,0.0002,2,970
GGCTAAATCCTCTAAA,A202R,0.0002,0.0002,2,969
TATTATAAACTCAATT,G186W,0.0002,0.0002,2,964
GCTAGGCTAATATCAC,V485Q,0.0002,0.0002,2,961
ATGCCCATGGCCCCAC,K272G,0.0002,0.0002,2,958
GGTATATAAAATATTA,G181E,0.0002,0.0002,2,956
GGAAGAACATCCCAAG,,0.0002,0.0002,2,955
TCACTATGAGCATCAG,K125G,0.0002,0.0002,2,951
TTATAGAACAAGCGAA,T377S,0.0002,0.0002,2,949
TCAGAAATGAGTAACC,,0.0002,0.0002,2,944
GTGAGTATAAGAAAAT,,0.0002,0.0002,2,943
GCAGTGTCTGACACGC,L133I,0.0002,0.0002,2,941
ATAACACTAATAACAA,L313I I411F L479F,0.0002,0.0002,2,939
AGTGGATTTTTATTGA,,0.0002,0.0002,2,929
AAGCGACACTAGATCT,,0.0002,0.0002,2,924
ACCCTCACCACAATGA,,0.0002,0.0002,2,917
TAACAAGTCGGTTATA,L128R N158G,0.0002,0.0002,2,914
TAGTGATCAAATATCG,Q348E,0.0002,0.0002,2,902
CTACGCATAGAAATAG,V44L D130G Y200F T377S,0.0002,0.0002,2,899
CCAGAAGAATACCACA,,0.0002,0.0002,2,889
CTTTTATGTGCTATGT,,0.0002,0.0002,2,889
CTGAATTCAAGGGATG,,0.0002,0.0002,2,884
ACAACTTTACATTGTT,E72V,0.0002,0.0002,2,883
TCAAAATTATAATACA,F49K,0.0002,0.0002,2,880
ACGGGAAACCTGACAG,G186S H354L,0.0002,0.0002,2,873
CAGCCAAACGTAAAAA,,0.0002,0.0002,2,870
CTAACTATTAATGGAC,T438I,0.0002,0.0002,2,868
TCCATAACCTTTCCAA,,0.0002,0.0002,2,863
ATAATCCACTTTTTTT,F140V,0.0002,0.0002,2,861
AGTGCTACATAGACAC,N390G,0.0002,0.0002,2,856
ATTCCGAATATTTCTC,,0.0002,0.0002,2,849
GATAATCGCTTTAATG,,0.0002,0.0002,2,846
CGTGCTTCCTCACCGC,N167Y,0.0002,0.0002,2,844
TAACAAATTTTATGAA,,0.0002,0.0002,2,840
AACCGTCAACCCCCTA,A30S,0.0002,0.0002,2,829
AAGGCATCTACCGCTT,D204N,0.0002,0.0002,2,822
CTACAATTTTGGATAC,K300N,0.0002,0.0002,2,822
GCTTTTAGTCGCGATA,T274I,0.0002,0.0002,2,822
GTTAAGATAAGAAACG,L285V,0.0002,0.0002,2,819
TGGACACTCCCAATCC,D229V,0.0002,0.0002,2,816
TTGGACTTTCCTTAAT,,0.0002,0.0002,2,812
ATAAAAGCCAAATCGC,I252L,0.0002,0.0002,2,810
GAAAGAACGAAATTCA,,0.0002,0.0002,2,804
ACCTGGCCCCCTATAC,,0.0002,0.0002,2,800
CATTACCAAATCGCTA,,0.0002,0.0002,2,800
TGAACTACGCGGACAA,I239F,0.0002,0.0002,2,797
AACTACTACAAGCTAA,R491H,0.0002,0.0002,2,796
GACAAGTCCCTCGTAA,,0.0002,0.0002,2,794
AAGGTGAACCGTTTGC,,0.0002,0.0002,2,788
CTAAATGCTAACGAAC,I445G,0.0002,0.0002,2,779
TATATAATAGAATTAA,,0.0002,0.0002,2,776
TTCAAAACTGAATAAT,A195M,0.0002,0.0002,2,776
TAAACAAGTAATGAAG,,0.0002,0.0002,2,769
TTAAGTCCTTTTCCGA,K465R,0.0002,0.0002,2,769
CCGCAAACCAAACGGA,,0.0002,0.0002,2,765
TTCCAAACGATGCAAA,,0.0002,0.0002,2,764
ATTTCTCTGTTTTAAA,,0.0002,0.0002,2,762
TCAACATACTTATGTC,,0.0002,0.0002,2,762
TCTAAATATGTACAAT,G174E T281K,0.0002,0.0002,2,762
CCAATATTACGAAAGT,V47I,0.0002,0.0002,2,758
GGATATGCTATCAACA,,0.0002,0.0002,2,753
GAATCGCGACGAGAGT,,0.0002,0.0002,2,746
AACAATAGGCACTGCC,,0.0002,0.0002,2,743
ATCACGTATAAAAGCC,,0.0002,0.0002,2,743
AATCCAATAAGCGTAT,,0.0002,0.0002,2,741
CTGTACCACGTTAGTG,K488R,0.0002,0.0002,2,732
CGTCTCTGATGAGACG,K88D I334L,0.0002,0.0002,2,719
AAAAATCAATAATACC,T274P G478R,0.0002,0.0002,2,716
AAACAACTTGAGACGT,,0.0002,0.0002,2,716
TTCAGACTTGACAATC,S169I,0.0002,0.0002,2,711
CAAATCACAATTAGAA,,0.0002,0.0002,2,704
ATTAAGTTACTAAAAT,N185S,0.0002,0.0002,2,697
AAATCTAAAAAGGAGG,V97L,0.0002,0.0002,2,692
AGTCTAATTTATTGAC,G159T,0.0002,0.0002,2,690
GTCACTTGCGATGCGA,G198R,0.0002,0.0002,2,689
CTTATCAAACAGAGAC,S199K T274G,0.0002,0.0002,2,688
AAAGTTATATTCAATC,,0.0003,0.0003,2,676
GGTCAAAGAATTTTAC,V18A,0.0003,0.0003,2,676
GATAGTACCAATCAAT,,0.0003,0.0003,2,673
TATCTTGAAACAGTAT,H13C T274I T377V,0.0003,0.0003,2,668
AGACGGATATGCTAGA,D408Y,0.0003,0.0003,2,667
AGGTCTTAGCATAAAC,A407C,0.0003,0.0003,2,665
CGGAACCAGATTAAAT,,0.0003,0.0003,2,665
GGCAAACCGTGCGATA,M214I,0.0003,0.0003,2,664
AACATTGACCCCTATT,,0.0003,0.0003,2,663
ACCTGCCGGTAACCGC,F233M F440D,0.0003,0.0003,2,663
GGGATGCTTAGACGGT,E100I G271L,0.0003,0.0003,2,661
AAGTACGGTAATCGTG,N114T,0.0003,0.0003,2,656
TACTTATTGAATAGCT,,0.0003,0.0003,2,656
TCATAAAATCTCATTT,,0.0003,0.0003,2,653
CGCAGAAATAGAGAAC,K481R,0.0003,0.0003,2,652
ACGTATGAGACACAAG,,0.0003,0.0003,2,651
ACTCAGTCGACTCTTG,Q321L,0.0003,0.0003,2,651
ATTGAAAGGAATAAGA,G206N,0.0003,0.0003,2,650
TGACGAAAAAGTCTAG,T101D,0.0003,0.0003,2,650
GAAATAAATGTAGAAA,F140Y S267A,0.0003,0.0003,2,646
TAGAAGGCAGGATGGG,,0.0003,0.0003,2,640
AGGAACCAAAAGGACG,,0.0003,0.0003,2,639
CAAGAGCACACTGTTG,T249S E303K,0.0003,0.0003,2,636
GGGATGTTAGATTTGC,H305K R325G,0.0003,0.0003,2,632
AACAAAATGGAAACGC,,0.0003,0.0003,2,631
AGGAAGATCTTTACTA,H354K,0.0003,0.0003,2,630
CCGCTTTAAACTTATA,Y371W,0.0003,0.0003,2,629
GTGTACAAACATACCC,I221R L394I R491C,0.0003,0.0003,2,628
CATATCTGACGCTCGC,T380S,0.0003,0.0003,2,624
CTTAAAGCACCCCAGG,K327M,0.0003,0.0003,2,622
AGGAAACCGTGATAAA,M194W K488Q,0.0003,0.0003,2,620
CATTCCATTTAGTCAG,Q69R K161R K304E,0.0003,0.0003,2,615
GAAAACGTGCATTTAT,M192C S216G,0.0003,0.0003,2,614
TCTAATCGTCCTTCCA,F440V,0.0003,0.0003,2,610
CGGGGAACCGGACATA,I201D E421V,0.0003,0.0003,2,607
CCCCAAATAGGCGGTA,T377Y,0.0003,0.0003,2,606
TTCTAAAAGTAAAGAC,L61T R207A,0.0003,0.0003,2,603
CAATATTGCACACACA,,0.0003,0.0003,2,601
CTGGTTAAAGATGCAA,H179A W227P T281K,0.0003,0.0003,2,600
AAGATTAAAAGATCGG,S205Y,0.0003,0.0003,2,599
AGAATTGCTTACCGGT,C53N,0.0003,0.0003,2,598
TTGTGGATTCACCCCG,M284L A288T V459R,0.0003,0.0003,2,598
TTCTTACGCTGCTTTT,T274L V485E,0.0003,0.0003,2,588
GCAACTGAAGTCAGCA,,0.0003,0.0003,2,585
CCCCTGAGATGAAGCA,,0.0003,0.0003,2,583
GAGGGGCGAAATAATT,,0.0003,0.0003,2,583
TTTAATATACCCCATA,G208L G391R,0.0003,0.0003,2,583
ATGCTAACTTCAGATC,N390S,0.0003,0.0003,2,581
GTCGCAAAAATACAAA,E228R,0.0003,0.0003,2,581
AACAAATAATGAGAGT,S269L V435F,0.0003,0.0003,2,580
AAGATTGAGATAGCTC,L29F,0.0003,0.0003,2,577
AAAATAACACTCTTAC,,0.0003,0.0003,2,575
CGCATACTCCAGGAGC,G271W,0.0003,0.0003,2,575
ACCTTTTATATTATAT,,0.0003,0.0003,2,574
CGTTCAAATTTCGAAT,G276E L442F,0.0003,0.0003,2,573
AACCCAAATCATATGA,,0.0003,0.0003,2,572
GCCATATTACGGGTAG,,0.0003,0.0003,2,568
TTCTAACTAAAGCGTA,,0.0003,0.0003,2,567
ACATCGCGCGCAAGCG,,0.0003,0.0003,2,566
CTTCGCAATATTTACG,,0.0003,0.0003,2,565
GCTAAATCAGAGTTAC,F38Y,0.0003,0.0003,2,565
TGTGAAAAACGGCCAT,A25T E100L G198K,0.0003,0.0003,2,564
ATATAAGTACTCAATG,,0.0003,0.0003,2,560
AGCATCAGCGGGTAGA,E287Y,0.0003,0.0003,2,558
TCTCCTACTTACCCCT,S333F,0.0003,0.0003,2,557
ACCCTCTATAACGTTC,N74T,0.0003,0.0003,2,555
TCTAATAGACCTACTG,G206T,0.0003,0.0003,2,555
ACTTTAAATAAGATGT,,0.0003,0.0003,2,552
AAGTGCAACTACCGAA,Q9H N109S,0.0003,0.0003,2,550
ACAACTAAGACCCTAT,E104C L449V L479S,0.0003,0.0003,2,550
AAACTTAAACTCACCA,,0.0003,0.0003,2,549
TCATGGGAGTGTGAAC,,0.0003,0.0003,2,549
ACCTTATAAGTATCAG,,0.0003,0.0003,2,546
CATTAAAGCGACATAA,L372V,0.0003,0.0003,2,545
TCGTCGCACACGAGCT,Q9S H170L,0.0003,0.0003,2,544
TAGTAAGGCTGCATCT,,0.0003,0.0003,2,543
AAGCACTATGACTGCC,,0.0003,0.0003,2,542
CCATATGTATACAGTA,,0.0003,0.0003,2,542
ATCACGCAAGAAGGAT,V298L A340V S400W,0.0003,0.0003,2,540
CTTCGAGCACAGACAG,T182W,0.0003,0.0003,2,540
TAGGAAAGGTATACTT,G198Y G240M P486I,0.0003,0.0003,2,540
ACTCAAAAATAACATC,R193G T438L,0.0003,0.0003,2,539
CCCCAATTTCCATCAC,,0.0003,0.0003,2,539
AGTACACCGGGGAAAA,Q331E,0.0003,0.0003,2,537
CTCACGCACTTTGCAA,F309W,0.0003,0.0003,2,537
GGGATGATTCTATACA,T182V K461V,0.0003,0.0003,2,537
ACAATAACTATTGAAA,N114L,0.0003,0.0003,2,536
AAGTCCATCTTGAAAT,G198S,0.0003,0.0003,2,535
ACAACTGCCACCAGCA,K272V,0.0003,0.0003,2,535
GAACGTTCACAAACAA,E228N,0.0003,0.0003,2,535
ATAACATTTCTAATTC,,0.0003,0.0003,2,532
CCCAGGTGCCTCTGGT,,0.0003,0.0003,2,531
AGGTGCACAAAAAAAG,,0.0003,0.0003,2,527
CTAGAACCATAAGAAA,G98S,0.0003,0.0003,2,525
AATTTAAAGTATCACC,,0.0003,0.0003,2,524
TAATCTTTCTCGGGAC,,0.0003,0.0003,2,524
AGAAAGCTTGAAACGA,I252H E303S,0.0003,0.0003,2,522
CCACCCTTGCCCCTAA,,0.0003,0.0003,2,521
CCTTACCACGAAGAGT,,0.0003,0.0003,2,521
GTCTGCCTTCAAGATG,M214V T261S,0.0003,0.0003,2,521
AGGTACGCAACACGTA,E100R,0.0003,0.0003,2,520
AAACAAAACCTTCTCT,N114E,0.0003,0.0003,2,519
AGGAATTAACACACTT,E413M,0.0003,0.0003,2,518
CTTAAAGTACCAGCAA,S60M I144W,0.0003,0.0003,2,514
GCTTAAAGAAACCACC,,0.0003,0.0003,2,513
TTTTGTGAACAAGGAT,,0.0003,0.0003,2,513
TGGCACCAAGCCCTAC,V485Q,0.0003,0.0003,2,512
TGCGATGAATGGACAA,,0.0003,0.0003,2,511
AACCAAAAGGGTGCAA,N148V S169W,0.0003,0.0003,2,508
CCTCATCGCCTGCATA,L394V,0.0003,0.0003,2,506
ACATACCGAATTTGTT,,0.0003,0.0003,2,505
TTCACACCGACTGCCA,,0.0003,0.0003,2,503
AGAAATCGGAAGCGAT,,0.0003,0.0003,2,502
AGTGTACTTACTCAGA,L245R,0.0003,0.0003,2,501
TGGAAAATCCCATACA,,0.0003,0.0003,2,500
CTTCTTAATATATCAA,,0.0003,0.0003,2,498
GAACTGACACGTTGAA,A39R K481Q,0.0003,0.0003,2,496
CCGCTCATGTGAATCT,T59L F440V,0.0003,0.0003,2,495
TGGACGCCAAATAATC,R207L,0.0003,0.0003,2,495
CGCAGCTAGCACCCTT,G98P,0.0003,0.0003,2,491
GAGCACCCGGCTAAAA,,0.0003,0.0003,2,490
GCGTAGGCGTCTGGAC,R257N,0.0003,0.0003,2,489
ACTATCAAATCACCCC,F262S K461E,0.0003,0.0003,2,488
ATTAAAACGTATAGAA,S143V,0.0003,0.0003,2,488
GAATTGCTATAAAGTC,K125P,0.0003,0.0003,2,488
TCATTCCTCAGGTGCA,,0.0003,0.0003,2,488
AAAATAAGTTAAAATA,,0.0004,0.0004,2,483
CACAAGCAAAAATTGA,,0.0004,0.0004,2,483
CTCATAAATTCTCTAT,T59V H354R,0.0004,0.0004,2,483
ATCCCGGTGGAGTGCA,A177S,0.0004,0.0004,2,482
CAACACACGGATCTGC,,0.0004,0.0004,2,482
CATACGGGACTATATA,H170F I254M K425L,0.0004,0.0004,2,479
TCGCGCAGCGGAGAGA,P236A I254K,0.0004,0.0004,2,479
TCTAAAGCGTTAGATA,,0.0004,0.0004,2,478
CTAACCTGTGCCAAAC,A176T,0.0004,0.0004,2,477
ATTTATCTATCCCGGG,D156I,0.0004,0.0004,2,475
CTGATTAACAAAGAAA,,0.0004,0.0004,2,475
GAAAAGATCCATTTTG,H230T,0.0004,0.0004,2,475
GTCAAAACGCTCAGAC,I358T,0.0004,0.0004,2,475
TTTGCCTAATAAAAGG,,0.0004,0.0004,2,475
TCAGCAATACACCTAC,N37A L120R L203M,0.0004,0.0004,2,474
AATGTGCGCAAAACAT,,0.0004,0.0004,2,472
GCGAGTTAACCCAACA,Y363N,0.0004,0.0004,2,472
TAATTAGCGAATCTTG,G98F I221M,0.0004,0.0004,2,472
AACCTTTGCTGCTACT,K461M,0.0004,0.0004,2,471
ACATACAAAACCAACA,H13C K327T,0.0004,0.0004,2,471
CCTTTAAGTACCTACA,A330S,0.0004,0.0004,2,471
GCGAGAACGGTATATG,,0.0004,0.0004,2,471
CAAAAATCCAACTTAT,,0.0004,0.0004,2,470
ACAGTAAGAAAAAAAC,D204Y,0.0004,0.0004,2,468
CCTTAAAAGGAATATA,C53S,0.0004,0.0004,2,468
GCTCAACAACTCAAAA,,0.0004,0.0004,2,466
CCTATACTAAGTGACG,H170T,0.0004,0.0004,2,465
TTCACTTTTTACTGAT,M19L,0.0004,0.0004,2,465
TTACACCCACCCTTTA,G198D,0.0004,0.0004,2,464
TAATAAAAGCAAAAAA,H448S,0.0004,0.0004,2,463
ACCAAAATCAATCCAC,T110K,0.0004,0.0004,2,462
CACATCTCCTCAGGGT,G181E V485E,0.0004,0.0004,2,462
AACCCCGTAATGAATC,I144P K481M,0.0004,0.0004,2,461
CATCTCCCCATTATCT,W227S,0.0004,0.0004,2,460
GATGGAAACCCCGACC,,0.0004,0.0004,2,460
ATACAGATGAGACCAC,N146I D408T H471F,0.0004,0.0004,2,458
TAACCAGTAATTTCAA,K272L,0.0004,0.0004,2,457
CGTTTGGTGCAACGAC,Q321V G391H L479R,0.0004,0.0004,2,456
ACTAAGCCCTAACTTG,,0.0004,0.0004,2,455
ATCAGTCAATATAATA,L133K K384T S437T,0.0004,0.0004,2,455
GTTCGAGTCAAAAATG,K300L M414L,0.0004,0.0004,2,453
CCATTCATTTTGAAAC,,0.0004,0.0004,2,452
GTGCTAACTACAAAGG,,0.0004,0.0004,2,452
AATTAACAAGTTCTCG,E100M,0.0004,0.0004,2,451
TCCTGTCCAAAAACTC,V97R,0.0004,0.0004,2,450
GCTCCCTACGCAATGG,,0.0004,0.0004,2,449
TTAAACCCTTAAAACG,V11F,0.0004,0.0004,2,449
CGATATAAAACTTTTC,,0.0004,0.0004,2,448
GAAATTCGCTACAGTA,,0.0004,0.0004,2,448
GCTGACTTGAATACCT,S389L L469I,0.0004,0.0004,2,444
TTTAATATCGCATGAA,E76Y L326Y,0.0004,0.0004,2,444
TCCTACATACTTCAGT,I239M,0.0004,0.0004,2,443
TCTAGTGTATATAATT,D130N S269R I334K,0.0004,0.0004,2,443
GTACAATAAATCTGCT,N209Y,0.0004,0.0004,2,440
CAAAATCCCTCATCAC,N346D,0.0004,0.0004,2,439
CTATGAGTTCAGACAT,,0.0004,0.0004,2,439
GGACCTCTGAATGTTA,,0.0004,0.0004,2,438
TTCAAATTTGTATACA,,0.0004,0.0004,2,438
AACTAATGCGGTACGA,G206S T377K,0.0004,0.0004,2,437
CGAACTCCTCAATGAA,,0.0004,0.0004,2,437
GATTAGTTGTAAGAAG,H170C,0.0004,0.0004,2,435
ACTATAATGATAAGAA,,0.0004,0.0004,2,434
ACAATATAAGGTTTTA,S246F,0.0004,0.0004,2,432
AGGCGACTACAAAGTC,S267N L433M,0.0004,0.0004,2,431
CCGGAACAGAATAACC,,0.0004,0.0004,2,430
TCAAGGCTCTGGCTAG,,0.0004,0.0004,2,430
GATATCCTATTAGTTA,Q69G D204V R456A,0.0004,0.0004,2,429
GTAATGATATATTCAA,,0.0004,0.0004,2,426
AAATGCTAACTGACGA,K300V,0.0004,0.0004,2,425
ATATAGCCCATCCATC,Q324S,0.0004,0.0004,2,425
ATGAACTACTAGCTAC,G277A,0.0004,0.0004,2,425
AATAAAGTATATAGCA,,0.0004,0.0004,2,424
AATGAGATAAAAATGA,H92M I239V,0.0004,0.0004,2,423
CGACAACACTGGTCGT,I24L,0.0004,0.0004,2,422
CCTTCCATTGTTCTTT,A132V,0.0004,0.0004,2,421
TCGCACTAAAGCATAT,V164I E303M,0.0004,0.0004,2,420
TTATATAAAAAAAATT,G64H M332S,0.0004,0.0004,2,420
AAGACCAAAATCCGAA,G181E,0.0004,0.0004,2,419
AGAATAGTGGACAGAA,G98C,0.0004,0.0004,2,419
TATTTTTTTCATTTAA,,0.0004,0.0004,2,419
TGGAATGTGACCACGA,,0.0004,0.0004,2,419
GCCCCTCAGTTTGCTG,,0.0004,0.0004,2,418
TACAATAATTCGGGTG,,0.0004,0.0004,2,418
TTCGCAATGTATTATC,,0.0004,0.0004,2,417
CTATCCTGAGAAATAA,T296F H471Y,0.0004,0.0004,2,416
CGTGCAAAGATATAAG,D347G,0.0004,0.0004,2,415
TTGAATTTAGTTGCAC,,0.0004,0.0004,2,415
AAGTATACAATAGAGA,S60R,0.0004,0.0004,2,413
ACGTGTATGGGATGTT,H230L,0.0004,0.0004,2,413
TAGGAACAGTATATCC,S56T Y200W K481M,0.0004,0.0004,2,413
GAGGAACATAATCATA,Y278S I474V,0.0004,0.0004,2,411
ATAAAAAACACTTAGA,Q9G,0.0004,0.0004,2,409
CACATTAAACACTACC,,0.0004,0.0004,2,409
CGACCCCTTAGGTGCT,,0.0004,0.0004,2,409
ATGAATAACTTATTCC,I221T,0.0004,0.0004,2,408
GAAAACAAATGAGCAA,G2E G98S,0.0004,0.0004,2,408
AAAGTAATTAACTACG,N167L,0.0004,0.0004,2,407
ACAGCAGGTAGCGTTT,,0.0004,0.0004,2,407
CGAATTACCTAATTCA,F157V R248S W283F,0.0004,0.0004,2,406
GATGACTCAAGTGTAT,F262L,0.0004,0.0004,2,405
CTTCAAGCTGATTATC,Y217M D273F,0.0004,0.0004,2,403
GTAGCTTTCAAGATAC,S234L,0.0004,0.0004,2,403
AATTACCCACCTTCAC,G424M K425N,0.0004,0.0004,2,402
CCCCGAGATTTTTCTA,N158T,0.0004,0.0004,2,402
TCATGTATATAATCGC,,0.0004,0.0004,2,400
AAAAAATTCACGAGGC,R235E G294D M332H L336M S389R,0.0004,0.0004,2,399
AACTATGATGGACCTT,Q69L T426K,0.0004,0.0004,2,398
CAAAATGCACCGTACA,,0.0004,0.0004,2,398
CTTCTAACTCATCATC,,0.0004,0.0004,2,398
TTTCGCTTGTGGAAGC,A195V,0.0004,0.0004,2,398
ATACTGCCCGAAAACC,V65G N373W,0.0004,0.0004,2,397
ATGTCTATACTTAAAG,,0.0004,0.0004,2,397
CCCTCAACGCCTGCAA,E10N,0.0004,0.0004,2,397
CGTTAAACTAATTTTT,V28L K461T,0.0004,0.0004,2,397
GTCGCAACTATTAGAA,,0.0004,0.0004,2,397
AAAATAAGTCCGAATA,Y278N,0.0004,0.0004,2,395
TACTCAAATGCATGAG,A25C T226P E270A,0.0004,0.0004,2,395
CCATACATATAACTTA,,0.0004,0.0004,2,394
GTCAAAATGAGATAAC,,0.0004,0.0004,2,393
GAATCAAATGAACAAT,,0.0004,0.0004,2,391
TTCACTGCTAGAAATA,,0.0004,0.0004,2,390
CACTGCAAAAATCAAA,V97G K490T,0.0004,0.0004,2,389
TGAGTTTATACTTATC,Q247P,0.0004,0.0004,2,389
AGACCACATGCGGGCT,,0.0004,0.0004,2,388
AACTCCTGACCTGCCA,L32S,0.0004,0.0004,2,387
TACGCTACGTATTACA,S60G,0.0004,0.0004,2,387
AATGTACACCGCAGAT,R193L,0.0004,0.0004,2,385
AGTCTGCAACCAACAA,,0.0004,0.0004,2,385
GTTTGAAGAACCCTAA,F140A,0.0004,0.0004,2,385
AAAGTAAATTTCCCAC,T263D,0.0004,0.0004,2,384
GCTTGAGGATGATCAC,W227T A299T,0.0004,0.0004,2,381
TATAACTGATCACACG,,0.0004,0.0004,2,380
TCCGAAATGCAAAGAC,,0.0004,0.0004,2,380
AAACTCAGGAAATCAA,M80P E151N,0.0005,0.0005,2,378
AAATAAAAACAAAGTA,I474W,0.0005,0.0005,2,378
TCAGCATATGCGGTAT,,0.0005,0.0005,2,378
TCTCCAAATATGAGGT,N89S,0.0005,0.0005,2,377
AAATACTACTTATCTC,S216T,0.0005,0.0005,2,376
AGCATCATACCAAACT,P275T E421A,0.0005,0.0005,2,375
ACAGTACATTACATTT,T215M D273S,0.0005,0.0005,2,374
CCCTATCTGACCCCTC,,0.0005,0.0005,2,374
CCTTTCATACTTCAAA,,0.0005,0.0005,2,374
CTCAGAGATTTATAAG,T110I,0.0005,0.0005,2,374
TGTATGAGAACAAATG,,0.0005,0.0005,2,374
TTATCAAATAGAGTAT,V11L Q223A,0.0005,0.0005,2,374
AATTGGCTAAGATCTT,G360V,0.0005,0.0005,2,373
TAAACCACAACAGCGG,,0.0005,0.0005,2,370
TATCAGATACCCGATG,,0.0005,0.0005,2,369
TATCGGAGAATAAGAA,,0.0005,0.0005,2,369
AAAACTGTTACGAACC,D408H P483N,0.0005,0.0005,2,368
ACAAGTCACAAAAAGC,,0.0005,0.0005,2,368
TGAAATACCGAGATAA,,0.0005,0.0005,2,368
AATTAAATTCTCGCTG,S476D,0.0005,0.0005,2,367
GACTAACAAACCCAAT,K320M P483T,0.0005,0.0005,2,367
TATTGTGTTTAACCGC,M1V N148T T274K,0.0005,0.0005,2,367
AAGCAGAAAATAAGCT,P236F K339Q,0.0005,0.0005,2,366
ATTAGGGCTAAATCAA,H170L E413G,0.0005,0.0005,2,366
CTACTCAAACTCGCCA,M332I,0.0005,0.0005,2,366
GATTAACTCTGACTAA,S199P,0.0005,0.0005,2,365
AGATCTGACAAGTCAT,,0.0005,0.0005,2,363
CGAGTGGACATTAAAG,V31F,0.0005,0.0005,2,363
GGAACGCAATAGCATT,,0.0005,0.0005,2,363
ATCGACCAACAGAGAA,N90C,0.0005,0.0005,2,362
GAAGTATGAGGAGTTC,,0.0005,0.0005,2,362
TAATGGATCGTAGAAA,K425M,0.0005,0.0005,2,362
AAACTCGAAGTGGCCC,,0.0005,0.0005,2,361
ACAGCTTATTATAGAA,,0.0005,0.0005,2,361
GTATACATATTAAATC,,0.0005,0.0005,2,361
ACGATTATCAATGTGG,Q189A D251F,0.0005,0.0005,2,358
TTAACCCTCAGTTCGC,G174R,0.0005,0.0005,2,357
AAATTGTGAAGTAACT,E151T,0.0005,0.0005,2,356
GCGCCATGCACAAATT,,0.0005,0.0005,2,356
AACGACGTGTATCCAG,,0.0005,0.0005,2,353
ATGTACTGCAACGGGA,,0.0005,0.0005,2,351
TAGAGGAATTGTTATC,,0.0005,0.0005,2,351
TTCAGATAGACAAGCA,H230Y E396V,0.0005,0.0005,2,351
CGAATCAATCCATACT,E151S,0.0005,0.0005,2,349
TAGAATCAGCCTTTTG,V28S,0.0005,0.0005,2,348
TTATAATGCGACTTGT,,0.0005,0.0005,2,348
ACACTACACATTCAGC,S91T I337Y,0.0005,0.0005,2,347
GAGGCCCATCGGTCAT,,0.0005,0.0005,2,346
CCTCTCAAGACGAATA,N148T N346H,0.0005,0.0005,2,345
CTATTCATGACCGCGA,E104*,0.0005,0.0005,2,345
CGGCAATGCTATATCT,Q3F L68K,0.0005,0.0005,2,343
ACATCTTAATGCAGCA,V435C,0.0005,0.0005,2,342
AGGAACAGAATTCTGA,A328S,0.0005,0.0005,2,342
ATAACGGTAAACCAAT,V28I N99P,0.0005,0.0005,2,341
GACTCGAGACCGCGTA,H170M,0.0005,0.0005,2,341
TTTGCGCCTTCCATGT,,0.0005,0.0005,2,341
AAGATACTAAAATTGT,E100Y R207Q Q324L,0.0005,0.0005,2,340
AAGATTGTAAAAAACC,N89S,0.0005,0.0005,2,340
AAACGATAGTAATCGT,I221T,0.0005,0.0005,2,339
ACCTTGAACGAAACGT,S199H,0.0005,0.0005,2,339
CCTGTCGCATTGCATG,D204G,0.0005,0.0005,2,339
GACAAAATCGAAGGGC,,0.0005,0.0005,2,339
TCACTTCCGGATGTTA,V431F,0.0005,0.0005,2,339
ACAGGGGTTATGAAAG,F38S,0.0005,0.0005,2,338
GAAAGGCGAATAGCAA,A173H D229V,0.0005,0.0005,2,338
TCCTCCTCCTGGGTTA,G2L,0.0005,0.0005,2,338
GTGAGTCTACAAAAAC,A25M M214V T380H,0.0005,0.0005,2,337
TACCCAAGTGAACCTG,,0.0005,0.0005,2,337
TTTGATTACCAGTTTT,N79W,0.0005,0.0005,2,336
AAACTTATACTAAATT,,0.0005,0.0005,2,334
AATTTGGGCTCAGTCT,Y129T H141A E307Q,0.0005,0.0005,2,333
AAAAGAGACTTTCGTC,,0.0005,0.0005,2,332
CACGAGCATTCCAATA,,0.0005,0.0005,2,331
GTATATAAATTAAGCA,N79F A288S S333N H398W,0.0005,0.0005,2,330
TTTAGACTATTGTCAC,Q232L,0.0005,0.0005,2,329
ACCACAGACAACTGTC,T110L I474N,0.0005,0.0005,2,327
ATAAAAGATCGAGAAC,S267N E413V,0.0005,0.0005,2,327
TATTCGAGGGATGCAT,T101R N209S,0.0005,0.0005,2,326
ACTATAAATGAGATCC,,0.0005,0.0005,2,325
CATCGATAAAGAAATG,E228G,0.0005,0.0005,2,325
CTTGTTTTTCTATGTT,,0.0005,0.0005,2,325
TTCTAGTGCATGGATC,V5I H398F F440M,0.0005,0.0005,2,325
CTGCGGACAATTCACC,,0.0005,0.0005,2,324
TATCGACACCTTAATA,I15V T296V T375S,0.0005,0.0005,2,324
TGCAGACAACCCGTAC,G174L,0.0005,0.0005,2,324
ACAAAATGCCACCTCG,Y62N,0.0005,0.0005,2,323
AATAATCAAGTCATGA,,0.0005,0.0005,2,322
CTAATCCATAAACACC,,0.0005,0.0005,2,322
GTAAACCCGCGAACAA,S85L T397Q,0.0005,0.0005,2,321
CACAAAATTAACTGAC,A343P,0.0005,0.0005,2,320
CCACCCATCCGCCCAA,,0.0005,0.0005,2,320
TTCGGGATTCTCAACT,T182A,0.0005,0.0005,2,320
ACATGATAGCCCATCT,H374L,0.0005,0.0005,2,319
AGGAGCACCAAGGTTT,S163E,0.0005,0.0005,2,319
ATGGCAAGTTTCGTAT,L73P,0.0005,0.0005,2,318
ATAAAAACCTAACCGA,,0.0005,0.0005,2,316
GACAAACCATACATCA,,0.0005,0.0005,2,316
TAAGGGAGTCGATTTC,,0.0005,0.0005,2,316
AGCCAGAAAAATAGTG,N470S,0.0005,0.0005,2,315
ATAGACTACAATGGGT,F157K H170T N185Q L349I N470I,0.0005,0.0005,2,315
CCTATTCCCATCACTT,E413L,0.0005,0.0005,2,315
AAGCTAGTGATTCATG,L442F,0.0005,0.0005,2,313
AATGGCTAGGATACAA,H230S,0.0005,0.0005,2,313
GAAAAAGGCACCCAGA,G294R,0.0005,0.0005,2,312
GCTACGGCCAGCAAGG,,0.0005,0.0005,2,311
AGTCATAAATCGTTTA,N114T,0.0005,0.0005,2,310
ATGAGATTATAACCAG,A132G,0.0005,0.0005,2,310
GATATCGGTAAGTCCA,,0.0005,0.0005,2,310
ATATTCCAACTACGGA,E76P A173T Y200W D273F,0.0006,0.0006,2,309
ATGACATTTTTCCAGC,Q223K E396T,0.0006,0.0006,2,309
GTCTTATAGTATCAAA,I4N L168E A176D V435H,0.0006,0.0006,2,309
TATCTAACTTACTTCA,Q69T,0.0006,0.0006,2,309
AACAATATGTAAGTGA,Q321K,0.0006,0.0006,2,307
GCATGTGAACTGCAAC,M312T V450A,0.0006,0.0006,2,307
TTTATTCAACGGTTCG,,0.0006,0.0006,2,307
ATTAAAACAATGTACG,H230D,0.0006,0.0006,2,306
GATTAAATGAAGGATT,E67G,0.0006,0.0006,2,306
TTTATGGTTATAAAAC,N114F,0.0006,0.0006,2,306
CACAGGAAAGAATGTC,,0.0006,0.0006,2,303
GGCATGCGAATCCAGC,,0.0006,0.0006,2,303
TATAATTGAAAAAACC,N390S,0.0006,0.0006,2,302
TGCTAAACCTACCTAA,R235S S267A,0.0006,0.0006,2,301
AGCTCGAGGTCAGCCC,V28L L336M,0.0006,0.0006,2,300
ATAATATTGCAAGCAC,D273I,0.0006,0.0006,2,300
CTAATGCGAAAGTAAA,I222L,0.0006,0.0006,2,300
TAAAGAAATTTCTGCC,F316L M332I,0.0006,0.0006,2,299
ATGTTCCACGAACACG,,0.0006,0.0006,2,298
TTGATTGTAGAATGTT,C155* P483F,0.0006,0.0006,2,297
ATTCCATACATTAATA,Y200L V435S,0.0006,0.0006,2,296
GTAATCAAGGTTTAAA,,0.0006,0.0006,2,295
AACTGCAAGAACAATC,N74D I136M,0.0006,0.0006,2,293
ACGGGACGCTCAGGAG,,0.0006,0.0006,2,293
TCTCTAAATAGAACTT,F147V A173M S255V,0.0006,0.0006,2,293
ATGACACAATTAATGA,F38Q Y62L L103W G159N G174F,0.0006,0.0006,2,292
CAGAATTATACGCCTT,L71T,0.0006,0.0006,2,292
AAGGCGGTGGCACAGC,M96T R193Y E270S,0.0006,0.0006,2,291
TAACACGAAACCTAAA,,0.0006,0.0006,2,291
ATCCAAACAGTGTCGC,,0.0006,0.0006,2,290
CTTAAACGACTGTTGA,I445V,0.0006,0.0006,2,290
CTTTAATCGTACCAAG,N178S,0.0006,0.0006,2,290
AGTCGAATTCTTCGTA,D408N M420L,0.0006,0.0006,2,289
CTCTGGACCCAAACTA,G181V,0.0006,0.0006,2,289
GTCACAACCTACTATG,,0.0006,0.0006,2,289
TGGGCGATCGAAATTA,,0.0006,0.0006,2,289
ATTTTTAAATGAGTCT,G159V,0.0006,0.0006,2,287
AACTCAACAGACTGTA,S60N,0.0006,0.0006,2,286
GGAACACATCTTTCAT,F147L,0.0006,0.0006,2,286
ACTCCCCTATCTATCT,Y166V,0.0006,0.0006,2,285
AGGGTCTAGATGCGAG,,0.0006,0.0006,2,285
CACAACGAATCCATCA,C155T E396N,0.0006,0.0006,2,285
CGAGGGACTCAAAACT,,0.0006,0.0006,2,285
GGTAAAAGCGCATTAT,L43V A123D,0.0006,0.0006,2,285
CACAATAATTGTGTAA,I4G E104V,0.0006,0.0006,2,284
GAATTTGTGTGATTAT,,0.0006,0.0006,2,284
GACAGTACTAATCCAA,Y217S S439Q,0.0006,0.0006,2,284
CGCCTTTCAGAGGCTT,W196Y,0.0006,0.0006,2,282
GGGAAGGTTTTGTAAT,T376F,0.0006,0.0006,2,282
ACCATGAACCAAAAAT,E72L,0.0006,0.0006,2,281
AGTAATAAAACTATTA,D156V A176V C477Y,0.0006,0.0006,2,279
CTCACAATTTTCCCAT,M80L L285V D347L,0.0006,0.0006,2,279
TGATGCATCTTCCGTG,P236I,0.0006,0.0006,2,279
CAAAAATGTTACACAC,E76F R356K,0.0006,0.0006,2,278
TACAGAACCATTACAA,Y172R,0.0006,0.0006,2,278
TGACGAAAAAACTAAA,E303G,0.0006,0.0006,2,278
ATTGTCCCGATTAGAC,,0.0006,0.0006,2,277
CTGTGAAGAATAGTCA,T110L D432F,0.0006,0.0006,2,277
GCGAGTAAAACAATCC,,0.0006,0.0006,2,277
ATCTTTAGTAGTAAGT,I112A A299K L449T,0.0006,0.0006,2,276
CAGGACAATGCCGTAG,,0.0006,0.0006,2,276
CATATAATTAGAGCCC,I443S,0.0006,0.0006,2,276
GTATCAAACTTACTCC,N209Y,0.0006,0.0006,2,276
AGGCGCCATCCGGTAT,,0.0006,0.0006,2,275
GTAGAAAACTAGGACC,,0.0006,0.0006,2,275
TATGAAACAGCGGTGC,,0.0006,0.0006,2,275
ATACACCTAAATAGGC,,0.0006,0.0006,2,274
GCACAGCCAACCTGTG,A195T S437V,0.0006,0.0006,2,274
CGGCAGAAAGTAAGAT,,0.0006,0.0006,2,273
GTGCGTACACTGCCCC,,0.0006,0.0006,2,273
TAGCGGGGAACCAGAT,E16S N90W E100* G198I L349W T375L N395*,0.0006,0.0006,2,273
TTTGGCTCAATGAAGA,H471R L479W,0.0006,0.0006,2,273
ATAAGTCAAAAGAGCC,,0.0006,0.0006,2,272
CACAATCGTCTTTTAA,,0.0006,0.0006,2,271
GCGATAATTGGGATGG,Q149T S169N W196F F309Y H354G G360T,0.0006,0.0006,2,271
ACGACAGCTCGTTAAA,P236Q,0.0006,0.0006,2,270
TAGATGTCGTTCTGTC,,0.0006,0.0006,2,270
ACGACTTATAAGTAAC,S163H S333N,0.0006,0.0006,2,269
AGGGTTGAGCCAATAA,R207D L258V P275L,0.0006,0.0006,2,269
CATTGCAATGAGATGT,V183S S205I,0.0006,0.0006,2,269
ACCCCCGCGCTCAATA,S60V P362Q,0.0006,0.0006,2,268
CAAGTAGAAAACCCTA,N390S,0.0006,0.0006,2,268
TCACAAAAAATAAGCT,T6A T48C H179C,0.0006,0.0006,2,268
AAAACCTCGTGTGCCG,S163L,0.0006,0.0006,2,267
ACGATAAAATACTACA,A184I,0.0006,0.0006,2,267
CAGCGACTTCGAACGT,F262V,0.0006,0.0006,2,267
TTAATGAAAAGCCGTT,,0.0006,0.0006,2,267
TAAAACATGTTACGCA,,0.0006,0.0006,2,266
ATGTAAAATAGAAAAA,,0.0006,0.0006,2,265
TGTCCTTAGAAGCGCG,E67R,0.0006,0.0006,2,265
ACGTCAATGTCTACTT,E17S,0.0006,0.0006,2,264
CAAAATATAACCGCTG,M82C,0.0006,0.0006,2,263
CAGGATTAGTAAAACT,,0.0006,0.0006,2,263
CATGAGTTATCATCAA,N119K,0.0006,0.0006,2,263
CAATAAAACAACTGAC,N109H,0.0007,0.0007,2,262
GCTACGTGATTATTCG,E76K N178D L259Q,0.0007,0.0007,2,261
ACAAGGACATTGGTCA,C155L Q165E,0.0007,0.0007,2,260
ATACGAAATAGCCTGC,S91T G98L Y150G,0.0007,0.0007,2,260
GCGTTATAATGGTATT,Q331L E418T,0.0007,0.0007,2,259
AAATACTATTTCTCTA,,0.0007,0.0007,2,255
ACCCGGCTTATCTAAC,Q321D I334*,0.0007,0.0007,2,255
AGAGCTATCTTCATTT,M19A,0.0007,0.0007,2,255
CTTGATACCGCCAGTA,Y241I,0.0007,0.0007,2,254
TAACAGCTAACGAAAA,C53N Q324M,0.0007,0.0007,2,254
TGCAATAGAAAATCTT,G206S,0.0007,0.0007,2,254
ACGTAATGGTACTGCA,G45H,0.0007,0.0007,2,253
AGCGTCTTAAATGAAA,C231D,0.0007,0.0007,2,253
CACTGATCCTTGAACG,V298G,0.0007,0.0007,2,251
CATATTGTAGAAGTCT,I24L N390F,0.0007,0.0007,2,251
CGACACCATCGAATAC,G198N T376L,0.0007,0.0007,2,251
GAAATAATTATTCCCT,N395T,0.0007,0.0007,2,251
AAACGGCTAGATAGAC,Q482L,0.0007,0.0007,2,250
GTAACTATTTCTGGAA,K63L N178I I201A G208M,0.0007,0.0007,2,250
CTCCCAGGTTGATGAT,L61N,0.0007,0.0007,2,249
GAACCGGGGACAGAAT,N395S,0.0007,0.0007,2,249
TCAACAAAAGAATGAT,Q189L Y278I L336P,0.0007,0.0007,2,249
TAAAACAAGCAACACA,,0.0007,0.0007,2,248
TCATTAAATATTAATA,N209Y,0.0007,0.0007,2,248
TTATAGCGGTTTTTGT,M214E A299S,0.0007,0.0007,2,248
AGCCTTATAGTAAAAT,E228A,0.0007,0.0007,2,247
GAGAATAAACTCTGCA,L32F N158Y T375S S462A,0.0007,0.0007,2,247
AAACATTACCGAAAAA,S169I,0.0007,0.0007,2,246
CCATGACCACGATCAA,E329L,0.0007,0.0007,2,245
ACCACATTTAGAGATT,,0.0007,0.0007,2,244
GAAAAAGTACCGGTAA,,0.0007,0.0007,2,244
TGTAAGACGGACTATA,A39T L52Y E270H,0.0007,0.0007,2,244
GTATGAAGCTCTAGAA,S163D,0.0007,0.0007,2,243
CAACATGATAATATCA,,0.0007,0.0007,2,242
GCTTCATATAGCAACT,F7V,0.0007,0.0007,2,242
CGATTGACCTGCTCGG,,0.0007,0.0007,2,241
GGAAGCTATGACGAAC,V164G K291I Q331S,0.0007,0.0007,2,240
AAGTTCCAGCACGTAT,G45V Y253*,0.0007,0.0007,2,239
AGTTTATTCGAATGTA,,0.0007,0.0007,2,239
ATAGTACACCAAATAT,,0.0007,0.0007,2,239
TGGCAAATCATATGGC,S60T T225S C310G,0.0007,0.0007,2,239
GAAATCCAGCACCAAA,T110I,0.0007,0.0007,2,238
CAACTCTTTTAAGAAC,L68F A202S,0.0007,0.0007,2,237
GTCGGGCAAGACGACT,M96K,0.0007,0.0007,2,237
AAAACGTGACTACAAA,I15F S246K T376Y,0.0007,0.0007,2,236
ATTTTAAATGTGTAAT,N158R,0.0007,0.0007,2,236
CAAAACATCGTAGACC,M332H,0.0007,0.0007,2,236
TGCTTAAAATAGTCCA,I136P,0.0007,0.0007,2,236
AGTCGAAGTAAACAAA,K481M,0.0007,0.0007,2,234
CGAAAATTTCAAAGAC,Y200S E307S,0.0007,0.0007,2,234
TAAAAACCACATTAAA,Q149E Q406L L469V,0.0007,0.0007,2,234
TTGTGTAAAGGTCATT,G174L,0.0007,0.0007,2,233
GAGAGAGCACACATAC,T225M G391D L479M,0.0007,0.0007,2,232
ATTCTTATTTGTCTGG,,0.0007,0.0007,2,231
CAGCTTAGCTTACAAA,,0.0007,0.0007,2,231
TTTTCATAAACCCCAC,I4V S27I S171I T377I,0.0007,0.0007,2,231
AACAGGGACTAATCAA,G424S,0.0007,0.0007,2,230
CAACTGCCTGTATACT,Y36H,0.0007,0.0007,2,229
TCTATACTGTACGTCC,S439T,0.0007,0.0007,2,229
TTTAATGGTAAACACA,C53S N224H,0.0007,0.0007,2,229
ACTAAGATGAATACAC,E287W,0.0008,0.0008,2,227
CCGGATGCAATTCAAC,M134*,0.0008,0.0008,2,226
AATAAATAACTGACAT,W196G,0.0008,0.0008,2,224
TAACGCCCGTACCCCC,R356L,0.0008,0.0008,2,224
CATGTTAGCAAACTTG,T59R E421S,0.0008,0.0008,2,222
GAGCATTCCACATATC,S171H K451Y,0.0008,0.0008,2,221
AAAAAAACTTATGACC,L142N N302M,0.0008,0.0008,2,220
AATGACAATAGTCGGA,G271D,0.0008,0.0008,2,220
ACTCGTTTACCAAATG,,0.0008,0.0008,2,220
TAAGTAATTCTATGAA,,0.0008,0.0008,2,220
TTGAGACTATGTGCGA,F191L,0.0008,0.0008,2,220
AAGAAACGAATATGCA,,0.0008,0.0008,2,219
TCATCACCAAAAACTT,L68M,0.0008,0.0008,2,219
CCAATCTACTAGAGAT,T40I Y217D,0.0008,0.0008,2,216
TAGGCTTACGCCAACT,Y200I,0.0008,0.0008,2,216
TGGAGAAACTTAATTT,R207A,0.0008,0.0008,2,216
TTACTCTGTGTCAATA,V11W L73N L430Q,0.0008,0.0008,2,216
AATCGATACATAAATA,R257K,0.0008,0.0008,2,215
AATTATGAATAAATAA,,0.0008,0.0008,2,215
CCCCTCTATAGCAACT,L344F,0.0008,0.0008,2,214
TGCGTGTCGTTTGAAC,,0.0008,0.0008,2,214
ATACGCGAACAGGATT,Y217V,0.0008,0.0008,2,213
CTCAGAAAAGAACAAT,L107T L120A E396L T426F L442S,0.0008,0.0008,2,213
CTTACATAAATATGTT,G34A T375I,0.0008,0.0008,2,213
TCGGTAAATCTAAAAT,,0.0008,0.0008,2,213
TTATTAACAGCACCAA,S234L H467S,0.0008,0.0008,2,213
AAGGGAAACGCCGGCA,,0.0008,0.0008,2,212
AGAATCCTGCAAATGG,T380L,0.0008,0.0008,2,212
ATTTAAATCCCATCAA,L447W,0.0008,0.0008,2,212
CTCCAGCCACGAAATT,S205Y,0.0008,0.0008,2,212
AAGCCCCTCGTGTTAG,H92M S138R Y150M,0.0008,0.0008,2,211
CTAATGATACAGGGAA,A132T T261P,0.0008,0.0008,2,210
TTGTGCGTGATATTAA,D122I G159W I345S,0.0008,0.0008,2,210
AATGTACCACATCGTG,L52E N185K,0.0008,0.0008,2,209
ATGGTACCAGGAGCAC,S60Y G271S P486Y,0.0008,0.0008,2,209
TAGGCTTTACCCTGAA,S439A,0.0008,0.0008,2,209
ATAGGATATTCTAACT,W264F,0.0008,0.0008,2,208
GACATCCACTATTTAC,,0.0008,0.0008,2,208
ACCTATCAAAAAACGA,V431L,0.0008,0.0008,2,207
TAACAGTGATCATGTC,T215A G276S R282V,0.0008,0.0008,2,207
AACTGACGTACGAAAA,L50M N109Y T261S H471L,0.0008,0.0008,2,206
TGTACGATGAGCACAT,W370*,0.0008,0.0008,2,206
TGTTCACCTGGTACGT,S60I K488I,0.0008,0.0008,2,206
AAACCCATCTCCAAAT,Q149M S199G N390L,0.0008,0.0008,2,205
AAGTAAACAACTTACG,L50T T101N,0.0008,0.0008,2,205
ACAACATAAAAAAAGA,H179L C364Y,0.0008,0.0008,2,205
AGAGAGAATACCATAC,R207F,0.0008,0.0008,2,205
CCGCAACATAACACGT,S135R,0.0008,0.0008,2,205
GGTTGACATTGCCTAT,F38V L442P,0.0008,0.0008,2,205
ACCACTACTTTCGGAC,G294V Y441F,0.0008,0.0008,2,204
CAGTGTGTTAAACTAA,E329Q T438N,0.0008,0.0008,2,204
GAAACATATTCCATCC,K339W,0.0008,0.0008,2,204
GTGCAGCGAACCAGCT,K88P N99F T226M,0.0008,0.0008,2,204
TCACACCACCCATCAG,K300L D317Q L428F,0.0008,0.0008,2,204
TCATCTTATCCACTTG,H115K L387N,0.0008,0.0008,2,204
AAAACACAACCTTTAC,,0.0008,0.0008,2,203
TTATGACCCGAAATGC,,0.0008,0.0008,2,203
AATCCGCTCACCAAGA,H115D F316E,0.0008,0.0008,2,202
ATTTTTCTATGCAAAA,F7M L336M,0.0008,0.0008,2,202
GCACGGCTCGTACATT,C155W S163G I213S,0.0008,0.0008,2,202
TACAGAGCCACTGGAC,N99S S111G S237K A340Y D402H N409P V450L L479P,0.0008,0.0008,2,202
TGATTCTTCTTGAACT,,0.0008,0.0008,2,202
TTTCGATAGACTCGGG,K417S,0.0008,0.0008,2,202
CCACGTTTAAATAGAC,T106A S462M,0.0008,0.0008,2,201
TACCGCTGTCCCTAAA,Y129T S135L,0.0008,0.0008,2,201
TGTCGTCAGTTTCCTT,L61I F140A,0.0008,0.0008,2,201
AATTCACTGAATAAAT,I252H,0.0009,0.0009,2,200
ACAACTTTACGAGTCG,T81G,0.0009,0.0009,2,200
ATAGGAAAATGTTATA,E72I E151T T397L,0.0009,0.0009,2,200
CAAAAGTACTCACCCT,,0.0009,0.0009,2,199
GGAAGAATCAATGCAC,K490N,0.0009,0.0009,2,199
TAAACCCAAATCTAAC,I113M,0.0009,0.0009,2,199
TTAGTACCTATGAATT,L68I,0.0009,0.0009,2,199
CTCCCCAATCATGCTG,V22* G102F G240M L285R H398G,0.0009,0.0009,2,198
GCTATCAAAAATGGCA,T377Y L382F,0.0009,0.0009,2,198
CCCGGGAGCAAATCAA,N167D K352R,0.0009,0.0009,2,196
CAAGCGGCTCCGCCAT,A25S,0.0009,0.0009,2,195
TATATACGGTTCTACG,I452L V485D,0.0009,0.0009,2,195
TGCCGTCATATCTAGG,,0.0009,0.0009,2,195
AAACATCCGACTGCTG,I201S,0.0009,0.0009,2,194
ATACTCATGAGAGTGG,G243M I443E,0.0009,0.0009,2,193
ATAGGACGAAAAGAAT,S91R,0.0009,0.0009,2,193
CTAGAAACTGATTAAG,K63S,0.0009,0.0009,2,193
TATAGTGGGAACCGAT,Y369W,0.0009,0.0009,2,193
ACCTAAGCAAAACTGA,,0.0009,0.0009,2,192
CAACGAACTATCACAC,M192K W283R,0.0009,0.0009,2,192
GATCACGTGCAAAATA,E104N L349K,0.0009,0.0009,2,192
TCGATGAACGTATGGC,G181K S205Y L266I T281M,0.0009,0.0009,2,192
AGAAGATGGCATCAAA,,0.0009,0.0009,2,191
AGAATCACGATCAATT,M19I T58P,0.0009,0.0009,2,191
ATACAACCATCATGTT,G294P V298L,0.0009,0.0009,2,191
GTCGCATTAGCGAGAG,H398G,0.0009,0.0009,2,191
GTCTCATCGGCTTGTA,Y419W,0.0009,0.0009,2,191
TTAGGGGATTCATCTA,,0.0009,0.0009,2,191
ACAGAACTATCGCGGG,F262L N338S D408Y,0.0009,0.0009,2,190
TTCTAAAATAACCTTC,V47P P145I S269W,0.0009,0.0009,2,190
AATTAGTCGAAATTAC,L105F,0.0009,0.0009,2,189
CCAGGAATTTAATATC,T296K,0.0009,0.0009,2,189
AACAAGATTATGAACA,C53N,0.0009,0.0009,2,188
ACCTGTCTTAACAAAA,D268Y,0.0009,0.0009,2,188
CCAGATCCCAACCAGC,R207T G277C,0.0009,0.0009,2,188
GCCATGAGCCTTGACG,L107G P145H C180V,0.0009,0.0009,2,188
ACTCATCCATCTGTGG,K272E,0.0009,0.0009,2,187
CTTTGGGATGTCGTAT,,0.0009,0.0009,2,187
GTGTAAATGATACTAG,T48P N99I I144M,0.0009,0.0009,2,187
TAACCCCGAGGGGATT,G45R E104A L120F N146M A177T,0.0009,0.0009,2,187
TATAAATATTAGATAG,,0.0009,0.0009,2,187
TATACCTTCACTATGT,,0.0009,0.0009,2,187
TCGAAAAACGCAGTTC,M192T V341A,0.0009,0.0009,2,187
AGCAAGAGTAAACATG,A202P,0.0009,0.0009,2,186
ATGGAGGACTCCGATT,I136V T182W G271L,0.0009,0.0009,2,186
CAAATGGATAAAGCGC,,0.0009,0.0009,2,186
CCTTGAATGCAAACGG,Q232G,0.0009,0.0009,2,186
CTTAGACTTAGAGCCC,N185S,0.0009,0.0009,2,186
CATTTGATCCGGTCGA,G206H,0.0009,0.0009,2,185
AGCTAAAAGAGACCCC,,0.0009,0.0009,2,184
GCCGTAGCACACTAAC,,0.0009,0.0009,2,184
AAGAAGTACTGATATG,,0.0009,0.0009,2,183
ACTCAAATTTAGACTT,,0.0009,0.0009,2,183
AGGTCAAGCATGTCAA,S169P C180T G181E L387K,0.0009,0.0009,2,183
CGAGTAGCATAGGTAA,T70P,0.0009,0.0009,2,183
TAATTGGCATAATAAC,Q232I,0.0009,0.0009,2,183
TCATACCCATCTGTGC,I4V,0.0009,0.0009,2,183
AAATTCTGGACAAATA,F147N W196G V487Q,0.0009,0.0009,2,182
CTTATAATCATACGGC,,0.0009,0.0009,2,182
TAAGCTTTCTCCATGC,A152P K272V F399R T454A,0.0009,0.0009,2,182
AAAATTCAAGCTTCAA,P236V H305L,0.0009,0.0009,2,181
CAATGGAGCGTAGAAC,Q348*,0.0009,0.0009,2,180
GGTTTAGTCTACCCGC,R250H Y441M,0.0009,0.0009,2,180
GTCTCTACAAACCGTA,T110F T397Y,0.0009,0.0009,2,180
AAGCGTTACGAGTATT,V97Y W196S,0.0010,0.0010,2,179
ACTGCACGATGGCAAT,L51M I201F,0.0010,0.0010,2,179
ATTAGACGGTAAGCCG,,0.0010,0.0010,2,179
TGTCTTGGAATCATTG,,0.0010,0.0010,2,179
TAAGACCATTAAACTG,,0.0010,0.0010,2,178
AACAAATAGACCAGTG,T190Y S199L S389I,0.0010,0.0010,2,177
AACGTCAGATTCTAGT,E104L G160A,0.0010,0.0010,2,177
ACCCACTACAGTACAA,E396N,0.0010,0.0010,2,177
CTGAGACGGAATGTTA,T281I,0.0010,0.0010,2,177
CAATCAAAAAAGAACT,E228K,0.0010,0.0010,2,176
CACACTGAAGCGAACA,L128Q S444F,0.0010,0.0010,2,176
CCTCCCCCTGAACCTT,F191G,0.0010,0.0010,2,176
GGTATAGGTAAAAATC,T87H V164T G174D C180H G360F V388W,0.0010,0.0010,2,176
TCTAGTCACAGGTCCA,S171V E228K,0.0010,0.0010,2,176
TTCAACAAAACGAAAA,H374K,0.0010,0.0010,2,176
AGTGCCCCAAGTTATC,L128H A132T S163G W264R,0.0010,0.0010,2,175
CACCGCAATCAGGATA,L29M A132S N209Y,0.0010,0.0010,2,175
AGATTGAAGATTATTA,T261V G378Y M410L,0.0010,0.0010,2,174
TTCATCAAAATAACAA,Q405S,0.0010,0.0010,2,174
AAATAACTGACAATCA,D311F,0.0010,0.0010,2,173
GATGCGAGTATTTGAA,I21F,0.0010,0.0010,2,173
TTTTTAGATATACTAT,R325N,0.0010,0.0010,2,173
ATAACAGTCACCTAGA,T139S V485D,0.0010,0.0010,2,172
ATGGGCCTGATCATTA,V47S Y278H,0.0010,0.0010,2,172
ATTGATACCACAACAG,R325G,0.0010,0.0010,2,172
CATGATCAATAAAGAC,Y36F L220D M410T,0.0010,0.0010,2,172
GGGCACGTAGTCATAG,I213T,0.0010,0.0010,2,172
TAAATTGGGATGAAGG,H115S,0.0010,0.0010,2,171
AGCGGTTAGCAATGAA,,0.0010,0.0010,2,170
ATGCAAATAACATAGA,L35T K116C,0.0010,0.0010,2,170
CTAAGAAAGTACTCAT,F140Q,0.0010,0.0010,2,170
GTGTTGTTTAACGACC,S154N G260S,0.0010,0.0010,2,170
TATGCTCCCTGGTCAA,D204N G240Q,0.0010,0.0010,2,170
ACACGATAAGGCACCG,,0.0010,0.0010,2,169
TAAGATGATCAGGTAA,,0.0010,0.0010,2,169
CAATAACCGTTCAAAT,,0.0010,0.0010,2,168
GAACATTACTATATGA,T59N Q149S K488E,0.0010,0.0010,2,168
GGTAGAAAAAATTTAA,I136V,0.0010,0.0010,2,168
GTGATATTTAAATACG,K320L,0.0010,0.0010,2,168
TTTTAATTTAGGAACA,T215A S389A,0.0010,0.0010,2,168
GTCTAAGCCACTGTTG,S163L N209T,0.0010,0.0010,2,167
GTTAGGCTTGTAGTCG,I350L D408L,0.0010,0.0010,2,167
ACGATTCTTCAACAAA,E287A,0.0010,0.0010,2,166
CACGTGCCGAGGAAAA,M1V,0.0010,0.0010,2,166
TGGTTACTATGGGCAC,S154H,0.0010,0.0010,2,166
ATTGTTAACTTTTAAA,M75S N99Y A152Y Y200G D273S L315G,0.0010,0.0010,2,165
CATTCTTTACTAGTGC,S199N W227*,0.0010,0.0010,2,165
TAGCCTTATACAAAGC,K417T,0.0010,0.0010,2,164
TGACCAAACTCAGATC,T101K N127M S462Y,0.0010,0.0010,2,164
AACAACCGTCATTTCG,G197L,0.0010,0.0010,2,163
ACAAGTGATAAAGGAA,D432Q S462T,0.0010,0.0010,2,163
AGAATCCATAGTCTTA,E100K G206S T426S,0.0010,0.0010,2,163
CGATAAAAAGCGGCTA,T225V,0.0010,0.0010,2,163
TCGTTGATCAGCGTAA,,0.0010,0.0010,2,163
TTATGTGCACTAGCAG,S199G,0.0010,0.0010,2,163
AAAAAATGACTCTATA,N89D A177L,0.0011,0.0011,2,162
ATTGTATCATGCGTAA,,0.0011,0.0011,2,162
TAAGATGCAAAAAACC,G160S D204W,0.0011,0.0011,2,162
ATAAAATCGTATCAAA,L220F,0.0011,0.0011,2,161
GAGGTCTGATATACAA,G98L,0.0011,0.0011,2,161
GTATTCTGTTGTAACA,G260R T377I K488R,0.0011,0.0011,2,161
ACGGTAAACGCTTCGG,P236H,0.0011,0.0011,2,160
ATTGGATTGCAGTTAC,A195T,0.0011,0.0011,2,160
ATTTGCTCTCGTACCT,,0.0011,0.0011,2,159
CAGGCCGCAAATATAC,W196R G478L,0.0011,0.0011,2,159
CTATTCTTTTTGGCAA,E270K I474T,0.0011,0.0011,2,159
AAGAGAGACCAAGCAG,,0.0011,0.0011,2,158
GCTAGCCGCATAATGC,K161P,0.0011,0.0011,2,158
TCTAAACTAGTCATTA,,0.0011,0.0011,2,158
TTAAAGACTTGGCTCC,S199R,0.0011,0.0011,2,158
AAACCGGGGATAAATT,I411V P466C R491I,0.0011,0.0011,2,157
CTAGTATAGAGACCTA,E10L G240S,0.0011,0.0011,2,157
TTACGAAACCACTAAG,C53H,0.0011,0.0011,2,157
ATATCCGAGAAGAAGA,Q149N D317N,0.0011,0.0011,2,156
GCATCATACTGGCAAA,G197C,0.0011,0.0011,2,156
AAGATCACGGGAGCAT,T101N N295D H374Q,0.0011,0.0011,2,155
CGAGGGAACGAACGAG,V183P,0.0011,0.0011,2,154
GTTGGGTAGTCCAGCG,V14L I213S,0.0011,0.0011,2,154
AAACCGAGAAATCAAG,G34A V65E I358W,0.0011,0.0011,2,153
GAATAACGAACAAAAT,,0.0011,0.0011,2,153
TGGGAGAAAGATCAAG,,0.0011,0.0011,2,153
AAGATCTCTCGCAAAG,G206D,0.0011,0.0011,2,152
ACGGAATGAGTCACTT,,0.0011,0.0011,2,152
ATCTGAAGGCTTTGCC,G271V T376S,0.0011,0.0011,2,152
GACACAGAAAGGCGAT,Q165M I222N,0.0011,0.0011,2,152
TAAAGCCGCATGCAAA,T110S S269H D273W,0.0011,0.0011,2,152
TTTAAATGGCCCTGGG,S246R H457S,0.0011,0.0011,2,152
AAGGATGAACACACGT,,0.0011,0.0011,2,151
AATCGAATAACTAGTG,,0.0011,0.0011,2,151
GACCCCAGACCCACAG,W196Q,0.0011,0.0011,2,151
TAAGTGCGAAAAAAAA,P236L N373Y M420I G478H,0.0011,0.0011,2,151
TCATTTACGCTGGCGT,S267R E396D,0.0011,0.0011,2,151
AACAATTGGCACAATC,Q9F I144L,0.0011,0.0011,2,150
ATTGCCGGCTGCCCAA,A177R I201W I252R V485R,0.0011,0.0011,2,150
GCTTGGCTTACCAAAA,S121F T263I,0.0011,0.0011,2,150
TGAAAACACAAAAAGC,K300W,0.0011,0.0011,2,150
TTATGCATAAAGATAT,N119R I201V H230C L245V Q321A,0.0011,0.0011,2,150
ACATTGAAGTTGTGGC,Q9F K63L E228S,0.0011,0.0011,2,149
TAAATTAGCATTTCAC,D156Y,0.0011,0.0011,2,149
TGAAGAATTTGGATAA,Y217N H230N F233Y,0.0011,0.0011,2,149
AAATCGGGGTGGTCTA,,0.0012,0.0012,2,148
GAACACTAAATCCAGT,V450C,0.0012,0.0012,2,148
GCAAAATTAACATAGA,H93Q,0.0012,0.0012,2,148
GCACTCGCGTGAAAAA,E76R G181V,0.0012,0.0012,2,148
AATTACAAACAACGCG,S237R D273H,0.0012,0.0012,2,147
ATTAGACACCACGTCG,N409S,0.0012,0.0012,2,147
ACGAAGCGCGTGAAAC,E303G,0.0012,0.0012,2,146
ATTTTGTGAGATCTAA,D130K A297W,0.0012,0.0012,2,146
GTCAGACTTTTGCCAT,T376A,0.0012,0.0012,2,146
GTTGAAAAAAGAAATA,G378D K461L,0.0012,0.0012,2,146
TTGCGCGTCGCTCACT,N109R V485L,0.0012,0.0012,2,146
AAAACCCGTTTCAAAA,,0.0012,0.0012,2,145
CCGGTCACAGTACTAT,N158Q N295L K339M Y393V,0.0012,0.0012,2,145
TCCAAGAGTGGTCTGA,D251G A328F K451V,0.0012,0.0012,2,145
AAAAAAAACTACATTG,L26E S400T,0.0012,0.0012,2,144
GACCACCAGGGGAGAA,C212G,0.0012,0.0012,2,144
GCCTAAGTGTAGCCTA,C57E N99P N185I,0.0012,0.0012,2,144
GTCTCATATGAGTTGG,N89T Y393N Y480S,0.0012,0.0012,2,144
TCATAAATAAAGTCAA,F262S N302T,0.0012,0.0012,2,144
AAAGGAAATACAGAGG,,0.0012,0.0012,2,143
ATTAGAAATACGCGCT,Q165H,0.0012,0.0012,2,143
GTTTTCTTGTGTATCT,K339I T376R L479K,0.0012,0.0012,2,143
TTCTAATCAAAAGCCC,S85I S121L Y200R H457M,0.0012,0.0012,2,143
TTGTCTAGAGCGCAAA,Q223A,0.0012,0.0012,2,143
CTACCAGCATTGATAC,L336G,0.0012,0.0012,2,141
CTATCTATACACTTGT,V97F Y166H C231G D432S K490S,0.0012,0.0012,2,140
TAATATAATATTGACA,Y200K,0.0012,0.0012,2,140
TGCCGCACAAATACGC,C118- N119- L120- S121- L372S,0.0012,0.0012,2,140
AGGTTCTATCGTTAAA,H13I L51Q L103F T110Y C155V R207L I474T,0.0012,0.0012,2,139
AAACTACTTGCCGCTT,S205P,0.0012,0.0012,2,138
AAACTATCGTTATCAT,T412S,0.0012,0.0012,2,138
ACCGTTCAACACATAC,,0.0012,0.0012,2,138
CGATCGACTAGACAGA,S135I I403Y,0.0012,0.0012,2,138
AAATACGCTCAACACA,V183Y Y241Q A297S,0.0012,0.0012,2,137
TATAGTCCGTACCACA,W210S I361L F399L I474M,0.0012,0.0012,2,137
TTCAGTGTCTTCGTGA,K368M,0.0012,0.0012,2,137
AAAACGTGTTAGAACC,T48V G186S,0.0013,0.0013,2,136
GTACACCCACCCAATA,G206R,0.0013,0.0013,2,136
TACATCTATAAGTTTA,A177V S199A A299N L449V,0.0013,0.0013,2,136
GAGTGGAGGCATACAA,L128S I358D,0.0013,0.0013,2,135
TCAAGATATACATAAA,S476I,0.0013,0.0013,2,135
TTAACTATTCTGAATG,G98D E100L T296L,0.0013,0.0013,2,135
GAACATATTAAAAGGC,N346T,0.0013,0.0013,2,134
AGATTCCCTCTGAAAA,T182N I458A,0.0013,0.0013,2,133
CTTGGTCGCTGAAAAA,S389V,0.0013,0.0013,2,133
GAAACGCAAGGACTCA,K490Y,0.0013,0.0013,2,133
TTCACTAAAGTGCCTA,L32F,0.0013,0.0013,2,133
ATGATAAAGGCACAAA,S392Y,0.0013,0.0013,2,132
CCCAGTAGTTCTGTAG,K88W G206K E303* L394*,0.0013,0.0013,2,132
TCACCATTTACCACTG,T70R I222Q T274S H455A R468K,0.0013,0.0013,2,132
AAATCCCGCCGATCTG,N302Y,0.0013,0.0013,2,131
ACAGAAAATAATAGGA,,0.0013,0.0013,2,131
ACCGAATCTAGGAATC,E404P E418R,0.0013,0.0013,2,131
CTAAAACTACAAACAT,N302L H374Q,0.0013,0.0013,2,131
AAACAGGTGTATGCAG,V18T,0.0013,0.0013,2,130
ATCACTCAGATCTGCA,L430C,0.0013,0.0013,2,130
CTATCTAAAGTACCAA,E10S,0.0013,0.0013,2,130
GATATTGAACAAGAAA,L290C Q335G H471M,0.0013,0.0013,2,129
TTAGGACTAAATTACG,E10S V187S R314* I334A,0.0013,0.0013,2,129
AAGAAAGCTTCGAGAC,L142N K461S,0.0013,0.0013,2,127
AAGCAAACTAGCCATC,,0.0013,0.0013,2,127
TCTAGTAGGTTAAACG,I21M,0.0014,0.0014,2,126
GATAAAGAAAAGTAAT,,0.0014,0.0014,2,125
TCTACTTCTGAAAAAA,P12E C57Y H305Y,0.0014,0.0014,2,125
ACCAACTTCTCTCTGA,T40P I403L P453T,0.0014,0.0014,2,124
ACCTATCAGACACTAC,R193*,0.0014,0.0014,2,124
CTAACGCGGAGTAGTT,F8P V487E,0.0014,0.0014,2,124
CTACAACATACATACA,F262I C310S,0.0014,0.0014,2,124
TAAACTTCGAGAATCA,,0.0014,0.0014,2,124
TTCACCGCTCCAGTCT,G159E N470*,0.0014,0.0014,2,124
CGAGGAGCTCAATATG,L46A S56I,0.0014,0.0014,2,123
GAGACGAGACGTCTGA,H467C,0.0014,0.0014,2,123
GGCTTATAGTCGCCAA,L313K V435L,0.0014,0.0014,2,123
AAAGACAAAGACAAAC,G64Y,0.0014,0.0014,2,122
GAATGTATAAGGTATT,F262H,0.0014,0.0014,2,122
GCTGAAAGAGAAACAA,M1Q T110A C180L I201N,0.0014,0.0014,2,122
GGCTGAAATGAACGGT,K384L,0.0014,0.0014,2,122
GAAAGTACAGCGAAAA,T261Y,0.0014,0.0014,2,121
GGAACTATTTATTATA,G160A R314C N390S,0.0014,0.0014,2,121
TTGCTAACCTTAGCTA,L52G S85H H467P W489K,0.0014,0.0014,2,121
AACTTCGCATTGAATG,L120N D211N N319S V431Q,0.0014,0.0014,2,120
CGGTTTGGCTTTATTA,D401C,0.0014,0.0014,2,120
GAGTATGAATAACAAT,A25* S269G,0.0014,0.0014,2,120
GTTAAATTTCAATTTA,L258P,0.0014,0.0014,2,120
TTGCTACTGATGAAAA,L142C N148T W210*,0.0014,0.0014,2,120
GAATACCGATAGCTCT,L61I N224G K320L F440R,0.0014,0.0014,2,119
TGTGTCTAAGACGGTC,M214W,0.0014,0.0014,2,119
AGCCAAAGGGATACGC,H131M D175V,0.0014,0.0014,2,118
GGGGTCTGGAACTTTC,F7Q A39L D268E K451*,0.0014,0.0014,2,118
AGCAAAACACTAAGGT,N37V S437L,0.0015,0.0015,2,117
CATACCCTTACCCTGA,F318S R379F,0.0015,0.0015,2,117
GGAGAGCTTGAGACGG,K63L H457L K481A,0.0015,0.0015,2,117
TAATCGTTAATAACCA,Q189V R207*,0.0015,0.0015,2,117
TCAGGACAACTAATGT,Y36N F157R T296M L433K,0.0015,0.0015,2,117
TCGCACATTAAAACTT,G181E T454W,0.0015,0.0015,2,117
TGGTCCTGATCATAAT,S143* T375Y,0.0015,0.0015,2,117
CTACGAACATGACTAG,E104L N209R,0.0015,0.0015,2,116
CTCTAATTTACACTTC,Q331D Y441H,0.0015,0.0015,2,116
GAACGGGTACTCCTCG,L142C A299S T454N V459Y,0.0015,0.0015,2,116
TATAACCGCAATAACA,,0.0015,0.0015,2,116
ACCCGATGACGTACGA,L51E Q165N H230V Q348G,0.0015,0.0015,2,115
ATCGTACCTATTACGA,Y241E,0.0015,0.0015,2,115
CATCTGCATGATAACA,L242Q R248E,0.0015,0.0015,2,115
GATGACAATCACAATA,L32P D175K C231P T426L,0.0015,0.0015,2,115
TCCATACCGTAACAAG,,0.0015,0.0015,2,115
ACACTTCCGAACTTAC,T225D N390* C475G,0.0015,0.0015,2,114
ACGACTATTGCTTTAG,S234L,0.0015,0.0015,2,114
ATTAAAACGTTAAATG,N89K R422*,0.0015,0.0015,2,114
GAGAGGGGCGTATGCC,V97G V435L,0.0015,0.0015,2,114
TCAAAAATTCTGATCC,,0.0015,0.0015,2,114
AGGGTATAGTGACCAA,Y200K,0.0015,0.0015,2,113
CACTTTTACATATATC,F8T P238T Q406K,0.0015,0.0015,2,113
CCGTATAATTTACTAT,T58P V298W,0.0015,0.0015,2,113
GAGGACGATGGTTTTA,M82A F140R H179K N295P,0.0015,0.0015,2,113
AAACTTAACTGAATTT,N74H S381F,0.0015,0.0015,2,112
AAGCACTAACAAGCCA,Y363D,0.0015,0.0015,2,112
ACGCTGGCGGGCGTCA,Q3G G34F F147G W210E,0.0015,0.0015,2,112
ACGTTGAATATTTAAC,,0.0015,0.0015,2,112
CCCTTGGCCCCTAACG,H115N T274S,0.0015,0.0015,2,112
CTGACAATTATAGTGT,C212V L313G,0.0015,0.0015,2,112
AGGAATGCGAACCGCG,H92M F147S H179V V298N T454K,0.0015,0.0015,2,111
ATTGTACTATAATGAT,I162R Y369A P464Y,0.0015,0.0015,2,111
CAATTAACACCACCCT,V435T,0.0015,0.0015,2,111
CTTTCCGTATATGTGG,M134E K461M,0.0015,0.0015,2,111
GGCACAGTACCCGAGA,L50E,0.0015,0.0015,2,111
TATCCGGCTTCAACCT,N37W C231Y T281L,0.0015,0.0015,2,111
AAAATCCGAATATTCT,Q3M,0.0015,0.0015,2,110
AGCACACGGAATTCCG,Y94W,0.0015,0.0015,2,110
AGCGTTCTCTCACTAG,I162E P427L F436I,0.0015,0.0015,2,110
ATCACATGCCCAATAA,Y129P Y363L,0.0015,0.0015,2,110
GACTCTGAACACTTTG,L242P L344R Q423L,0.0015,0.0015,2,110
GCAAATAATCTCTGGA,F446W G478S,0.0015,0.0015,2,110
TTACCGATGCACAAGG,L52M Y253* V431M S462L,0.0015,0.0015,2,110
AACTAAAACCATTCGA,A173N S255T T438N,0.0016,0.0016,2,109
ACGAAATGATAACTGG,V44Y L120H I252Q,0.0016,0.0016,2,109
AGTGATCCCTGGAATC,S163C S400A T438K S444Y,0.0016,0.0016,2,109
GCGACTCGAATTTTCG,,0.0016,0.0016,2,109
GTCATTTACGTAACAT,L203P,0.0016,0.0016,2,109
TAATGGCATGCATGAT,G271Y F440I,0.0016,0.0016,2,109
TCCCGCATCAGCTAGC,V14*,0.0016,0.0016,2,109
TCGAAACTTAATACCA,N390W K481C,0.0016,0.0016,2,109
ACCAAATTATCACATG,T48I H305L K368E G391R,0.0016,0.0016,2,108
ACTTCACAAGGTAATA,Y166R G198D E404S,0.0016,0.0016,2,108
ATAGAGACACCGGTAC,G159F T454S,0.0016,0.0016,2,108
CAAGTGGTACCCTAGG,S400K,0.0016,0.0016,2,108
CCCAACGTGCATAGGG,L142S Y166S,0.0016,0.0016,2,108
CCGACAAACAGGAAAT,F191T E228L,0.0016,0.0016,2,108
GCAGATAGCGCTTGAC,V47S T77W T110S G159S N319D,0.0016,0.0016,2,108
TAGAGGCTATCCTTGG,H179I I239C S439G,0.0016,0.0016,2,108
TTAAGTAGTGACTGAA,Q189L I252L E418V,0.0016,0.0016,2,108
AAAAATAAGAGTAAAC,T182L K327I,0.0016,0.0016,2,107
AAAACATATTAGCCTG,C118I S216G,0.0016,0.0016,2,107
AAGACATTCAGCATCC,T281A H448M P464N,0.0016,0.0016,2,107
ACTGGTCTATATCGCA,N37* I144* N148S G277D,0.0016,0.0016,2,107
CGAAGAACGCACCAAG,T48I C155E L258K,0.0016,0.0016,2,107
TGCTACAAAACGTGGG,L245K N346G,0.0016,0.0016,2,107
ATAACATTCCTTCCGC,L349R,0.0016,0.0016,2,106
ATGAAATCATAGAATA,I136D H179A,0.0016,0.0016,2,106
GAACAAAAACACTAGA,A322R,0.0016,0.0016,2,106
GAGTAAACCGGTGAGG,L71Y G460D,0.0016,0.0016,2,106
TAGACTGGAAAATCCA,G2E Y441I,0.0016,0.0016,2,106
TATTGATAAATTAACA,Y129S,0.0016,0.0016,2,106
TGCTACGTATTGAAGC,H305K E396G,0.0016,0.0016,2,106
AATTATTTATATTTAC,L394K G424D,0.0016,0.0016,2,105
ACTGTCCGGGCAACCG,I254L L479K,0.0016,0.0016,2,105
CAATGCTTATCTGATG,L51M,0.0016,0.0016,2,105
CATCGTTGTCAGACGC,K339A,0.0016,0.0016,2,105
CGGCGAGGGCCACATA,C53G,0.0016,0.0016,2,105
CGGGCTTCGAAAGAGG,I254F,0.0016,0.0016,2,105
GAATAAATGAGGGCTC,F262Y,0.0016,0.0016,2,105
GGAAAATCAGGGATTA,C118N,0.0016,0.0016,2,105
GTCCCAAAAAACAATA,S237F K417A,0.0016,0.0016,2,105
GTGAGCCCACCGCGCA,M82S,0.0016,0.0016,2,105
TATTTTAATTGATATA,L73Q N127M G484S,0.0016,0.0016,2,105
TCCGGCTAGTATTAAG,I4G M153A V485S,0.0016,0.0016,2,105
TCTACCCAAAAAATGT,R55C S381L,0.0016,0.0016,2,105
TCTCGAAATAAATGCT,I239L E289*,0.0016,0.0016,2,105
AAGATAATCACATGGA,C212Y,0.0016,0.0016,2,104
AGGTGGGATAGTGTAT,I213F N390E,0.0016,0.0016,2,104
ATTAAAAACCAATGTC,N127M N148C,0.0016,0.0016,2,104
CAAAATACGGACTCAC,,0.0016,0.0016,2,104
CTGGACTAAAATATAC,G98T S135N K417S,0.0016,0.0016,2,104
GCCGCTTCCTATGAGG,I4M,0.0016,0.0016,2,104
GTGAGGAGTGACCTCT,H170Q G181K L442F R468S,0.0016,0.0016,2,104
TAGATACCTCCTAGCC,C212F D229I I337P,0.0016,0.0016,2,104
TATAGAGTCCGCATCC,A25G K161T D204E I213P R325S Y419R,0.0016,0.0016,2,104
TCCCGCAGTTTATGAC,T58M I221K,0.0016,0.0016,2,104
AAATTTAATAAAATGA,L52*,0.0017,0.0017,2,103
AATGACCGTGAGTTAA,T101R,0.0017,0.0017,2,103
ATCGATCGACTCCCGA,Y371F,0.0017,0.0017,2,103
ATGCAGTCAAAGATCC,L203R,0.0017,0.0017,2,103
CCCATCAAGCATAGTG,S27Q G64D,0.0017,0.0017,2,103
GACCTGCTTTTGCAAA,L68P N209I,0.0017,0.0017,2,103
GAGCAAGCCATTCAGT,Q223Y W227P,0.0017,0.0017,2,103
GATACCCAACTAATGC,T48* P383L,0.0017,0.0017,2,103
GTAACACTAAGTACTC,D156V S267V,0.0017,0.0017,2,103
TGACGGCTTATATGGC,T58Q H170V D175L V388I M420S,0.0017,0.0017,2,103
TTAGTTACTGTGTGAA,T225R P427L,0.0017,0.0017,2,103
TTGTACCACACAAACC,,0.0017,0.0017,2,103
AAAAAGTTCGCTGGCC,G45E,0.0017,0.0017,2,102
ATAAATGACATCCCGA,K352Q R422F,0.0017,0.0017,2,102
ATTTTAGACCTTAATA,G260F P427F V435*,0.0017,0.0017,2,102
CCTATATTCTATCAAA,M194R R379K,0.0017,0.0017,2,102
CGGTAGCAAAACTTAA,L372I P453G,0.0017,0.0017,2,102
CTTCTACTACCTACTA,K88V L387K I443A,0.0017,0.0017,2,102
GCTGATGGGTTGCAAT,G2S E76N S143L E287C,0.0017,0.0017,2,102
TAAGAAATGCAATCTG,I239S L245W L259F S267T C385T,0.0017,0.0017,2,102
TCTTAAAATAAGCGGC,T249*,0.0017,0.0017,2,102
CAGGTTTATGCGCCTA,H13R Y166H H230*,0.0017,0.0017,2,101
CCTTTGAACACCCCAT,A288T I350M K368E,0.0017,0.0017,2,101
CTATCGACACTCCATA,D130* I137* N295I,0.0017,0.0017,2,101
GGATATCCAAATATGC,T87D N158L I286T,0.0017,0.0017,2,101
TAAAAACAATAACCAA,,0.0017,0.0017,2,101
AACCCAGACTCTAAAA,A25H M82Y L107E S121F S199Y H457L N470E,0.0017,0.0017,2,100
ACACTAGGTGTGCACG,G42F,0.0017,0.0017,2,100
ACTGTCATTCGCAAAC,Y36F S121R,0.0017,0.0017,2,100
ACTGTGTTATTTATTT,G294W M472L,0.0017,0.0017,2,100
AGACGAGGACCTAGAG,T81N N119R R314D L336V,0.0017,0.0017,2,100
CTGCAGGATATAAAAT,Q331K,0.0017,0.0017,2,100
GAACTTCCATTCAGGC,Y393*,0.0017,0.0017,2,100
GGAAATCCTGGTAAGC,L73N Y200* P453Y,0.0017,0.0017,2,100
TCCTTTCTTACAATTA,A25Y D251S,0.0017,0.0017,2,100
TTGGATACCAAAAATA,,0.0017,0.0017,2,100
TTTATAAGAGCAGCAA,S27T S199D,0.0017,0.0017,2,100
AACACTCAAACACCCT,N127K Q149R,0.0017,0.0017,2,99
AACTGACATTACACAT,G64L I112D N390T,0.0017,0.0017,2,99
AGTAAATTCAGAGGAA,L107I T375H,0.0017,0.0017,2,99
ATAAGAAAGAATGACA,L46P T139F D156I,0.0017,0.0017,2,99
ATCAGACAGGACTGAA,N90F T182R,0.0017,0.0017,2,99
CCACGGCGTACTAAAG,V97G L128V P453M I474P,0.0017,0.0017,2,99
CTAAATAATGCAAGTG,M80K R235P Q331R L442I,0.0017,0.0017,2,99
AAGTAGAAGAACCTTA,I144T K352H,0.0017,0.0017,2,98
ATCATAACTTAGGAAC,E17R,0.0017,0.0017,2,98
ATGCTGACCCAGCACC,M214K Y219S F434V,0.0017,0.0017,2,98
GAAATAAAAGAAGTGC,G160I E308W,0.0017,0.0017,2,98
GTCATCTTTGAAATTG,G64S H141L E270F,0.0017,0.0017,2,98
TAAACTCTATAAATAA,,0.0017,0.0017,2,98
TAGACCTAACAGTTAC,K88T I136T F262V Q335Y N353A,0.0017,0.0017,2,98
TATTCGCTGTTACCGA,,0.0017,0.0017,2,98
TGCTCCACACCGTAGG,D175G P236Q H448L C477R,0.0017,0.0017,2,98
AAAGTCAAGATAATAA,N295A,0.0018,0.0018,2,97
AATGAGTTAGTCTATC,C180Y N185Y Y363F,0.0018,0.0018,2,97
ACCAATCACCCACACC,A173D A177I V431M,0.0018,0.0018,2,97
AGCGCTACACCATAAA,L103G V341R,0.0018,0.0018,2,97
AGGTATTTGTAACAAT,,0.0018,0.0018,2,97
AGGTGTGATAATAACG,R256L,0.0018,0.0018,2,97
ATTTACTCTTACACCG,G240C,0.0018,0.0018,2,97
CCAGTTAGCAACCAGT,K88H D156Y G271D,0.0018,0.0018,2,97
GCCCAATGTCCTCGCA,C53L T101Q M134F Y200F,0.0018,0.0018,2,97
AACTAAACGTAGGGAG,H13I Q165W,0.0018,0.0018,2,96
AATGCAGAGAAATCGT,N90D E270V H398*,0.0018,0.0018,2,96
ACTCGTAGAAGGAACT,Q335F,0.0018,0.0018,2,96
ATGGCATGAGATTATA,I21* G160F L336V L394F,0.0018,0.0018,2,96
TACTCAAAAAACGCGT,L43Y Q218S,0.0018,0.0018,2,96
TATTAGCACTATTTTT,T70M S91G S154V D268*,0.0018,0.0018,2,96
TTATTAGGAAAGTCAA,M75A L133Y T139I F436L,0.0018,0.0018,2,96
ATATAATATAGATATC,T106H I252E A330Y K465S,0.0018,0.0018,2,95
CACCTGAATCCACTCA,V97D Y253V,0.0018,0.0018,2,95
GAGGACAAAGGCCGAT,L133S E151V C155D M194K K339R,0.0018,0.0018,2,95
GCCGTCAGTATGGCTC,C364V,0.0018,0.0018,2,95
GTCCGAAAGTGACTAA,N90T N109E S163L C301H,0.0018,0.0018,2,95
GTGTAAAAGCCGGACC,,0.0018,0.0018,2,95
TAAAGATGTGGTTCTC,Y166G N178V N224L R250W W386E,0.0018,0.0018,2,95
TATACCAAAACTCTGC,Y371F,0.0018,0.0018,2,95
ATTCCACAACATATGC,M134Y W283C I445N,0.0018,0.0018,2,94
CATACCGGTCAGGTAT,M1D M82Y G174M S367E,0.0018,0.0018,2,94
CCAGAGTCTACCGATG,H374A,0.0018,0.0018,2,94
CCCACGGAGTACTCGG,S169Y D402H G424D H448K I474S,0.0018,0.0018,2,94
CCGTACTTTCGCGCCC,S27I C118R C212Y S400*,0.0018,0.0018,2,94
TACAGGGCTGTGCACT,T70M K88V E104D A123I W196R K272L I334A K465N,0.0018,0.0018,2,94
TGGCTATACCAGACAC,C86A,0.0018,0.0018,2,94
AAATAAAAGAAATAAG,Q348L,0.0018,0.0018,2,93
ACGACTCGAGAACTCA,G98E C155R A288F T375P S400E,0.0018,0.0018,2,93
CACTCGATTGCTGTAA,G42K T77V N79K H179Q C475K,0.0018,0.0018,2,93
CAGGTTCAAAAATTTT,W196* C212* C231R Q247L H374G Q423R,0.0018,0.0018,2,93
CATCTAGGAACAACAC,E67*,0.0018,0.0018,2,93
CCACGTTCCAGGCTGC,N146M A177Y,0.0018,0.0018,2,93
GGATATCTGATAGAAG,H13K E72Y A152T G174N R250C M312I,0.0018,0.0018,2,93
GTATACACTCCGTTCC,N89I S121N,0.0018,0.0018,2,93
TATAGAAAACTGTACA,I222D R282V C463L,0.0018,0.0018,2,93
TTGATGCGGATAGTAT,F49* E289R Y363E G424E,0.0018,0.0018,2,93
AAAATCAAAAGATATC,N302R,0.0019,0.0019,2,92
AACTCAGTATAGGTAT,V22W,0.0019,0.0019,2,92
AAGGAAAATACCCAAA,M75D S85D T190M Q232K R456W,0.0019,0.0019,2,92
CAAAAGAAGACAATAT,G271M,0.0019,0.0019,2,92
CAATAACTGAATGATC,E17F,0.0019,0.0019,2,92
CATAAATCGGTAGTTA,V28P S138T K481V,0.0019,0.0019,2,92
GCCATGACATAGAAAT,T48A I201A T249S I445L,0.0019,0.0019,2,92
TGAAGATCAATCATCT,A25C S143L T274M T380A,0.0019,0.0019,2,92
TGCAAAATAAGTAATG,D175A,0.0019,0.0019,2,92
AACGACCTGTAATCCA,,0.0019,0.0019,2,91
AGAACCCATAAAGCAG,A173L R248F I252G C279Y,0.0019,0.0019,2,91
CAGAGCCCTCTCTGGT,K352C,0.0019,0.0019,2,91
CTAACACCCACTAAGG,C57I S143W D317G,0.0019,0.0019,2,91
GAAAAGTGCCAATTAT,,0.0019,0.0019,2,91
GACCGCCATCAGAAAG,T225G,0.0019,0.0019,2,91
TAATATCACACGCAGT,L52M C212A G484L,0.0019,0.0019,2,91
TCTATAATCGACTTAT,G197V W370F,0.0019,0.0019,2,91
TGTATATATCCTATTG,S205Y G206C I221F N319R S444N,0.0019,0.0019,2,91
AAGCGTAAAGACGTAG,Q3M,0.0019,0.0019,2,90
AGGCCCAATTTCAAAA,H92T S205P C475L,0.0019,0.0019,2,90
GACAGCTTCGCGGCTA,F293V C477R P483*,0.0019,0.0019,2,90
GCCGCAATAGCTCGGA,A299R K339L L382I I411F G424V,0.0019,0.0019,2,90
TATGGTTTTCTATTTG,D175A D408Y,0.0019,0.0019,2,90
TCAATGCAACCTCTGA,S60Y T87L L168F D347E,0.0019,0.0019,2,90
TCGCCCAAGTCCTCAC,S60W A328K,0.0019,0.0019,2,90
TTTGTTATGCCCATCC,,0.0019,0.0019,2,90
AAATTCATTACCCCAT,Q165D L344E N373A,0.0019,0.0019,2,89
AAGTCAATGAAATATT,V187T Y363D,0.0019,0.0019,2,89
AATCTGTCACATGCAA,C364R,0.0019,0.0019,2,89
ATATCTACGATTTTAA,,0.0019,0.0019,2,89
CGAACCTTTCGACTCG,L50Q G98V N148Y Y172G,0.0019,0.0019,2,89
CGGTAGCTACCTGCCC,L52T S381D,0.0019,0.0019,2,89
CTTAACGCTGGAGGAA,C41L S255L,0.0019,0.0019,2,89
GAACACTAAGGCATCG,N90R,0.0019,0.0019,2,89
GACGCTTAACGGACTA,G54W Q218V L244C,0.0019,0.0019,2,89
GATTGCGATGATAGAA,N119K L315M G460T,0.0019,0.0019,2,89
GGCTTACAATTACTCC,Y200E T375R H467S,0.0019,0.0019,2,89
GGTCAAGAACAATACG,R207D E303T,0.0019,0.0019,2,89
GTTAGTAAACCGTACT,K320M N346F,0.0019,0.0019,2,89
TGTACTACTGAGAAAG,,0.0019,0.0019,2,89
AAGGTCAAGCTTTCTC,D175I G198F I474V,0.0019,0.0019,2,88
ACTCGGCGACGCGTGA,L78M H131L I201A E396C,0.0019,0.0019,2,88
ATCAACGCGTCCCCTG,C364R,0.0019,0.0019,2,88
ATCAAGCCACCGTTTG,,0.0019,0.0019,2,88
ATGTGAAAACGGTATC,K63* H179K Y393N L442G,0.0019,0.0019,2,88
CATAGACTAGGCTACG,Y200L S367Y P383K,0.0019,0.0019,2,88
CGGTTCACTTGATAGA,,0.0019,0.0019,2,88
CTCACCAACATGCGTA,G54S V97R H374E,0.0019,0.0019,2,88
CTGTTTTAAAGTTGGA,Y94I N167V R422S,0.0019,0.0019,2,88
TCAGGGTTATACGAAA,Y441F,0.0019,0.0019,2,88
ACTTTTAATTTCACAA,M19I,0.0020,0.0020,2,87
CAACCAATATCTGGTT,S171R G260D,0.0020,0.0020,2,87
CACTCCTAATTGATCA,,0.0020,0.0020,2,87
CATTGCACTGTGGAAG,I4Y,0.0020,0.0020,2,87
GAAACGCAACATTACC,T59K V97E I162C T261E,0.0020,0.0020,2,87
GATACGTCGTCAAAGC,,0.0020,0.0020,2,87
GCGACTAACGATCATA,C57N,0.0020,0.0020,2,87
GCTAATCCGAACACGT,,0.0020,0.0020,2,87
GGGCATATTTATGCTT,G174V W227L L382V,0.0020,0.0020,2,87
TAATAATCAAATAATA,R257W D402M,0.0020,0.0020,2,87
AAAGATAACCGACAAA,M1I,0.0020,0.0020,2,86
AAGAAGTAACAAAGGG,Q189V N295T,0.0020,0.0020,2,86
ATCCCTACCTTACTAT,I4L L142D,0.0020,0.0020,2,86
CTGACGCTAGTATAGC,V5A M194L T215V K384N,0.0020,0.0020,2,86
GAAATTCTTTCACAAC,V22W G102T,0.0020,0.0020,2,86
GCAAGTTGAAAAATAA,N365F S444R,0.0020,0.0020,2,86
GGCATTACAATGAAAT,K88Q K465N,0.0020,0.0020,2,86
GGCCAGGGTTGCCAAT,G208R N224L,0.0020,0.0020,2,86
GTTCAATTTAAAATAC,L142V F147C,0.0020,0.0020,2,86
TCCAGAATGTACGATC,C53M C86F L344G N373S,0.0020,0.0020,2,86
TGAGTCCGGAGTCAGT,L285M,0.0020,0.0020,2,86
TGTGGGAGACTCTAAA,S27I C180* N209* D347S,0.0020,0.0020,2,86
AGTGTCTTACATAATA,F436S,0.0020,0.0020,2,85
CTAAGTACCTAGTCAA,C57D,0.0020,0.0020,2,85
GAGGCTGTTTAATAAT,E10H R250A,0.0020,0.0020,2,85
GTACTAAAGAGTGCTA,C475G C477S W489L,0.0020,0.0020,2,85
TATGAATTTCCGCTAG,E151V W489L,0.0020,0.0020,2,85
TGTGGAGTCACGAAAT,E151V S169G N365F T380I,0.0020,0.0020,2,85
TTAATCGACATACTGT,T77L,0.0020,0.0020,2,85
AATTAACATTTGAGAA,S85I I113R L382A,0.0020,0.0020,2,84
ATTAATGAACAATTTA,E67L L103N G186K E413K,0.0020,0.0020,2,84
ATTTCAATCTGGCAAA,N99P G276A,0.0020,0.0020,2,84
GATGACCTGTAAATCC,,0.0020,0.0020,2,84
GCAGACCCATCCGTGA,H230P,0.0020,0.0020,2,84
TAAATCGAAGCTTGCG,D273L D347S T380C E404L L479Y,0.0020,0.0020,2,84
TCCGCCTCTGAACCTA,F434H,0.0020,0.0020,2,84
TTACCTTATGCGCATC,D347G V388D E404K E421M,0.0020,0.0020,2,84
ACACACTAAACACATA,L394D,0.0021,0.0021,2,83
AGCAAACAAAAATGTT,H230N F262P,0.0021,0.0021,2,83
ATAAACGGAGAATCAA,N37M G98T N158H,0.0021,0.0021,2,83
CAAATCAACAGTAGAT,L52R,0.0021,0.0021,2,83
CAATTAGGACGTCGCG,L220W,0.0021,0.0021,2,83
CAGTAATGCAGGACCC,Q149Y S234D N346R W489S,0.0021,0.0021,2,83
CGCAATAAGTGACTAC,S135C L142Y,0.0021,0.0021,2,83
CTTGTTAGATCATATT,V47G I112F A173T R257D,0.0021,0.0021,2,83
GCAGCACTGACCCCAT,A25* L51A M75* N99S C463M,0.0021,0.0021,2,83
GGCGGCTTTCTCATAG,G2K,0.0021,0.0021,2,83
GGGGGTCATGTCTCTA,F140R E307K K352M,0.0021,0.0021,2,83
TAATTGTTACTCAATA,I4K Q223L V341D K352N P427R,0.0021,0.0021,2,83
TACACGCTCAGTTGTA,,0.0021,0.0021,2,83
TCTACACCTCTTAGAA,Y200* R314K P464S,0.0021,0.0021,2,83
AATAAAGTAAACACTA,A123D I445F,0.0021,0.0021,2,82
AATTACCGCAGGAACT,D175S H448L,0.0021,0.0021,2,82
ACAACAACCCGGATGT,I222Q A343V I443T,0.0021,0.0021,2,82
ACCAGGGAACATTAAA,L285G,0.0021,0.0021,2,82
GTACTGAAAATCTACA,G206S G294Y,0.0021,0.0021,2,82
TGTATAATCCGCTAGA,Y94H F157I M351I,0.0021,0.0021,2,82
TTAATACCTCTCAAAA,N37V L133I,0.0021,0.0021,2,82
ATAGATACTTGATCTT,,0.0021,0.0021,2,81
CAGCGTTTAGAACGGC,F157G L220A,0.0021,0.0021,2,81
CTGAGACAGGCCTCAG,V164R L326P,0.0021,0.0021,2,81
CTGTCAGACTATAACC,S392T I411T S439L,0.0021,0.0021,2,81
GATATTTAAAAAGTCA,F140M F446L Q482Y,0.0021,0.0021,2,81
GCCTCTTCTAGAAGAC,I24Y E287T F436E,0.0021,0.0021,2,81
GTAGCTTCGAGAAACC,,0.0021,0.0021,2,81
GTCATAACTAAACAAA,V44M H170L,0.0021,0.0021,2,81
TAAGTATATCATGCCA,V44* Q149Y L442D R491W,0.0021,0.0021,2,81
TACCAAGTTATAACAG,,0.0021,0.0021,2,81
TATGGCTAAATAGAAG,S91W T263F L382Y,0.0021,0.0021,2,81
AAATAGAATACAACCT,G160S P464L,0.0021,0.0021,2,80
ATTCTCTTAGTCCCTT,F117L L128*,0.0021,0.0021,2,80
CACATAATATAAATAA,F436K G460S,0.0021,0.0021,2,80
GCGTTTGGAATACCTA,G197S R257L R282F K465R,0.0021,0.0021,2,80
GTTACAAAGATATTAC,A176N Y278L V459A,0.0021,0.0021,2,80
TCTGTCGGATTAATTC,S91N K339R G391C,0.0021,0.0021,2,80
AAGATCAAGTATTGAC,E307L,0.0022,0.0022,2,79
GAAACAACCCATGGAC,,0.0022,0.0022,2,79
TCACAGAACACTAAAC,G159R S255R A330N K461T,0.0022,0.0022,2,79
TTGAATTACGGAATAA,C41M S60Y S269N T274I K461L,0.0022,0.0022,2,79
TTTCTCAAAAACCTTA,,0.0022,0.0022,2,79
AAACCATATCGGTAGC,E287D V459T,0.0022,0.0022,2,78
AACTGCAAGTGAAAGG,T48N W227* R257W,0.0022,0.0022,2,78
ACTGAACGGACCTAGA,,0.0022,0.0022,2,78
AGCTCCAGCAAACAAG,I213H,0.0022,0.0022,2,78
ATACACCCTCGGTCGA,L105G Q247S F293L E404H,0.0022,0.0022,2,78
ATCAAGGGAATAGATT,L103S G276T,0.0022,0.0022,2,78
CTCGCTCCATAATTGT,L442G,0.0022,0.0022,2,78
CTGTTTCTGGTTCGAG,,0.0022,0.0022,2,78
GGTACATGTTGGAACC,E17L F147I,0.0022,0.0022,2,78
TAGCACGAAATGGAAA,A330F T426K K465R,0.0022,0.0022,2,78
TCACGAAACCCCCTCT,S60D D273P S400H M410L,0.0022,0.0022,2,78
ACTATGATAAATAAAC,A177L,0.0022,0.0022,2,77
AGATAAGAAATATCCA,D156H M194E,0.0022,0.0022,2,77
AGGGTATCAAACCGGT,L52E R325C N395R,0.0022,0.0022,2,77
ATGTTTTACAAAGGAT,C364E,0.0022,0.0022,2,77
CAAAGAAAGAATCTGG,,0.0022,0.0022,2,77
GAGTCACAACATCCAA,F140* W210R Q232S,0.0022,0.0022,2,77
GGCACTCTGGAAACCC,P275T N346M S381G,0.0022,0.0022,2,77
GGGAACCAGTAAGAAA,N319C I445K,0.0022,0.0022,2,77
TAAAAGGTAGTCAAAA,K272* W283Y,0.0022,0.0022,2,77
TCTCCTTAACAATTCC,V18T K126F Y200K I239C,0.0022,0.0022,2,77
TTCGAGAAGGCTTTTT,C57W,0.0022,0.0022,2,77
ACTTTTAATGCTACCT,R314P K327T K339T T375I,0.0022,0.0022,2,76
ATAGATGTGAGGAGAA,L51R S138* M414R,0.0022,0.0022,2,76
CAATATCTATAAACAC,T263C S333H,0.0022,0.0022,2,76
CTTACTCTTATAATGC,Y36A N409R,0.0022,0.0022,2,76
GCTTAGGTTTCGAATT,M96I A152N Q321L,0.0022,0.0022,2,76
GCTTGAAGAGTATACC,L313H,0.0022,0.0022,2,76
AACTTACCGCAGCTAA,N99F M194R,0.0023,0.0023,2,75
AAGTAAGGCCGGTTGG,S60F N90R C180N C292L D357E Y369T,0.0023,0.0023,2,75
AAGTATCTGTAGTGAT,C86Y W264I K451M,0.0023,0.0023,2,75
ACCTTTTAGAAAGACA,G271T S389R C477F,0.0023,0.0023,2,75
AGGAACAAATTAGTGG,G460Q,0.0023,0.0023,2,75
AGTATTAAAGTGGAAT,M194L F309G S389*,0.0023,0.0023,2,75
GTCTCGCAACAATGCG,,0.0023,0.0023,2,75
TCATTATGCGATGCAG,L46S,0.0023,0.0023,2,75
TGACATGAAGTATCTT,Y200L A288N,0.0023,0.0023,2,75
ATATAGATTAACGTCG,,0.0023,0.0023,2,74
ATCAAATTTCGACGCA,G102L M312I L428V,0.0023,0.0023,2,74
CCACATGCAAGAAGCC,K304R F309G K352V,0.0023,0.0023,2,74
GATAGTAAAAAACCTT,G159L W196G K272Q N390R,0.0023,0.0023,2,74
GTCTCAAAATCCCGAT,K88L W227V I334T R379D,0.0023,0.0023,2,74
TATCCGAATTAATTAA,,0.0023,0.0023,2,74
TCAATAGATGCTTATC,R55P K88* D347F,0.0023,0.0023,2,74
AACACGTTAGTAACCA,,0.0023,0.0023,2,73
ATAAGCTGCAGACTAT,R193L S237F R356S T380H,0.0023,0.0023,2,73
ATACCTCTGAAACATT,Q3R S111* W196L K272* W283Y,0.0023,0.0023,2,73
CCACAAAGTGGATAGG,G240T A322S M332I,0.0023,0.0023,2,73
CGAGGTTCGCCTCACG,L51G H354N E418L M420I H471W,0.0023,0.0023,2,73
CTGGCAAAATAATAAT,K63N C118I R235T F318R Y366T,0.0023,0.0023,2,73
CTTCCGACGACACTAA,F191N L394P,0.0023,0.0023,2,73
ACCGCAATGATGAGAC,C53I L442H,0.0024,0.0024,2,72
GAAGCCTGGCGTACCT,N302R N338S,0.0024,0.0024,2,72
GAGGCGATACAAACTA,S56C,0.0024,0.0024,2,72
AATCGTAAGCAAATGT,N90F L120P W227G G460F,0.0024,0.0024,2,71
AGTACTCGTGGAGATA,Q149Y C279H G378S K384T,0.0024,0.0024,2,71
CACAATGGGACGTAAC,E16C E329S S389F S392I,0.0024,0.0024,2,71
TACGTCTGCAAGGAGT,F157T G181V C292L,0.0024,0.0024,2,71
TCTACAAATTTCCAAG,Y166L H354Q H374F,0.0024,0.0024,2,71
TTAACAAGAATACAAG,S27M D122Q I201L T226I,0.0024,0.0024,2,71
AAAAGTGTGATCATTA,S121R K161Q,0.0024,0.0024,2,70
AGACATCAACAAACCC,R257S,0.0024,0.0024,2,70
CGTTCACGAGATAAGA,M82K L133W F147*,0.0024,0.0024,2,70
GCCCTCTTTTCTTAGT,R248P,0.0024,0.0024,2,70
ACAACAGTAAAGGTCT,M80L,0.0025,0.0025,2,69
CCAAATTACCCACACC,M284W R456L K465S,0.0025,0.0025,2,69
CCTATCGACCTACTCA,L382M Q416K,0.0025,0.0025,2,69
GAGAAGCTCACGCAAA,L51H Y129S L349S K490T,0.0025,0.0025,2,69
TATGCAGCTAAGAGAA,T139F R193*,0.0025,0.0025,2,69
AAAATATTCTATATAG,C180V V187L K304L A328D N365F,0.0025,0.0025,2,68
AAGCACACAAACGTAC,Y172T M192I I201* W489*,0.0025,0.0025,2,68
GAAAACTGTGGTAAAC,P466F,0.0025,0.0025,2,68
GGGCCCCCATATCAAT,T81I F147S,0.0025,0.0025,2,68
TAACATTCAAATAAAA,A25S M153R M214V K481T,0.0025,0.0025,2,68
TCTATATAAACGCTAT,A25T K291R L447P,0.0025,0.0025,2,68
AAAAAAAGCAGAGCGT,Q3E N373V V450M,0.0025,0.0025,2,67
AAAGCTAGAGCATTCC,I361A L428Q,0.0025,0.0025,2,67
CTAGACAATACTCGCT,S138P P464D,0.0025,0.0025,2,67
TCGTAACGTAAATTTG,Y129K W196K E270R,0.0025,0.0025,2,67
TTAAAAGACATGACAT,Y66F L428Y,0.0025,0.0025,2,67
TTCCAAAGGAATGTTA,G45* E104G F140* K161L,0.0025,0.0025,2,67
TTTTAAATGGGGGTTT,S60G,0.0025,0.0025,2,67
ATATTCTCGTTAATAA,S169N C292S,0.0026,0.0026,2,66
CATACCTTTCAATAAC,N37F S169I Q223*,0.0026,0.0026,2,66
CATAGGACGAAAACTA,H13N,0.0026,0.0026,2,66
CGCTATAAAAAAGACC,K33P,0.0026,0.0026,2,66
TAGGGGACCGAACAAT,N37S R193G S199V P383M,0.0026,0.0026,2,66
TCACGTCGGTGAGCTC,S163L D175R E308R L387A,0.0026,0.0026,2,66
AACCTCTGTAAACTTA,L43Y R207S L372S Y441T,0.0026,0.0026,2,65
GACCACCATCGCAAAA,L52R,0.0026,0.0026,2,65
GGTGAAGAATCTAGCT,F262N W489M,0.0026,0.0026,2,65
AGGTGCGACCTACGGG,N470A,0.0027,0.0027,2,64
ATAATTTCAAAGTGAT,Y166G T296P F436L R456S,0.0027,0.0027,2,64
GAGAGACTACAGTAGA,V164D N224Y,0.0027,0.0027,2,64
TGAATAGCGACACCAT,L355K T376P,0.0027,0.0027,2,64
AGGCATTAAGAAATAT,G2* L68T G271I L430S,0.0027,0.0027,2,63
ATTTCATGAATTATAA,R422Q,0.0027,0.0027,2,63
CTTAATTAAACCCTTA,M82K,0.0027,0.0027,2,63
TTATAATAAACAATAC,N158Q L188I Y200S A328L I334C,0.0027,0.0027,2,63
GTGCAATCCCGAAAGT,E67K S234F,0.0027,0.0027,2,62
AAAACACTAAAGAGGA,V18I L105E,0.0028,0.0028,2,61
CAAAACATTACAATTA,G45A R235L I334K,0.0028,0.0028,2,61
CATATTCATATCTATT,M134L D156T Q406*,0.0028,0.0028,2,61
GTGGTAAATGACAGAC,F140C,0.0028,0.0028,2,61
GCGAAAATCAACAAAG,S56L N90*,0.0028,0.0028,2,60
GTCTTACCAGAACAAT,S27A S163M Y200H,0.0028,0.0028,2,60
GCGAACTCAATCCATA,I144L C231T,0.0029,0.0029,2,59
TAATCACAATAAATGA,C155I G271V E287M,0.0029,0.0029,2,59
TCTGACAACGTCCGAT,T101F C477N,0.0029,0.0029,2,59
TGGCAAGAGATCAATC,G98F Y217H S255* Y441H T454Y,0.0029,0.0029,2,59
AAAGTGAATCGCAGAT,G64S,0.0029,0.0029,2,58
TCGATTGATCGGAATA,L52Y F233R N319S,0.0029,0.0029,2,58
TGCCTCGAACAAACCC,S154R A299L Y393L I443N,0.0029,0.0029,2,58
AATATCAATCAAGTCT,,0.0030,0.0030,2,57
ATAAAAACGACAGATA,L61V M192* Y200L L469V,0.0030,0.0030,2,57
CCAAGAAGGAAGCCCT,C155M,0.0030,0.0030,2,57
AATATTAATACTAATG,,0.0030,0.0030,2,56
ATTCGCGGACTTCAAG,I361W,0.0030,0.0030,2,56
TACCAGACCCCCAGCT,W196A S205*,0.0030,0.0030,2,56
TACGGAACCTGGCCCA,N390P,0.0030,0.0030,2,56
TAGACCTGCCAGAAGC,K352N,0.0030,0.0030,2,56
AGCCATCAAGATCAAT,,0.0031,0.0031,2,55
AAATAAATTATACAGT,N390S,0.0032,0.0032,2,54
CGCACCCACTATAAGC,W386G,0.0032,0.0032,2,54
GTAATGATCCCGAACA,F157Q,0.0032,0.0032,2,54
GTATACATCTGTCAGA,T397C,0.0032,0.0032,2,54
TAAATCCGAACCATCG,N20L V487A,0.0032,0.0032,2,54
TGAATTACCGTTAACA,N99L,0.0032,0.0032,2,54
AAACACTAAATAAAAT,,0.0032,0.0032,2,53
GAGTATATCTAACGGG,V450C R491T,0.0032,0.0032,2,53
GATCTTCTAGATCTCA,F8M T226L G277F N390D,0.0032,0.0032,2,53
AAACAACATAGCAAGC,S91N F147G,0.0033,0.0033,2,52
AAATACCTACAATTGC,N20V A343F T377H P464L,0.0033,0.0033,2,52
ACGAACTAAGAGTACC,,0.0033,0.0033,2,52
CATATTCCAAAATAAT,V5N S171V L394N K481R,0.0033,0.0033,2,52
GAATAAAATCTATATT,V5G K88L L344S R379L,0.0033,0.0033,2,52
GATTATAATTCGGGGT,L290I A343C N409T,0.0033,0.0033,2,52
GTAAAGATTAGGTACA,Y200*,0.0033,0.0033,2,52
AAACACCTCCAACAAA,T110L L120K G197D D306A Y371L E413W,0.0033,0.0033,2,51
CGAAACTAATATCAAC,D130- H131-,0.0033,0.0033,2,51
GAAGTATCGCAGAATA,L242M,0.0033,0.0033,2,51
GTAATTAGTTTATAAC,L73* L326P N395V I474K,0.0033,0.0033,2,51
TATATTAACACAAAAT,G2F S60F,0.0033,0.0033,2,51
AAAAATGGGGCAAAAA,F309S Q405M,0.0034,0.0034,2,50
GAATATTACTCAAAAC,M1E N90S T226R E303F,0.0034,0.0034,2,50
ATTGTGTAGACAAACT,L50F L259Q K272R P362*,0.0035,0.0035,2,49
CAAACCCTCATGCCGT,,0.0035,0.0035,2,49
TACCAAAATTTCATAA,L23F I222L,0.0035,0.0035,2,49
AAACCTGGATAGACGG,L103P W264R S400C,0.0035,0.0035,2,48
AATTTCTAAGAGCGTT,S60Y T108* I144V N185I V487*,0.0035,0.0035,2,48
CAAAAGATTCGAGCAA,,0.0035,0.0035,2,48
CAAACTCATATAAACT,N209C,0.0035,0.0035,2,48
AAAATCCAATATTCCT,L26F L61I L428Q,0.0036,0.0036,2,47
CGGAGGTCAAGCGTGA,S255A R325T,0.0036,0.0036,2,47
CAGTTGAGTGCCACTA,K327E L394I,0.0037,0.0037,2,46
AAACTCGTGCCGACCC,P145M,0.0038,0.0038,2,45
ACCTGAAATTTGATAT,T108F G276H E421L,0.0038,0.0038,2,45
CGGAAGAGATGTAGGC,E289G,0.0038,0.0038,2,45
GTAGTAACATTACAGT,N209K T249* N295S,0.0038,0.0038,2,45
TTATAAAATGAATTCC,F7I L35D C212H,0.0038,0.0038,2,45
TAAAATTGATACACTC,N127P G198Q N409I,0.0039,0.0039,2,44
TGACCGTCGTGAATTT,Q335L H374C,0.0039,0.0039,2,44
AAACCAACTGCGTTTC,H93* Y200S,0.0041,0.0041,2,42
CAAAATGCCATAAAAA,E100R V164M T375L H467I,0.0041,0.0041,2,42
GCTAATCCTACATAGC,L50M F117Q,0.0041,0.0041,2,42
GGATGAAAATACCCTT,G240F R256L T375S Q416V,0.0041,0.0041,2,42
CACCTCTGCTGGCTGA,M1L,0.0042,0.0042,2,41
GATGATCCTAAAGGGC,N37H Q232P G260C,0.0042,0.0042,2,41
AACAACACAGTACGAG,F157L,0.0043,0.0043,2,40
TGTGGGTGTCCTGAGC,I113G,0.0043,0.0043,2,40
ACTGGTTTCATATCAA,C57D G240F,0.0045,0.0045,2,38
TAAACGAGTAGTAATT,L128R G186A G240H,0.0045,0.0045,2,38
TGATAGAGATTACCAT,C155H,0.0046,0.0046,2,37
TAAACCCGTAGTAGTT,V47Y I201G S255Y L313* T375W,0.0047,0.0047,2,36
AAACCCTAATAAGATT,S85E S121L S143A Q149T T377I,0.0049,0.0049,2,35
CGTCAATATCAATTCA,E104V S199K,0.0049,0.0049,2,35
AAAGCGTATTGACTCA,Y66F M96* S400F,0.0050,0.0050,2,34
AAGGCCTAATAATGTG,M153K,0.0050,0.0050,2,34
CAATTATTCATTAATC,L372H Y419L,0.0050,0.0050,2,34
TAGAGCACAAACTCCA,,0.0050,0.0050,2,34
TTCTCTAATAACGAAA,,0.0050,0.0050,2,34
TTCTGGGGATCATTTG,T6V E100*,0.0053,0.0053,2,32
AAACGTGGGCCGATCT,E16V C57A F147V R257M,0.0055,0.0055,2,31
TCTCATATGATTACAT,R325L,0.0055,0.0055,2,31
GAGACATATAAAAGTG,A176Q,0.0057,0.0057,2,30
TTACGACGAATGGGAA,K161N E396D,0.0057,0.0057,2,30
GAAAAATAACTAATGC,T58I N119M,0.0059,0.0059,2,29
TCTTATGAGTGAAGAA,M192* V341L S444F,0.0059,0.0059,2,29
AAACGATACGAGCTGT,P12H P275N R456T,0.0061,0.0061,2,28
CAAGTTGTAAGACGCG,V97W E104Y E287R,0.0061,0.0061,2,28
CCTAATATGTGCACTT,D130C I252W,0.0061,0.0061,2,28
GAGAAGTCATACGTCA,G34C Q223K,0.0061,0.0061,2,28
GAGCAAATTCAAACAC,V28R Y200R T225S L258N Y363*,0.0061,0.0061,2,28
TAAAATACTGCCATAG,R55C I254D,0.0061,0.0061,2,28
AAACTAATTGAACCAG,L258P D432T,0.0063,0.0063,2,27
TTTATACGACCTCAGG,G45M V187I T274F K304L,0.0063,0.0063,2,27
ACACTGCCATAGACAA,L68S N146L S246K,0.0066,0.0066,2,26
TTACGTGAGCCGGTCT,P145H Y393T,0.0077,0.0077,2,22
AAACCAATTCAGAAAC,L242R L355G,0.0085,0.0085,2,20
TAGTTTAAACGCAAAG,A322K,0.0085,0.0085,2,20
TTCGCCTAGACAGCTA,P466N,0.0100,0.0100,2,17
AGTGGGAAACGAGAGC,L242Y,0.0114,0.0114,2,15
CAAACTAGCAAAATAG,W264G N390*,0.0114,0.0114,2,15
CACTTCTGACACATTT,I112C M351A Y366C,0.0131,0.0131,2,13
CTACTTCCTACGACTC,S135I P145H L382V,0.0142,0.0142,2,12
GAAAAGCAGTTGTCAT,C57K,0.0142,0.0142,2,12
TTACGGGTTATTGCAC,T48* T215W,0.0142,0.0142,2,12
AATCGCAAGCAGCAAA,E151I S216I,0.0155,0.0155,2,11
ACCCACAGATCTAATG,C292F T438V,0.0170,0.0170,2,10
ATAAGCGTCTGATCCC,K300L N409T K417Q,0.0170,0.0170,2,10
CGAGACACATTATAAA,S91C V187F P236W,0.0170,0.0170,2,10
AGACATTAGAAGACAA,T48W A288W,0.0189,0.0189,2,9
TTACGAAACTGGCCGA,G174C R235T S269N,0.0189,0.0189,2,9
TTCTATGTATCACTGT,T274P T412K,0.0189,0.0189,2,9
AACCTAATGTCCGAAA,M153Y H230N E270R V298A N342C,0.0213,0.0213,2,8
ACTAAGTAGCATTATC,F318L,0.0213,0.0213,2,8
ATACCGAGGTCAGCGA,T261R N338L,0.0213,0.0213,2,8
ATTAACTTACAACGTT,F7S Q69L,0.0213,0.0213,2,8
GAGACTCCATAAATCA,R250W,0.0213,0.0213,2,8
GGTGGACGAGTGTGAA,S60A,0.0213,0.0213,2,8
TGGAAATCCGGAAAAA,Y36T Y393A,0.0213,0.0213,2,8
AAACAAGCCTGAACTT,G64C G260Y,0.0243,0.0243,2,7
ACCAAAGACTGAAAGA,M1C K33T Y66L L103Q L259W D268I,0.0243,0.0243,2,7
ACTACAGTCCCAAACG,M192E R235*,0.0243,0.0243,2,7
AGAGGAAACTATATTT,S367A F434M,0.0243,0.0243,2,7
ATATTCCGGGCGTGCG,L32C C292Y,0.0243,0.0243,2,7
ATATTGTAGCTGTAAG,L51N C57Y E104R,0.0243,0.0243,2,7
CGATCGAAATAGTATC,N224H C463A,0.0243,0.0243,2,7
CTGGGCCCCCACAGTG,L32N I136G K352L,0.0243,0.0243,2,7
GAAAATCAAGGATACT,Q348E K451*,0.0243,0.0243,2,7
TAATCAGATCTAAAAT,K161S I254K R468Y,0.0243,0.0243,2,7
TACATAACTGCTAGGC,S27G Q149M Q405A,0.0243,0.0243,2,7
TACTCTAATGAGGCTT,C57L Q247M F436L,0.0243,0.0243,2,7
TATTCTGGATGCTGAG,G391M Y419S,0.0243,0.0243,2,7
TTGTAACACCAAAGTC,F147Y R193S L280M L313*,0.0243,0.0243,2,7
AATCATATCTGAAATC,G2E S205G,0.0284,0.0284,2,6
AATGAAACCTCACCCT,G54S S333V,0.0284,0.0284,2,6
ACAGTATGGATGTTAG,F399S M420I,0.0284,0.0284,2,6
ACCACAAAAGACCTCG,S444R,0.0284,0.0284,2,6
ACCCCAGCTGCCGTCA,Y62P S163L A288K E418M,0.0284,0.0284,2,6
ACGAAACCCATGGGAA,N409C,0.0284,0.0284,2,6
ACGTTACTCTACAGAA,L32R E104V G260Y V435F,0.0284,0.0284,2,6
AGAACGCTATCCCGGT,Y200*,0.0284,0.0284,2,6
AGCCTAGACTAATTAC,L32V E67G I137S V388S,0.0284,0.0284,2,6
AGTAGTCGTACCACTT,K33P C231H N390S G484S,0.0284,0.0284,2,6
AGTGGACGAAACGAAT,A202T Y393Q,0.0284,0.0284,2,6
AGTTATTCCATGATGA,G2H N167T M194G H230G L280A,0.0284,0.0284,2,6
ATAATAAACGAGGTCA,S143L N146K N178* S199C,0.0284,0.0284,2,6
ATCTCTGTAAACATGC,I443E,0.0284,0.0284,2,6
CAATGCACAAAATTCC,T70Y S154L N295M P464Q,0.0284,0.0284,2,6
CGCCATTAAACCCATA,L50R Q232E Q416R,0.0284,0.0284,2,6
CGGAGAATGGATAAAA,R257E S267N G271S,0.0284,0.0284,2,6
CTTATTTCAGTGCCGA,L78R N109G W196F,0.0284,0.0284,2,6
CTTCTTGCATCTAGAA,M134S P466Q,0.0284,0.0284,2,6
GAATAAGATACTCACA,Q232R G360M D432*,0.0284,0.0284,2,6
GAATAGAGAGTGAGGC,L32P Q165L D401H,0.0284,0.0284,2,6
GACCTTTGTGAAGTCT,S255T R468N P486F,0.0284,0.0284,2,6
GATTACCGCTAAACCC,M1G F157Y G277L,0.0284,0.0284,2,6
GCCAATCGGTAGAAAC,L128I N390F G424R,0.0284,0.0284,2,6
GGGTTCGCCCTGCTGT,T59M M75L I334T K352S,0.0284,0.0284,2,6
GGTCGCAAAGTAAAAA,M1S G473M,0.0284,0.0284,2,6
GTTTGTGAAGCAATAT,E72F K291W,0.0284,0.0284,2,6
TACCGTGAGACTATAT,C53V L73N A173S P362I,0.0284,0.0284,2,6
TACTTATGTAAGCTGC,T40*,0.0284,0.0284,2,6
TCATTGAATTCGAAAC,K161I I221V I323K S392N C475R,0.0284,0.0284,2,6
TCCACGCCGAAACAAC,K161* R379G M414I N470G,0.0284,0.0284,2,6
TCCATACAATAAATCC,T70N N74W L128P L285*,0.0284,0.0284,2,6
TGCCTAATTAACTCCA,S138T W264I K272T,0.0284,0.0284,2,6
TTAAATCATGACAAGT,H13C F147A D347N,0.0284,0.0284,2,6
TTTAACCAGAAAATAT,E104M Q218I E308Q D357E,0.0284,0.0284,2,6
TTTGTCATATCATTGC,Y66K N373Y I445F,0.0284,0.0284,2,6
AAAAAGGCACGATGTT,W489R,0.0341,0.0341,2,5
AAAACATACTGCCAAC,D211Y M284P T397Y,0.0341,0.0341,2,5
AAATCATCTCAGAACG,L220W,0.0341,0.0341,2,5
AAATCGGCCTGCAATA,L103E A407K,0.0341,0.0341,2,5
AAATCGTTTGATGCAC,S91K C310I,0.0341,0.0341,2,5
AACATAAACTACACAA,K33W H179*,0.0341,0.0341,2,5
AACCTATAAAATATGT,V341T L442D L479F,0.0341,0.0341,2,5
AACGGTTCTGAATTTA,F157H N342M,0.0341,0.0341,2,5
ACAACTAATGGCCCAC,I113V E151H G198E N319Y,0.0341,0.0341,2,5
ACAATGATATCTAGCC,D402L R456S,0.0341,0.0341,2,5
ACACGTCTAGCGACAA,Y129S L220S N295T,0.0341,0.0341,2,5
ACCTGCCTAGACAATC,E100V P145T D432V,0.0341,0.0341,2,5
ACTCGAGAAGTAAAAC,G45*,0.0341,0.0341,2,5
AGATCTAATCCCAAAG,Y366L,0.0341,0.0341,2,5
AGGAAGCGCTATAACG,G198D W283* M351I T438V,0.0341,0.0341,2,5
AGTGCTATACCTTTTG,T110* H457L,0.0341,0.0341,2,5
AGTTACAATCCTACCC,K291L W489*,0.0341,0.0341,2,5
ATAATTACTCAGTGAC,F49M R256S K291*,0.0341,0.0341,2,5
ATACAAACTAGGCTAG,Y94N T226I P236Q,0.0341,0.0341,2,5
ATACCCACAAATAATA,F140T G243L S269N,0.0341,0.0341,2,5
ATACCGAGACCACATA,G197A G260Q N346V I411Y,0.0341,0.0341,2,5
ATACTCCCGCATATGT,Y393G,0.0341,0.0341,2,5
ATAGCGAAGCTATTGC,Y129K A202M R314L,0.0341,0.0341,2,5
ATCAATGTCTCATGAG,D401S T454A,0.0341,0.0341,2,5
ATGCCTAACTTAATTA,H179S Y200W G484V,0.0341,0.0341,2,5
ATTACCTGGGTCTGAA,G45R N148L L242P T375Y,0.0341,0.0341,2,5
ATTCACTAATTCCTAG,V11* I137T Q189E W196* D229V,0.0341,0.0341,2,5
ATTCTCCCAACTGAGA,,0.0341,0.0341,2,5
ATTGTTAGACAAAAGC,,0.0341,0.0341,2,5
CAAAGTCTTGGCACTG,F49V,0.0341,0.0341,2,5
CAACCTAAAACCTTGA,S27L N224D C475L,0.0341,0.0341,2,5
CACAAGCACTTCGGTA,R314M S476I,0.0341,0.0341,2,5
CCCCCCTATGAGGGAC,T226N E404L,0.0341,0.0341,2,5
CCCTGACACCATCTAG,Y393I,0.0341,0.0341,2,5
CCTTAAAATTGCGCGC,G276E,0.0341,0.0341,2,5
CGAATAGGTTATATCT,C155P Q232P K425*,0.0341,0.0341,2,5
CGGACTAAGTACTCTG,N99* I254M N295D,0.0341,0.0341,2,5
CGTTCAATTCATACTT,Q3P G198K I239H,0.0341,0.0341,2,5
CTACCTTCAAGCTACA,Q69R L242M E396A Y441F,0.0341,0.0341,2,5
CTCTCAACTGGATTGC,S91L,0.0341,0.0341,2,5
CTGTCATACCATTAAG,T261A Y366W G473D,0.0341,0.0341,2,5
GAAAACAACTATAGAA,Q3V A176Y L336E,0.0341,0.0341,2,5
GAAGTTTGGAAACCAA,Q247M L372P S389T,0.0341,0.0341,2,5
GACCTTGCACGAAACA,L84T S269T I452S W489T,0.0341,0.0341,2,5
GATCTAACGGTATCAA,G208D R379I Q406P,0.0341,0.0341,2,5
GATCTGCTCCCTAGTC,C463S,0.0341,0.0341,2,5
GCAATCAATATTACCA,V14E K63R Y253V L387P S476T,0.0341,0.0341,2,5
GGCGATTAAGCCCACA,Y62L D401R,0.0341,0.0341,2,5
GGCGTAAAAAATGTCT,L29Q G206L E287P,0.0341,0.0341,2,5
GGTAGAACCCTGTGTA,N89I E329Q,0.0341,0.0341,2,5
GGTTTAGGGACGAAAA,E76R N209T L387S E413K,0.0341,0.0341,2,5
GTAAAAAATTTGAATA,T375Q,0.0341,0.0341,2,5
GTAATAGAATGCCAAA,S27M M134D D268A T438V,0.0341,0.0341,2,5
GTACATCGAAGTTGCG,D311G,0.0341,0.0341,2,5
GTCAAGTAACTAGTTG,Q482P,0.0341,0.0341,2,5
GTCCGATGAAAGGGTT,N178K C364S,0.0341,0.0341,2,5
GTCTTAACCACCAGTT,V31N L35P L73M G186Q R468L,0.0341,0.0341,2,5
GTTGTTCCTGCTATGG,L46C G208D S381F M420P,0.0341,0.0341,2,5
TAACCTTTTGTTATTC,L52E E287C K425R,0.0341,0.0341,2,5
TAATACTTAAACAATT,F140P,0.0341,0.0341,2,5
TAATGCTGCTGTGATA,F140T S389Q,0.0341,0.0341,2,5
TACAACTTACCGGAAA,F7S T58W N365P,0.0341,0.0341,2,5
TACGTAATTAATATAT,Y36D,0.0341,0.0341,2,5
TACGTCTCAAATCCTC,F38G V47M T110I L242P,0.0341,0.0341,2,5
TCAATTTATCCATCCA,F8W G198I V435S,0.0341,0.0341,2,5
TCACACGTTCCGAAGG,T58L D306L E418M,0.0341,0.0341,2,5
TCACTCTATCTTTTCA,N373S P486L,0.0341,0.0341,2,5
TCTCCCCTTTCGTATT,Y166K P483F,0.0341,0.0341,2,5
TGCTAATAGAATTTAA,E151P T263F L336Q Y393S,0.0341,0.0341,2,5
TTAATGAAAACCAATA,N20E M80I L372R L449S,0.0341,0.0341,2,5
TTACCTATGAAATACC,T81I K88I G198Y,0.0341,0.0341,2,5
TTCAACATCATCTTCC,Y363N,0.0341,0.0341,2,5
TTCGCTGCTTGCTGCC,C385I,0.0341,0.0341,2,5
AAAAAGTAATTCCGCT,Y219R S462Q,0.0426,0.0426,2,4
AAAATAAATCACATAA,N109G V459E,0.0426,0.0426,2,4
AAAATCACCTGAATAT,G102L C279G H354C,0.0426,0.0426,2,4
AAAATCCGAGGGGATT,D273M P466T,0.0426,0.0426,2,4
AAAATCGCGTCCAGGT,L73H E151G,0.0426,0.0426,2,4
AAACAGCCCCACAGTT,L259R I458G,0.0426,0.0426,2,4
AAACCATATTAGAGCG,N99I P427L,0.0426,0.0426,2,4
AAACGAATATATGGCC,C231G T263F,0.0426,0.0426,2,4
AAACGAGTATAGTCCG,Q3R L105M S400N L469R,0.0426,0.0426,2,4
AAAGTAATAAAGATGA,C155* Q416L,0.0426,0.0426,2,4
AAATACGATTGCAAGA,C53F N295W R325E,0.0426,0.0426,2,4
AAATCGAACTTTTGAA,G160D L336T N390V R491T,0.0426,0.0426,2,4
AAATTACGATTAGAAC,H93D L469F,0.0426,0.0426,2,4
AAATTCAAGACCATTT,M134R D273H T375Y S476Q,0.0426,0.0426,2,4
AACTCAATTGACCTGG,K161A A173N L242R,0.0426,0.0426,2,4
AAGGAGGCATATAAAT,V31G K291D,0.0426,0.0426,2,4
AAGTACTATATGCTCG,R193V,0.0426,0.0426,2,4
AAGTCGCCAAGCTAAT,N74M I213T I239G M472E,0.0426,0.0426,2,4
AATAGTAAAAGTTCAT,N74M K272* Y278L,0.0426,0.0426,2,4
AATATGTCCAGTTCGC,G42F,0.0426,0.0426,2,4
AATGCTCAACTGATTA,M75I,0.0426,0.0426,2,4
AATTAAATGGGTGCTG,N90K D306A,0.0426,0.0426,2,4
AATTCGAGCCATCATA,R282* Y363N,0.0426,0.0426,2,4
AATTGATGTTGTGCTA,N224K D432V R491W,0.0426,0.0426,2,4
AATTGGATCTATAGGT,T454K,0.0426,0.0426,2,4
AATTGTCGCCTTACAA,G2L R257* D357L,0.0426,0.0426,2,4
ACAAGACTAACGACCA,P466C,0.0426,0.0426,2,4
ACACAGTAACAACTGA,I4F V44T,0.0426,0.0426,2,4
ACAGCGGCCACAAGTA,V183G C292N,0.0426,0.0426,2,4
ACAGGATCGCCAGAGT,V47G I162W I221R N390K G424Q,0.0426,0.0426,2,4
ACCAGAGGAAAATCTT,Y253C,0.0426,0.0426,2,4
ACCGGACACAAGCAGT,Y241Q,0.0426,0.0426,2,4
ACTCCTCTAACCAATC,S154C Y253A A407R Q423P C475F,0.0426,0.0426,2,4
ACTTAATCAAAGGGAA,L52T R207V C231R,0.0426,0.0426,2,4
AGAATATTTGAGACAA,Q3C Y62C W264G P383M,0.0426,0.0426,2,4
AGACGAGTTATTGCCA,M134S,0.0426,0.0426,2,4
AGATGCAGGACATTCA,F38H L73K M80W,0.0426,0.0426,2,4
AGCAAGAAAATCTTTC,P12*,0.0426,0.0426,2,4
AGCATTTGACATACAT,E76Q F140S W227T P275I N346E,0.0426,0.0426,2,4
AGCCATTGAGATAACA,H92Q C155D,0.0426,0.0426,2,4
AGGACAATAAATATCT,I21G N37T N119H E289Y,0.0426,0.0426,2,4
AGGTCTGGGAAGACCA,I21F,0.0426,0.0426,2,4
AGTCGAACTATCACCA,K126N N127Y A176D G360Y F436I W489*,0.0426,0.0426,2,4
AGTGCTGTAAGTCACA,P453Q,0.0426,0.0426,2,4
AGTTTTCCTATCTAAG,I112N S121C N167S,0.0426,0.0426,2,4
ATAATTATAGCCGAAT,H93P,0.0426,0.0426,2,4
ATATTGGAAACCGCGA,N89L A288M M312C E418S,0.0426,0.0426,2,4
ATATTTGGCGACAACA,S85I E404H H457N,0.0426,0.0426,2,4
ATGCACTGCGACAATC,S333T C475Y,0.0426,0.0426,2,4
ATGCTGAGTATGAAGG,T225Q L382S K417V,0.0426,0.0426,2,4
ATTCGTGGAGCGATGA,E404K R456Y,0.0426,0.0426,2,4
CAAAGACGACTCTATC,S60G Y278R A407F,0.0426,0.0426,2,4
CAAATAGGCACGCTTC,C180V I221D T377D,0.0426,0.0426,2,4
CAATACAGTTGTCTAG,I15A T215H,0.0426,0.0426,2,4
CAATTCTAAACTACTA,T81S T110H M134A,0.0426,0.0426,2,4
CACAATAAGGGGATGT,M19T Y62A S462C,0.0426,0.0426,2,4
CACGCCCCAACTACCG,M1F N89* C180S I221N L349M H457L,0.0426,0.0426,2,4
CACTGTGATTCCTTGA,E151T N158S Y219R Q324I L372K S462G K465R,0.0426,0.0426,2,4
CAGCAAAGCCTCCTAT,E104L Q149S P464K N470F,0.0426,0.0426,2,4
CAGGGGCCTAGTTAAG,E72T L245* T412P K461M M472C,0.0426,0.0426,2,4
CATGAAAAAAAAAGAT,F8S E418R,0.0426,0.0426,2,4
CATGAATATGAGATAT,I334Q K368A,0.0426,0.0426,2,4
CATTGGTATACTAGGC,F316*,0.0426,0.0426,2,4
CCAGTTCTGGGAAACT,Y217I H230T,0.0426,0.0426,2,4
CCCCGTAACTTAGTAC,C86L,0.0426,0.0426,2,4
CCCTTACCAATATTCA,A30G L73N S439I,0.0426,0.0426,2,4
CGAATAGGCTGTGTAA,V47* T58H,0.0426,0.0426,2,4
CGTCGCTACTTCTGCG,Y363R,0.0426,0.0426,2,4
CTAAGCCTCAGAATAG,I24W S60M D273V Y363H,0.0426,0.0426,2,4
CTATAACGTCTTGCAC,E17L T87* M194I N302V M312* R379V,0.0426,0.0426,2,4
CTATTCAATAACACCT,L84S S163A Q232W L258Q,0.0426,0.0426,2,4
CTCCTAGACACGATTG,E396N,0.0426,0.0426,2,4
CTCGATTTAACATTTT,V28L T101D H124K A407E,0.0426,0.0426,2,4
CTCGCGTACCAAGAGT,T81* K272T H467E,0.0426,0.0426,2,4
CTCGCTAGTATTAACC,G64* F117H D156L,0.0426,0.0426,2,4
CTCTACTATTATCAAC,M192H R207D R235V T377F,0.0426,0.0426,2,4
CTGAATTGTATCAAAC,F7A G277L M284V,0.0426,0.0426,2,4
CTTAGTTGATGCTCAT,D156S W264L N395S,0.0426,0.0426,2,4
GAAAGGCAGTCTGGAA,G2N N90I L285K C292S K304L K417Y,0.0426,0.0426,2,4
GAACCAAGTTAAATAT,V341I R379S A407Y L428R,0.0426,0.0426,2,4
GAACGTATAAATGGAA,L103Q N209G G240D T426N Y441T,0.0426,0.0426,2,4
GAATAGAATTAAAAGA,M1T N319H I345L Y363V V450S R468K C477A,0.0426,0.0426,2,4
GACCTTTACACCAGCC,L285W,0.0426,0.0426,2,4
GACGCAGGATAGGCAT,A288I S333A,0.0426,0.0426,2,4
GATAACCCACGTTATT,M1*,0.0426,0.0426,2,4
GCATACGCCATCGGAC,,0.0426,0.0426,2,4
GCCATGGTTTAATGAT,I201K H457W,0.0426,0.0426,2,4
GCCTTCACAGATCCAA,C86L I112G T190V I239A T380I D401*,0.0426,0.0426,2,4
GCGATACAGAATCTCA,R207L F446V,0.0426,0.0426,2,4
GCGGAGTGTTACACTT,,0.0426,0.0426,2,4
GGAACGCAGATAATCT,W489R,0.0426,0.0426,2,4
GGAAGCAGACACCATC,L84V L103R T182N T215* G429L,0.0426,0.0426,2,4
GGACCAGCTATCCCAC,M1* R257D,0.0426,0.0426,2,4
GGAGATTAATGAAATG,Q3E,0.0426,0.0426,2,4
GGAGTGATATCATAAA,F8D M96W S121G Y253S K291I P466I,0.0426,0.0426,2,4
GGATATCAGTTCAATA,S333P E404Q,0.0426,0.0426,2,4
GGATTTGCGCGTCGCT,L32T K161S R314P,0.0426,0.0426,2,4
GGCATAAACCAAGCCA,T6S K451P,0.0426,0.0426,2,4
GGCTAGACTGGCACCG,L51T T110K G478D,0.0426,0.0426,2,4
GTAAAATAACTTGCAT,C57G F309I C477N,0.0426,0.0426,2,4
GTAACGGAAGTTACCT,T40E K125R P145G D156Y G429S,0.0426,0.0426,2,4
GTCCGCACACACCACA,K63M T101K T263M R491K,0.0426,0.0426,2,4
GTCCTCTATTCGTGAT,S91I A123G V183L Y366R K425E,0.0426,0.0426,2,4
GTCGAATATCCCCCAG,S171V Y253S N353D T426H,0.0426,0.0426,2,4
GTGCGATGAAGGTAGT,L50T S143N G159A Q405H R491S,0.0426,0.0426,2,4
GTGGGCCCGGTCGAGC,L105S S154L V183I K488L,0.0426,0.0426,2,4
GTTACACTAAAAGAAT,G208S F262S N302I K327T M414I K488*,0.0426,0.0426,2,4
GTTGACCCGCCGTCTA,S476T,0.0426,0.0426,2,4
GTTTAATAAATGAACA,M1C W210K S437M,0.0426,0.0426,2,4
TAAATTCACTATCTAA,G174M Y200I M414L T426I,0.0426,0.0426,2,4
TAACGTTAAATTGTCA,M1L T48L R207K,0.0426,0.0426,2,4
TAAGCCGCAAATATTT,Y94C F191K,0.0426,0.0426,2,4
TAATCGAACAAATGAT,Y129N C477G,0.0426,0.0426,2,4
TAATTATTACAGCATT,L32S Y200R Q232E H457A Y480S,0.0426,0.0426,2,4
TAATTTGTTCAGGGGG,Y200M C231S T426L,0.0426,0.0426,2,4
TACATGGCTTGCAAGG,Y66C,0.0426,0.0426,2,4
TACTCCATTGAGCAAT,N20D L61C Q331V,0.0426,0.0426,2,4
TATCTACCCAAAAGCG,Y200E Y363L P486C,0.0426,0.0426,2,4
TATGCACAATTACCTT,L51K K88L H179Q,0.0426,0.0426,2,4
TATGTGTTCATGTCCA,N109S C155F I254Y,0.0426,0.0426,2,4
TCAACCCTAATAACAT,L26K E100D I254Y T375S,0.0426,0.0426,2,4
TCAAGAAGACAGTCAA,L32D,0.0426,0.0426,2,4
TCACATCCCAAGACGC,Y200K K490F,0.0426,0.0426,2,4
TCACTAAATTTGAACA,N127F P466M,0.0426,0.0426,2,4
TCATAGAGCGAATGAC,S205G L326P,0.0426,0.0426,2,4
TCTAAGCTAAACGTAA,M19N N90Y S333L V435D,0.0426,0.0426,2,4
TGAAACAATTAAGTAT,G186L W227*,0.0426,0.0426,2,4
TGAACGTAATATTTTC,Y62I H92C R235N T249S C310S N395S K490L,0.0426,0.0426,2,4
TGAATTTGAGACACAG,G206K C477S,0.0426,0.0426,2,4
TGATGCAATAGGTAGT,S111T D122G N158M A177L A297D,0.0426,0.0426,2,4
TGCTCATTACAACAAC,R55P T375D S462G,0.0426,0.0426,2,4
TGCTTACACCATAAGC,G484P,0.0426,0.0426,2,4
TGGCGGAAATCAATCC,E16D M134R D204W L394C I403S,0.0426,0.0426,2,4
TGTAGAGTAGTCGTTG,P83F S246V Y253W G484T,0.0426,0.0426,2,4
TTAACCCTGAAATGTC,G34I Q331I,0.0426,0.0426,2,4
TTAATGGATCCTTCTA,N99I F436Q H448G S462M,0.0426,0.0426,2,4
TTACCTACGCAAACTA,T225I D273M P427Q,0.0426,0.0426,2,4
TTACTCACGATAAAAC,S163L K272D W489N,0.0426,0.0426,2,4
TTCTGGAAATACCCAA,S143K V187C R256Y T376S,0.0426,0.0426,2,4
TTGCAGACGTTCTCAA,I361A H374P,0.0426,0.0426,2,4
TTGGTCCCGTATCTAT,L71P H230N S476N,0.0426,0.0426,2,4
TTGTGAGACAAAACAA,M80Q N89T C155Y,0.0426,0.0426,2,4
AAAAAAGTGTTAGAAG,G197R Q232R A340T H374W,0.0568,0.0568,2,3
AAAAACACCATTAATG,D273W T281L E329N K384N,0.0568,0.0568,2,3
AAAAATGACATATGGG,R207F Y393R,0.0568,0.0568,2,3
AAAACACCTCATCCTG,T101S C155* A184T,0.0568,0.0568,2,3
AAAATATATGTAAACT,L220V R325Y,0.0568,0.0568,2,3
AAAATCCGGACAATTT,E16* C86P N146P I162V T226D,0.0568,0.0568,2,3
AAACACATCACCGAAT,Y172K N346L,0.0568,0.0568,2,3
AAACACATGTATACTC,V47R F117I S169N L188P D357Y W370Y N395P F436C P486L,0.0568,0.0568,2,3
AAAGCTGATTATGAGT,K63R F140K Q232*,0.0568,0.0568,2,3
AAAGGATATAACTTGG,A39R A152E,0.0568,0.0568,2,3
AAAGTATCGAAGAAGA,N127* W210R Q247K Q335L N390L,0.0568,0.0568,2,3
AAAGTCAGCTGATTCA,T58L K126Q M214R H305N E329L,0.0568,0.0568,2,3
AACACACCTACCCCCA,L52M L105K D175M G197E,0.0568,0.0568,2,3
AACACAGAAAAATCCT,S60M L103Q F157L G260E,0.0568,0.0568,2,3
AACCACTTAAATAAAT,V28R L105A G174R I254Q,0.0568,0.0568,2,3
AACCATTGCCTGGATA,N209Y P238* D317E,0.0568,0.0568,2,3
AACGACCATTCAAGTT,K116D D273H G277H R325G G360D L479P,0.0568,0.0568,2,3
AACGCCAAATCAATAG,S143R Q189F Y278V I474T,0.0568,0.0568,2,3
AACGGCTTGAAAATAT,I113C L349A,0.0568,0.0568,2,3
AACGGGGCCATCAATC,K126N G159Q Y166T L220K,0.0568,0.0568,2,3
AACTGCGCGTCAGTGA,I24H N119S V183M R257E M414F,0.0568,0.0568,2,3
AAGAAAAACTAACAGA,N89I A195V,0.0568,0.0568,2,3
AAGCATCGAACCCGTA,G34V P238* T296V N346W K352C,0.0568,0.0568,2,3
AAGCGTATAAACATGG,Q3R K417C,0.0568,0.0568,2,3
AAGGACTAATCCGTGC,W196V K384L G424T,0.0568,0.0568,2,3
AAGGCTCTAAATGCCG,E228P L394H K425V,0.0568,0.0568,2,3
AAGTAAGGGGTAAATC,C292Y V450A,0.0568,0.0568,2,3
AAGTGTAACTAACAGC,G159F M194N,0.0568,0.0568,2,3
AATAAGTAAAATTACT,F147R F434R,0.0568,0.0568,2,3
AATACGGAAGAAGTTA,L68F N158T T274G T376C L394R,0.0568,0.0568,2,3
AATATGATCCAAAAAA,E17W C57R Y129D C180F,0.0568,0.0568,2,3
AATCCGCTAGGCATAA,C155R A173N A299T A343P I350A R422K,0.0568,0.0568,2,3
AATCCGCTGTCAGCTC,E151K C301K H467L,0.0568,0.0568,2,3
AATCTCATTAAAAGGA,N37K S143G I345Y,0.0568,0.0568,2,3
AATGATAAGGGGGGTA,Y166C,0.0568,0.0568,2,3
AATTTGTTCTTTTAAA,L35R I112M,0.0568,0.0568,2,3
ACAACAAAAGACGAAT,T106R F191A Q223T,0.0568,0.0568,2,3
ACAACACATCTAGGGC,S169T C231L E270*,0.0568,0.0568,2,3
ACAACCATTACTCCCT,E67W G98N S135F G378K P383L,0.0568,0.0568,2,3
ACAATAGAACTAAACA,G45E G260W,0.0568,0.0568,2,3
ACACAGATAGAAAACC,T101P Q405K,0.0568,0.0568,2,3
ACACGAGTACCACAGA,M1N T48H N90R L203* G208T E287L,0.0568,0.0568,2,3
ACAGAGAAAAATCTAA,T59Y E104M W196T F262Y F293I D401Y,0.0568,0.0568,2,3
ACATAAAAGCATCCGC,D311P,0.0568,0.0568,2,3
ACATAGTTGTTGCAAC,M75T S121H T225Y P486H,0.0568,0.0568,2,3
ACCCAATAGTACACGA,Q331H,0.0568,0.0568,2,3
ACCGAACTTAATTACG,S444W,0.0568,0.0568,2,3
ACCGTTCATTACCCTT,I403N L442F,0.0568,0.0568,2,3
ACCTAACTTTGTGCCA,P453H,0.0568,0.0568,2,3
ACCTTTCAACGAATCA,Y219S Q232R H305L,0.0568,0.0568,2,3
ACGAAATAGACAATTA,L428S,0.0568,0.0568,2,3
ACGATTGACTTCTTTA,C118R,0.0568,0.0568,2,3
ACGTCACTAGTGAGAA,T81K K481F,0.0568,0.0568,2,3
ACGTGCCGAGTCTCAG,I21R L51V P83V L344A N390K S462C,0.0568,0.0568,2,3
ACTAAATACATCCAGG,N79M C180S N295S,0.0568,0.0568,2,3
ACTACGCTCCGGTACA,L469N,0.0568,0.0568,2,3
ACTCAAGAATTAGTGG,N373L N409*,0.0568,0.0568,2,3
ACTTTCATAGGTTCTA,S56I C57M I213N D251P Q405T,0.0568,0.0568,2,3
AGAAATCTAAAGTCTA,N119M,0.0568,0.0568,2,3
AGAACTTTGCCAAACT,V47* S121C D317I K461L,0.0568,0.0568,2,3
AGACCAGAAGCGAAGA,L50K H141L,0.0568,0.0568,2,3
AGATTGGACTGACACT,T40* A195Q,0.0568,0.0568,2,3
AGCATGAAATGATTAA,Y419T L430S L449S S476D,0.0568,0.0568,2,3
AGCCATAGATTATAGC,G198S H467T,0.0568,0.0568,2,3
AGGCACAAAATATCCT,D273* V341Q L394I P427*,0.0568,0.0568,2,3
AGGGGCCAAAAAAGTG,L133S S234C A297T,0.0568,0.0568,2,3
AGTACTAAAAACGGAT,T110Y S163P,0.0568,0.0568,2,3
AGTATAACCTCAATCA,N37P E308R,0.0568,0.0568,2,3
AGTCAAAAACCTCCCT,C41W E307R E421N,0.0568,0.0568,2,3
AGTCTTGTTAGCCCCA,T375H,0.0568,0.0568,2,3
AGTGTCTACCAGGATG,F140D F147S G159F,0.0568,0.0568,2,3
ATAAAAATCAAAATAA,M1K K88W M472R,0.0568,0.0568,2,3
ATAAACAAACATTCAA,P383* S389V,0.0568,0.0568,2,3
ATAAACAACTCAACAT,N167D C212D N390L D401M,0.0568,0.0568,2,3
ATAATACCCAAACCCA,C231F S392A T426A,0.0568,0.0568,2,3
ATACCATAAACGAATG,C53F Q149G H179T Q405K,0.0568,0.0568,2,3
ATACCATTGTGCTAAT,H92R L220E,0.0568,0.0568,2,3
ATAGCCAGGCCACGTA,G98W M284R,0.0568,0.0568,2,3
ATATAACATCTTTGAT,C57F,0.0568,0.0568,2,3
ATATCCGTTAGCGATG,S381R,0.0568,0.0568,2,3
ATCAATGTATTTTTAG,D122N C212L I474P,0.0568,0.0568,2,3
ATCGTAACTTACCAAC,I213R,0.0568,0.0568,2,3
ATCTAAACGTTACTTA,L188*,0.0568,0.0568,2,3
ATCTAATCAGGCAGTT,T182Y,0.0568,0.0568,2,3
ATCTCAGACTATAACA,V47N,0.0568,0.0568,2,3
ATCTCAGATGCCGAAA,P83H L103K L394I,0.0568,0.0568,2,3
ATGAGCTCAATTATCA,I443P,0.0568,0.0568,2,3
ATGAGGACTCGATTTT,L120D C477Y,0.0568,0.0568,2,3
ATGGGGCTGAAGAATT,R468V,0.0568,0.0568,2,3
ATTACTATTGGTGTAG,V22E W196M C310Q L344K S389Y P486F,0.0568,0.0568,2,3
ATTGGACAATCCGAGA,L61* M75K H141L G391I,0.0568,0.0568,2,3
ATTGGATACAAAGACC,S269*,0.0568,0.0568,2,3
ATTGTTAGAGACAACT,C53Y E76K G186T G424V,0.0568,0.0568,2,3
ATTTACATTGTACTTA,Q3P P236D,0.0568,0.0568,2,3
ATTTTTTTTGGAGGAC,L29F D306E M414H,0.0568,0.0568,2,3
CAAATAACTAAAGAAT,C212D K300M,0.0568,0.0568,2,3
CAACAGCTTTATCGCG,G240*,0.0568,0.0568,2,3
CAAGAAAACCTATAAT,Q3L E16F V47E S392F,0.0568,0.0568,2,3
CAAGGACTAATTGAAG,A132S I136T S143F S199L I221F,0.0568,0.0568,2,3
CAAGTTAACTGATGAG,E104A S267N G294E N319T,0.0568,0.0568,2,3
CAATATCCGATCGTGC,M1V N148V,0.0568,0.0568,2,3
CAATCAGGTTAATTGA,A173I I222S P383K,0.0568,0.0568,2,3
CACCCCGAGAGCGTAG,V187N,0.0568,0.0568,2,3
CACCCCTTTAGCATAA,S246T M332F Y441I,0.0568,0.0568,2,3
CACGAACAGCCAGACT,Q189* Q335L,0.0568,0.0568,2,3
CACTACGAACGAATAA,L46K T281D,0.0568,0.0568,2,3
CACTCACCCCTAACAA,S199R T263W Y363M,0.0568,0.0568,2,3
CACTCGAAGTGCCATA,L220T,0.0568,0.0568,2,3
CAGACTTGACAGACCT,Q69G C212K,0.0568,0.0568,2,3
CAGATTTAATTTCAAA,V65L S85V H92Y W196S G424I L449F V487D,0.0568,0.0568,2,3
CAGGAAGATTATCTGA,Y129* L142G H374W H398S Y441T,0.0568,0.0568,2,3
CATACACGGAACTAAC,L51* A173* S439N,0.0568,0.0568,2,3
CATAGTAAAAGCTTCT,T106Y R193T G260L T375V P464S,0.0568,0.0568,2,3
CATTCTACGGTGGTGC,L61F L84K G160F,0.0568,0.0568,2,3
CCAACGATACCAACAC,L35R R256G N338F,0.0568,0.0568,2,3
CCAGAAAAAAGCCTGA,Y166L S400G,0.0568,0.0568,2,3
CCATAATCAGAAGTTA,M19K,0.0568,0.0568,2,3
CCATTACCATCAAAAG,I403T,0.0568,0.0568,2,3
CCCAAGTCATCGCTCT,S91* S121R W264V N470I C475M,0.0568,0.0568,2,3
CCCTAAAAGAGAAGTA,P464T,0.0568,0.0568,2,3
CCCTAAACTATGTTTG,K33H M214I S234Y K327T,0.0568,0.0568,2,3
CCCTTAGATTGCTCCT,M134* D204V R257E D268L,0.0568,0.0568,2,3
CCGAATAAAAACTCAA,S143N I162K F191M K384S Y419Q,0.0568,0.0568,2,3
CCGACTGATTACACGA,V65L A123H Y393M P427S,0.0568,0.0568,2,3
CCGCTGTGATCAGGAT,I24P Q232E G277V I337L,0.0568,0.0568,2,3
CCGTGATACTATTCGA,E104* G160L I213M K368E,0.0568,0.0568,2,3
CCTATCTTGCTTCGAA,R468N,0.0568,0.0568,2,3
CGAAAGCTTTGGGGAT,Y66V M284N F293G,0.0568,0.0568,2,3
CGACCATAGTTCAAAC,H179Y D311R L344E T380V,0.0568,0.0568,2,3
CGATTGCCAACGTAGA,T263P K368R S389I,0.0568,0.0568,2,3
CGCCACTATGTCATAT,V47F K465R,0.0568,0.0568,2,3
CGCTTACCACTAATTA,I15S I136L C212K,0.0568,0.0568,2,3
CGGTACAGATTCGCTA,S199L D211M Y241H I350E,0.0568,0.0568,2,3
CGTAATTCATTGTAGC,N99L I221N T438S,0.0568,0.0568,2,3
CGTATTAGGCTTTCCT,H13M S135P K272M G378K Y393Q M414T,0.0568,0.0568,2,3
CGTATTGGATAGCCCC,,0.0568,0.0568,2,3
CGTGTAATACACTTAC,,0.0568,0.0568,2,3
CTAAATTGAAAAATAA,C231Y,0.0568,0.0568,2,3
CTAAGCCTAGAGAAAC,S205D I239V R256Q,0.0568,0.0568,2,3
CTAGTGCAAAAGGTCC,K125N M194V M351I L394S,0.0568,0.0568,2,3
CTCAGACCACTAACTG,Q3L H305M S333* V459L,0.0568,0.0568,2,3
CTCTAAAACTTCCGAA,T70W,0.0568,0.0568,2,3
CTCTTCATAGTAGATT,N89V I334V,0.0568,0.0568,2,3
CTGTTAAGGCTCCCGA,C212L,0.0568,0.0568,2,3
CTTACGAGACGGACAC,N99S Q149I C155L K300H V431M I452S,0.0568,0.0568,2,3
GAAAAAATCCTACTAT,E100R T139Y C212* V388A L442F,0.0568,0.0568,2,3
GAAAACAGGACAATTA,L46Q T215A L387Q I403P W489*,0.0568,0.0568,2,3
GAAAGAAACACAATAC,,0.0568,0.0568,2,3
GAACCATTCCAACATC,L52T G271D Q348F,0.0568,0.0568,2,3
GAATCCCCCCGCGGAG,,0.0568,0.0568,2,3
GAATGATGTCATAATG,Q3N I334*,0.0568,0.0568,2,3
GACATTTTCTGAATAG,S171H N185L,0.0568,0.0568,2,3
GACGCTCACTTCGGTA,Y219A E287M,0.0568,0.0568,2,3
GACGTGACTGCGACCG,G240R,0.0568,0.0568,2,3
GAGACGTGAGGTGGCA,S199A,0.0568,0.0568,2,3
GAGAGCTAGAGGTTAC,F318W M351A,0.0568,0.0568,2,3
GAGATCAAAGAGCATC,N89I A184L S476W,0.0568,0.0568,2,3
GAGATCCGACTCTGCA,D156E Q335M Y371S E404K,0.0568,0.0568,2,3
GAGGATACATGTGAAC,K63G S121T Q406*,0.0568,0.0568,2,3
GAGGCATTGATAAATG,V47L P453E,0.0568,0.0568,2,3
GAGTCTAAACACACTG,Y219A E289V K481T,0.0568,0.0568,2,3
GATATAGGTAGCCCAC,F316* I361Y I443N,0.0568,0.0568,2,3
GATCAGATAATGACTC,Y278L T281K A328Y C385D,0.0568,0.0568,2,3
GATGTCCATAACGGAA,M1C T190F G197P F434T F446S,0.0568,0.0568,2,3
GATGTCCCCAGTATCA,A152D I254H D347L I458H,0.0568,0.0568,2,3
GCAGATATGCCGATTC,G54R L107N D130T S234A I361* E421M,0.0568,0.0568,2,3
GCAGCAACCATCATAC,L84S C301Y,0.0568,0.0568,2,3
GCAGCCCGCACTGTGA,E287F,0.0568,0.0568,2,3
GCCAACCAAGTCAGAA,V450L,0.0568,0.0568,2,3
GCCTATAACTGAATTC,K125M Q149T C155F G174* N209L,0.0568,0.0568,2,3
GCGACAACAGGAATAC,N20Q Y217R W370L P383G,0.0568,0.0568,2,3
GCTCCCGAGTTGCCCG,L84C,0.0568,0.0568,2,3
GCTGGCCTACCTAAGC,T6N L290F,0.0568,0.0568,2,3
GGCATCATAAATGTCA,K125G A202L N346*,0.0568,0.0568,2,3
GGGCCAATTAATAATC,S381A,0.0568,0.0568,2,3
GGGTATCACTGCCAAA,S143Y,0.0568,0.0568,2,3
GGTAAACTAAATCCAA,K481*,0.0568,0.0568,2,3
GGTGTGACTATAGCCC,F7N L32C N185S D211S Y217Q D408N,0.0568,0.0568,2,3
GTAAACCCTGTTTCAC,T249G K339*,0.0568,0.0568,2,3
GTAAATAAGCATAACC,K88S I334R K417M M472P,0.0568,0.0568,2,3
GTAACCGTGTATTTCT,A25S T87Y S437N,0.0568,0.0568,2,3
GTATCAACAATCCTGT,C41V S138Y,0.0568,0.0568,2,3
GTCAACTTCTTCAGTA,S143Q F440*,0.0568,0.0568,2,3
GTCAGGTGCAGTTCAC,S199R S392R F446K K488S,0.0568,0.0568,2,3
GTCCAAAAACCCCTGT,K33C N90D D130G T296H L382K P427V K481H,0.0568,0.0568,2,3
GTCCTTTCAGAGACGG,L387P,0.0568,0.0568,2,3
GTCTCATCAGCAATTG,Y166L G174F C477R,0.0568,0.0568,2,3
GTGACGCACTTGTGGA,,0.0568,0.0568,2,3
GTGATATTTAAGTCTC,L133I Q189A L245V L285A T377K V487F,0.0568,0.0568,2,3
GTGGTCTTCTCAAGAA,H124N I254S G424H,0.0568,0.0568,2,3
GTGTTGAATAGGGAAT,N158S L203I L245S H305N N319T I443L,0.0568,0.0568,2,3
GTTAAACCAAAAGAAG,T81L E308Q S400I,0.0568,0.0568,2,3
GTTATAACTATCCCTA,F157Y G243D L313A,0.0568,0.0568,2,3
GTTCATTTCTAGAATT,M192* V298H N390M K481T,0.0568,0.0568,2,3
GTTCTGTATAATATAA,D432K K490L,0.0568,0.0568,2,3
GTTGAACTCGATCCAA,C41S I403S,0.0568,0.0568,2,3
GTTGGAAGAGTCCAAG,S27N L259V L469V,0.0568,0.0568,2,3
TAAAACGAGACAAACT,F262S E289S V298R,0.0568,0.0568,2,3
TAAATAGTGCATCAAT,D357S A407V,0.0568,0.0568,2,3
TAAATGGAAACAACAA,K320P,0.0568,0.0568,2,3
TAATAACCATTAAGCT,A176T L188T E228K F309C E396G,0.0568,0.0568,2,3
TAATGTAGGTCTCACG,G98P W196I I345N,0.0568,0.0568,2,3
TAATTATAACTAGAAC,C53L P464N S476N,0.0568,0.0568,2,3
TACAATACTGACCAAG,F7P E16P L32S L78C I113F N158T V187A,0.0568,0.0568,2,3
TACAGCAAAATATATA,H131S E270K Q416* I474V W489Q,0.0568,0.0568,2,3
TACTGATGTGCCAAAG,L29H V47H L245K D251F,0.0568,0.0568,2,3
TAGCCGCAATGCTAAG,D432V,0.0568,0.0568,2,3
TAGTATGAGGCTTTCG,Y278H N338R V341L T412N,0.0568,0.0568,2,3
TAGTGACTAATAGCTA,Q3M E76R N127M,0.0568,0.0568,2,3
TATAGTGATATCTGAA,S169L,0.0568,0.0568,2,3
TATTACAATAGGATTA,N109T,0.0568,0.0568,2,3
TCAAAGTCACTATATC,H354L T375E,0.0568,0.0568,2,3
TCAGAACCTAACACTA,E17M M472*,0.0568,0.0568,2,3
TCATAATATCTCACGC,G276L,0.0568,0.0568,2,3
TCCAATAGAACATTTT,G378V,0.0568,0.0568,2,3
TCCCCACATATGGACT,K33M,0.0568,0.0568,2,3
TCCGAGCTAAACAGGC,F140G N146L,0.0568,0.0568,2,3
TCGTCTAATCCTAAGA,N148L Q321* R422L,0.0568,0.0568,2,3
TCTATTAATAACACGA,F440E,0.0568,0.0568,2,3
TCTGAGAGAATCTCCT,Y166F W264L V435L,0.0568,0.0568,2,3
TCTTGCGGCCCAAGAA,W196R Y393L,0.0568,0.0568,2,3
TGATTAAATGTTATCT,W264L V435Q,0.0568,0.0568,2,3
TGCAGACACCCCTGCA,F8K,0.0568,0.0568,2,3
TGCGATATTGGGGCCG,S121L N390L,0.0568,0.0568,2,3
TGCGTTGGTGCCCCCA,T58E N109H N127K S138N N185P Q247P,0.0568,0.0568,2,3
TGCTAAAAGTGTTCTA,Q9W A173T Y219A G240V E287D G484Y,0.0568,0.0568,2,3
TGGCGACTGTGATGAA,V22W S199C W227*,0.0568,0.0568,2,3
TGTAATTTCATAAACT,Q149* S439A,0.0568,0.0568,2,3
TGTTCTAATTCCAATC,C57S I162V T375S,0.0568,0.0568,2,3
TTAATAACTAAGGAGG,Q3M S143P F157* T261M,0.0568,0.0568,2,3
TTACTTACAACTTGTG,V164H A173I S237R E287M,0.0568,0.0568,2,3
TTCCGCTGCCCTTATC,I4M L103F F157N K451R,0.0568,0.0568,2,3
TTCGCACTTATGCACA,G208F Q232M Y419Q T438L,0.0568,0.0568,2,3
TTCTGCCGACAACGAA,K320* H354N P453L,0.0568,0.0568,2,3
TTCTTAATCAGCGCCC,N99H F434K,0.0568,0.0568,2,3
TTGCAAAGGCCCAAGT,T40M G54A S85P Q218E S267R M410K,0.0568,0.0568,2,3
TTGGGATAAATTGACT,L78S I113T Q218S,0.0568,0.0568,2,3
TTGTAACTCGACGTAT,L68F V187W,0.0568,0.0568,2,3
TTGTGTTTGATCAACA,T48G S205A K368A T412Q,0.0568,0.0568,2,3
TTTCAAGTTATAGCAG,F117Y L133H N158* S462R,0.0568,0.0568,2,3
TTTCGTAAAGTAACAA,I15* L32S V47L S237L,0.0568,0.0568,2,3
TTTGCAGCAAAACATA,Q3L V47I L73F W210P A288W L449Q,0.0568,0.0568,2,3
TTTGCGTCATCGTTAC,T81D,0.0568,0.0568,2,3
TTTGTGACGCTATGGA,S169P F440I,0.0568,0.0568,2,3
TTTGTTATGAACTAAG,C53W A152M C180Y W196M N319F,0.0568,0.0568,2,3
AAAACCTTAGCAGTTC,H398C C475V,0.0852,0.0852,2,2
AAAACTCCCTTACCAA,D156P,0.0852,0.0852,2,2
AAACAAATACACTGCA,K63* V97* G181R P486F,0.0852,0.0852,2,2
AAACATTAAAATTGCA,S135M Y278S,0.0852,0.0852,2,2
AAACCAAGTAGCGTCA,G34S C57Y T106I R193C C212P,0.0852,0.0852,2,2
AAACCACCAGCCCACA,M1Q I4P W210R I474M,0.0852,0.0852,2,2
AAACGAAATAGTGACC,S85L G160F F318L,0.0852,0.0852,2,2
AAAGATCACGATTAAG,L220W,0.0852,0.0852,2,2
AAAGCTTATTCACCAT,,0.0852,0.0852,2,2
AAAGTCGAATATAGCA,L84Q K161D,0.0852,0.0852,2,2
AAATAGCATCGGGCAA,L259V T438I S444Y,0.0852,0.0852,2,2
AAATAGGAGTCAGATT,T106G F262R,0.0852,0.0852,2,2
AAATGTTAATCGATTG,Y129R R356G D432V,0.0852,0.0852,2,2
AAATTCAATTGTGGAT,Q9L V28D L107S Y129* L142E K352D,0.0852,0.0852,2,2
AAATTGAAGTAGTATC,G243S D273T L326G H455L,0.0852,0.0852,2,2
AACAAATGTTAGGGGG,G98Q L133H M192R T215A I254Y L280P Q335L F440K L479S,0.0852,0.0852,2,2
AACAACGGCAAAAGCC,Q232K I239V V450S C477S,0.0852,0.0852,2,2
AACGAGAAGGATTTTT,E151H H179M D408R L442P P466H,0.0852,0.0852,2,2
AACGGGGAAGGCATCA,K384F,0.0852,0.0852,2,2
AACTAATTATCTTAAA,Y66* A297L,0.0852,0.0852,2,2
AACTAGTACCATAAAA,S60R I452S,0.0852,0.0852,2,2
AAGACCAAGATAAGAA,C118V Y278L F399W S400N I411L,0.0852,0.0852,2,2
AAGACCTAACCTGAGC,S143F E228N L449F,0.0852,0.0852,2,2
AAGCTCGACCGGCCTC,N99G L344R L449V H457R Q482L,0.0852,0.0852,2,2
AAGTAACAGAGTTTTG,Q247T C279S L336R,0.0852,0.0852,2,2
AAGTCACCAATCACAC,L84* L442H,0.0852,0.0852,2,2
AAGTCCATAACCAGAA,T225L C477N,0.0852,0.0852,2,2
AATACTTAGGTCAGGC,Y217*,0.0852,0.0852,2,2
AATAGCTTCCGATAAG,I213G,0.0852,0.0852,2,2
AATATTGTATCGTTCG,T40H C364V H471T,0.0852,0.0852,2,2
AATCAATCTATAGACG,D156N M194K L344M,0.0852,0.0852,2,2
AATCATTTCCAAATTA,K63* L220A M332F T375S,0.0852,0.0852,2,2
AATCGACACAATACTC,D156T Q165M,0.0852,0.0852,2,2
AATCGGGTGTAGTCAA,S91* N178Y G206*,0.0852,0.0852,2,2
AATCTCACGTACATAA,A25D G473V,0.0852,0.0852,2,2
AATGAACGAAAATGGA,G102H L336T Y371H P383V F399I,0.0852,0.0852,2,2
AATGACTTCTAGAAAA,F140E C180Y,0.0852,0.0852,2,2
AATGCCGTACAAACCG,A202L W370I P466L,0.0852,0.0852,2,2
AATTAGATAAAAACAT,E72W L220A,0.0852,0.0852,2,2
AATTCCCCAGCTGGGT,C475Y,0.0852,0.0852,2,2
AATTTAGCCGGTATTA,Q232G L382H,0.0852,0.0852,2,2
AATTTGATCTAAATAG,N295H I443L,0.0852,0.0852,2,2
AATTTGGGTATCATCT,M19R A39S L382S C463G P486S,0.0852,0.0852,2,2
ACAAATCCCCTGTGCG,L61D,0.0852,0.0852,2,2
ACAAATTAACGCAAGC,T249L G378T V388* N395P S476F,0.0852,0.0852,2,2
ACAACCCAAAAACATG,,0.0852,0.0852,2,2
ACACGGCTAGCCTTAC,G98*,0.0852,0.0852,2,2
ACAGTGAGGAATAGGC,P83Q W196F L447S M472Y,0.0852,0.0852,2,2
ACATCCCGGTAGACAT,N89F A132T E396I,0.0852,0.0852,2,2
ACCACCTTAGAAATAA,E421D T426Q,0.0852,0.0852,2,2
ACCCACCATTCGTGCG,T6K L51* M96D G240N D357M M414L,0.0852,0.0852,2,2
ACCCTTTCGTTCAGCG,Y62E V459G,0.0852,0.0852,2,2
ACCGTGACGCGCACTA,I252N L285Q H398A,0.0852,0.0852,2,2
ACCTTCCCTGACAGAA,N148P S154A S199W D273W K490Q,0.0852,0.0852,2,2
ACGAAAAGGGGGAACG,M1F,0.0852,0.0852,2,2
ACGACCTACCAGATAT,I21Y Y166P A343T,0.0852,0.0852,2,2
ACGGGACGAGCACGGC,S400P C475S K490L,0.0852,0.0852,2,2
ACGTACACGTAATATG,G45T F157V S199M,0.0852,0.0852,2,2
ACGTTTTCGAATTTAG,H230L S476I,0.0852,0.0852,2,2
ACTAGGCTATTAAACC,M75* G197*,0.0852,0.0852,2,2
ACTCGATTTTCCCCGA,V5S R248E,0.0852,0.0852,2,2
ACTGTCGAAACTCCAG,L23M G64C N224R K339M T375L,0.0852,0.0852,2,2
ACTGTTTTGAAATAGC,N99I S135R E228M E270* M312S Q406Y S437D,0.0852,0.0852,2,2
ACTTCGAGTACGCTTC,L103W Q232F,0.0852,0.0852,2,2
ACTTTGATCAACAGGA,G174V G260D C364L C463M,0.0852,0.0852,2,2
AGACCCACCTAACCCC,T6L N167T Y241H T426M,0.0852,0.0852,2,2
AGACTCCCAAAAAAAC,C155R D229Y N365F,0.0852,0.0852,2,2
AGAGAAGTGTACGAAC,T261*,0.0852,0.0852,2,2
AGATATGGAGATCAAT,H141S M312I S389P,0.0852,0.0852,2,2
AGATCGACAAGTTACG,V47I G102S N178* T225K,0.0852,0.0852,2,2
AGCACTAATAAGCACT,A25F G34V G54P G174E,0.0852,0.0852,2,2
AGCACTATATATCGTA,E104C Q165C,0.0852,0.0852,2,2
AGCCCACCTAACCGAA,I361M I403R,0.0852,0.0852,2,2
AGCCGGTCATTACAGA,L442N,0.0852,0.0852,2,2
AGGAAAACGATACCAC,C301R R314I,0.0852,0.0852,2,2
AGGATCCTAGGAGAAG,L46Q L315P K384L,0.0852,0.0852,2,2
AGGTTTTAACATCAAT,V341L C364H H398A,0.0852,0.0852,2,2
AGTATGTGCTTTAACG,C364P E418V,0.0852,0.0852,2,2
AGTATTGCAATTCCAC,C57S F157Q A176T,0.0852,0.0852,2,2
AGTGTCCTTAAGAAAA,L168V Y363M,0.0852,0.0852,2,2
AGTTATATGAGCGTCG,H124N L220K C279* F318Q M359W D402F,0.0852,0.0852,2,2
AGTTTTCCACAAACAA,L35C L355M L442R,0.0852,0.0852,2,2
ATAAGATGCACACGAA,Y94N H131N,0.0852,0.0852,2,2
ATAAGCAGAAGGCGAC,L50M Y62H P464Q V485W,0.0852,0.0852,2,2
ATAATCCAAAGAAGGA,T110H C475R,0.0852,0.0852,2,2
ATAATTGGTATTATCA,G174V G198I G276I K339R H448T,0.0852,0.0852,2,2
ATACACAAAACCAAAA,G174F D311L,0.0852,0.0852,2,2
ATACAGGCGTTCTCAA,Q3L K161* C180S,0.0852,0.0852,2,2
ATACAGGGATAACCCA,C57M G260R M351Q Q482Y,0.0852,0.0852,2,2
ATACCGGGTGAAGATT,L71R Y366V,0.0852,0.0852,2,2
ATACGGAGTTCACACA,W196Y W227*,0.0852,0.0852,2,2
ATATAATTAGAATTAA,S85T M284K I345N,0.0852,0.0852,2,2
ATATACAATAATACAT,I4N S381* F440V,0.0852,0.0852,2,2
ATATACCTATTACGTA,Y129M R257L E289*,0.0852,0.0852,2,2
ATATCCAGTAGCGTCA,T81P G98V L280C M284I,0.0852,0.0852,2,2
ATATTTCAATCACTAA,E104L I222T,0.0852,0.0852,2,2
ATATTTCGAACCAGAC,N89L N390F,0.0852,0.0852,2,2
ATCGACCATGGTGCCA,Y172T A297P A407V,0.0852,0.0852,2,2
ATCTTGGTGAATAATC,G2D,0.0852,0.0852,2,2
ATGACAACAAGATTAC,L168E,0.0852,0.0852,2,2
ATGCACGCTTATAGCC,N99Q H354R V431H,0.0852,0.0852,2,2
ATGCACGTATCCTAAG,G2V S111Y M284L,0.0852,0.0852,2,2
ATGCATCATACAAAAT,I4E S205A I222G L469R,0.0852,0.0852,2,2
ATGCGCAATTGTTGAT,T6L P238G V450L,0.0852,0.0852,2,2
ATGCTAGCGTAGATTG,E10G G198E G208V R314I,0.0852,0.0852,2,2
ATGTACTCGAACCATA,K304H C463D,0.0852,0.0852,2,2
ATTACATCGAATGCCC,L245C D317E N373A,0.0852,0.0852,2,2
ATTACCCTGACCGCGA,L51F T59F Y253A E270G,0.0852,0.0852,2,2
ATTCGGGGAATGCTAG,R282T E287G K352L,0.0852,0.0852,2,2
CAAAAAGTCCCTACAG,Y480M,0.0852,0.0852,2,2
CAAAACGAATGGTTTT,N89I N127T R325L L449P,0.0852,0.0852,2,2
CAAAAGCCAAACTTAC,K161P G391I,0.0852,0.0852,2,2
CAAAATCTGTGATAAC,M19E V164K,0.0852,0.0852,2,2
CAAACTGGCGTAGAAT,E16* C41A,0.0852,0.0852,2,2
CAAATTGGACGATAAA,F38T W210D F316W V487G,0.0852,0.0852,2,2
CAACAATATTACATTG,G208L W227* K465C,0.0852,0.0852,2,2
CAAGCACGAATATAAG,C155A Q165E,0.0852,0.0852,2,2
CAAGGAAAAAAAGTAA,D229N I239S P464W,0.0852,0.0852,2,2
CAAGTAAAAAAAGACT,G208R D311N P362R T377F I474L,0.0852,0.0852,2,2
CAATCCCACCTAATTT,L220D D311L,0.0852,0.0852,2,2
CACAATCAGTGCAGTC,T59* H179R,0.0852,0.0852,2,2
CACACATATCCCTAGG,Q3P H179T T261G K417E H455D Q482C,0.0852,0.0852,2,2
CACACTCAGCAATTTT,F49H V487R,0.0852,0.0852,2,2
CACCTCACTTCCTGAA,N185T N224K S237T G360N N390H F446P,0.0852,0.0852,2,2
CACCTCTAGTAAGGGA,R193M L259H T426Q,0.0852,0.0852,2,2
CACCTGCACAACAGTG,D204N I403M,0.0852,0.0852,2,2
CACGTGGCGGACCTAA,I221L L285Q,0.0852,0.0852,2,2
CAGCAACTAATAAATG,R256H K291Q,0.0852,0.0852,2,2
CAGGCTAATTCCTGGT,L43K T182V K368*,0.0852,0.0852,2,2
CATAAAACTCAGACAT,Q3I A288M M312C,0.0852,0.0852,2,2
CATACAGACATAGCCC,L242H,0.0852,0.0852,2,2
CATATTGACCGCACGA,M80W S205P F440D,0.0852,0.0852,2,2
CATCACAGATTCAGAA,C231Y S437C,0.0852,0.0852,2,2
CATCCATTCAAAATCA,L68E,0.0852,0.0852,2,2
CATTAATTATGCGTCC,S169M H305D T397P D432R,0.0852,0.0852,2,2
CATTCGATTTACGTAT,T81D N185V,0.0852,0.0852,2,2
CCAAAAACATAGAAGT,Q9K A123C S135C L244G,0.0852,0.0852,2,2
CCAAATGACTACAAGC,P83S C212Y Q348K Y480A,0.0852,0.0852,2,2
CCACAGCTCTTGCAAT,C57Q E67T W227C,0.0852,0.0852,2,2
CCATTACATTACCACT,I21R,0.0852,0.0852,2,2
CCCATCCCTTGAACCA,N99Y Q165P I345F L469I,0.0852,0.0852,2,2
CCCCCGATAACATCCA,V65C C231I,0.0852,0.0852,2,2
CCCCGGTGGTAATTTA,C364V,0.0852,0.0852,2,2
CCCGCACTGACGAAAC,C86Y,0.0852,0.0852,2,2
CCCTACCAGTCCTAAT,V28Y E308L E396F,0.0852,0.0852,2,2
CCGAACGAACCTAGCG,L68G T108K,0.0852,0.0852,2,2
CCGTTAGGTTCGAGAC,T281P F440S C463L,0.0852,0.0852,2,2
CCTATGATACACCATC,Y200A Q348C,0.0852,0.0852,2,2
CCTGAGGATCAAAGCC,T59E S91Y R379Y V435I,0.0852,0.0852,2,2
CCTTAGCCAAGATTAA,T48N T58Y I213F,0.0852,0.0852,2,2
CCTTGAGTGCAACCGA,F157* C180L P483Y,0.0852,0.0852,2,2
CCTTGTAATTCATGGA,V44* S171* C231L I239L W283R,0.0852,0.0852,2,2
CCTTTTATCCGACTTC,C180Y T215K W227G T377M C385S,0.0852,0.0852,2,2
CGAGAAACGCTCGTTC,E10P M82* I458L,0.0852,0.0852,2,2
CGAGTCCGCTGGCCTA,L105K L128N M351R,0.0852,0.0852,2,2
CGATAAATGGAAACTA,R207G I443N P486S,0.0852,0.0852,2,2
CGATCAACAACGTGCA,S60M F140N Q149T H179M N209F,0.0852,0.0852,2,2
CGATCACACAACCGTT,V5Q M359L M414R,0.0852,0.0852,2,2
CGCACTATGCCAGCAG,Y129* I162M,0.0852,0.0852,2,2
CGCACTGCGCAGCCCT,V183Q L285R Q348V T397*,0.0852,0.0852,2,2
CGCATATCCAGAGAAA,V11Q D401H,0.0852,0.0852,2,2
CGCATTTCATTAGGAA,V44P I361N,0.0852,0.0852,2,2
CGGACTGTCTGATCTA,F440N,0.0852,0.0852,2,2
CGTACTCATTAGTGAG,F318L,0.0852,0.0852,2,2
CGTAGCAGAAGCACTT,T6S K352R L430C,0.0852,0.0852,2,2
CGTAGTCTTGAAGCAC,E307V R314K Q406V I443*,0.0852,0.0852,2,2
CGTTATTAGACCACCT,N74W K291L A407P,0.0852,0.0852,2,2
CGTTATTTTTACTATT,V164* G198P,0.0852,0.0852,2,2
CGTTCTCTTGCCAGGC,A173* L242S D306L,0.0852,0.0852,2,2
CGTTGAACGGACTTCG,F49N D156N A288E,0.0852,0.0852,2,2
CTAAACCCATCGTAAG,L26K M153F V388F M410*,0.0852,0.0852,2,2
CTAACCCAAAAGCATA,C212W,0.0852,0.0852,2,2
CTAGAGCCGGCGAATT,F233D G260F T426*,0.0852,0.0852,2,2
CTAGTATCAACTCCTA,Q3P Q405L,0.0852,0.0852,2,2
CTATACCGAATGAAAG,K300L D317Q S333T,0.0852,0.0852,2,2
CTATCGGCGATCGAGC,F140E H354K W489L,0.0852,0.0852,2,2
CTATTATCTATTGCTG,E104V S169C C292N T377A,0.0852,0.0852,2,2
CTCCCAAAAACGGCCA,G2L,0.0852,0.0852,2,2
CTCCGCTCAATGGGGA,T108S N365Y N390L K417N S444L,0.0852,0.0852,2,2
CTCGGATTGTGAGTCT,Q232L L259V,0.0852,0.0852,2,2
CTCTAAAAACCCCAAC,T412R,0.0852,0.0852,2,2
CTCTCAGGTAACGAAT,R257Q Q335*,0.0852,0.0852,2,2
CTGAAATAAGTTTCAT,L46Q I113M,0.0852,0.0852,2,2
CTGGCCTAATACCTCG,M82L G198N S333C N373G C463R,0.0852,0.0852,2,2
CTGTAAAAAGAACCTG,I112Q S234P,0.0852,0.0852,2,2
CTTAGCACCTCTCAAA,V183Q P464H G473I,0.0852,0.0852,2,2
CTTATCCTGTTAAGAT,T226I C364W L447I,0.0852,0.0852,2,2
CTTCCTTAATGGAAGA,Q335C L430E,0.0852,0.0852,2,2
CTTTGCATATAAACTC,L35D E396F,0.0852,0.0852,2,2
GAAACATAACATTACT,Y66D L469*,0.0852,0.0852,2,2
GAAACGTATACACCTT,L29N V65Y A152E R379T I445M,0.0852,0.0852,2,2
GAAAGGCAACGAATAT,M1L,0.0852,0.0852,2,2
GAAATCGGATAAGCTG,L285P N409W F434H H471L,0.0852,0.0852,2,2
GAACATAGGGATCTAA,V14E N74I G391F,0.0852,0.0852,2,2
GAACTTGTGTTTCTGG,G186F Y217L G260M A297N,0.0852,0.0852,2,2
GAAGAAAAAATAACAT,W196C T226K E287I,0.0852,0.0852,2,2
GAAGCAAGGAAATCCT,A123L L142D N146V F316L,0.0852,0.0852,2,2
GAAGCGAGCATAGTAC,K339S L355*,0.0852,0.0852,2,2
GAATCAGCGAACGAAG,S138D K300F P427N N470S,0.0852,0.0852,2,2
GAATGTTAGTACATTA,M19D E228S L449*,0.0852,0.0852,2,2
GACAAAATTAGTTGCC,S111I,0.0852,0.0852,2,2
GACTACCCAGATGGAC,K33F,0.0852,0.0852,2,2
GACTTCTTCTTATTAG,T6I Y253G G484S,0.0852,0.0852,2,2
GAGAGAGCATGATCAC,K327T P427L,0.0852,0.0852,2,2
GAGATCGCATTTCAAG,F8G P236F K352R,0.0852,0.0852,2,2
GAGATGGCCTACTTCA,V28N L78* L479V,0.0852,0.0852,2,2
GAGTAAATAACCACCC,K384W,0.0852,0.0852,2,2
GAGTTACACAAGTACT,L326T R468L,0.0852,0.0852,2,2
GAGTTATATGTTCTTT,S56W N114P K481Y,0.0852,0.0852,2,2
GATAAATAGACAACGA,I144R W196G L336R H398Y L479W,0.0852,0.0852,2,2
GATCAAAATCAGTGAC,N167L S246V D273R,0.0852,0.0852,2,2
GATCACAGGATTATAA,L43K K490P,0.0852,0.0852,2,2
GATGCTACCCGGGCCT,V341D G478E,0.0852,0.0852,2,2
GATGTTAGCAGTTTAA,W210E I254*,0.0852,0.0852,2,2
GATTAAAAAAAAAACT,E67Y Q247P F262L,0.0852,0.0852,2,2
GATTGTATTGGACAAT,L103S I137L G198S,0.0852,0.0852,2,2
GCAAACAGCAGGCTGG,I213A S381N L428S K488M,0.0852,0.0852,2,2
GCACGTAATTAACAGG,F140D Q149L T274L K481W,0.0852,0.0852,2,2
GCATACAAATATTTGG,A340P,0.0852,0.0852,2,2
GCCAACCCGTACATGA,G2C G198D L258R T376M,0.0852,0.0852,2,2
GCCAGTGTATAGAATA,N346M,0.0852,0.0852,2,2
GCCCCCAGTATGTCCG,A132G,0.0852,0.0852,2,2
GCCGAACATAGGACAT,M1C V18M L259I,0.0852,0.0852,2,2
GCCTTTTAAGCAGGCC,I323Y T377P,0.0852,0.0852,2,2
GCGCACTTCACACAGG,V18R M82L E104D Y150F K272* I334* K417M,0.0852,0.0852,2,2
GCGCGGCCGCGCCATA,N37W E104L K465R,0.0852,0.0852,2,2
GCTACACATCTGGCCG,I213V P466N G473R,0.0852,0.0852,2,2
GCTACACGATAAAGTG,A39L L78V Y200P,0.0852,0.0852,2,2
GGAACTGGAAAAGACC,T59* A173Y A177R,0.0852,0.0852,2,2
GGACTACACATATACC,S85E T263W,0.0852,0.0852,2,2
GGACTTCCCGACTTAA,T190S G198V L315S S389L L449W,0.0852,0.0852,2,2
GGAGGCGAGTACATGC,G34P S135F S444P,0.0852,0.0852,2,2
GGAGGGGATAGATCGA,L315V M332A E396S G473T,0.0852,0.0852,2,2
GGATGCACCACGGATG,Y441H,0.0852,0.0852,2,2
GGATTAAACAAAGAAC,Y166* L336M,0.0852,0.0852,2,2
GGCATATAATTTGGTA,S56H E104L S199V G360I T377N,0.0852,0.0852,2,2
GGCGACGCTAATCAAA,F7* G45* K126S A330V,0.0852,0.0852,2,2
GGCTAAGTACAAGACA,A202P D268* Q331E L449K G478V,0.0852,0.0852,2,2
GGGAAATATTAAGGGC,Q3M N89L,0.0852,0.0852,2,2
GGGACCGCAAACAAGC,N79F T101Y A176G T182N L285D,0.0852,0.0852,2,2
GGGTAGGGATAATCGC,V31D K88E I137H K291R F293I,0.0852,0.0852,2,2
GTAAAAATACTGCGCC,L430S,0.0852,0.0852,2,2
GTAGAAGGGTGTTGTA,A202T Q232K S476M,0.0852,0.0852,2,2
GTAGGTCGTGGTTGCT,F7Q L50A,0.0852,0.0852,2,2
GTATAATAACGGTATA,L245F I286P,0.0852,0.0852,2,2
GTATACCGTACCTGAA,I113R P275E,0.0852,0.0852,2,2
GTATTCTGCCCACATA,,0.0852,0.0852,2,2
GTCAAAGTTGCCCTTG,V97G K161C N178D P486I,0.0852,0.0852,2,2
GTCAGTAAATGACGGC,G198N T226P N302* D357T F440Q,0.0852,0.0852,2,2
GTCGAGAAAATTAAAT,L35A L68A F318R,0.0852,0.0852,2,2
GTCTAGCCAGGTGGCT,I4D E100* C212Y,0.0852,0.0852,2,2
GTCTATGGAAATTTAT,T380I L479D,0.0852,0.0852,2,2
GTGCCACACCAGGAGT,L61E S143V R193* Y253R,0.0852,0.0852,2,2
GTGTAAAGTAAGGAAT,L51C I136S G174H V183E G378W,0.0852,0.0852,2,2
GTGTTGGTTAAACACC,D156F W227L Q232V G240F,0.0852,0.0852,2,2
GTTAGCAAATGTTAAC,C86Y S135D C364N,0.0852,0.0852,2,2
GTTCATATTATACAAC,M75F T182S L280*,0.0852,0.0852,2,2
GTTGTTAACTGTGTCA,V47M C86L E100D Q149W R248L,0.0852,0.0852,2,2
GTTTATCTAATCATGG,F191K L203D A299L,0.0852,0.0852,2,2
TAAAAACTCATTGGGC,T375F V485L,0.0852,0.0852,2,2
TAAAAATTGGGATAGA,L26R,0.0852,0.0852,2,2
TAAATTTCCTTGGGGG,M75G F157E M192* S462C,0.0852,0.0852,2,2
TAACAAATTATTGCAA,Q247K N319E C364F,0.0852,0.0852,2,2
TAACACAATCGAGACC,H92N E104*,0.0852,0.0852,2,2
TAACATTTTTAGAAAT,K116Q I474S W489T,0.0852,0.0852,2,2
TAAGCAATATAATTCT,Y62M T226S R282A C463P,0.0852,0.0852,2,2
TAATGTGCTACGAGAC,K465V,0.0852,0.0852,2,2
TAATTAGAGCATCTCA,L142E Q223M I403T,0.0852,0.0852,2,2
TAATTGCAAACGTATG,N342A N390L,0.0852,0.0852,2,2
TACAAAGGCACAGCTT,P83L K126A R325L,0.0852,0.0852,2,2
TACAAGCTTAGACGCC,L313E H374L S439N,0.0852,0.0852,2,2
TACATAAAAACATATG,A25S D273G F293S Q321Y L336* S389N M420T,0.0852,0.0852,2,2
TACATACAATGAATAA,S111F K125C V183S P483S,0.0852,0.0852,2,2
TACATCCACCCAAATG,,0.0852,0.0852,2,2
TACGCATGCCAATAAT,C231Y Y366S,0.0852,0.0852,2,2
TACGGAAAAAATCTGC,Q69I M359V,0.0852,0.0852,2,2
TACTCACTCTGATTCA,A176N,0.0852,0.0852,2,2
TAGAACACCTATTTAT,L73K F157P Y200L I221L,0.0852,0.0852,2,2
TAGAATACTTGGTGCA,P453E,0.0852,0.0852,2,2
TAGGATATACATCAAA,N74C G198H N390I,0.0852,0.0852,2,2
TATAACAAAATATCTT,Y62M S138P G206S Q223K,0.0852,0.0852,2,2
TATAATTGAAGTTGTT,N302G R314P,0.0852,0.0852,2,2
TATACCATCAAGTTTA,K490L,0.0852,0.0852,2,2
TATGCAAAGACCCATG,V97F G429*,0.0852,0.0852,2,2
TATGGACAGGCATAAT,L32R S56C I239N G260L,0.0852,0.0852,2,2
TATTAGTGGCTACATG,V31H I112S P238R Y253F Q416T L428F F446A S462L,0.0852,0.0852,2,2
TATTATCTTAAAGAAA,N109A T281L I474F,0.0852,0.0852,2,2
TATTGTCATGACATAA,S135F F147T T225E A328G G473D,0.0852,0.0852,2,2
TCACCTACATGGAGAT,Q3H F49T,0.0852,0.0852,2,2
TCATATCAATTTTAAG,T87R W283G E396L,0.0852,0.0852,2,2
TCATTAAATTGCGTAC,C41R E100L C155Q G260D T376P,0.0852,0.0852,2,2
TCCAAAGTACTAGAAG,S60T N119R L220V T263H,0.0852,0.0852,2,2
TCCAATCACATGATTA,Q3M N148A E151I L245E K352A,0.0852,0.0852,2,2
TCCCACCCATGACCTA,C212K N353T,0.0852,0.0852,2,2
TCCCATCTCCTTAAAG,G98Y Y129W,0.0852,0.0852,2,2
TCCTGCTCACCCCGTA,L103S G484R,0.0852,0.0852,2,2
TCGCTCGTCGCCTGAA,G64L W196K,0.0852,0.0852,2,2
TCGGTTTAACTCCCTA,Q165G G197L,0.0852,0.0852,2,2
TCGTACAAAGAAATAT,V5E,0.0852,0.0852,2,2
TCTAAATCAAGATGCA,N119T Y200W E287M,0.0852,0.0852,2,2
TGAAACAAAGTTAGCC,Q3K P275A E287F,0.0852,0.0852,2,2
TGAAATTAACACCATA,L415P S437T,0.0852,0.0852,2,2
TGAACCGCTGCCAGTC,N109P E151P,0.0852,0.0852,2,2
TGACAATCATGCCGTT,E104L T296S D317Q W370Y,0.0852,0.0852,2,2
TGATAGTCTAGAAAGC,N99* Q405E K488V,0.0852,0.0852,2,2
TGATATGAGCCTGCAA,G54Y A322T V485L,0.0852,0.0852,2,2
TGATGACCAAAAAACC,L103* I213Y D229Y,0.0852,0.0852,2,2
TGATTCACTTTGCTGT,Y369C Y419M,0.0852,0.0852,2,2
TGATTCCTCTTTATAT,G64W K125E,0.0852,0.0852,2,2
TGCAATCGACGGACAA,S135R M194S D306L,0.0852,0.0852,2,2
TGGATCCTGATTAGAT,G42V I252T N346F H471G Y480*,0.0852,0.0852,2,2
TGGATGAATTTCAAGC,T101L,0.0852,0.0852,2,2
TGGATGATCTATATCA,C118S P464S C475*,0.0852,0.0852,2,2
TGGCTAAAGCCTTGAA,G174C T226C H305I,0.0852,0.0852,2,2
TGGTCTCCTCATAATA,T6F S199F D311E,0.0852,0.0852,2,2
TGGTTAGCTGAACAAC,I4* G197C W283L Y363*,0.0852,0.0852,2,2
TGGTTGAAATATTAAA,V14K W196S H448C,0.0852,0.0852,2,2
TGTAAAACAGACCTGA,C292S,0.0852,0.0852,2,2
TGTACTGTATCAACAC,S85L H93G S216A G277D N295G,0.0852,0.0852,2,2
TGTCCTATGTATATGC,C53Y,0.0852,0.0852,2,2
TGTGCGGAAGAAAGTT,I112D F233Q H457K,0.0852,0.0852,2,2
TGTTCAACAACGTGTA,A132N L259P Y366P D432Y,0.0852,0.0852,2,2
TGTTGCTGTCTGTGTT,G160A A288R,0.0852,0.0852,2,2
TTAAATGTCCTTGTTC,L52T T87I F446A G484M,0.0852,0.0852,2,2
TTAACTTCTTATTCTG,E67I D156* T190I Q247*,0.0852,0.0852,2,2
TTACAGTCATACTGGA,L46*,0.0852,0.0852,2,2
TTACCAAGTGACGAGT,Q69R T106F N365G L430* F436A,0.0852,0.0852,2,2
TTACGAACAACAAACC,Y441N C475S,0.0852,0.0852,2,2
TTACGGATGTTGATAA,K116F I213F W227* C475F P483M,0.0852,0.0852,2,2
TTACTCTGTTTGGTCA,F434V,0.0852,0.0852,2,2
TTAGCTACAATATAAA,E418T,0.0852,0.0852,2,2
TTAGTCTCAATATACT,G198E L285R,0.0852,0.0852,2,2
TTAGTCTTCTTATCCA,L107W D175I V341P R491Q,0.0852,0.0852,2,2
TTATACCTAGATTACT,R248S C292N K461M,0.0852,0.0852,2,2
TTATGAATAATAGGGT,V487R,0.0852,0.0852,2,2
TTCACGTACAAAAAGC,L61F S389T P486T,0.0852,0.0852,2,2
TTCATATCATGCGCAG,Q165H L188K Y371T S389C,0.0852,0.0852,2,2
TTGAAATTAAATCTAT,C155* T377L P483V,0.0852,0.0852,2,2
TTGAACAACGATTAAC,A184*,0.0852,0.0852,2,2
TTGAAGAAATGAATTA,Y278F S333R V388E,0.0852,0.0852,2,2
TTGAAGTGACCCTCTA,C385Y T438W,0.0852,0.0852,2,2
TTGCTGGCATTGATTT,M19E Y66N M96I V459Q,0.0852,0.0852,2,2
TTGTAAAGGAACACAT,R55V K272S H305F F316S S462V,0.0852,0.0852,2,2
TTGTAATTTGAACCTT,D229S G360T T380M,0.0852,0.0852,2,2
TTTATGATCAGCGTAC,L107N,0.0852,0.0852,2,2
TTTGCATCAAATGAAC,N37L M351I C463P,0.0852,0.0852,2,2
TTTGGTCTTCATAACA,H13M A25C C180A I411F G429D P483S,0.0852,0.0852,2,2
TTTTGGCCGCTCATAC,T108S W196T Q321W D347Q,0.0852,0.0852,2,2
AAAAACCTGAACAGAA,E16T Y200K A297L L415F,0.1704,0.1704,2,1
AAAAGCAATGAAATCG,L71N,0.1704,0.1704,2,1
AAAATTAGTAAGATTA,R257M L430M,0.1704,0.1704,2,1
AAACAAAATCCTTCTA,N178D R257L L479I,0.1704,0.1704,2,1
AAACACTTCTTCAGTC,P464L,0.1704,0.1704,2,1
AAACCCTACCTTGATC,L68W,0.1704,0.1704,2,1
AAACTGTGAGCTTATA,G102E,0.1704,0.1704,2,1
AAAGAAAGAATCGAAG,C155P K481N,0.1704,0.1704,2,1
AAAGTGTTGAACGGAT,Q218G R456N,0.1704,0.1704,2,1
AAATAACATTCACAGA,L344S,0.1704,0.1704,2,1
AAATAATAGATTTGCC,I15C S27I G34D H467A,0.1704,0.1704,2,1
AAATACAGCGACTGTC,I201E L469H,0.1704,0.1704,2,1
AAATAGCCTATGTATA,G98D F157M V164R,0.1704,0.1704,2,1
AAATAGGCGAATGCTA,I239F N390F R422L,0.1704,0.1704,2,1
AAATCCTTTAGAGAAG,S216P T281F L433C,0.1704,0.1704,2,1
AAATCGTTGCCAGAAA,M82K Y129E A152D I162D E418T,0.1704,0.1704,2,1
AAATGAAGTGTATAAC,H179L W283T R422Q H455G,0.1704,0.1704,2,1
AAATGACGTTTTGGGC,G98S G159N,0.1704,0.1704,2,1
AAATGCAAGAAGAAAG,N295I,0.1704,0.1704,2,1
AAATTCGGAATTAGAA,G98P H179N L387W,0.1704,0.1704,2,1
AAATTGCATAGCGAAG,A132V F147Y C475R,0.1704,0.1704,2,1
AAATTTACATCGACTG,D347L C364M V450*,0.1704,0.1704,2,1
AAATTTTTCAAAGACC,N178G N209A N224P E329D C475L,0.1704,0.1704,2,1
AACAACTAACTATTCA,K33D K63M,0.1704,0.1704,2,1
AACACTAAATGTAACT,V435*,0.1704,0.1704,2,1
AACAGACTACTCTCGG,I15G G45T,0.1704,0.1704,2,1
AACATACCACAACTAT,N74F C475Y,0.1704,0.1704,2,1
AACATCAAACCCTTTG,L469R,0.1704,0.1704,2,1
AACATGCGTTTTACAA,I137V N365T,0.1704,0.1704,2,1
AACATTAAACATACTT,H124C D130R G206V A299R S400L,0.1704,0.1704,2,1
AACATTTCAGGTGATC,N37W L61K,0.1704,0.1704,2,1
AACCACGTGAAGCGCT,L142* L387G S392C,0.1704,0.1704,2,1
AACCATAGGCTGTACA,T225L P383T K461G,0.1704,0.1704,2,1
AACCCCTTTGGGTCAT,D156P I411*,0.1704,0.1704,2,1
AACGAGCGATGTGGCG,C155* P383I C475M,0.1704,0.1704,2,1
AACGTCATATGGTATT,S60V S389V Q416*,0.1704,0.1704,2,1
AACTAACTACCCTCAA,E289R A297P,0.1704,0.1704,2,1
AACTCACGTAACGCCC,G34Y Q189F C212P G424D,0.1704,0.1704,2,1
AACTCGTGAGAACGCA,L23C I222L N319K P466V,0.1704,0.1704,2,1
AACTGATTAGATAAGT,L203Y M359P,0.1704,0.1704,2,1
AAGAAAAATTCAACCA,H230M F309W L449F K461I,0.1704,0.1704,2,1
AAGCTCGACGATTGAA,L23G M75G D229L R356K G378E F440S H457K,0.1704,0.1704,2,1
AAGGCGAATATCTAAT,M134L I162T R193M Q223P,0.1704,0.1704,2,1
AAGGTTAATAAATGAT,W264R A328G T438L,0.1704,0.1704,2,1
AATAAGCGACAGAATC,C41W Y219E I350M D401Y K465*,0.1704,0.1704,2,1
AATACGTCTACAAAAA,T274* K327Y,0.1704,0.1704,2,1
AATAGAGCTACAGAAT,L68Y D229N D311N,0.1704,0.1704,2,1
AATATAGGAGTTCAGC,Y200V I345H I411W S437I,0.1704,0.1704,2,1
AATATCTTCTAAACCA,S205I R256Q,0.1704,0.1704,2,1
AATCAATATTCATTAA,A177* S367G,0.1704,0.1704,2,1
AATCCCCTGCTGTAAA,Y253* K425V,0.1704,0.1704,2,1
AATTAACCTAGAAAAT,I4E G159D G240E I254*,0.1704,0.1704,2,1
AATTCATAGGCCAGGA,C86Y M192N D273I,0.1704,0.1704,2,1
AATTCGCTTAATTACG,L43K Y393*,0.1704,0.1704,2,1
AATTCGTGCAATTACG,S135*,0.1704,0.1704,2,1
AATTGTTATTAGATCA,S27L S169G A297L,0.1704,0.1704,2,1
ACAAGAGAAACTTAGT,C118S R193I D408S H448N,0.1704,0.1704,2,1
ACAAGAGACGGCTTCA,N74S H124R,0.1704,0.1704,2,1
ACAATAATACGATCCA,L29T C385Y I403V V485P,0.1704,0.1704,2,1
ACAATGATCTTAGGGT,H13K N295F Q405N,0.1704,0.1704,2,1
ACACAATCAACCTTAA,L349K D432G,0.1704,0.1704,2,1
ACACATCTATTCTATG,L315K K461*,0.1704,0.1704,2,1
ACACCTCCAATATACG,N99D N319K W386L,0.1704,0.1704,2,1
ACACGTAAGCATTAAC,G277C,0.1704,0.1704,2,1
ACACTATATTAATGTT,N89F W264K W489S,0.1704,0.1704,2,1
ACAGCTACTTGAGACT,T59* L120M Y217T I474K,0.1704,0.1704,2,1
ACAGTAAAATCACCAA,M75A M153T K488V,0.1704,0.1704,2,1
ACAGTGGAGAATATCT,N158Y M194N N346M,0.1704,0.1704,2,1
ACATACCCCATCGAGC,L35Q,0.1704,0.1704,2,1
ACATCCATCGGTTACC,L120* R235S S269R S389R,0.1704,0.1704,2,1
ACATGATGTGAAATTG,S171V R248L D402F H455Q,0.1704,0.1704,2,1
ACATTTTACACATAAA,S91D A173Q V183* W196N P464A,0.1704,0.1704,2,1
ACCAAGCAAGACTATC,L133T M214L Q348R T377P,0.1704,0.1704,2,1
ACCACAACTTACACCT,L46N A173T S205T,0.1704,0.1704,2,1
ACCACGAATAACGTGG,G42F L142R S205Y N295K,0.1704,0.1704,2,1
ACCAGCATAGATTTTA,T274* C364Q,0.1704,0.1704,2,1
ACCCACGCCTGACAAA,N89S S135L W196Q L259P K461S,0.1704,0.1704,2,1
ACCCATAATGAGGTTC,C180V W227N P236T G460Y K481S,0.1704,0.1704,2,1
ACCTAATCTATTCAAA,A39N S60I G240Y,0.1704,0.1704,2,1
ACCTAGAACGATAGCG,L84F E100R C364E M414L,0.1704,0.1704,2,1
ACCTCATATTGCCCTC,E104* F399G L449F,0.1704,0.1704,2,1
ACCTCTTATTATTACT,G34H S111P S135P E151H S199F,0.1704,0.1704,2,1
ACGAATCACAACTATA,I136L K161E Q165S A176I D273F,0.1704,0.1704,2,1
ACGAGACCTGTGCGCG,S216T L344K,0.1704,0.1704,2,1
ACGATAAGAGATGTTG,M134L P238L W264G,0.1704,0.1704,2,1
ACGATAGTGAACAAGT,E104R I113K,0.1704,0.1704,2,1
ACGCCGGACCTTTAAG,G54F L188Y,0.1704,0.1704,2,1
ACGGAGATATAGCAAT,M82I K88N,0.1704,0.1704,2,1
ACGGGTTAGATCAGAG,F8D M194I W210S,0.1704,0.1704,2,1
ACGGGTTCTCTATACG,K116R D175N V183M S400T D432S L442H,0.1704,0.1704,2,1
ACGGGTTGCATCGCGG,H230Y G260Y M414K,0.1704,0.1704,2,1
ACGTAAAATAACATAA,E104R H179L,0.1704,0.1704,2,1
ACGTAGAAAAGGAAAA,L51W A173E D306G,0.1704,0.1704,2,1
ACTATTGGATTCCGGC,T77G S143H H467D,0.1704,0.1704,2,1
ACTCCATCCTTGCAGC,I24Y K481A,0.1704,0.1704,2,1
ACTGCATTAAAGTACA,,0.1704,0.1704,2,1
ACTGTTAAATTTGTAG,T6C V97Q K116T C180I S269G H305Y,0.1704,0.1704,2,1
ACTTAAGATAAGTACT,L32E S444N,0.1704,0.1704,2,1
ACTTTCGGTACGAACG,L51H N114L N127L S199W Y369L,0.1704,0.1704,2,1
ACTTTGTTTACGAATA,A25Y W283Q T375S,0.1704,0.1704,2,1
AGAATGCAGGGAGTAA,I361P,0.1704,0.1704,2,1
AGAATGTGGGTCTCTA,V97L S163H N302K N470S,0.1704,0.1704,2,1
AGACCAGACGACGTCC,L220S T412L S444L,0.1704,0.1704,2,1
AGACGACTCTGCCGAT,G98A Y241K Q406S,0.1704,0.1704,2,1
AGAGTAAACTTGGCAT,K161P D273A S476I,0.1704,0.1704,2,1
AGATAAACATGTAATT,L51G R55F K481Q,0.1704,0.1704,2,1
AGATAAGCCTAATTAG,G45R Y172V G206V H305N,0.1704,0.1704,2,1
AGATACGCTCAAGCAC,I445A,0.1704,0.1704,2,1
AGATAGATCAACATGA,F49S T58* G102* T139D M359T,0.1704,0.1704,2,1
AGATATCGCTGCGTTT,G208T R422G,0.1704,0.1704,2,1
AGATTGACAATAAGGG,G2L Q223V V459*,0.1704,0.1704,2,1
AGCACCATTGGACATA,L23D L51R A176C T380Y Y441L,0.1704,0.1704,2,1
AGCCATACCCCGTTCT,E104G E289* D357V,0.1704,0.1704,2,1
AGGAAGATGTAAAAAC,T101L Q165* N395*,0.1704,0.1704,2,1
AGGAAGGGAAATACGT,Y200V Y480V,0.1704,0.1704,2,1
AGGAGAGCATGTGAAG,G271R Q482P,0.1704,0.1704,2,1
AGGAGCACAATTAATC,L387Q L430S,0.1704,0.1704,2,1
AGGTGTGAACATAGCG,C292Y K490L,0.1704,0.1704,2,1
AGTAACTACACAGTGC,E72K,0.1704,0.1704,2,1
AGTACCTCTGGGAGAA,I239P,0.1704,0.1704,2,1
AGTAGTGTATAATCTC,G34F M192R T377M,0.1704,0.1704,2,1
AGTGCGAATAGGAGGC,N185* C212F E396D K465S,0.1704,0.1704,2,1
AGTGTATAAACACTTA,G277*,0.1704,0.1704,2,1
AGTGTATCCACGGACC,A340*,0.1704,0.1704,2,1
AGTGTCCACATCAAAG,L78G N185L C231I,0.1704,0.1704,2,1
AGTGTGTAAGTTATAA,E418K,0.1704,0.1704,2,1
AGTTAAATGAAACGAG,C155R,0.1704,0.1704,2,1
AGTTAGCGATTTTCCA,I21* L220Y H305M A407H,0.1704,0.1704,2,1
ATAAAAAGCGTAGGTG,N302K,0.1704,0.1704,2,1
ATAAACTAGAGTGAAA,M75G L120R L220V Y253K,0.1704,0.1704,2,1
ATAAATAACATGAATG,E10G C86V,0.1704,0.1704,2,1
ATAACAGTATGAACCA,F318I N390S,0.1704,0.1704,2,1
ATAAGCCTGGTCACCA,M153L N185D K384R,0.1704,0.1704,2,1
ATAATATTTCTTTCGT,A288K,0.1704,0.1704,2,1
ATAATGATACCCGTAC,M19*,0.1704,0.1704,2,1
ATACATGCCTGGACCT,K291M Y393T D408V,0.1704,0.1704,2,1
ATACCGCTCAAATAGT,L128F N390W R491*,0.1704,0.1704,2,1
ATACTGTAATATGAAC,A184N C364Y,0.1704,0.1704,2,1
ATACTTGTACTTAGAA,K88M H305Y,0.1704,0.1704,2,1
ATAGAACATAGTCATA,S60L Q218D C364P D408I,0.1704,0.1704,2,1
ATAGGAAACAAATACG,W210I G294E,0.1704,0.1704,2,1
ATATACCGTACCCTGG,Q321N L382E S444F,0.1704,0.1704,2,1
ATATAGTCCTCACTAC,N109S S246V N390Y,0.1704,0.1704,2,1
ATATCACAACCAAGGT,M82A Y172V D306L,0.1704,0.1704,2,1
ATATCTCCACAAGCGC,F318S,0.1704,0.1704,2,1
ATATGGTAGGAATGTA,V97F L120Y G391L G484R,0.1704,0.1704,2,1
ATCAAGTGGAGTTCTT,V31A N319R,0.1704,0.1704,2,1
ATCAATGAAGTCCACC,,0.1704,0.1704,2,1
ATCACAAATTTGAAGA,L32* L103Y T249E N342S,0.1704,0.1704,2,1
ATCCCTTAACCTCACT,G54R W210L H467Q,0.1704,0.1704,2,1
ATCGGTTCCGATTGTA,G197D L259P,0.1704,0.1704,2,1
ATCGTAGTCCATGACA,S85G,0.1704,0.1704,2,1
ATCTCACATTAAACCT,E270M N353K,0.1704,0.1704,2,1
ATCTCGGAAAGCTTGC,D347F L442I S476I,0.1704,0.1704,2,1
ATGAATTTAAGCAATT,I15T W196T N409V Y480K,0.1704,0.1704,2,1
ATGAGGGGTAGCACCT,S85F N99M L133Y S135P T377R H471T,0.1704,0.1704,2,1
ATGAGTAGATTCTTGA,I4S D122W Q247A I334E,0.1704,0.1704,2,1
ATGATGCTTGATCACA,T58V M420H,0.1704,0.1704,2,1
ATGCACCGCCAGCCGT,C53N C86F K116R M284R P466L,0.1704,0.1704,2,1
ATGCGCTTTCGAATAA,C118S G174V I334N C364Q,0.1704,0.1704,2,1
ATGGACTGAAGTTAGC,E104S K161L C301L,0.1704,0.1704,2,1
ATGTACCTGCAGATCA,I222D W227S P362Y,0.1704,0.1704,2,1
ATGTATCAGACATGCC,T81L,0.1704,0.1704,2,1
ATGTCGGACCATGACA,R193V S216N G271A M359R,0.1704,0.1704,2,1
ATTAACACATATTATA,H93*,0.1704,0.1704,2,1
ATTAACTCTTCCGAAA,F7G P12A R248K,0.1704,0.1704,2,1
ATTAAGATTCATACCC,N89K F316R A328S S381I,0.1704,0.1704,2,1
ATTAATATTCACAAGA,T101D G360R,0.1704,0.1704,2,1
ATTACCGAAACATGTA,C385H,0.1704,0.1704,2,1
ATTACGGATCAGACGG,Q405H,0.1704,0.1704,2,1
ATTATCATTACCAGGA,E100G I137R Q335L L349W P466S,0.1704,0.1704,2,1
ATTCAGAGAAAACTTG,,0.1704,0.1704,2,1
ATTCGTATTATGTAGA,H124C Q223* Q331P,0.1704,0.1704,2,1
ATTGAAACCAAAGACT,V22R L479Q,0.1704,0.1704,2,1
ATTGATAAGATACCGC,N79V N390*,0.1704,0.1704,2,1
ATTGGACAACATATAT,L103P,0.1704,0.1704,2,1
ATTTAGCCACAAGCAT,S121Y A202T H374A,0.1704,0.1704,2,1
ATTTTAAAACCAAAAG,N295I,0.1704,0.1704,2,1
CAAAAATAAATTATAG,N74H H92R,0.1704,0.1704,2,1
CAAAAATACCGTAGAC,L142E C279G,0.1704,0.1704,2,1
CAAAACACGGAAATAG,V97W N185H L313T M410E,0.1704,0.1704,2,1
CAAATATGCATTATAC,C86L,0.1704,0.1704,2,1
CAAATTGTACGTATTC,T48S S205P L220C L258K K490*,0.1704,0.1704,2,1
CAACATGATTATATGG,M82H A176V,0.1704,0.1704,2,1
CAACCATTCGTACCTA,D130V,0.1704,0.1704,2,1
CAACGTATTACTCACC,F147L Q218V W264* Y393H,0.1704,0.1704,2,1
CAAGCACATTATTACA,E17A A152* Y172L G197V C385E,0.1704,0.1704,2,1
CAAGCATCTGGATACC,G186R R256L T397V,0.1704,0.1704,2,1
CAAGTATCACGACCAG,R193L W227* W489F,0.1704,0.1704,2,1
CAATATAGAAAAACGC,S135V N158Q D311A,0.1704,0.1704,2,1
CAATCATCATCCTAAA,M1L S143L,0.1704,0.1704,2,1
CAATCTCTATCATAGT,R422M,0.1704,0.1704,2,1
CAATGCGGATATTTAC,N20L C86Y Y172R G484L,0.1704,0.1704,2,1
CAATTCTTTCTAAATC,L242T K339I,0.1704,0.1704,2,1
CAATTTTATAACACAA,F318L Y480F,0.1704,0.1704,2,1
CAATTTTTATTCAAAT,S246K K339A L433R,0.1704,0.1704,2,1
CACAGGTCTATCATTC,T110F,0.1704,0.1704,2,1
CACCAAAAGGGATAAG,I4T C57F S135P S163F D229A,0.1704,0.1704,2,1
CACGAGGAAAGGGAAG,Q69G T110L H374L,0.1704,0.1704,2,1
CACGATGCTGAGCATA,C86D V341C,0.1704,0.1704,2,1
CACGTAACCAATAAGC,T182K V298S,0.1704,0.1704,2,1
CACTAACTACGCAAAT,Q3E S333Q L344V M472Y P483S,0.1704,0.1704,2,1
CACTCTAAAATACAAG,E67L L259K,0.1704,0.1704,2,1
CACTGATTAGCTCATA,L46T L51W W283C E287N E308Y L336N,0.1704,0.1704,2,1
CAGAAACATCAATTTC,E17R W264E M414*,0.1704,0.1704,2,1
CAGAAATTCAATTAAA,T249P S255*,0.1704,0.1704,2,1
CAGATGCGCAAATCTG,E421C C475F Y480L,0.1704,0.1704,2,1
CAGCAATACAACGAAA,E100G Y129H K481P,0.1704,0.1704,2,1
CAGCTAAATCTCGTTC,I4S M82* Y200S E303H D311Y E418V,0.1704,0.1704,2,1
CAGGACTTGATTAAAA,F434S,0.1704,0.1704,2,1
CAGGAGTACCTTAACT,D156S D357Q,0.1704,0.1704,2,1
CAGGAGTTGCTAGATA,C57W,0.1704,0.1704,2,1
CAGGCCATATACCAAA,G186Q M194I,0.1704,0.1704,2,1
CAGGCGCTATACAAAA,F8P Q189L S389K,0.1704,0.1704,2,1
CAGGTGAAATTTACTA,Y129* V187S,0.1704,0.1704,2,1
CATAAGAGCTTAGTAA,Y62S T101S Y200F T438W,0.1704,0.1704,2,1
CATACACATGGTGGTC,I21P S169M G360A D408M,0.1704,0.1704,2,1
CATACGGTAATATCCC,Q3L K125T N295P P464S,0.1704,0.1704,2,1
CATATCTAGATATGCC,,0.1704,0.1704,2,1
CATCTATAATTAATTA,N295H I443L,0.1704,0.1704,2,1
CATGAGGAAACATTGG,K300Q D347N,0.1704,0.1704,2,1
CATGAGGTAAAGCAGC,L43S K88T,0.1704,0.1704,2,1
CATGGCCTTACAACTT,C155E,0.1704,0.1704,2,1
CATGGTGCCTTGTGTG,T215*,0.1704,0.1704,2,1
CATTAAACAAACGAAT,H13N I345R T377L,0.1704,0.1704,2,1
CATTCTGCCCTTTTGG,E104T Y172E Y241V Y441T,0.1704,0.1704,2,1
CATTGTAGAAAGTCCG,K63L C118A,0.1704,0.1704,2,1
CCAAAGAACTCGACAA,N167A C231G,0.1704,0.1704,2,1
CCAACCGCGTTCCATC,G42S L50V W370E,0.1704,0.1704,2,1
CCACACACAAAGCAAC,F7R A407P C475K,0.1704,0.1704,2,1
CCAGAACGAACCGCGA,N74F V431*,0.1704,0.1704,2,1
CCAGAAGGTAAAATAA,Y129F T261L,0.1704,0.1704,2,1
CCATAGCATATAAGTA,V11T N89I K116* P453V,0.1704,0.1704,2,1
CCATCCACTTAACCCC,A195V G277* C364* K490L,0.1704,0.1704,2,1
CCATGCACGCTCCCCG,E104K P464Q,0.1704,0.1704,2,1
CCATGCCGTGGGAAAA,F7I S56I S135I A176V S367P L394K,0.1704,0.1704,2,1
CCATTATCTAGTTTCG,N90Y D156* D317E,0.1704,0.1704,2,1
CCCAACTCCATCTTCT,P238L,0.1704,0.1704,2,1
CCCACGAACGCTAATG,M1L N127P E270G,0.1704,0.1704,2,1
CCCAGTGTCAGTCGAC,,0.1704,0.1704,2,1
CCCATCCCCGGAATCA,G54A L61N C364K,0.1704,0.1704,2,1
CCCCCCAACGTCGCGA,L52G Y393*,0.1704,0.1704,2,1
CCGAAAAAGCGTGTTA,I113R L285G,0.1704,0.1704,2,1
CCGCCTTGTCAAAACT,H179S,0.1704,0.1704,2,1
CCGTTAACTACACAGA,A297H F399L,0.1704,0.1704,2,1
CCGTTACAAACGAATA,G64V A152V G159* E404T H471T,0.1704,0.1704,2,1
CCTAAAGATCTGACGA,G197L C301A,0.1704,0.1704,2,1
CCTAAATGCCGCATAG,C57R T70A G160V,0.1704,0.1704,2,1
CCTCAAGCCTACTTGA,L26S M214V D317Y,0.1704,0.1704,2,1
CCTGCTCGTAAACAAA,G64V N224F L266C V485F,0.1704,0.1704,2,1
CCTTAACCCCGGTTAC,P83E S169G C231N,0.1704,0.1704,2,1
CCTTTTACCCTTATAA,I4M N209T I239A,0.1704,0.1704,2,1
CGAAACAAGGAAGTCG,L103A A184S T426C,0.1704,0.1704,2,1
CGAATAAATGTATAAA,T139D L188P D408H,0.1704,0.1704,2,1
CGACAGATTCTCATCA,T261D S392F Y441I,0.1704,0.1704,2,1
CGACCCAAAAAGTGAG,I452A L469F,0.1704,0.1704,2,1
CGAGCAATCAGGATAT,G45* M192F L290* K490R,0.1704,0.1704,2,1
CGCACAGGATATTTAT,Y217C P236I T263N H455W,0.1704,0.1704,2,1
CGCTTGCCCCCAATGT,M19F S269K H305E N395F K481R,0.1704,0.1704,2,1
CGGAATTCTGCCATTA,Y363N,0.1704,0.1704,2,1
CGGAGTCATATAAAGA,R468P,0.1704,0.1704,2,1
CGGTAAATATACCGCG,A330F V435R,0.1704,0.1704,2,1
CGGTGAAAACAAATAA,L78P M134G I411F,0.1704,0.1704,2,1
CGTACAACGCCCAGCT,G42M S163* L280I I474M,0.1704,0.1704,2,1
CGTGGCTAAACGTCCG,N295L,0.1704,0.1704,2,1
CTAAAAATAGTGTAAA,T110R T438V L442P,0.1704,0.1704,2,1
CTAAAAATCTTTCCGA,E10H Q405K,0.1704,0.1704,2,1
CTAACTAACCCAAAAT,Q149L L285R I334* H354R D408V,0.1704,0.1704,2,1
CTAATCAGTGACATAC,I15T H92R,0.1704,0.1704,2,1
CTACCGCGCGGATATT,L51T M153L G186S W264P,0.1704,0.1704,2,1
CTAGCCATGCTAGGTG,S367*,0.1704,0.1704,2,1
CTAGCCCACGCTGTTC,M82E H467F,0.1704,0.1704,2,1
CTAGGTATTCTGGCGT,L120T L245M,0.1704,0.1704,2,1
CTAGTGTAAAGGAATG,N119K,0.1704,0.1704,2,1
CTATCAACTAGATCAT,G102Y I113K R207S,0.1704,0.1704,2,1
CTATCTTCAGCTTATT,N37* L61M L349V,0.1704,0.1704,2,1
CTATGCGCGTCGTCCA,A123V H141R S392N,0.1704,0.1704,2,1
CTCAAACGAGATTAAG,M82A S171C G198I I337T,0.1704,0.1704,2,1
CTCAATAGTTATGCGT,H13P,0.1704,0.1704,2,1
CTCACCATAGATTCCT,M96* G484P,0.1704,0.1704,2,1
CTCTAGAAATCGATTC,S138C Y200R L394M,0.1704,0.1704,2,1
CTGAAAAAACAGTGGT,T438K,0.1704,0.1704,2,1
CTGACCAAATGACTAG,L35T G206S I350N,0.1704,0.1704,2,1
CTGCCTGCAGCCAGTA,Y62* G160T C212W C475D,0.1704,0.1704,2,1
CTGCGGCGTGCTAGGT,E100L M410H,0.1704,0.1704,2,1
CTGGCAGTCCAAGCAA,L259T N390F,0.1704,0.1704,2,1
CTGTCGCAGAGGACCA,L51M L105S,0.1704,0.1704,2,1
CTTAAAGCATTGTTAA,M1S A202G R207I,0.1704,0.1704,2,1
CTTACACACTAAGGTA,G174D S234Y G260L G276S D306E,0.1704,0.1704,2,1
CTTATTATAAAGAAGA,C53N,0.1704,0.1704,2,1
CTTATTTAAAATACTT,S91R T101G,0.1704,0.1704,2,1
CTTCATCACCCGCAAA,T59M G159K Y172T C180* N395M M410K,0.1704,0.1704,2,1
CTTCGAAACTATGTCA,I112E M194C L203P T215I S333Q,0.1704,0.1704,2,1
CTTGAAGACAGTTTCT,V5C T274C D311I,0.1704,0.1704,2,1
CTTGGAGAGTTTTAGC,F8I L32D N178K G208S N342V R422T,0.1704,0.1704,2,1
CTTTGACATAAATGTA,C475L,0.1704,0.1704,2,1
GAAAAGAGTGTGTGAC,C364R G429I,0.1704,0.1704,2,1
GAAATAAAGTATTCTA,G54D M414R P453S,0.1704,0.1704,2,1
GAAATGCTCTCATACA,M1E L84T T274I,0.1704,0.1704,2,1
GAACAATTAGAGCGTG,Y129* I213L C385Y,0.1704,0.1704,2,1
GAACGAAACCGCATTG,A39E Y363L,0.1704,0.1704,2,1
GAACGAAGCATTGTAT,L51* T59S K125C V388S T397Y C463T,0.1704,0.1704,2,1
GAACTATAATAGAGGG,H141R S169F E228S,0.1704,0.1704,2,1
GAAGAAATACTCACAA,L50H E76W H131C G260F,0.1704,0.1704,2,1
GAAGAGTTATCAAAGA,H93L L105S N148T W210* E396C K490A,0.1704,0.1704,2,1
GAAGGAATAACTAAAG,G197E D251F R256S N470I,0.1704,0.1704,2,1
GAATACCCTGATTATT,T101S D311P,0.1704,0.1704,2,1
GAATGAAGCGTTACTG,C475S,0.1704,0.1704,2,1
GAATGAATCTATTATG,E151Y T412K,0.1704,0.1704,2,1
GAATGCGACTTTCCGG,A25W L103P G206I,0.1704,0.1704,2,1
GAATTAACTAGCAAGG,,0.1704,0.1704,2,1
GACACTGGACAAGTCA,I15F S437D,0.1704,0.1704,2,1
GACCAAGTTTACTATG,T58* C475P,0.1704,0.1704,2,1
GACCAATTAATTTAAA,H398L H457A S476R,0.1704,0.1704,2,1
GACCCCAAATTATCGC,L50R,0.1704,0.1704,2,1
GACCGATTACTCCATC,E228K G240H G473V,0.1704,0.1704,2,1
GACGCACGAGCTAATG,G2N L382*,0.1704,0.1704,2,1
GACGCTTTCTAACAAG,N167K Q223E L336Y R379T,0.1704,0.1704,2,1
GAGGCAAAAAACTGAT,Q165V S267N C364K,0.1704,0.1704,2,1
GAGGCAAATTGTATTA,V28* G208W G277Q,0.1704,0.1704,2,1
GAGGGGCTGACGGCAA,A25G L84D M214Q G260A,0.1704,0.1704,2,1
GAGGTGCCTAGCCTAA,H124I N158S N302S F316T L394S,0.1704,0.1704,2,1
GAGTAAATCAGGTAGA,L168A F233V P362L F399G,0.1704,0.1704,2,1
GATAGACAAAATTAGG,H93* R468M,0.1704,0.1704,2,1
GATAGCACTCTCAACA,T87P Y363L G391F D432L G478C,0.1704,0.1704,2,1
GATAGTCCAGGCGAGC,I221M G277V,0.1704,0.1704,2,1
GATATCCGGAAGATGA,P238H Y419T K488V,0.1704,0.1704,2,1
GATATCCTTTACGCAA,C155S I213F,0.1704,0.1704,2,1
GATCAAGTTACAAGTG,Y200C R235L I443T K481Q,0.1704,0.1704,2,1
GATCCACTATATGTTA,L32* L220I P238Y G277T G294R,0.1704,0.1704,2,1
GATCCGAGACTCCGAA,H179L I222F Q348S E396S,0.1704,0.1704,2,1
GATCCGTGTTCATAAA,S234Y L313I,0.1704,0.1704,2,1
GATGATGAAAAGGGCA,L43E,0.1704,0.1704,2,1
GCAAACGAGCATGCCA,E270V,0.1704,0.1704,2,1
GCAAGCAGATCTCTCA,M1W N89K N99G E228Y R235L,0.1704,0.1704,2,1
GCAATATAAACAACAC,C86V G197D,0.1704,0.1704,2,1
GCAATTCAGCTTAGGG,K116G N373*,0.1704,0.1704,2,1
GCAGCCAATGCTACGA,N185* F233*,0.1704,0.1704,2,1
GCAGGCACCAGTCCGA,H131L M192T N390Q P427M G484*,0.1704,0.1704,2,1
GCAGGTCCCTAAATTA,Q3E L133N N158F S199A,0.1704,0.1704,2,1
GCCAACATAAACGGCA,T87M V97I S154R T215V W283G L313V,0.1704,0.1704,2,1
GCCAATGAAAACCAAT,M214E N302S,0.1704,0.1704,2,1
GCCATGTTTCTTCGTG,M214* C301Y A343L,0.1704,0.1704,2,1
GCCATTTCCACGATCT,F446E,0.1704,0.1704,2,1
GCCCAACAGTTGGCAA,K291N,0.1704,0.1704,2,1
GCCTCTAGACGAAGAT,Y253N E308K,0.1704,0.1704,2,1
GCGAACTGACCACGAA,M1R S138Y E289L,0.1704,0.1704,2,1
GCGAATCACAGACAAT,L244H,0.1704,0.1704,2,1
GCGGACTTAAAGTCCG,L51* K161N S389R,0.1704,0.1704,2,1
GCGGGTTAGGGAATAA,V187Y T249N I334* L349K T426A M472S,0.1704,0.1704,2,1
GCGGTAATTATTAAAA,H92R L447N,0.1704,0.1704,2,1
GCGTTATGGATATAAC,Q406S C475P,0.1704,0.1704,2,1
GCTAAGGAAACACATT,L336S N353E,0.1704,0.1704,2,1
GCTACAGTCTCTTAAT,V164T M351I G391L L442Y,0.1704,0.1704,2,1
GCTATAATTAAAACCT,G277F,0.1704,0.1704,2,1
GCTCAAAAACCCTCCG,N89T W210G F233C,0.1704,0.1704,2,1
GCTCCCATGGCACGCG,H455E,0.1704,0.1704,2,1
GCTTACTGAATAGGCT,E100K T108M W196S G460P,0.1704,0.1704,2,1
GGAATTTGACTGTACC,F147G F293L Y363V,0.1704,0.1704,2,1
GGAGCATCCTGTCATC,N89S H93S T101H Y150N I239V T426*,0.1704,0.1704,2,1
GGAGTAACGACCTCTG,P383T,0.1704,0.1704,2,1
GGATAACAATTACATT,T375* K417P P466S,0.1704,0.1704,2,1
GGATATATACACCAAA,L105S T190K K368A N390T,0.1704,0.1704,2,1
GGATGTTGATCCTATG,H131N L433Y,0.1704,0.1704,2,1
GGCAGTGTCCCGCAAA,T215P S255T L382F,0.1704,0.1704,2,1
GGCGTCGGCTGGAGCT,L103D K272Y,0.1704,0.1704,2,1
GGCTCTGCGATAAAGC,T225S D311I Q416P K488F,0.1704,0.1704,2,1
GGCTTGAACTTAAGAG,L23T,0.1704,0.1704,2,1
GGGAGAAAAGATAAAC,C118I,0.1704,0.1704,2,1
GGGCAGACTACATATG,L103R A152V L285R,0.1704,0.1704,2,1
GGGTCAGTAGTTGAGC,T48G G54A S234D S269G,0.1704,0.1704,2,1
GGTAGCGTAACAATGA,I136A W210P W264Q K490N,0.1704,0.1704,2,1
GGTGAAAGCAGATTCA,E104F D156G W283I D432V,0.1704,0.1704,2,1
GGTGCAAACATAGATA,G2E F157Y Y363N N390L,0.1704,0.1704,2,1
GGTGTAATAGACTACA,Y150N Y393V,0.1704,0.1704,2,1
GGTTCTTATGTTGCTA,V183I S444C R468T,0.1704,0.1704,2,1
GTAAACATAACAGATA,E76G M194Q,0.1704,0.1704,2,1
GTAAAGTTAATGATCA,I162W D311P C475F,0.1704,0.1704,2,1
GTAACATAAGACAGAA,F140K H230T T281S G294W,0.1704,0.1704,2,1
GTAACTCAGAAAAATC,M75D R491W,0.1704,0.1704,2,1
GTAAGCTGCTATCAAA,H448P P486T,0.1704,0.1704,2,1
GTACACCTCAATAAAT,K125P M359Q,0.1704,0.1704,2,1
GTACATCGGATATAGC,G2S L142P W196E L258R,0.1704,0.1704,2,1
GTAGATACAGCGACTA,T454P,0.1704,0.1704,2,1
GTATTCATACCATCCT,,0.1704,0.1704,2,1
GTCAAACTTAAGCTTC,E104I,0.1704,0.1704,2,1
GTCAAAGGAGCGAAGA,G174Q L315M,0.1704,0.1704,2,1
GTCCTGCCACTACTAA,C118R L220A Y253K,0.1704,0.1704,2,1
GTCTAACGCCGCGGGT,A30P N167Y N319D P427A,0.1704,0.1704,2,1
GTGAACTACGATATAA,L78A P238Y,0.1704,0.1704,2,1
GTGCAGCATTATCATT,L61* M75K H141L F446M,0.1704,0.1704,2,1
GTGCGACAATCAAAGC,L203R K488F,0.1704,0.1704,2,1
GTGTATATGTTATCCT,T81N S143C K272R M312F,0.1704,0.1704,2,1
GTGTGAGTCCGGAAAA,Q3M C212T A343R S392Q,0.1704,0.1704,2,1
GTTATAAGCACAACAA,P464S,0.1704,0.1704,2,1
GTTCAGATCATAGGGA,S91L,0.1704,0.1704,2,1
GTTGCCTTACTACATA,E67V L107I I137T T215A A288G L355C,0.1704,0.1704,2,1
GTTGCTCTCCACGACG,S154Y N346V,0.1704,0.1704,2,1
GTTGGGATCCGACTAT,T58S L168P L203* G478L,0.1704,0.1704,2,1
GTTTACCCCGATATGC,S367P,0.1704,0.1704,2,1
GTTTCAAACCGAAGGA,H115V C463W,0.1704,0.1704,2,1
TAAAAACATCTAGTCC,N209D R256C D311T Y393V,0.1704,0.1704,2,1
TAAAATTAGAGATCAA,S60M N346M I403F M472D,0.1704,0.1704,2,1
TAAACACTGGCTATGC,L23*,0.1704,0.1704,2,1
TAAACGCACGTTTGCC,G186E D211N L245E,0.1704,0.1704,2,1
TAAACTCCGATCTGAG,M153Y S381T,0.1704,0.1704,2,1
TAAAGAATCTACAACG,S267I L344P E396H I445G,0.1704,0.1704,2,1
TAAAGGTATCACAGAG,T139S S267I P453L,0.1704,0.1704,2,1
TAAATATGGCAATTAA,V44* N89V V97S,0.1704,0.1704,2,1
TAAATCTGTGATAATC,V341L,0.1704,0.1704,2,1
TAAATGGACAAGTCTT,E67Y G206S P238F M359L V450M,0.1704,0.1704,2,1
TAACAAATAAGTTACA,N209S D251G V298L D432K,0.1704,0.1704,2,1
TAACATTCTAAAAGCT,D175V C279A,0.1704,0.1704,2,1
TAACGAGTTAACCGCG,L35S L133R L280T V487*,0.1704,0.1704,2,1
TAACTATCATTATTTT,G54* E104T S199L,0.1704,0.1704,2,1
TAACTTAAGACATAAA,G102T T182S Y200* L313M S333R,0.1704,0.1704,2,1
TAATAGAATTAATATT,N167M A195E C231S R248K,0.1704,0.1704,2,1
TAATAGCGAGATCCAA,W196C L242R,0.1704,0.1704,2,1
TAATCAAACGGATAGT,L103S E396V,0.1704,0.1704,2,1
TAATCATAATTTTATA,V298* T438W,0.1704,0.1704,2,1
TAATCGCATCTCCTGA,V341S R422A,0.1704,0.1704,2,1
TAATCGTGCATGGTAC,H124Y I222M Q232V L387F,0.1704,0.1704,2,1
TACAACCATACTGATA,N178I G260S F318I,0.1704,0.1704,2,1
TACAGATTGATAAAAT,P12S Y166Q V341F,0.1704,0.1704,2,1
TACATTATAGACACAC,A25V L245N F309V S462R,0.1704,0.1704,2,1
TACGGTAATTAGTATA,L336* Y369S,0.1704,0.1704,2,1
TACTAGTGTGAGTGCC,F117V H131L S143N G160Q L168I C212R,0.1704,0.1704,2,1
TACTCCACAAGATAAT,E418W K490S,0.1704,0.1704,2,1
TACTGTATAATGGGAC,T81N Q482E,0.1704,0.1704,2,1
TAGAATAAGATGAGAC,C475F,0.1704,0.1704,2,1
TAGACAGCAACTTGGC,V97N S199M C231Y S237*,0.1704,0.1704,2,1
TAGACTAACAGTATCA,G34Q A202L V459L,0.1704,0.1704,2,1
TAGCATGCATGACTTC,Q3K T139F,0.1704,0.1704,2,1
TAGCATGTAAATTTAA,T6S V341E K368Q T426L T454M,0.1704,0.1704,2,1
TAGCCGAAAATCATCA,L259Q N390S Q406D D432A,0.1704,0.1704,2,1
TAGTAACGACTGGACC,M153H P453W,0.1704,0.1704,2,1
TATACACATCTCTTGT,L52C L78A D306W,0.1704,0.1704,2,1
TATAGCAAATGCACAA,H457L,0.1704,0.1704,2,1
TATATCCGCCTAATAC,V11R L242T,0.1704,0.1704,2,1
TATATCGATAAGAAGT,I15R T110P S154H Q232M L315M,0.1704,0.1704,2,1
TATCAATTAACATCTT,S60A L382D,0.1704,0.1704,2,1
TATGACATTAAGCTCT,C41S T182M L220V,0.1704,0.1704,2,1
TATGATTAGGCGCTAA,N167V R356T,0.1704,0.1704,2,1
TATTAAAGGGAGCATA,L50E I474G,0.1704,0.1704,2,1
TATTGTCGCGGGGTTT,G102* T296*,0.1704,0.1704,2,1
TCAAAAACTCAGATTA,N74L R257A Q321* Y371H,0.1704,0.1704,2,1
TCAAATAACATAGATC,Q3* G102L R250V I254D N353V G378L L394F C477W,0.1704,0.1704,2,1
TCAAATTCTATTTATA,C118D V450M,0.1704,0.1704,2,1
TCAATCTTCGCTCCCC,G174T R207* V388W,0.1704,0.1704,2,1
TCACACAAATCCTCGG,E104P,0.1704,0.1704,2,1
TCACATAACAAGAGTT,S163F F316G,0.1704,0.1704,2,1
TCATAGCATTTTTTTG,Q348* L382G,0.1704,0.1704,2,1
TCATATTGACGAGAAC,L120S F440* V487R,0.1704,0.1704,2,1
TCATCAAAACTGAAGG,K33S T101S I162L F191A,0.1704,0.1704,2,1
TCATGTTAGAAGGTGA,C86Y G160K A176K R207G Y366L,0.1704,0.1704,2,1
TCCACCGGCGCACAAT,Y166T R356W T377V F434P,0.1704,0.1704,2,1
TCCCTCGGCAGAATTA,T110Q M134C,0.1704,0.1704,2,1
TCCTGAATAATCTAGA,Q232K F233G R248M P453R,0.1704,0.1704,2,1
TCGAAAAACATGTCGA,A328P K490V,0.1704,0.1704,2,1
TCGACTCGACGTCGAT,K352L Y441V,0.1704,0.1704,2,1
TCTACTATAGCGCCAC,G2V I222A C279V,0.1704,0.1704,2,1
TCTCCGACCCGAGAAT,T265W D357S C364W V431I H467Y,0.1704,0.1704,2,1
TCTCTGAACGTAACAG,G34N V47N,0.1704,0.1704,2,1
TCTGAATCAGGAATGG,C463*,0.1704,0.1704,2,1
TCTTGATTTATTATCT,V18F T412Y,0.1704,0.1704,2,1
TGAAGGACTACAAAGA,G186* R257S S389F,0.1704,0.1704,2,1
TGAATTCCTTAAAATA,Q9T L50P D311N C364F A407P,0.1704,0.1704,2,1
TGAATTTTACGTATGA,Q69F T263R,0.1704,0.1704,2,1
TGACACCGATAGAACC,V65A E104T S111Y C463I,0.1704,0.1704,2,1
TGACGCCGAAACGGAG,P238S L285T,0.1704,0.1704,2,1
TGACGGAAGTGAAATG,A322Q A340S S392H,0.1704,0.1704,2,1
TGAGTAAAAGAAACGG,F117D L245P K451D,0.1704,0.1704,2,1
TGAGTAACCGTACTAA,K125R C155W S163R S255H,0.1704,0.1704,2,1
TGATCAAAATCCAAAT,L61I C212K K481T,0.1704,0.1704,2,1
TGATCGTAAATTACGC,Q3R S60D N178G C385I,0.1704,0.1704,2,1
TGATCGTAACTCTAGA,T48K S216R T261H S269V L442A L449Q,0.1704,0.1704,2,1
TGATTTACACATTAGC,F7L G159W Q165S,0.1704,0.1704,2,1
TGCAAAGCTAAAATAA,Q3* A177T,0.1704,0.1704,2,1
TGCACAAATTCAAGAC,G186V S267T V431M,0.1704,0.1704,2,1
TGCACTTTGTGGGTAA,C477P,0.1704,0.1704,2,1
TGCGTACAACGCCGGG,R256T E287P K327P,0.1704,0.1704,2,1
TGCTATAGAGTCCGTA,Q3* H115V I239R,0.1704,0.1704,2,1
TGCTATGAGTACCCGG,N20I I112L M134R T296M C364A R456H,0.1704,0.1704,2,1
TGGAGACACGTTAGAC,L46W I136W,0.1704,0.1704,2,1
TGGAGACATTTACAAA,C155W G198E,0.1704,0.1704,2,1
TGGTTTTCCTGTTTCT,E100K C155S S199I,0.1704,0.1704,2,1
TGTAAAACTTTATGCG,I286E S439V,0.1704,0.1704,2,1
TGTATTCCAAACCCAG,T59L G277W D432S L449P H455Q,0.1704,0.1704,2,1
TGTGCCATCCACAATC,L50P,0.1704,0.1704,2,1
TGTGCTAGTCGCGGGC,S216V Y419K,0.1704,0.1704,2,1
TGTTGCGACCAACGAA,R248M L469N,0.1704,0.1704,2,1
TTAAAGAAGTTTCGAG,G54V K125H F191Y,0.1704,0.1704,2,1
TTAACAAAGTTGCGAT,L61F G240V,0.1704,0.1704,2,1
TTAACTACTAGTTTGT,V183L S255V W264V L382R,0.1704,0.1704,2,1
TTAACTGCTCTTGCAC,E151C,0.1704,0.1704,2,1
TTAAGGACAAACTAAG,D156L M359G,0.1704,0.1704,2,1
TTAAGGGTATCATAAT,Q165S I221C C279H,0.1704,0.1704,2,1
TTAAGTGCATACAGTC,V5F D156M G186P G260V F262A T412*,0.1704,0.1704,2,1
TTAATGAACAATCAAA,T40M S135L,0.1704,0.1704,2,1
TTACAAGAACTGCATT,N90M G378D P453F G473I,0.1704,0.1704,2,1
TTACATACACTAAAAA,H141F V164C,0.1704,0.1704,2,1
TTACCACATCTCCAGT,L43W E72F I254N T375M,0.1704,0.1704,2,1
TTACCTTTAAAAAAGC,T58C G64D Q69P G98L,0.1704,0.1704,2,1
TTACTCGTGCCAGGTT,S27R E72H,0.1704,0.1704,2,1
TTACTGCGGACATAAT,T249C N319*,0.1704,0.1704,2,1
TTAGAGGACATCTATT,N89V G391A K461L V485P,0.1704,0.1704,2,1
TTAGCCAGTTATTGAC,F7D F436V C475M,0.1704,0.1704,2,1
TTATATCTACCATCAA,H92* N119K,0.1704,0.1704,2,1
TTATATTGGCATACAA,L32Y T226*,0.1704,0.1704,2,1
TTATCAGCATGAACTG,T48P C86* Y172L,0.1704,0.1704,2,1
TTATCCACAAAACCTT,L43W K126M W264S,0.1704,0.1704,2,1
TTATGACATAATAGTA,F157T L242R K417L,0.1704,0.1704,2,1
TTATTTGCATAGACTA,A30T C57M D273S I337S E418R,0.1704,0.1704,2,1
TTATTTGTTTACCTCT,L68P,0.1704,0.1704,2,1
TTCAACTTGATCTACC,L71G G102V S143D N409L,0.1704,0.1704,2,1
TTCAATCGCCCAATAA,N79F S143Q S462A,0.1704,0.1704,2,1
TTCAGTATCAGGAATT,C155F S171G I334G,0.1704,0.1704,2,1
TTCCAAAGAGCGCTTC,S216T Q223H C475M,0.1704,0.1704,2,1
TTCGTAGTAAATATTA,F7R F157Y L220F E329G N353S,0.1704,0.1704,2,1
TTGCGCGACGTTTACA,Y200* Y241R L258C N295G P464N,0.1704,0.1704,2,1
TTGGGCCTTAGCGACA,G54V G197V G260S,0.1704,0.1704,2,1
TTGGGGGTTCCATCCT,V11L L107F,0.1704,0.1704,2,1
TTGGTACGCAACACGA,G206R I221Y E418D G424C,0.1704,0.1704,2,1
TTGTTTATACGGCTAG,H455P,0.1704,0.1704,2,1
TTTAAGTCGTACATCG,V44*,0.1704,0.1704,2,1
TTTCCTCGTTCAGAGG,L103N L259S G276R,0.1704,0.1704,2,1
TTTGACACCTACTGAC,I201M C475D,0.1704,0.1704,2,1
TTTGCGCTAATAAAAA,F49R A288M N409G,0.1704,0.1704,2,1
TTTGGGTGTGTGTAGT,Y62C L220Q T296N Q482K,0.1704,0.1704,2,1
TTTGGGTTACAAACCC,V388S N395F H457S,0.1704,0.1704,2,1
TTTTAGATTGTAGCAA,L128Q K320E N373R S392T F399A,0.1704,0.1704,2,1
AAAAAACAAACATGAC,V5M Y150G G160L T377S,1.0000,inf,2,0
AAAAACATCGCATTAT,T40Y T48C G181* F316Y L442C,1.0000,inf,2,0
AAAAAGAAGGATTAAG,I4S S27I I474Y,1.0000,inf,2,0
AAAAAGCTTTAACTTA,V14S L242S F309D,1.0000,inf,2,0
AAAAAGGGAAACCTAT,W196L D211C R356S,1.0000,inf,2,0
AAAACATCTAAAGGCT,Y393T,1.0000,inf,2,0
AAAACGAACACAAACT,L52S E67T,1.0000,inf,2,0
AAAACGCCAAACAAAT,T110L A177I C364K,1.0000,inf,2,0
AAAAGCACAGCTCAAC,H467E,1.0000,inf,2,0
AAACAAACTGTAAAAA,A173G I474G K490W,1.0000,inf,2,0
AAACAAGGCTGAGCTG,N127K R248G,1.0000,inf,2,0
AAACCAGAGACCAACA,E16L D357F,1.0000,inf,2,0
AAACGACGATTGGGGC,I213G H455R,1.0000,inf,2,0
AAACTTAAGGAAAAGG,A343T L442K,1.0000,inf,2,0
AAAGACCCATCACCAG,F440N F446*,1.0000,inf,2,0
AAAGCCCTTAACACGT,N90D N178M L245F F293Y T377I,1.0000,inf,2,0
AAAGCTCGAGACGCCA,G473S,1.0000,inf,2,0
AAAGTATGGGGTTTAC,I112K H179* S444H L469M,1.0000,inf,2,0
AAAGTCATTGAGAACT,V97D P466Y,1.0000,inf,2,0
AAATAAAAAACATCGT,Y366C S389V,1.0000,inf,2,0
AAATAAAACTTACTGG,D130L Q406K N409G,1.0000,inf,2,0
AAATAGAAACAATGGT,F8W,1.0000,inf,2,0
AAATGAATAACTTGAA,Y253K T281N,1.0000,inf,2,0
AACACATCAATCCGCG,R422T G484S,1.0000,inf,2,0
AACACCAAGAGATAAA,C118G V183Y L442R,1.0000,inf,2,0
AACAGTTTCCACAAAA,L105S I345L,1.0000,inf,2,0
AACATACATGAGTTAC,L258D C475S,1.0000,inf,2,0
AACATTACCTAAGCTG,H179K,1.0000,inf,2,0
AACCAAGAAATTATGA,L220*,1.0000,inf,2,0
AACCTGTCGTACACGA,V65H W370L,1.0000,inf,2,0
AACGACTGGTACAATA,I137W N365W,1.0000,inf,2,0
AACGTATCTCATTAAT,L266N H457Q,1.0000,inf,2,0
AACGTTCACATCGACA,H170M S444I,1.0000,inf,2,0
AACTCTAGTAGGCCCT,G54S Y371V,1.0000,inf,2,0
AACTGGAATATAGCTG,T87P K116N L245Y L394Y T426E V487F,1.0000,inf,2,0
AACTGTCATCCTTGGA,T106I T225H N390L C463W,1.0000,inf,2,0
AACTTAACCGCCCTAA,V47F L430F,1.0000,inf,2,0
AAGAACTATATGGCTC,L120T K327Y,1.0000,inf,2,0
AAGAATTGAGTAACCG,D306Y R456G,1.0000,inf,2,0
AAGACTAAAATCAATT,L326P C364A,1.0000,inf,2,0
AAGATAGCTAAACCTG,I15N H131L,1.0000,inf,2,0
AAGATTCAATCACTCA,E72W E303Q I337D S389F,1.0000,inf,2,0
AAGCAAAAATATAATA,E10S L349Y L442V G473N,1.0000,inf,2,0
AAGCCTACAATATTAA,T261V M420C F436Q,1.0000,inf,2,0
AAGCGAAAAAAACATC,E17D V22M C155Q N470C,1.0000,inf,2,0
AAGGAATCACACCGAA,L84S C301Y H374F,1.0000,inf,2,0
AAGTATAAAAGGGGGT,C57G I112N V459K,1.0000,inf,2,0
AAGTATTACCATTCAC,G240W T265K G391E,1.0000,inf,2,0
AAGTTCAATCCGGGCC,F49P N409H N470I,1.0000,inf,2,0
AAGTTTTACTATAAAA,Y129Q G240A Y363H,1.0000,inf,2,0
AATAACAACGTACTCT,E100Q I213E Y369T H374M,1.0000,inf,2,0
AATAATATCAACAACT,D204H L394P E413M,1.0000,inf,2,0
AATACTACACAACAGG,T77I H457I P483Y V487P,1.0000,inf,2,0
AATACTAGAACTTAAT,L61W K384E,1.0000,inf,2,0
AATACTTGGGAAAAAA,L23P S171C E303L,1.0000,inf,2,0
AATATAATTTCAACAA,V5N N74* A299* E307S,1.0000,inf,2,0
AATCCTAGTATCACTA,L68I N148G,1.0000,inf,2,0
AATGGTTCAAATGCAC,T215D W227L,1.0000,inf,2,0
AATTACTACTATGTGG,H230P,1.0000,inf,2,0
AATTAGCCATGTCGAA,Y219A S389T,1.0000,inf,2,0
AATTAGTCATTATAAT,H115Y I334E,1.0000,inf,2,0
AATTCAGCTAAATCCG,L50H W196* P453T,1.0000,inf,2,0
AATTCCATCGGCCCAA,N353K,1.0000,inf,2,0
ACAACAATTCTTTTTT,W210L G478V,1.0000,inf,2,0
ACAACAGAAGATTACA,A123* M192* K291T,1.0000,inf,2,0
ACAAGGGGGCTACGAA,I403K,1.0000,inf,2,0
ACAAGGTATTTGTACC,A25V R207H Y278* H374L C385H Y441E,1.0000,inf,2,0
ACAAGTATCGAATCGT,K33Y G277D,1.0000,inf,2,0
ACAATACGAAATAGTG,Y62D C475M,1.0000,inf,2,0
ACAATACTCAAGGATC,G2Y L103R R235L D273C I337L K465Y,1.0000,inf,2,0
ACACCGTTGTGCTAAT,E100V,1.0000,inf,2,0
ACACTAATTAATGCAT,L52V N89S G198D A202L P383L,1.0000,inf,2,0
ACAGACAAGATGAATA,Q149W W264G G277N,1.0000,inf,2,0
ACAGGTGAATGCTTCA,L188* I222L N365C G391S E418*,1.0000,inf,2,0
ACATAAAATCTATAGC,S163R L245N T376I S439N V450C,1.0000,inf,2,0
ACATGAACATTCTAAA,K63S L107F E329K,1.0000,inf,2,0
ACCACCCTTAGAAACA,I239P S267Q F446S,1.0000,inf,2,0
ACCACGTGTGCCGCTC,N90A I136G N148T,1.0000,inf,2,0
ACCACTGTAGTGTGCC,A39R E270V A299L,1.0000,inf,2,0
ACCATGCTGTAAGAAC,F49L S234D I254M P427K,1.0000,inf,2,0
ACCATGTGTTGAAACC,A132T T274C C310Q,1.0000,inf,2,0
ACCCAAAGGCTCCTAC,S27I L61Q R314D L336V,1.0000,inf,2,0
ACCGATAAAACGACTG,Y129*,1.0000,inf,2,0
ACCGCGTGATAGAATT,L103F D432T F440D,1.0000,inf,2,0
ACCGGAGTTGCGTGCT,F140G E287L R379T,1.0000,inf,2,0
ACCTGCCAACTATAAA,D432I,1.0000,inf,2,0
ACCTGTGAAATCCTCA,V14A N119S V164L Y363W P466H I474L,1.0000,inf,2,0
ACGAGGATCCGAGGAT,I239H P466A,1.0000,inf,2,0
ACGAGTACCATTTTAG,L50R G294R M351T,1.0000,inf,2,0
ACGTAAATTACAAGAA,V47R N224Y G460N,1.0000,inf,2,0
ACGTCCCTCCGAGGTT,,1.0000,inf,2,0
ACGTTTGAAGAACCTG,T77V Y371R D401V,1.0000,inf,2,0
ACTAGAAACTTTTACG,K368T N390D,1.0000,inf,2,0
ACTATCCGAATTAGCA,D156I M192G L259A V388L,1.0000,inf,2,0
ACTATTGAGGGATACC,F38S N390S P466C,1.0000,inf,2,0
ACTCTCACGTGCAGTA,I4E G64H F157V S163I,1.0000,inf,2,0
ACTTAGCCTAACACCC,H230F T438A,1.0000,inf,2,0
ACTTGAAAATTTTAAA,L105A H131G G240V Q416K,1.0000,inf,2,0
ACTTTAGAATGATCAA,L120S E404P,1.0000,inf,2,0
ACTTTCGATTGATGTA,T261N H467L,1.0000,inf,2,0
AGACTCTACCCCCACT,C180L S199Y L259Q,1.0000,inf,2,0
AGAGACGGAATTTTGA,L32E H131E I162K Y219C R256K,1.0000,inf,2,0
AGAGCATGAAATCCAG,Y129S C212R,1.0000,inf,2,0
AGAGCGGACAGTCTAC,I4L V11S V28D S135H N146Y,1.0000,inf,2,0
AGAGGTAGTTATAAAA,,1.0000,inf,2,0
AGATAAAGTAATTAAG,,1.0000,inf,2,0
AGATTAGCAAATTGAA,S91I H179I,1.0000,inf,2,0
AGCACATGATAAGGTG,A195R L415G,1.0000,inf,2,0
AGCATGGAAATACCTG,T48A T77K G102K G260K E329N,1.0000,inf,2,0
AGCCCGAATCCATCAG,M153E V450F W489L,1.0000,inf,2,0
AGCCTGGTTAAAATCT,C57Y,1.0000,inf,2,0
AGCTGATTAAGCAAAA,H398Q,1.0000,inf,2,0
AGGACTATTACCATAC,N224I Y441C C477G K481C,1.0000,inf,2,0
AGGCATATTGAAAGCT,G160H C180Y,1.0000,inf,2,0
AGTAAGACCGGCGACG,,1.0000,inf,2,0
AGTATTTCCATCTATA,T139A D175A C231R,1.0000,inf,2,0
AGTCATGAACGTGTAT,I24T A184P S269M G460L,1.0000,inf,2,0
AGTCCAAACAACACCT,G360T K481C,1.0000,inf,2,0
AGTCGAACCCGAAAGT,G2L D273I K451E,1.0000,inf,2,0
AGTTAAGAACATATAG,L73H S169R V183P D347M I403S,1.0000,inf,2,0
ATAAAGGCAATACAAG,H374R C477V,1.0000,inf,2,0
ATAATGGTAATCCATC,K304L,1.0000,inf,2,0
ATACAGTACGCCTCAA,N89* N119F A322I,1.0000,inf,2,0
ATACTGGTAATTTGTC,F157G R207W F440Y,1.0000,inf,2,0
ATAGAAGGCAACGGGG,I222L C231P T261N E404I,1.0000,inf,2,0
ATAGATTTATTATTGC,T6* R235Y K490T,1.0000,inf,2,0
ATAGCACCCATTCTAT,C57* M80A W227T,1.0000,inf,2,0
ATAGGTAAGACCTGAG,G64R L68F G181S T454R,1.0000,inf,2,0
ATATAACGTCCAACTC,E100K C180N G197T,1.0000,inf,2,0
ATATATTTGTCCAATG,L105R Y363V L442C,1.0000,inf,2,0
ATATGTAAAGAGCGTT,C310R Y363S H398K G424* P486A,1.0000,inf,2,0
ATATTAGATTCCTCGT,M96Y S121G Y129* R257G N302D I411V,1.0000,inf,2,0
ATCACAATTGTAGTTA,C86S G391M Q482W,1.0000,inf,2,0
ATCACACACCGGATCA,I162K K339L,1.0000,inf,2,0
ATCACTCAACTTTCAG,M194C P464*,1.0000,inf,2,0
ATCCACTTTAGATCAC,K33V K490H,1.0000,inf,2,0
ATCCAGAAACTTATAG,G208M Y393N E421S,1.0000,inf,2,0
ATCCCCCGAGTGACCA,L128N C155E M472I L479R,1.0000,inf,2,0
ATCCGAAGAAATAGAA,G54Q L168S T182G,1.0000,inf,2,0
ATCTTTAACTTGTCAA,I21Q H179M,1.0000,inf,2,0
ATGACCTTTCCTCAAA,L430S,1.0000,inf,2,0
ATGATGCGGTACCCTG,A39M Y94H P483*,1.0000,inf,2,0
ATGCAAAGTAGCATAA,S27Y M214T,1.0000,inf,2,0
ATGTGTATATGTTATA,T81P Y393Q,1.0000,inf,2,0
ATGTTTTTATAGAGAT,N89T,1.0000,inf,2,0
ATTAAATAACCTGAGA,T296Y C364Q,1.0000,inf,2,0
ATTAACCCATTGACCT,S169R Q189R I222L A297Y H374* P383F,1.0000,inf,2,0
ATTAACTATGTGGGAC,K63R H93L V183K K465*,1.0000,inf,2,0
ATTAACTTTTAATAGT,V187S,1.0000,inf,2,0
ATTAAGCGTAAAACCA,S163E F293V N302M H354R,1.0000,inf,2,0
ATTACAATCGAGAGTA,E76C C231M C385Y V435D P466I,1.0000,inf,2,0
ATTAGAAATAAACCCG,M1R V65* Y371M,1.0000,inf,2,0
ATTATGGACCCTTCAT,Q3K K384C,1.0000,inf,2,0
ATTCCGATCAGAGCGT,M134E T249Y T377M I445M,1.0000,inf,2,0
ATTCCTGACCGCTCAT,E104K R250M L394S,1.0000,inf,2,0
ATTGTACCAACAAATG,L61* T215V,1.0000,inf,2,0
ATTGTTGTTACGTTGA,I213L K272F H354R T375L P483H,1.0000,inf,2,0
ATTTTTAACACACCCA,Y66* C155G S163E,1.0000,inf,2,0
CAAACTATAAAGGACA,M1K Q189S L244C C279S M332S,1.0000,inf,2,0
CAAAGCTCAACTACGG,S389I H467K,1.0000,inf,2,0
CAAAGTCCTAAGTAAT,E104* T375A,1.0000,inf,2,0
CAAATTGGGGTATGAG,I445W,1.0000,inf,2,0
CAACAAACCAAGACTA,C53G L313H M472C,1.0000,inf,2,0
CAACAATACTAAGAAT,I136* A195T G208L I222L N338P,1.0000,inf,2,0
CAACAGAGGCGGCAGA,I162K Y172S,1.0000,inf,2,0
CAAGAACCAAAAATGG,T190L Y393S,1.0000,inf,2,0
CAAGCATTGACCTGCC,T87K G276* F399R,1.0000,inf,2,0
CAAGCCAATAATATTC,E67L L78H F140* I162P D229T L244G,1.0000,inf,2,0
CAATGTAATATATCCG,G378V,1.0000,inf,2,0
CACACACCTCGAATAA,L32P E151R N365I Y371C,1.0000,inf,2,0
CACACGGCTAACATAC,S27G L68A K339M T397S E418T,1.0000,inf,2,0
CACAGCTAAACATCGC,F293Y F316E,1.0000,inf,2,0
CACCACCTGTACACAA,G198L R468*,1.0000,inf,2,0
CACCCAATAAAACTGG,S85R I252A,1.0000,inf,2,0
CACCCCCTGAAACACT,C477G,1.0000,inf,2,0
CACGACACAGACAGGG,S246N L285Y L315E R379H,1.0000,inf,2,0
CACGTACCATTATGAG,C364Y,1.0000,inf,2,0
CACTATAGTCCCTATG,T426P,1.0000,inf,2,0
CAGAAAGGTCCGTTCA,L349M C385P,1.0000,inf,2,0
CAGAACCGAAGGTCAC,Q3K I137R A176V I358A N470S C475L,1.0000,inf,2,0
CAGAATAATTAAAGGC,N158C D311P S392I,1.0000,inf,2,0
CAGAGTTAGTGTTGCT,L315G D347H S462E,1.0000,inf,2,0
CAGCCCAACAATAAAA,Q9E M192S C301I R379A E404R,1.0000,inf,2,0
CAGTTCCTTAAAAATG,F157D G186M,1.0000,inf,2,0
CATAAACTATCTGTCC,S27N E228L K304T,1.0000,inf,2,0
CATATAAGACTTTTGA,F191I T225H R257M,1.0000,inf,2,0
CATGGGCAGACAGCAA,E17G C53G T110N L220Q L245T,1.0000,inf,2,0
CATGGTCAATAATAGA,E270R N346*,1.0000,inf,2,0
CATTTCTTACATACAG,L315G E396L N470I,1.0000,inf,2,0
CATTTGACACCATTAC,T58P,1.0000,inf,2,0
CCAACGCTGGCCAAGA,L61R,1.0000,inf,2,0
CCAAGTCGAGTAAACA,S169P,1.0000,inf,2,0
CCAATTTACATGAGTA,F7L L103D P464A,1.0000,inf,2,0
CCACCATCCGCTATTT,T58D G206H I403T,1.0000,inf,2,0
CCAGAACATCAATACT,D122I C310*,1.0000,inf,2,0
CCAGTACGATATTTCC,E16L T48H Q189S K300S I458*,1.0000,inf,2,0
CCATAAACACGTCCCC,I4S G206D,1.0000,inf,2,0
CCATACACAAACTCTG,S27*,1.0000,inf,2,0
CCATATAAAAGGGTCA,S143L,1.0000,inf,2,0
CCATGCGGACATTACC,G208S,1.0000,inf,2,0
CCATTCCGGACCCCAA,T87Y H179R Y278H,1.0000,inf,2,0
CCCAAACTAACTACCC,L220W,1.0000,inf,2,0
CCCAGACCAATTAATC,M1Q I162M S267I,1.0000,inf,2,0
CCCCAGGCCATTATTG,N90L S111L S163* M194I C292Y G360I,1.0000,inf,2,0
CCCGTGAAAATCAGTA,Q165P I254N,1.0000,inf,2,0
CCCTCTTCCTTTATAT,M153K,1.0000,inf,2,0
CCCTGACCTGATCAAC,M82A A195* F293G S367L,1.0000,inf,2,0
CCGAATCAGAGACCGT,K327* K488F,1.0000,inf,2,0
CCGTACACAGATAGTA,G34* T226L A288K,1.0000,inf,2,0
CCTAAAACGACTTCAA,V164E C180Y G478R,1.0000,inf,2,0
CCTAACTATTATAGCA,E228R I350* H448C,1.0000,inf,2,0
CCTATTATGGGGAAGT,M1V N209R,1.0000,inf,2,0
CCTTCTTTTTCCAAAA,C212G I252P W283Y K384C,1.0000,inf,2,0
CGAAATTGGACGAGAA,T6Q S27L T261V D432L,1.0000,inf,2,0
CGAAGCGTTCAATATT,W210L,1.0000,inf,2,0
CGACCATAGCACTGTA,Q3K C57S,1.0000,inf,2,0
CGAGCCAATTAATGTT,F309S R422L P486K,1.0000,inf,2,0
CGAGCTACACTATCGT,N295T Q331R V341R,1.0000,inf,2,0
CGATAAAGATATGTCA,S85I L133S D156Y,1.0000,inf,2,0
CGATGAATGGTCCCAC,L428F S462C,1.0000,inf,2,0
CGCCCACCCTACACAT,M82A L447I R456L,1.0000,inf,2,0
CGCGAAAACACTCCAA,T87R E104W L220D L259S C279L N319G,1.0000,inf,2,0
CGCGAGTATAAAAACG,L52R G276H,1.0000,inf,2,0
CGCGGATCACTTGCGA,T58* L120D L313P P362S,1.0000,inf,2,0
CGCTCATGCCGAACCT,F7P T139V,1.0000,inf,2,0
CGGCTTCAAAAAGCCC,N20S G160K D311E,1.0000,inf,2,0
CGTATGCGAAGATCCA,E100* F191A W196S W210V W370Y,1.0000,inf,2,0
CGTCAACTTGTAATAT,K125N S169P K465C,1.0000,inf,2,0
CGTCCCTTATACTGCT,L71Q E104A H471L,1.0000,inf,2,0
CGTGAACTCTGAAGAC,G64T H179T K451G P486F,1.0000,inf,2,0
CGTTCAGACAACGCAC,C57S E151N L168S E421Y,1.0000,inf,2,0
CTAAAAAAGAGACAGA,Q9R E228I F318L F399R,1.0000,inf,2,0
CTAAAAAATCCAAAAC,N146V C364T,1.0000,inf,2,0
CTATCTCCATTAGGAC,V47E G98N M153Y,1.0000,inf,2,0
CTATGAGCCAGACAAT,L428P,1.0000,inf,2,0
CTCAATGGACCCGAGT,M82T A202P W264T,1.0000,inf,2,0
CTCATACACAAAATAA,M19G C57I G181K H457L,1.0000,inf,2,0
CTCCCACGATAAGATT,H92M L336R,1.0000,inf,2,0
CTCGGTGAAGATACCA,G260F I443K,1.0000,inf,2,0
CTCTAATTTCCTAGGT,,1.0000,inf,2,0
CTCTACAAGTCAAGAG,N89M,1.0000,inf,2,0
CTGAACCGACACACGC,L51W L259E N373I,1.0000,inf,2,0
CTTACTAGACATATCC,L105F M194T I201K,1.0000,inf,2,0
CTTGGAAATGCATGCC,I95A S216L Y241C Y480*,1.0000,inf,2,0
CTTGGGCCCACACCCG,F233P,1.0000,inf,2,0
GAAAAAAGCAAGTTGG,L23* R314F T397Q,1.0000,inf,2,0
GAAAAAGGCGAACATA,H374P P383S,1.0000,inf,2,0
GAAAACGAACAAAGTA,F8H K88I I113Y Y200N T296I P486*,1.0000,inf,2,0
GAAACCTAAACCTATG,F157S G174L A195S Y200L,1.0000,inf,2,0
GAACCGGAAGAAAAAT,P427L,1.0000,inf,2,0
GAACTTTTCTACATAG,T6G F38P G160H R257G T274F,1.0000,inf,2,0
GAAGATGGCCAACAAG,I162K Y172S,1.0000,inf,2,0
GAAGCTAATCAAAAGG,K88Y Q247L S255I L415* H448W,1.0000,inf,2,0
GAAGGTCGACCAGCTA,T48R W210L S234F,1.0000,inf,2,0
GAAGTAAAGCGGCCAG,N158T T190A M414R,1.0000,inf,2,0
GAATAAAACCTAAAAA,A39S L51* F440S,1.0000,inf,2,0
GAATAGAAATGTACTT,L61K T106D T454G,1.0000,inf,2,0
GAATATGTCTAATTCT,Q3W S85C D122N Y200K,1.0000,inf,2,0
GAATTAGATAGGACAA,Y241I N302S D311N S333W P486S,1.0000,inf,2,0
GACAATAACGAGTAAG,L35E V47R,1.0000,inf,2,0
GACAGTACAACTGACG,S381Y,1.0000,inf,2,0
GACGGTAATTGTAAAG,F7R S199L V388G V435E,1.0000,inf,2,0
GACTATTGAAACATGT,V5H T87S C155F H354L,1.0000,inf,2,0
GACTTGAAGACGTGGA,D347S N390G H467L,1.0000,inf,2,0
GAGAACATGGAGTTTG,S135P Y172G S269L K339Q,1.0000,inf,2,0
GAGACAAGACAACTGG,M1V N109F A202S M312I Q324*,1.0000,inf,2,0
GAGCAATGTACAGAAT,G2K E76N S163T S199T,1.0000,inf,2,0
GAGCTTGAAGATGTGG,E100G L107S S135N,1.0000,inf,2,0
GAGGACACCGCGCATA,A173S H179F M214E T265Y,1.0000,inf,2,0
GAGGTTTACATAGTGG,G34I V47T A297T,1.0000,inf,2,0
GATAAATGCCTACACC,A39T G45D K465T,1.0000,inf,2,0
GATAACTAGATGAGAT,M153* P275I N470S,1.0000,inf,2,0
GATATAAATACTATGT,R55T L105T E151K A176Y,1.0000,inf,2,0
GATCAACCAAAAATAC,V47Y T101K V183D K327H,1.0000,inf,2,0
GATCAAGATAGTTGTA,K33* L71F T249R R282P,1.0000,inf,2,0
GATGAACTATCTGAAA,N158I P427H P466V,1.0000,inf,2,0
GATGATAGGGCCGAGT,F117L S163N T226N C364L,1.0000,inf,2,0
GATTAGCGGTCTCAGA,I136T M192F P464K,1.0000,inf,2,0
GATTTAACTATAGAGA,S237I N373A,1.0000,inf,2,0
GATTTCCCACAAATGT,E228V W386* L387Y F434E,1.0000,inf,2,0
GATTTGCCTACATCGA,S60E S199C D211L C231I P464T,1.0000,inf,2,0
GCAAGGAGACTACTTC,C212E L372K,1.0000,inf,2,0
GCAATGATAAACTCCA,H374I L433I,1.0000,inf,2,0
GCACTCCTCAAAGAAT,K88N A123P Y278C N390S,1.0000,inf,2,0
GCAGATCAGATGAATC,S143D W264I L315F,1.0000,inf,2,0
GCAGATCAGGATATCT,V65* L203G,1.0000,inf,2,0
GCATAAAACAACGAAA,E270G L344K,1.0000,inf,2,0
GCATAGACCTAATACA,R248P G294P A343C F399C V450S P466A,1.0000,inf,2,0
GCATAGCGATGCTAGA,M82L N158P E289R,1.0000,inf,2,0
GCATAGTAAACCTCCC,E151L G160A L245R K490F,1.0000,inf,2,0
GCCAAATGTAGATTAT,S91R L290G L428D K461R H471L,1.0000,inf,2,0
GCCATTACCTACTTGA,L26P F117N,1.0000,inf,2,0
GCGACGAAGTAATCCC,F262N Y366A,1.0000,inf,2,0
GCGGTAAGTGCAGCAG,E151R L188E I458H,1.0000,inf,2,0
GCTATGCTCCCGACTG,E76L G102L A330V,1.0000,inf,2,0
GCTCTACCGCTAAGAA,T58L Y219R,1.0000,inf,2,0
GCTTGCCACGATGATG,E418V,1.0000,inf,2,0
GGACACTTGGCTCACT,S163Q I411D G424R,1.0000,inf,2,0
GGACCCCTGAAGACTT,Q3L N99* H170Q,1.0000,inf,2,0
GGACCTGGAAATACCG,V431K,1.0000,inf,2,0
GGACGTGCCAAAATGA,P12L,1.0000,inf,2,0
GGAGAAAATTGACGGG,L43F Q232L G271N R356*,1.0000,inf,2,0
GGAGGTCCCGGGTCAA,F8P G181F L280P Y363V K425D N470L,1.0000,inf,2,0
GGATAGCTACAAAACT,Q3R F7L W196N Q247R,1.0000,inf,2,0
GGATATTCTTAACACC,G45E E151S,1.0000,inf,2,0
GGATTTATAGTTCTAA,E76A Y278* C385T,1.0000,inf,2,0
GGCAAATGATTATAGT,A39V G198D L372R,1.0000,inf,2,0
GGCAACTACCGACAAC,G2L V28G,1.0000,inf,2,0
GGCAATGATCTTCACG,Q405S,1.0000,inf,2,0
GGCACAGAACTCCTAA,M1Y M19F,1.0000,inf,2,0
GGCACCAAAACTCGAG,N158E G260P,1.0000,inf,2,0
GGCTGACGTACAGCAT,S56E T81* I113* W210C L326P Y480*,1.0000,inf,2,0
GGGACAACCCGCCAGG,S91C T376N,1.0000,inf,2,0
GGGACAGATCTGGTTA,V44K N119F,1.0000,inf,2,0
GGGCATTCCGTATTAA,G42C,1.0000,inf,2,0
GGGCCAATCTGACACA,G473L,1.0000,inf,2,0
GGGGGGTAAACAACAG,Q3L,1.0000,inf,2,0
GGTGTGTCCAAATGAG,R256G D273N K461L,1.0000,inf,2,0
GGTTATAAAGCTGAAA,G186C V435W,1.0000,inf,2,0
GTAACAATTAAATCGT,S269R N365R,1.0000,inf,2,0
GTAAGGAATCACTGTT,D156H Y172K K451S,1.0000,inf,2,0
GTAATGACAACACATA,I15S G429N,1.0000,inf,2,0
GTACCCTCTGCTCATC,V14* Q69A T215L,1.0000,inf,2,0
GTATAATATATGCCCA,L394R E418V K451M,1.0000,inf,2,0
GTATACTAGAGGTAGA,I4R,1.0000,inf,2,0
GTATCATCTATGACGA,L50F S199K V298Q W386* G391K,1.0000,inf,2,0
GTATTTTATATACGTG,I21P G98R G208* W489T,1.0000,inf,2,0
GTCAAGTTATCCTAAA,P83I V97R,1.0000,inf,2,0
GTCACCTGTAAAGCCT,N79T H93D K488Q,1.0000,inf,2,0
GTCAGTGAGCCAGAAA,Y219H I350N G391S M410S,1.0000,inf,2,0
GTCCGAGTTAACGAAT,I24R,1.0000,inf,2,0
GTCGATCAACACTAAC,G64L G102N N148I,1.0000,inf,2,0
GTCGGCATTGCGGGGA,K161F Y241N,1.0000,inf,2,0
GTCTGGTACCACCTCC,R55P A330- Q331- I411P,1.0000,inf,2,0
GTCTTGATACGAAATA,S199N L259K H471T,1.0000,inf,2,0
GTGAGTCGAAAAAAAT,G34P Y371H K481S,1.0000,inf,2,0
GTGCACACGGAATTAA,Y62* A152S I458V,1.0000,inf,2,0
GTGGGAAACACCAAAA,L68P A322V W489*,1.0000,inf,2,0
GTGTAAACGAACACTA,V47E D273S,1.0000,inf,2,0
GTGTGAAGCCAATGAA,T6S Y94I L103M,1.0000,inf,2,0
GTGTGTAAATAGAGAT,K125I H141V I221P,1.0000,inf,2,0
GTTAATGAACAGCATC,N99G K352N P466M,1.0000,inf,2,0
GTTACAACAAGTCGCT,G64S Y278* L415Y,1.0000,inf,2,0
GTTACCGCGATTCCCG,E104Y K126R Y371G T380A,1.0000,inf,2,0
GTTAGCACACAACTAC,M19K,1.0000,inf,2,0
GTTCCACCTCGACTCA,K465L,1.0000,inf,2,0
GTTCTATCGACCCAGG,M82W I452F S462* S476Y,1.0000,inf,2,0
GTTCTTTGAAAGCAAT,L133N V485F,1.0000,inf,2,0
GTTGAAAGCACCGAAT,Y150N R257E P362L,1.0000,inf,2,0
GTTGACCAGAAAACGC,F7G T376* S400R,1.0000,inf,2,0
GTTTCAGGACACAGAT,A173N T226V C475M,1.0000,inf,2,0
GTTTCATCCCGTCACT,L35P G260L Y278H F318L,1.0000,inf,2,0
GTTTTAATAAAGTACT,K88E N346L,1.0000,inf,2,0
TAAAATATTAAGATAA,N295H,1.0000,inf,2,0
TAAAATGTTGCAACCA,C53W V65R D175H Y366W S392T,1.0000,inf,2,0
TAAAATTTTTTCCAAC,T48I M82S T182N E270D Q405G,1.0000,inf,2,0
TAAACGGTGCTACCTG,F140G Q165T A173V W283V N302Y,1.0000,inf,2,0
TAACAACAAACAAACA,N167A C385T I411E,1.0000,inf,2,0
TAAGCACAGAAGCCGT,L259M A299H A340K L428N,1.0000,inf,2,0
TAAGGTCCTAAACAGA,V14R K461S,1.0000,inf,2,0
TAATATGTTAATACTT,Q3K W227Y N395K,1.0000,inf,2,0
TAATTATAAATAGACA,K126N S135P S462L K481P,1.0000,inf,2,0
TAATTCATAAAAGAAA,,1.0000,inf,2,0
TACAATATTGGAATGT,N295M,1.0000,inf,2,0
TACAATGACACATTTA,I4D N158Q F293L Y369*,1.0000,inf,2,0
TACAGAAGCTATTAGG,L372W,1.0000,inf,2,0
TACATGAACCGGCAGC,P83F Q165I M351R,1.0000,inf,2,0
TACCAGAACGGGACCA,S216T M410*,1.0000,inf,2,0
TACTACAAAACAAGAC,N224K R235G F293W C475Q,1.0000,inf,2,0
TACTAGAAAATGATAG,G2C N302C A343W,1.0000,inf,2,0
TACTCTTCTGCACAAT,M192G,1.0000,inf,2,0
TACTGAATATCTGTCA,L78P I137T D156S H305N,1.0000,inf,2,0
TACTTCACCAAATACT,T40I S135Q,1.0000,inf,2,0
TACTTTGAATAATCGG,T59S N89I A123N G160A M194K T376*,1.0000,inf,2,0
TAGAATGTGTATTGTC,L73Q H398W Y441I K481Y,1.0000,inf,2,0
TAGACCCTTTAAACCT,C41E R379A,1.0000,inf,2,0
TAGACTAGGATCGCTT,N90V L259G,1.0000,inf,2,0
TAGAGAGCAAACAGCC,G64S E303*,1.0000,inf,2,0
TAGCAATTTAAGGTTA,A30I Y200W K272I N373D L382R L433Y,1.0000,inf,2,0
TAGCCGGCAAACGCCT,C364S,1.0000,inf,2,0
TAGGACAATGTAGCAG,V14R E100D S169I C475D,1.0000,inf,2,0
TAGGCGAGAGACAATG,R325I L336V I361N G484V,1.0000,inf,2,0
TAGGTAACGTCAAGGC,D311S N373E T380S,1.0000,inf,2,0
TAGTTGAGAGCGACTC,K126T F293Q N395K,1.0000,inf,2,0
TAGTTTCACATCGCAA,Q3Y V97M Y129H L258W,1.0000,inf,2,0
TATAACCCCGCCGGAG,N346M,1.0000,inf,2,0
TATAAGAGCGACAAGG,C41Q L415Q,1.0000,inf,2,0
TATAGCAAAGCATTCT,V44M R468W,1.0000,inf,2,0
TATAGGCATAATGGTT,L107* S216V,1.0000,inf,2,0
TATCGGAAACAAGTCG,K425M H457R,1.0000,inf,2,0
TATTTTATTGGTAGGT,T58S C212E,1.0000,inf,2,0
TCAACATGCATCAAGT,F147S S154N N209R I221A P238M E418K,1.0000,inf,2,0
TCAACTACATAGGCCC,T110L W370Q E396A,1.0000,inf,2,0
TCAATATGACACGCAA,C301V F316K,1.0000,inf,2,0
TCATTGAAGCTCAGAC,T48* E151I E228T K481Q,1.0000,inf,2,0
TCCGACCATCGAATTA,T108N Q232R P236D A328L S400L,1.0000,inf,2,0
TCCTGAATTACAACTA,H457N,1.0000,inf,2,0
TCCTGAGACAGTCAAT,D156F K352G,1.0000,inf,2,0
TCGACGCACTCACAAA,Q3S F318V,1.0000,inf,2,0
TCGACTGTTCCTCGTG,L51S N114R E303G,1.0000,inf,2,0
TCGATATTACGGGACG,L50R T426A,1.0000,inf,2,0
TCGATTACAAATTACA,C180F,1.0000,inf,2,0
TCGCATGGCGTTAGAA,,1.0000,inf,2,0
TCGCCTTGCCCTACCG,H141K Q149F,1.0000,inf,2,0
TCGGGCAACAATGATA,V28L Y66V I112S S154R,1.0000,inf,2,0
TCGTAGCAGAAGGGAC,E17K K63E N146L N346G S444E,1.0000,inf,2,0
TCTAAGTCTTTCTTCT,L107Y Y217A T281I K488T,1.0000,inf,2,0
TCTACACTGGAGAGAA,F309P W489*,1.0000,inf,2,0
TCTGTAAGAGTTTACC,G2A L68K S462N,1.0000,inf,2,0
TCTGTCCTACCGGCCT,C364T,1.0000,inf,2,0
TCTTATAGTGTCTACT,L46R,1.0000,inf,2,0
TCTTTCCGGGCCACGC,K88H H467N,1.0000,inf,2,0
TGAACAATAAGAACAA,W227M I337T C385H,1.0000,inf,2,0
TGAATACTGTGTGACT,W227L C292D,1.0000,inf,2,0
TGAATCGGGCCCTATG,K291S,1.0000,inf,2,0
TGAATGCATACCTCAG,R193Q N319A,1.0000,inf,2,0
TGAATTGAAAAAAATC,F233E L469D,1.0000,inf,2,0
TGACCTGAACACAAAC,V11R S199*,1.0000,inf,2,0
TGACGATGGACATTTA,C212Y S333Y V450K,1.0000,inf,2,0
TGACTTACCCATAACA,T106H Y172K I254* R422H,1.0000,inf,2,0
TGAGAATGTGTGGGAT,D347R E418T,1.0000,inf,2,0
TGATAGTGGTAACGGT,C155P G208H H305Q H398R,1.0000,inf,2,0
TGATGCCATAGTCCGC,H13Q H92V I222R L469S,1.0000,inf,2,0
TGCAGTTCTGTACACA,G34M L73P G429W,1.0000,inf,2,0
TGCATCCTTCAAGCTG,C475N,1.0000,inf,2,0
TGCTAATAACATACAT,S246N M312I,1.0000,inf,2,0
TGCTCGTGAACAATTA,L61E L259V T412N,1.0000,inf,2,0
TGCTCTCAATCAACGA,K488*,1.0000,inf,2,0
TGGATTAGTGACAAGT,V28N L51E Q149H E404G P483L,1.0000,inf,2,0
TGGCAGCATCTAACTA,I334V K339R H457M,1.0000,inf,2,0
TGTAAAGTAAAGCTTA,,1.0000,inf,2,0
TGTAATAAGCGCGCAA,Q3L A173L G260Y H455L,1.0000,inf,2,0
TGTCAATTGCTAGACA,V47M S135M L382P,1.0000,inf,2,0
TGTCACTCTACAACCT,C57Y Y62* T397L,1.0000,inf,2,0
TGTGGGGATCATAAGA,W283* M351I,1.0000,inf,2,0
TGTGGTCTTTCGCTTG,L313A T376L,1.0000,inf,2,0
TGTGTTATCGTAGATG,N74S S437G S444G H455R R456G K461R R468G N470S Y480C K481G K488E K490R,1.0000,inf,2,0
TGTTAAAGTTCAACCT,K339*,1.0000,inf,2,0
TGTTCATACTTGTACA,E104M S367L,1.0000,inf,2,0
TTAAAAACAGTCAGCC,F7R G98T I323K L349A,1.0000,inf,2,0
TTAAACTTTACTAGCC,E307N V435D,1.0000,inf,2,0
TTACAAACTCACCCTA,T87L N319D V485E,1.0000,inf,2,0
TTACATATGTTCCTTG,C86T,1.0000,inf,2,0
TTACTATATAACAAAT,S121T I144* A288L A343Q,1.0000,inf,2,0
TTAGCGTGGCTTAGCA,L142E S163I L430E,1.0000,inf,2,0
TTCCGTCTTTAGACTA,E308F,1.0000,inf,2,0
TTCGCAGATACGAAAT,V47N E72N G186R Y366W,1.0000,inf,2,0
TTCGCCATAATTCTAG,T70N K125E M332N F399I,1.0000,inf,2,0
TTCTATCTTCCTTGAG,R356W W489R,1.0000,inf,2,0
TTGAAACCATATATAC,L258*,1.0000,inf,2,0
TTGAAACGAGACAAAC,V164G R193K G240I M284Y H471D,1.0000,inf,2,0
TTGAACCATAAGGACG,L43G S269R K272F H374* L394H,1.0000,inf,2,0
TTGACTGTTTGAGGAA,F49H M284R T438M,1.0000,inf,2,0
TTGACTTCTTCCAACT,G197* E228W V435A,1.0000,inf,2,0
TTGATCATCTTTCCGT,E104R T274N S400F L428W,1.0000,inf,2,0
TTGATGCGCTTAGCAA,L50V H170P N470T K490V,1.0000,inf,2,0
TTGCTGCAGAATTCTA,T87Y C385Y L469F,1.0000,inf,2,0
TTGGAAGGTGGCACAG,S154* S199H G378T T438E,1.0000,inf,2,0
TTGTAACTGACCATTA,V44T Q247T N373F V459E,1.0000,inf,2,0
TTGTACCGAATTGGAA,G64A M153W C155N G277C C364P,1.0000,inf,2,0
TTTAAAAAGAATCCAA,G64A,1.0000,inf,2,0
TTTAACTTGCCCATTG,Q69G I144V Q348R P464A,1.0000,inf,2,0
TTTAGTTACCAAGACA,G98R Y166W C212H P486T,1.0000,inf,2,0
TTTATGAGTCTGAGTA,T81S C463T C475F,1.0000,inf,2,0
TTTCCTCCCAATAGTA,C118L L133C E228L Y253P N409T,1.0000,inf,2,0
TTTGGAGAATCGGGAC,G64C H170L C180V,1.0000,inf,2,0
TTTTCGAACATAGGCA,T101L L128T C463G,1.0000,inf,2,0
CGCGCAATGGACATGG,N409A,0.0000,0.0000,1,1818
CCGCACTCCCTACTTC,D156S T226R,0.0001,0.0001,1,1690
AAATAATATTTATAGA,M134K Y166M G197* L344R,0.0001,0.0001,1,1595
ATACAGTATTTGACAG,K161M,0.0001,0.0001,1,1500
ATCCTTGACACTTTCA,I21V H131L,0.0001,0.0001,1,1468
CAACCCCTATACGAAG,Q218S,0.0001,0.0001,1,1336
AGTGACTGATTCATTA,,0.0001,0.0001,1,1303
TCGGGAGTTCTGAAAC,,0.0001,0.0001,1,1227
CTGCTTATATAACTTG,T296K E329R,0.0001,0.0001,1,1194
ACATGTCAGTATGCAC,G54N,0.0001,0.0001,1,1186
GTTCCGAGTGGAAACT,,0.0001,0.0001,1,1124
CCCAAATATAGTTCAT,L32C,0.0001,0.0001,1,1120
AATACCTCACTTGACC,,0.0001,0.0001,1,1106
TCTAGGAACAATCTCA,,0.0001,0.0001,1,1085
GAGAAAGTCCTGATTT,,0.0001,0.0001,1,1073
CCTACAGAGAGTACTA,,0.0001,0.0001,1,1065
TAGATTAGACCCATAG,V164M,0.0001,0.0001,1,1041
CCGTGAATATCGTAAG,T106V,0.0001,0.0001,1,1039
GAATCGAGTGACTACC,G198S L290Q,0.0001,0.0001,1,1018
GTCCTGAAAAATAATA,N390T,0.0001,0.0001,1,976
GCGGTCAAGATATCAA,,0.0001,0.0001,1,971
GAGCACTACGACGAAA,L120M P483L,0.0001,0.0001,1,938
CAATAGTTCTAGCTGA,N90G D156I,0.0001,0.0001,1,933
CATATGGAATCTTATT,,0.0001,0.0001,1,930
CTAAATCGAGCTCTAA,I334H,0.0001,0.0001,1,919
GTAGGGCCTAGTTCTG,,0.0001,0.0001,1,918
ATTGAATATACACTGG,E104L,0.0001,0.0001,1,908
GACATCTAACAGAGGC,F38L Q69H L245I G276V,0.0001,0.0001,1,893
TTATGACTTGGAGACA,G181L,0.0001,0.0001,1,870
CCGAATGCAATGCGTT,,0.0001,0.0001,1,862
CAAATGGTGATTTTGT,,0.0001,0.0001,1,858
CATGCCTGTGAAAGTC,R207M I222L T274I,0.0001,0.0001,1,855
ATACTTATTGCCAAAA,,0.0001,0.0001,1,853
TGCTGGCAAAGGATCC,,0.0001,0.0001,1,846
TATGGTGATAATCATC,,0.0001,0.0001,1,843
GCACCCATTGACCTAC,F147Y M284Q,0.0001,0.0001,1,837
CGAATACCCTGGAGTA,S199V,0.0001,0.0001,1,832
TCCATCGGGATCATTA,,0.0001,0.0001,1,829
CTGATATCCTTCGTAC,E151F,0.0001,0.0001,1,821
CAAAACCCCCCCTGAA,V187I M194L R207L,0.0001,0.0001,1,819
CAAAGAATTGATCACC,E104G,0.0001,0.0001,1,819
TAGTTAAATGGATGGA,G174F M194I,0.0001,0.0001,1,818
AACTGAATTTTTAGAA,K417D,0.0001,0.0001,1,816
GCAATTATAACTGTAT,C41S G181Q A407S,0.0001,0.0001,1,811
AGTCGAAAAAATAGAA,Q223S,0.0001,0.0001,1,799
TAGGTTACAATATATT,S56C,0.0001,0.0001,1,792
GTATCCTAACTACTAG,,0.0001,0.0001,1,778
CTCTCTCTAACCTGCT,L394I,0.0001,0.0001,1,776
TTTTGGCGGTAACAAC,T296H,0.0001,0.0001,1,776
TCTCCAGATACTGTAA,G54D S216T,0.0001,0.0001,1,763
ATTTATTGTCGACTCC,R235C,0.0001,0.0001,1,756
CCAAGAACGCAACTTG,V5F,0.0001,0.0001,1,752
CTACGAGTTTAGAATG,A173G,0.0001,0.0001,1,749
AAACGCGGGCTCTCTG,,0.0001,0.0001,1,748
CACGAAAGTAACATGG,,0.0001,0.0001,1,727
TGCATTACTCAATGGA,,0.0001,0.0001,1,727
TACAAAGGGTGTGAAA,I334G,0.0001,0.0001,1,726
CTTAGGGGACCTCGAG,,0.0001,0.0001,1,725
CCATGGTTTAATAGAA,Q149A A202V,0.0001,0.0001,1,720
CCTTCTACACGATTAC,,0.0001,0.0001,1,720
AACTTGAGATGCACCT,A132V,0.0001,0.0001,1,710
CGATTAAAGGGAAACG,S269G,0.0001,0.0001,1,708
TACCGCAGATGACACG,,0.0001,0.0001,1,699
ACCAAGAAAATTCAGC,M19I Q247Y K481G,0.0001,0.0001,1,696
CAAGGGCTAGGGGACT,S138V,0.0001,0.0001,1,691
AACTTGTTTGTGGGAC,,0.0001,0.0001,1,688
AATTTTACTAGACATT,T110C A299V,0.0001,0.0001,1,686
GCCATTTCCTCGCTAT,K161I,0.0001,0.0001,1,684
GGACACCTTGAATATA,S246G S476C,0.0001,0.0001,1,681
TTCCCACTTTATAGGC,H179S T274A R314N,0.0001,0.0001,1,676
GCATTCAAAACTAACC,,0.0001,0.0001,1,675
AGAATGTAAATAATAA,H124Y,0.0001,0.0001,1,672
TTAATAAAGTGGTGAA,R193W R379S,0.0001,0.0001,1,672
CGCAAAAGAACAGTAT,,0.0001,0.0001,1,669
AATAAGAAATGGAAAA,S255H,0.0001,0.0001,1,666
TCGGATTGCATGCCCA,,0.0001,0.0001,1,666
AAAACCTTGGTCCCAC,,0.0001,0.0001,1,665
AGCGGCACGAAACCTC,S171G,0.0001,0.0001,1,664
CAAGGTACAAATTATA,,0.0001,0.0001,1,663
CACAGTCACCGTTTGA,A25I,0.0001,0.0001,1,663
AAGAAATATGTATAGG,R282C,0.0001,0.0001,1,659
AACTGGAAGATAAATA,K339Q,0.0001,0.0001,1,656
CCCGCTTACTTTAGAT,,0.0001,0.0001,1,652
AACCCCAGGCTGTACA,I112S,0.0001,0.0001,1,651
AAGATATATTTAACGG,N146A,0.0001,0.0001,1,650
GTCGCGAACATACTAG,V28W,0.0001,0.0001,1,645
AAGCAAGTTAGTCACT,,0.0001,0.0001,1,639
TCATTAACCCAAAGCG,,0.0001,0.0001,1,635
GATACGCAAATAAATT,,0.0001,0.0001,1,631
ATAACATCGAACTGTG,S56Y Y253K,0.0001,0.0001,1,630
TTCGCCGAATAAATTC,,0.0001,0.0001,1,629
ACCGCGAGTGTCACGG,,0.0001,0.0001,1,622
CTTCCAATATCTTTCG,,0.0001,0.0001,1,620
TGCCAGCATTAATAAA,E76Y,0.0001,0.0001,1,616
GATAACTAAATTAAAA,,0.0001,0.0001,1,615
AAAACACGGAAACAAA,,0.0001,0.0001,1,612
TAATGCCCGAGCCAAC,,0.0001,0.0001,1,612
CAACTATCAGTTGACT,T59N,0.0001,0.0001,1,609
TAAAAACCTGATGCCC,E151C H179N,0.0001,0.0001,1,607
TCACACTCAACCTTTT,N209H H305G D402N,0.0001,0.0001,1,606
CAAATATGCCTTATCG,L128T,0.0001,0.0001,1,605
GCTACTAAAATCCTCA,H170L,0.0001,0.0001,1,605
AGGCTTTTGAGCTTTA,I221M T375S N390K,0.0001,0.0001,1,601
GTTTCCCACGTTTATG,G260H,0.0001,0.0001,1,601
TTAAGCCAGCAAATAA,I443V,0.0001,0.0001,1,601
AGAAGCATCCGATATA,,0.0001,0.0001,1,600
CAGATCAAGAATGTAG,I252K,0.0001,0.0001,1,596
GATGGACGGCGTATGC,V65A,0.0001,0.0001,1,596
GTGAATAACTGACATT,G429S,0.0001,0.0001,1,593
TAATCCGGGTAGTAAC,,0.0001,0.0001,1,592
ATTCAAACTAGAATTC,G198S M214T,0.0001,0.0001,1,590
CGGCACCCCGAAAGCA,,0.0001,0.0001,1,589
CCACATATATTGTAGG,,0.0001,0.0001,1,585
ACATACGAAACATCTT,M19V R207P,0.0001,0.0001,1,579
TTTGACAAAAAACTAC,L203V P236S,0.0001,0.0001,1,579
CGGCGCAATAGCTTTT,,0.0001,0.0001,1,578
TTCACCGGGTAACCCT,,0.0001,0.0001,1,578
TATTTTGGTAATGTTG,,0.0001,0.0001,1,574
GAAGGGAACCGTTTAG,S169L,0.0001,0.0001,1,571
TATAAATATTTCCGAA,,0.0001,0.0001,1,570
AACTTATTCAACTATG,N373T,0.0002,0.0002,1,567
CTAACCTAGTTAAAAG,,0.0002,0.0002,1,566
TAAGGCACGTGCCCGT,,0.0002,0.0002,1,565
TGTACGCACCCAAGAC,T70D,0.0002,0.0002,1,563
AAGGAAGTTATTCTGA,D211M,0.0002,0.0002,1,562
CCTCTACCTTGAGAGA,I474L,0.0002,0.0002,1,558
AATAACCGAAGTAACC,G240M,0.0002,0.0002,1,557
CCAGGAAACTCTGATC,M194G M420I,0.0002,0.0002,1,556
CCCGAATAGGAAAAAC,,0.0002,0.0002,1,553
ACACTAAAAGCCGGGG,,0.0002,0.0002,1,552
TCCACTCCACCATAGC,,0.0002,0.0002,1,552
GAAGCAGAAAAAACGA,M284T,0.0002,0.0002,1,551
ACTCATTCTACTGATG,S171N,0.0002,0.0002,1,548
ACCAAAATTGGATGCG,,0.0002,0.0002,1,546
ATTAAAAAACACCGAA,S111H,0.0002,0.0002,1,546
AATATATATCGATAGA,,0.0002,0.0002,1,545
TGCAGTCCATGAGCAA,F233Y,0.0002,0.0002,1,543
ACTGGAAGCCGAAAGT,H305L T397S,0.0002,0.0002,1,542
GGAATGCTCGTTTCCA,,0.0002,0.0002,1,537
GTAGCCCTTCAACTGA,,0.0002,0.0002,1,536
ACAGAAGATCGGTGAA,,0.0002,0.0002,1,533
CTGAACTGTCTCGAGC,K126M G186T,0.0002,0.0002,1,533
TCATTAATGGAACAAG,I201Y,0.0002,0.0002,1,532
CCCCAAAACACAACTA,,0.0002,0.0002,1,531
AACGTTGATAATATAG,A407Y,0.0002,0.0002,1,529
ATTAACACGGAGACAG,N90T I334M R491K,0.0002,0.0002,1,529
TTAAAACAGTACGGAA,,0.0002,0.0002,1,529
AGACTTCCCAACGATC,G391F,0.0002,0.0002,1,528
AAAAATGAATCCCCAA,Q324R,0.0002,0.0002,1,523
AACAACATTTGACCAG,,0.0002,0.0002,1,523
AACGGATATGAGCCAT,S333G,0.0002,0.0002,1,523
GTCTAAGCTAAACTAA,A173P,0.0002,0.0002,1,521
TAACAAAGTTGCAAGA,I458V,0.0002,0.0002,1,521
CAAATGCACATTCGAT,P486S,0.0002,0.0002,1,520
GCCGGGTCAACATTAA,,0.0002,0.0002,1,520
CGTATTCCTCAGACAA,,0.0002,0.0002,1,518
TCAACATCCCCGTAAT,E67V N395K,0.0002,0.0002,1,517
TACGCAGACTATCTAC,T426L,0.0002,0.0002,1,516
TACGATACCATGAAAA,,0.0002,0.0002,1,515
CTTCACGGTCATGCAA,T296H,0.0002,0.0002,1,514
AACACTGAATTAACCC,N119E,0.0002,0.0002,1,512
GAGCACTCGCTAGACA,N390G,0.0002,0.0002,1,510
ACTACGACCTTACCAA,G206S K272A,0.0002,0.0002,1,507
ATAAGACTATCCACCC,S169L,0.0002,0.0002,1,507
AGGGAAATAGTCAACA,F117Y M194T S205Y,0.0002,0.0002,1,506
TGTGTACAATCCAAAC,L105Y,0.0002,0.0002,1,506
GCGCCGACTACATCAC,F8L N90V I252F,0.0002,0.0002,1,502
CATAGTCCACTGTGTA,A202E,0.0002,0.0002,1,500
GACGAATTTAAGACAC,L128S,0.0002,0.0002,1,500
ACTGACAAAGAACTTC,G174S W210N Q247L,0.0002,0.0002,1,499
ATCATTGTAACAGTTT,R248A,0.0002,0.0002,1,496
AGTCCGCTAAAGGACG,S237F,0.0002,0.0002,1,495
ATGTATTACAGCAGAG,K33S N89R,0.0002,0.0002,1,494
AATTAGAATAAGCGGA,E228K,0.0002,0.0002,1,491
TGCTTCTCCACAATCG,,0.0002,0.0002,1,491
TACAGATTGCATTGTA,N79K D273N T296F A299S,0.0002,0.0002,1,489
ATCGGTATTCAAATCG,,0.0002,0.0002,1,487
GCACTCAATAAACCAT,V388L,0.0002,0.0002,1,484
GGTAGATAGCAACCTG,I254K,0.0002,0.0002,1,482
AGGGCCTTACGATAAT,E413S,0.0002,0.0002,1,480
GGTAAAAACGAATAAT,I474Y,0.0002,0.0002,1,480
TACGTAAAAAGCCATG,S199W,0.0002,0.0002,1,479
CACAATAACCGGGCAA,I334K,0.0002,0.0002,1,478
AACAGCAGTGGAAGCT,,0.0002,0.0002,1,476
ATAAATTTACCAAATC,A407S,0.0002,0.0002,1,469
GATCAGGAGAAAGCGG,T261Q,0.0002,0.0002,1,469
ACCGCATAAGCGAACA,,0.0002,0.0002,1,468
CGGATAAATAATTAGA,,0.0002,0.0002,1,468
CGCACGATGGTCAAGT,,0.0002,0.0002,1,467
AGGATTAGGTATACCA,,0.0002,0.0002,1,464
GTCGTTGCGCTACATA,V298T,0.0002,0.0002,1,464
CACGAGTCAGATATTA,K88R S171I E287N,0.0002,0.0002,1,461
GCCATATCAATGCTAC,,0.0002,0.0002,1,461
GACCCCCCGTCGACAG,T274I A407V P486S,0.0002,0.0002,1,460
GTTTTAATCCATGATA,,0.0002,0.0002,1,460
TCGGTAATATAGTTTA,I15F D211N,0.0002,0.0002,1,456
AGAGGTCCTTAAATCT,E76V,0.0002,0.0002,1,455
AGCGTTATACCTCAAT,E270L M414V,0.0002,0.0002,1,453
AGGGAGACGTCAAAAA,K116N Y200N,0.0002,0.0002,1,451
ATATAGAGTGTAACAA,Q69R,0.0002,0.0002,1,451
AGTGAAAACAAAGTAG,A195M H471T,0.0002,0.0002,1,450
AGCGGGAAATTTACGG,,0.0002,0.0002,1,449
TTAAAGATAAGCTGCC,,0.0002,0.0002,1,449
ACCTCAAGTTTAAACA,L52F N127K V183T,0.0002,0.0002,1,448
GCCGTAAAAAAAGATT,N470S,0.0002,0.0002,1,448
CCTCTACCATCAACGT,T397D,0.0002,0.0002,1,446
ACAAAACCAAACGTCC,Y441M,0.0002,0.0002,1,445
GTATGATAAGGAGTAA,V47A K161H,0.0002,0.0002,1,445
ACGCTAACAATATATT,,0.0002,0.0002,1,443
CACAGTAAGGTGAAAT,,0.0002,0.0002,1,443
TGTTAACGTCAAAGCT,,0.0002,0.0002,1,442
AGACGCTACCGTACGA,I113L S205Y,0.0002,0.0002,1,441
CGTTATAGAGGGGAAG,A330W T397N,0.0002,0.0002,1,441
TAATGCCATGCGTTAC,,0.0002,0.0002,1,441
ATACCTCCCCCAGCGG,,0.0002,0.0002,1,440
TGCCGCGTTATATCTC,T87R I201P,0.0002,0.0002,1,438
ATAAATACGCGTCCCA,,0.0002,0.0002,1,437
GGCCCGTAAAAAAGGA,C53N T108L,0.0002,0.0002,1,437
AATTAAGGGAGGTATA,,0.0002,0.0002,1,435
AAGCAGAAGATACATG,,0.0002,0.0002,1,433
CCAAGCACCATCGTAC,T106L,0.0002,0.0002,1,433
GTAAGATCCACCCTAC,,0.0002,0.0002,1,433
ACAAGGTTCAATTAGG,Q232P,0.0002,0.0002,1,432
CGAAGTACATAGGTTT,I286V,0.0002,0.0002,1,430
GAGCTGGGAATTCTTG,G206H,0.0002,0.0002,1,428
CAAATCAATACATATA,V47F,0.0002,0.0002,1,427
CTCCGTTTTATAAACC,M82V E270V L394I,0.0002,0.0002,1,427
TTTTGCTCGCATTGCA,I334T M472L,0.0002,0.0002,1,427
GAGGTGGTCGAAATAT,,0.0002,0.0002,1,426
GAGTGCCACCGTGGAG,,0.0002,0.0002,1,426
ACCGGGGCATAATGCC,,0.0002,0.0002,1,425
TTAAAGGAACGTTGTA,T87R S171D,0.0002,0.0002,1,425
TGGCACTAAAACATGG,,0.0002,0.0002,1,424
TGTGACATGACATAGG,V65G E329F,0.0002,0.0002,1,424
ACGAAGTGTAACCTCA,F316Y,0.0002,0.0002,1,423
TAAGGCAAGGAAGTAG,S171F,0.0002,0.0002,1,423
AAGCCACTGATGCATA,N79K I136T,0.0002,0.0002,1,422
TGTATCAGGGCAAGGA,G206L S333P,0.0002,0.0002,1,420
GAATTATAACGGAATA,S60M,0.0002,0.0002,1,419
ATTCCATTAATATGCT,,0.0002,0.0002,1,418
AGAACGACGACTAAAT,,0.0002,0.0002,1,416
TCAATCCCCCTAGAAT,E287F K425V,0.0002,0.0002,1,416
TTCTATCCACGCAGTA,,0.0002,0.0002,1,415
AAACAAGTAGACCCAA,A288N,0.0002,0.0002,1,414
TGTTAGACACTATACA,,0.0002,0.0002,1,414
CGGATGGACCCTAGCA,I201Y D204V,0.0002,0.0002,1,410
CTATAAAGAGATTAAA,S246R,0.0002,0.0002,1,410
AAAGAATGAACCGCGT,G198S S333Q,0.0002,0.0002,1,409
AAATCTTGTTACTCAA,,0.0002,0.0002,1,409
AAGTGACAGTTCAGAT,E72D I221V,0.0002,0.0002,1,408
CAATAAACTGTTGATG,,0.0002,0.0002,1,408
CCATTGAAAGACAAAA,T182R,0.0002,0.0002,1,407
CTGTAAGCTACACACA,,0.0002,0.0002,1,407
CCAAAGGGAATGATAA,,0.0002,0.0002,1,406
TTAGGTGAGGCAGCGA,K352T,0.0002,0.0002,1,406
TTAGTCATACTCAAAT,S121Y,0.0002,0.0002,1,406
ACCAAAGCACAGACTA,,0.0002,0.0002,1,404
ACTTAATCAACCTCTA,C41S,0.0002,0.0002,1,404
CAAAGTACATCCTAGA,E16G I21Y,0.0002,0.0002,1,404
GAATGAAAAAGCCTTA,M284L,0.0002,0.0002,1,404
GATAATTTCTCCGTCC,E72N,0.0002,0.0002,1,403
TACGCTGCAAACAAAG,Q482L,0.0002,0.0002,1,403
CCCTGCATTAAAAGCG,T296H,0.0002,0.0002,1,402
GAGCATAATCCCCCAT,L133T,0.0002,0.0002,1,401
AAACCAATCAAACAGC,,0.0002,0.0002,1,400
TACCAGAACTGTACTA,K63V V487I,0.0002,0.0002,1,399
ACTGGGGCCCGCTAAA,L355V,0.0002,0.0002,1,398
ATAGAAGTATCATGAC,,0.0002,0.0002,1,398
ATGCCACAAAAGGACG,V459E,0.0002,0.0002,1,398
GAGGAAAACATCCTCT,L61I T110W N390D,0.0002,0.0002,1,398
TATGGAAGGACATACA,E67L,0.0002,0.0002,1,398
TTCAAACTAAAAACAG,L133S,0.0002,0.0002,1,397
TCTTAACCGGCCCTTC,E421K,0.0002,0.0002,1,396
AAATGTGGTAAGAATC,,0.0002,0.0002,1,391
AAAGGTCGTTGTTTTA,S476F K490R,0.0002,0.0002,1,390
CAATTAGGATGAAGTT,L26A,0.0002,0.0002,1,390
CTCACAAGCAATGCTC,G198C,0.0002,0.0002,1,390
TTTCGTGACATAAAGA,,0.0002,0.0002,1,388
AAAAAGATCGATCACA,,0.0002,0.0002,1,387
ATCAGACCAAAATGCC,,0.0002,0.0002,1,387
TCAACGGTGATACCCG,,0.0002,0.0002,1,387
TTACAGATTAATAAAA,I4V,0.0002,0.0002,1,387
CCTCCGACTCTCTTAG,T274Y,0.0002,0.0002,1,386
TGTTATGTTTAAACAA,,0.0002,0.0002,1,386
AATTGGCCTAATCGAC,,0.0002,0.0002,1,385
TGTTACACGAAAGCCT,,0.0002,0.0002,1,385
TTGTGTTCCAAAAGTA,,0.0002,0.0002,1,385
ATTCAAATAGACCAAA,,0.0002,0.0002,1,384
CATAAGACGGGACAGC,Y363S,0.0002,0.0002,1,383
CCTTAACTTTACATAC,G276T,0.0002,0.0002,1,383
AGTCAAGTGATAACGA,A173S E396V,0.0002,0.0002,1,382
TAATAACAGCAAACCC,W227S S389T,0.0002,0.0002,1,381
TTATAAAATCACACTG,A177T,0.0002,0.0002,1,380
ACCTACCGTTCATATA,T58M S267G T274D,0.0002,0.0002,1,379
TCAACAGACACATAAC,,0.0002,0.0002,1,379
GACCGAAACCGCCATT,L32S D408N,0.0002,0.0002,1,377
CGCGAACCTCCCTCAC,Q149L K272R,0.0002,0.0002,1,376
TTGAACTTTTGTATGA,D251G Q331L,0.0002,0.0002,1,376
TACCTGGACACCTTAC,A173I N373S,0.0002,0.0002,1,375
CCGGTGCTATTCACTA,N119G D229K,0.0002,0.0002,1,374
TGCTAACGTGACGATT,P236S T281Y,0.0002,0.0002,1,373
CTGAATATCGCATGAC,Q218I Q423H,0.0002,0.0002,1,372
TGCTCATAGTACACAG,F147T T261Y I474K,0.0002,0.0002,1,372
AGAAAATCCTGCATCA,N20S L469I L479M,0.0002,0.0002,1,371
CACATAACCAAATGGA,,0.0002,0.0002,1,371
CAGTGACAATGCACTG,G484F,0.0002,0.0002,1,371
CGATAGAAAAGAGGAG,I334L,0.0002,0.0002,1,369
ACTGCTTGTTCGGAGA,S444T,0.0002,0.0002,1,368
ACATGAATGTATCAGA,N209I A299S,0.0002,0.0002,1,367
TATGTCTCTGGAACTT,,0.0002,0.0002,1,366
ATACCCCGCATCCTGA,E100P,0.0002,0.0002,1,365
GGGAGAAGGTGCATGT,,0.0002,0.0002,1,364
GTTACTACTCTACACA,E228W,0.0002,0.0002,1,364
TGCGGGATCCAAGGAA,V31F,0.0002,0.0002,1,364
AAAAGCTCAAGATAGT,,0.0002,0.0002,1,363
AAACGATCTAAAACTT,S205E,0.0002,0.0002,1,363
AACCATAAAAATATTT,,0.0002,0.0002,1,362
ATCGCCTTCAACCTCA,I221V,0.0002,0.0002,1,362
TTGGAGGGCGTCATGC,T380V,0.0002,0.0002,1,362
AAGGTCCCTTGTTGCA,,0.0002,0.0002,1,361
TTCGTCCTAATGACAA,I443A,0.0002,0.0002,1,359
AAATATGAAAAATCGT,,0.0002,0.0002,1,356
AACCTAATGAAGATAA,,0.0002,0.0002,1,355
ATCTAATTTACCCTAT,,0.0002,0.0002,1,355
CGTACCGCGTGCTAGA,R193W M414S,0.0002,0.0002,1,354
ACGTGAACGGCCCAGA,,0.0002,0.0002,1,353
AGTTGCTTCAAGAGTA,S138R G174V,0.0002,0.0002,1,353
TCTGATCCAATTAAAC,N342K,0.0002,0.0002,1,353
TAAGTAAAAGACACCA,,0.0002,0.0002,1,352
AGCAAGCTAAATCAAA,H13L G181N,0.0002,0.0002,1,349
CGTCAATTGTGACTCA,G424S,0.0002,0.0002,1,349
GAAACGTTGCCCTAAT,,0.0002,0.0002,1,349
TGTTCCCCAGACACAT,D130A,0.0002,0.0002,1,349
ACAAGAACACTGCACA,Q348C,0.0002,0.0002,1,348
ATTGGAACAATCGGTT,,0.0002,0.0002,1,347
AAAAAGCAATAAGAGT,S255I,0.0002,0.0002,1,345
AAACATACAGATTCCG,N90G,0.0002,0.0002,1,345
AGCTACCCGCGAACAA,,0.0002,0.0002,1,345
GGAACGCACCGATACT,,0.0002,0.0002,1,345
AAACATCTGAGAAAAC,,0.0002,0.0002,1,344
CTAAAAGTACTTAATT,T281R K417L,0.0002,0.0002,1,343
GAGGTGGAGCAGAGAT,L78N S246P W489K,0.0002,0.0002,1,343
TAAGAATACCGAACCA,,0.0002,0.0002,1,343
CTGGATGCCGAAATTG,,0.0002,0.0002,1,342
GAGCGCTCTACTTAAA,E270P N390R,0.0002,0.0002,1,342
TTAATCATTTACTACT,,0.0003,0.0003,1,340
AATTCGAAACTAACAG,T101A,0.0003,0.0003,1,339
CTATAGAATGCTCCTC,H230N,0.0003,0.0003,1,339
GTCGACCGCCCCAAAA,,0.0003,0.0003,1,339
AGACAGGGCTGTGTGA,F191Y,0.0003,0.0003,1,338
ACTCGATTTTAATCTC,A177F,0.0003,0.0003,1,337
AGAACAAAGAAGACAT,W210R E307Y,0.0003,0.0003,1,337
GTGGAGGACAACAAAA,F262V H398L,0.0003,0.0003,1,337
AACAATTGGTTTATAA,M472L,0.0003,0.0003,1,336
AAAGACACAGTATCTA,G294N,0.0003,0.0003,1,335
AGCAATATATTCATAG,Y278S,0.0003,0.0003,1,335
GCACTCGGGATGGTTG,Q69F,0.0003,0.0003,1,335
TTCTCAAAAGGTTGCA,Q482M,0.0003,0.0003,1,335
CGAGTTACCACACAAT,L244M K320C V485*,0.0003,0.0003,1,334
TCGCCGCAGTATCATT,T215V A288L,0.0003,0.0003,1,334
TTTTTGTATTCCATAG,L61F,0.0003,0.0003,1,334
AAAGAGGCGAAGACAC,S199L D251N P483I,0.0003,0.0003,1,333
CAGGGCATAAGATGTA,G98C S267G A328V,0.0003,0.0003,1,333
ATACTTTCCGGCAATT,L442S K461L,0.0003,0.0003,1,332
AAAATACCAATCATCC,,0.0003,0.0003,1,331
CCCTACAGCATGTAAC,,0.0003,0.0003,1,331
GTAGCAGGCAATGTAA,G54K L442I,0.0003,0.0003,1,330
TTTGTAAAAAAACAGA,H124Q D268N,0.0003,0.0003,1,330
GTGCACAGACTTCAGT,,0.0003,0.0003,1,329
TCCATAATACATAATC,E228R S367K,0.0003,0.0003,1,329
ATAAAGCTGTTGGTCC,T110K,0.0003,0.0003,1,328
TTAAAAATTAACTTAG,T225M N353H,0.0003,0.0003,1,328
TTAAATATAAAGCGGC,A184S P236L,0.0003,0.0003,1,328
AACAAAAAATGGGCAT,K63G G174A,0.0003,0.0003,1,327
AATCTCATTACACTCT,N99Q N346S,0.0003,0.0003,1,327
CAGAATAATCACGCAG,S135M,0.0003,0.0003,1,327
CTAGCCTAGTATCCTA,,0.0003,0.0003,1,327
ACTGAAAAACCTAAAG,G2R N114A F157W,0.0003,0.0003,1,326
GGAGCCAAAGTTAAGA,,0.0003,0.0003,1,326
TTAGGAGTTGTCAACA,D317E,0.0003,0.0003,1,326
AATGATATATACGGCC,G208D Q321F,0.0003,0.0003,1,324
TATGTTGACAATAGAT,,0.0003,0.0003,1,324
CCGAGAGACTAGAAAC,,0.0003,0.0003,1,323
CTACAGAGTACTTATA,Y66V F117D,0.0003,0.0003,1,323
TAACAGATATACGGCG,E67L,0.0003,0.0003,1,322
AACGTAAAGTCCTATG,,0.0003,0.0003,1,321
TACTCAGACTACAACT,H131R S476T,0.0003,0.0003,1,321
AAGGAACCTATTGCGC,N79V G98S K125E G159L,0.0003,0.0003,1,320
ATCACGTCTGAATCTC,,0.0003,0.0003,1,320
GTTTATCGCTTGCACT,D273E S333K T377Q,0.0003,0.0003,1,320
ATAGCGCTGAAAGTTT,,0.0003,0.0003,1,318
GACCTTTATCAAAGTT,R235C,0.0003,0.0003,1,318
TACACTCTTTAAGAGT,T6C,0.0003,0.0003,1,318
TTTAACAGAAAATGAA,N146H K327T,0.0003,0.0003,1,318
AGTCACTGATGCGCCG,,0.0003,0.0003,1,317
CAATCCTATTCACTTA,,0.0003,0.0003,1,317
AACTGTAGGACGATGG,A177D,0.0003,0.0003,1,316
ATTAATTAAAATTTTA,,0.0003,0.0003,1,314
CCATATACAAACCAGA,G42T S143F,0.0003,0.0003,1,314
CTACTCGAAGCAATGC,V44Y E228V,0.0003,0.0003,1,314
GGACTCAATATAGCAA,,0.0003,0.0003,1,314
CACGGGCTAAACAAAA,,0.0003,0.0003,1,313
TCACGTACCGGGCCTT,I474N,0.0003,0.0003,1,312
AATCGCCAGTTCCATC,,0.0003,0.0003,1,311
AAATGGCATAAATGCT,,0.0003,0.0003,1,310
AAATGGTGTCGTCTCC,E100T P236F,0.0003,0.0003,1,310
TCAACAAACGAAACGA,I15A K327M L433Y,0.0003,0.0003,1,310
CTATGACTGTCCGAAA,T81R N90L K272L,0.0003,0.0003,1,309
TATTCAATGCTTGCCT,I443G,0.0003,0.0003,1,309
GATAATACCAAAACTA,E228T E287V,0.0003,0.0003,1,308
TAAATCACCCTTGTTG,I201L G276L,0.0003,0.0003,1,307
GTTATCTTAAAGTAAG,,0.0003,0.0003,1,305
AGTGTTCGGGACCGTG,T249C,0.0003,0.0003,1,304
TCGTCGGAGAGCGACC,Y166I K272E,0.0003,0.0003,1,304
GATTATGCAATTGACT,H141Y S199I F436L,0.0003,0.0003,1,303
TAGCCTACGATAAGAC,V14I P236W N390R,0.0003,0.0003,1,303
TAGAATAAGACCGAAT,K304R K417T,0.0003,0.0003,1,302
TAGCCGAAGTTGAAAG,,0.0003,0.0003,1,302
TCACTACTTAAACCTA,,0.0003,0.0003,1,302
TTTCAGACAGAGAAAG,L50S N74F L285M Q321*,0.0003,0.0003,1,302
CCCCAATTTCACTCGT,V28I L315V Q321I,0.0003,0.0003,1,301
CTAACCTACGAGTCTG,Y166I,0.0003,0.0003,1,301
CAACATATAAAGTATT,M1* L52M N167E Q223R S255T,0.0003,0.0003,1,299
CTACAATAAGTCGCAT,,0.0003,0.0003,1,299
GAATTAAATTAAACAG,G64T S389M,0.0003,0.0003,1,299
GATAGATGAGCCATTC,T377S S392E,0.0003,0.0003,1,299
AGACCGTATGGCTGCT,F38V G42S M214I D273G,0.0003,0.0003,1,298
CTATATAGCCGCATAG,A123S D156I S444C,0.0003,0.0003,1,298
ACGCGGTCTTAGCCTA,S85A,0.0003,0.0003,1,297
AAGACATGGAACGAAT,L51K I411* R422S,0.0003,0.0003,1,296
TCCTTTCGTGCAGAGC,,0.0003,0.0003,1,296
ACTAAGAACTGTAGCA,H124I K272S,0.0003,0.0003,1,295
ATAGGGGGTATCAATG,C385G K425S I443D,0.0003,0.0003,1,295
CATATAAACTCAAATA,N90F,0.0003,0.0003,1,295
GTTAAACAGTAGGATA,,0.0003,0.0003,1,295
ACACACACAACAATGA,S246N,0.0003,0.0003,1,293
CTATTCCGGCCCAGCA,,0.0003,0.0003,1,293
AAAATGAAACCAGAAA,D211N,0.0003,0.0003,1,292
AGCGTAATCATTCAGA,A173Q G429S,0.0003,0.0003,1,292
AGTACGATGCCCCGCA,D357N,0.0003,0.0003,1,292
GCATATAAAATACCAA,S389T,0.0003,0.0003,1,292
TAACTTCTACAAATCA,,0.0003,0.0003,1,292
CTGCACTAGCAGCATT,L469I,0.0003,0.0003,1,291
CCATACATAAATAATA,T110D,0.0003,0.0003,1,290
GAATGCATTTACACGG,N119M,0.0003,0.0003,1,290
AAAAAACTGCCGCATA,W196M,0.0003,0.0003,1,289
AAGTCACAGAGCCAAT,T377E,0.0003,0.0003,1,289
GCACCACACTTAATCT,Y200L,0.0003,0.0003,1,289
CACTGACTAATCGATA,E228R,0.0003,0.0003,1,288
GCACAAAACTGTAGCA,,0.0003,0.0003,1,288
GGAGATATCTAACACA,,0.0003,0.0003,1,288
AACAGCCGCCGGACGA,G198S S333C,0.0003,0.0003,1,287
AACGTAATGGAACTAG,N209I G360M,0.0003,0.0003,1,287
ACAGCTCTAAATAATT,V341H,0.0003,0.0003,1,287
AAAACGTAGATTTATG,V65G,0.0003,0.0003,1,286
GAAGTCTCTGCTGACA,,0.0003,0.0003,1,286
CAAAAAATCGGAAACA,M214I,0.0003,0.0003,1,285
GACAGCCGTTCACTTA,T48P,0.0003,0.0003,1,285
AAAACGATACCAAAAA,H354I,0.0003,0.0003,1,284
GATACCGCGATCATTC,G360R,0.0003,0.0003,1,284
GGCCTCACTCTGACTC,N390A,0.0003,0.0003,1,284
CTTAAATCATGAGATG,,0.0003,0.0003,1,283
TAAAGCAGGACGTCCA,,0.0003,0.0003,1,283
ATCGCACAGAATATGA,L128F A299T T377R,0.0003,0.0003,1,282
CCATAACAGAAGGAAC,T182R,0.0003,0.0003,1,282
TAGCCTCTTTCTAGAT,L23M W227E A288G,0.0003,0.0003,1,282
ATCTAGGCACCCTTCG,L46V,0.0003,0.0003,1,281
GAGGCCTCACGAAGGC,Q482W,0.0003,0.0003,1,281
ATGGAACAAACGATAG,,0.0003,0.0003,1,280
GAAACTCCAGTAAAAC,,0.0003,0.0003,1,280
AAACTCATCTACGTCT,H92S T110G,0.0003,0.0003,1,279
AAATAGATAACATGGA,K88T R257E D273W A299S C385Y H398Y H467T,0.0003,0.0003,1,279
GCCAAATGACTCATTT,H471R,0.0003,0.0003,1,279
GCTAACTCGAGGACAA,A132G,0.0003,0.0003,1,279
TACCAATCTATTATAT,,0.0003,0.0003,1,279
TAGTGCAGGCTAGGAA,H131K,0.0003,0.0003,1,279
TGGTTGTACCAATGAT,L52Q C475M,0.0003,0.0003,1,279
TTCAACCCTCGGGTAA,H13C,0.0003,0.0003,1,279
CAATCTGGACTAGCAG,E228A T261H,0.0003,0.0003,1,278
CGCAATGCACCCACTC,G197K T375S,0.0003,0.0003,1,278
GATCAATAGACGTGGA,M420K,0.0003,0.0003,1,278
AAGATGACAACTAACG,,0.0003,0.0003,1,277
AATACCTGGCACTGGG,,0.0003,0.0003,1,277
ACACAAAAAACAACCT,D211W,0.0003,0.0003,1,277
ACCCCATCAAGAGTAA,,0.0003,0.0003,1,277
CCTATTAAGTCTGAGT,D130I,0.0003,0.0003,1,277
TTACGAATACATAGAT,S199T,0.0003,0.0003,1,277
TTGTTAACGAGCACAT,S205V T274E G378L Q416E,0.0003,0.0003,1,277
AAGGGATGCCCAAAAT,,0.0003,0.0003,1,276
CAACAAAGACACGATC,M19A V47L V65S,0.0003,0.0003,1,276
GTATGATAGAGAGTAC,W227P,0.0003,0.0003,1,275
AATTATGTATGTGTTT,I112L,0.0003,0.0003,1,274
TTTCACCATAGTTAGA,S171V S476V,0.0003,0.0003,1,274
GCGATGTACTTGAGAG,S169N,0.0003,0.0003,1,273
TAGGAAAAACAGAAAT,,0.0003,0.0003,1,273
CAAACTGCCCACAGAA,M312I K339R,0.0003,0.0003,1,272
CCTATATCTTGATCTA,E396V,0.0003,0.0003,1,272
GAAACAGACAGACCCA,L387N,0.0003,0.0003,1,272
GAAGGGGAGTGTAAGT,S246V G276T,0.0003,0.0003,1,272
TATGCGCCTATCAGCA,H179G M410L,0.0003,0.0003,1,272
AACTTGCACTCTACTA,E67R,0.0003,0.0003,1,271
GCAGGCGGCATCACAA,V450Q,0.0003,0.0003,1,271
TATAGTCTTCCTGAAC,W283A,0.0003,0.0003,1,271
AATAAATGGAGAAAAA,P12S N178L A299S,0.0003,0.0003,1,270
CAAACTAGGCAGTGAC,,0.0003,0.0003,1,270
CTCTTTGTAGACAACC,L120T M214R,0.0003,0.0003,1,270
GCCGAAGCAAGGCACG,L43A E287N M351I,0.0003,0.0003,1,270
GCACCAGTATCGAAAC,E72V H170S,0.0003,0.0003,1,268
AGGCCCTTGGCCTAAG,N224L,0.0003,0.0003,1,267
ATAAACTCACATTTGC,,0.0003,0.0003,1,267
CTGGATCATATATTAA,K161W C180F L336W N353M,0.0003,0.0003,1,267
ACAAGTGTTCCAAATG,,0.0003,0.0003,1,266
ATTGTCACCCTGACAT,T225V T274S,0.0003,0.0003,1,266
CATCAACCATAGTACC,,0.0003,0.0003,1,266
GAACCTGGTGATGCTT,R207Y,0.0003,0.0003,1,266
GTATCAAATGATTATT,K490V,0.0003,0.0003,1,266
GGTAAGAAAATAACAG,,0.0003,0.0003,1,265
ACCCAATACTTTAGAG,V485A,0.0003,0.0003,1,264
AGGAGCCGATCCACCA,A177T N390M,0.0003,0.0003,1,264
TCTCTTCTAATGTCTA,T380G,0.0003,0.0003,1,264
CCAACTACATAAAGAA,G2E Q3* Q165R,0.0003,0.0003,1,263
GCAAAACTTTGGAAAT,L51A,0.0003,0.0003,1,263
GTTTGAACCAATGGAG,V28S G174S,0.0003,0.0003,1,263
TAACAATAAACATCCG,,0.0003,0.0003,1,263
GCTCCGGATCGTAGCG,,0.0003,0.0003,1,262
TAGACTGTCTTCATAC,A173T C463G,0.0003,0.0003,1,262
CAAGACGCCGTTACTA,N185V I254P,0.0003,0.0003,1,261
CGCAGGCAGAAACCCC,S234C,0.0003,0.0003,1,261
GTGAGGGTATTCACAC,,0.0003,0.0003,1,261
CAATATATAGAAGAAC,S56* L128S,0.0003,0.0003,1,260
CTACGCAAACAGTTGG,Y200T L447A,0.0003,0.0003,1,260
TATCATAAAAAACGGG,,0.0003,0.0003,1,260
TCTCAGGACGGTTTGA,G174* N390G,0.0003,0.0003,1,260
TGCCCACAAAATAAAG,R257Q Y363H,0.0003,0.0003,1,260
TTAACAGCATTGGCTA,N224E,0.0003,0.0003,1,260
CTTAACATGGAAAAAC,V183K T261C,0.0003,0.0003,1,259
ATATAAAGATATATAG,L103F,0.0003,0.0003,1,258
AGAGTCTTCTTACGCA,R207N,0.0003,0.0003,1,257
AGCCCTAATTTGGATC,T108W,0.0003,0.0003,1,257
GAAGAAGACTAGAACT,,0.0003,0.0003,1,257
TCTTCATCTAAAGGCC,I21V K291Q,0.0003,0.0003,1,257
GAATTCTAACTGAAAT,Q247L,0.0003,0.0003,1,255
GACGCGAAGCTCCACC,E67G,0.0003,0.0003,1,255
AGTACAATTAAAGAAC,,0.0003,0.0003,1,254
ATAATTTAGTTATGTT,,0.0003,0.0003,1,254
CTTGACTATTGCTTGT,C212S,0.0003,0.0003,1,253
TCCACTAAAGTTATAA,A202S Q335T K465L,0.0003,0.0003,1,253
GAAGATATGATAAAAC,,0.0003,0.0003,1,252
GGCTCTGCCTGTTACG,Y129T L142Y,0.0003,0.0003,1,252
TAACAGAAATAATGCG,S163H L280S L479W,0.0003,0.0003,1,252
TTAAACCATGTAAGGC,Q331I I337V,0.0003,0.0003,1,252
GACGGCTGCAAAAGAA,V97T S389N,0.0003,0.0003,1,251
GGACTAATTCTCTACG,,0.0003,0.0003,1,251
ATAGGATACCGCAATC,Y200E,0.0003,0.0003,1,250
CAATACAAATAGTACA,K116Y S199N,0.0003,0.0003,1,250
CCGGGCTTCTGGACAA,,0.0003,0.0003,1,250
TAATTTAGCTCACAAA,,0.0003,0.0003,1,250
AGAGCCGCAGGATTCC,L349A,0.0003,0.0003,1,248
GACCTACGATCGTGAA,,0.0003,0.0003,1,247
TACGCATACTACATGA,,0.0003,0.0003,1,247
CCGCGTACTCGTCTAT,Y150K G391H,0.0003,0.0003,1,245
CTAGCGGCACTCAATA,M96A L120Q Y200V I222L N302G,0.0003,0.0003,1,245
AAGGCATTCCGGGCTG,K300T,0.0003,0.0003,1,244
GATTATAATATTACAA,,0.0004,0.0004,1,243
CAAGATCTATAATTCT,,0.0004,0.0004,1,242
GAAGTACAACAAGGAA,,0.0004,0.0004,1,242
TAGGTATATTGGACCT,,0.0004,0.0004,1,242
ATTTGAGCCCAACCTA,E396R,0.0004,0.0004,1,241
GTCTGCCCAGACAAAG,G98R G159A,0.0004,0.0004,1,241
GTTTAGATGTAAAAGT,N209T,0.0004,0.0004,1,241
TAGATTTCTTAAGTGA,K300V,0.0004,0.0004,1,241
TATCTCATCGAAACAA,I334L,0.0004,0.0004,1,241
TTATATGACTGTGCCA,K125C,0.0004,0.0004,1,241
AACACCGGATCTAGCA,E67* G198Y Y241L M284D N295I,0.0004,0.0004,1,240
GCGAAGAAGAAAAATT,A202T,0.0004,0.0004,1,240
ATAAAAAAAGAAATTT,D273I,0.0004,0.0004,1,239
GAACAACCAACCGGGA,Y172L N302Y,0.0004,0.0004,1,239
TAACATCTGTTTATAT,A152M,0.0004,0.0004,1,238
TGAGGATCGATCCCAA,L105*,0.0004,0.0004,1,238
ACGAGGCGCTAAACTA,,0.0004,0.0004,1,237
ACGCATAACCTAAGTG,,0.0004,0.0004,1,237
ACACTCATACTTTTTA,,0.0004,0.0004,1,236
CAACCGAGGGTACAAA,N99Y,0.0004,0.0004,1,236
GAACCGTAACCAAGCC,C53I N395L,0.0004,0.0004,1,236
GGCTGAATATACGAAG,N158E N224D,0.0004,0.0004,1,236
CGTCCTTTGATCATAT,V47M E104Q L382F,0.0004,0.0004,1,235
AACTATGATAGTCACA,,0.0004,0.0004,1,234
AATCAGCCTATGTTGG,,0.0004,0.0004,1,234
CATATGATCGCTCTAC,S143N T265H Y480F,0.0004,0.0004,1,234
CGCCAGAACTCAATAC,,0.0004,0.0004,1,234
TGGTATGAGCCGTATT,F147Y Y166L H374*,0.0004,0.0004,1,234
AGAAGGAGAGACTCGC,,0.0004,0.0004,1,233
GCTGTCTATCAGGCAC,I113Y,0.0004,0.0004,1,233
ACGACAAAAATTAGCT,E151W E396D,0.0004,0.0004,1,232
AACCTTAAAATAACCA,S111G G159K,0.0004,0.0004,1,231
AATTTTCTAGCACCGC,G174L,0.0004,0.0004,1,231
CATGAACAAGTTGATG,G484R,0.0004,0.0004,1,231
AGGTCAAACATCAGGG,N109G N346Y,0.0004,0.0004,1,230
GACCCAAATTTAAACG,C231H,0.0004,0.0004,1,230
GGCGTCGAAACAAGTA,,0.0004,0.0004,1,230
TAAATGTTCAATCACT,R193M T225N T274R S392A,0.0004,0.0004,1,230
CCTTGCTACTAGTCTC,I222F,0.0004,0.0004,1,229
TAAGGACTCAGTGGGA,S135Y C155F A195N,0.0004,0.0004,1,229
TGGGACGTAAAGAAAA,N167S,0.0004,0.0004,1,229
AGCTTACGATTCCTGC,A177R R207W E329L,0.0004,0.0004,1,228
GCACATTCTGATTATG,,0.0004,0.0004,1,228
TTCCCCTATCTTACTG,S169I H179* N302P G460N,0.0004,0.0004,1,228
ATCATATACCGTACAC,L68I,0.0004,0.0004,1,227
CAGACAAAATGTAATC,F191M,0.0004,0.0004,1,227
CTGTTATTACAAAAAT,N158R S234* V341A,0.0004,0.0004,1,226
CTTAGTGTCCCTTTGC,C155L G160T S246L,0.0004,0.0004,1,226
TTCACGTAACATAATG,L35F,0.0004,0.0004,1,226
ACTGGTTTGTGATAAT,A184S C212R,0.0004,0.0004,1,225
AGATGCTACACGACAA,,0.0004,0.0004,1,225
TCCCAAACCCGCGAGA,,0.0004,0.0004,1,225
AGAGAAGATTTAATAT,,0.0004,0.0004,1,223
CCCAGCGTAATCGGGA,S169A A177S K272M,0.0004,0.0004,1,223
TATATAACCAAGACAA,Q348H,0.0004,0.0004,1,223
ATCATTTGTAAGTAGT,Q9F I252S,0.0004,0.0004,1,222
CAACTGGTTTGACACC,,0.0004,0.0004,1,222
CATATACGGCTAAGGC,G174L P238C,0.0004,0.0004,1,222
CGATATTAGCTAAATC,H13L,0.0004,0.0004,1,222
GAGGCCCAATAAGGAC,V298M,0.0004,0.0004,1,222
CCAAAACGTATTAAGT,,0.0004,0.0004,1,221
TCAGAATATCATCCAA,Y278I,0.0004,0.0004,1,221
ACCATAGGAATCTTCG,K384P E404G,0.0004,0.0004,1,220
GCAATGGGCGTCAACC,S154H,0.0004,0.0004,1,220
TCTATTAGATAACTCT,N373K E413A,0.0004,0.0004,1,219
TGCAGATCTAACGACA,,0.0004,0.0004,1,219
ATCGGTATACCCAATC,I201K,0.0004,0.0004,1,218
ACGATATTAAATAATC,E151* R256Q K384F,0.0004,0.0004,1,217
GTTTATATTATTAGGG,G54N D175F,0.0004,0.0004,1,216
AGAGTTGAGCCGATAG,G198I,0.0004,0.0004,1,215
CACTACGCTACTATAA,A299V,0.0004,0.0004,1,215
TGCATAAGAAAGTCAA,,0.0004,0.0004,1,215
CGTAATATAATATTGA,R207E T215S,0.0004,0.0004,1,214
GGGCTTGCAATTAATC,M19S G206D T249N,0.0004,0.0004,1,214
TAGCTATCGATGAACG,I334L,0.0004,0.0004,1,214
TCGACGCCCATAGGAA,E151S N342D L394V,0.0004,0.0004,1,214
TTAGCACCATTCTGAG,A297D,0.0004,0.0004,1,214
AAAAGGTAGAACAGAC,S163Y,0.0004,0.0004,1,213
ACCTCTAAATATTTTG,,0.0004,0.0004,1,213
CATCCACGCAAATGTA,T110R A173D,0.0004,0.0004,1,213
GTTTGCTTCCGCTGGA,F38W F157I,0.0004,0.0004,1,213
GTAGTGTACATAAATC,E100P,0.0004,0.0004,1,212
ACACAAAATCAAGAGT,E104L,0.0004,0.0004,1,211
ACCTGATCAAAGCGTA,,0.0004,0.0004,1,211
AGGCAATTAACTCAGC,Q189G,0.0004,0.0004,1,211
GCCACAGACCAAAAAG,T106N,0.0004,0.0004,1,211
AAAGAGATAAGTAAGC,S199G,0.0004,0.0004,1,210
CTCAAAAGCTCAAGTG,D122I,0.0004,0.0004,1,210
ACGCTTCATGCGAGAA,T59E S205F,0.0004,0.0004,1,209
AGAGTAAGACGAATAG,,0.0004,0.0004,1,209
CGCCCTACAACGAGAG,,0.0004,0.0004,1,209
TAAAACGAGAAAGATG,N302T R379L,0.0004,0.0004,1,209
GGCCATACGCCAGAAT,N167T H179A D211V P483T,0.0004,0.0004,1,208
CCAGCGGCAATGGTGA,D268V,0.0004,0.0004,1,207
CTGGACACAACCGCAC,,0.0004,0.0004,1,207
GTAGGCCATGCTCGTC,,0.0004,0.0004,1,207
TGACAAGCAAGAAAAT,,0.0004,0.0004,1,207
AAACACGGAATTCAAT,,0.0004,0.0004,1,206
TAATACGCGACATAAA,F191W,0.0004,0.0004,1,206
TTCCTCGAACGGACAG,C86P W227M F293Q,0.0004,0.0004,1,206
TTCTCCTCAATAGGAT,A152T Y200S A202T R207Y N395T,0.0004,0.0004,1,206
ACCTCGGATCACGACA,,0.0004,0.0004,1,205
ATGAATATACTAAACG,H170Q,0.0004,0.0004,1,205
CTATGAGGAACATTGT,M284I M332N,0.0004,0.0004,1,205
CTTGATGAACATGCAG,T87M A202L,0.0004,0.0004,1,205
ATTATAATCGCAAGAC,H131I L258M,0.0004,0.0004,1,204
TAAAACTTGATTATAC,,0.0004,0.0004,1,204
TAAAATCAGAGACGCT,A177S S199T,0.0004,0.0004,1,204
ACAAAGTAAAGCATAA,I4T S437A,0.0004,0.0004,1,202
ATGCTATAGAGTCAAC,R248H T438L,0.0004,0.0004,1,202
ATTACCTGATACAGTT,M1S,0.0004,0.0004,1,202
CAGTAATATTCAAAAA,G2K N37Y L46M N109Q S381V G429N,0.0004,0.0004,1,202
GCTCTGAATCAATTAA,L428Q C477V,0.0004,0.0004,1,202
TTCAGGGGGCAGTCTT,S389L,0.0004,0.0004,1,202
AATCCCATAAAACGCA,I24*,0.0004,0.0004,1,201
CGCCCTATAAATGAGC,V44Y Y253S,0.0004,0.0004,1,201
GGCCGGATATTTATTA,L50S,0.0004,0.0004,1,201
GTTAACGTAAGATTCC,Q405W,0.0004,0.0004,1,201
TAGCTAAAATGCCTGG,K352T,0.0004,0.0004,1,201
CCCAGTCTCAGATACA,A39W W227T,0.0004,0.0004,1,200
GAATTAAAGACCCAAA,,0.0004,0.0004,1,200
TCAAGCGGACACAAAC,G2S M192V,0.0004,0.0004,1,200
GACGCGATACTATAGA,,0.0004,0.0004,1,199
GCTAATATCGCAAACA,S163I,0.0004,0.0004,1,199
AGAAACAACAATGATC,D273L,0.0004,0.0004,1,198
CAGCAGTCTTCTAACA,K339Q,0.0004,0.0004,1,198
TCTGACTTAGTAGGAA,S143V D175M,0.0004,0.0004,1,198
TGTCATGTGGACGCAG,,0.0004,0.0004,1,198
AAGGGTTAAACAAGGG,S462H,0.0004,0.0004,1,197
CATCCTAAAATCTACA,A152R N302I I361L V450R,0.0004,0.0004,1,196
TAGATGCCAAATAACT,G208V W370Q,0.0004,0.0004,1,196
ACTATGATACGCAACC,G277A,0.0004,0.0004,1,195
CGGAGGGACAAGATTA,L29V M75F N99L S205F,0.0004,0.0004,1,195
GGAGCTAAATCTTCAA,V44S,0.0004,0.0004,1,195
TCGATCGTTTATAATC,K352R,0.0004,0.0004,1,195
TCTAATGACTTAAGGT,H179I D357G Y393M E404I,0.0004,0.0004,1,195
ACCAAACCACTCTCAA,T182F,0.0004,0.0004,1,194
AGTGGGTCGTAAATCT,R257N T274V,0.0004,0.0004,1,194
CAATCGGCAAATTTTG,M472N,0.0004,0.0004,1,194
TACTAAAAAAATCAAT,H131P,0.0004,0.0004,1,194
TATTCACCGCCAATTT,S163D A176S,0.0004,0.0004,1,194
TGACGAGACTTCTGAA,,0.0004,0.0004,1,194
CAGACTACGTCGAAAC,R207K,0.0004,0.0004,1,193
TCAAACAAAACTGAAC,,0.0004,0.0004,1,193
AGTACATCACGCTGTT,E100R I136T R235A,0.0004,0.0004,1,192
ATCTGCATACTTCCAA,G2D A177W,0.0004,0.0004,1,192
CACACCTTTATTATGC,S389R K417S I474R,0.0004,0.0004,1,192
CTTATCATACAAGTAC,E151V G198T K300H,0.0004,0.0004,1,192
GAATGCCATGACCCCA,,0.0004,0.0004,1,192
TATAAGTCAACATTAC,,0.0004,0.0004,1,192
TCATTAAAAACCTAGA,,0.0004,0.0004,1,192
TTAGCCCATCCTATAT,W264L,0.0004,0.0004,1,192
CCCTAACGTTATCAAC,Q3P M312Y,0.0004,0.0004,1,191
CTCAACGCGAAAGTAA,H131Y C155P S381M,0.0004,0.0004,1,191
TACGGGAGCTATTATA,S163A Y217P,0.0004,0.0004,1,191
TTACAATGACCAAATG,G174N E307A S444G,0.0004,0.0004,1,191
TTATCTAGCCGGTTCT,V47I N99R S171N,0.0004,0.0004,1,191
TTATGGAAGCCGCCCT,A25D G181K G391F,0.0004,0.0004,1,191
AAAAATCGAAAGTTTA,N158T,0.0004,0.0004,1,190
ACTATTATCATGTACC,F38Y R235K,0.0004,0.0004,1,190
ACTTTCGGTTAAGTTT,T77Q S163K R193K F233S T281D,0.0004,0.0004,1,190
AGTTTGCACAGACCTA,,0.0004,0.0004,1,190
CCATGCATTTAACAAT,S91N,0.0005,0.0005,1,189
CGACCAACCCAGAGAC,L35W T296P V485Q,0.0005,0.0005,1,189
TAGTAACAACGCACGG,G260V,0.0005,0.0005,1,189
TATTATCCAGCCGCTG,K161M S237A,0.0005,0.0005,1,189
TCCATATCCAACCCAT,A328G I361G,0.0005,0.0005,1,189
AAAACTAAGGCTAAGC,,0.0005,0.0005,1,188
ACGTCACCATCGCCGG,M96T S171A,0.0005,0.0005,1,188
CGAGCCAAACTGTAAT,T397Y,0.0005,0.0005,1,188
CTTAAGACATATAAGA,R235S L336P,0.0005,0.0005,1,188
TACATACAAATAGGTG,L245C V459M H467S,0.0005,0.0005,1,188
TTAAAACGCAATAAGG,,0.0005,0.0005,1,188
TTAACAACCCGCAGGT,E104P T139M L188P I213L H305R,0.0005,0.0005,1,188
TTAGAAAAATACCGAT,E100C L313I,0.0005,0.0005,1,188
AGTGTCCGATCCGTCC,A132Y,0.0005,0.0005,1,187
ATTAGACATTAGCGTA,N470T,0.0005,0.0005,1,187
CAAAATAACCCCTAAT,D130M N346M,0.0005,0.0005,1,187
AACAAACCTGACCCAA,M1T E228* S444L,0.0005,0.0005,1,186
AACCCACATTAAGTAT,K63L L120T K125M H131N D229A S381L F434C,0.0005,0.0005,1,186
CAACTCAGTGCGCCGA,G276S T376N I474H,0.0005,0.0005,1,186
CAATTCACCTATTATG,,0.0005,0.0005,1,186
CACGAGATGGTGCCTA,K63F M214S,0.0005,0.0005,1,186
CCAATCGTAACCGCTA,N119G T139I T261V,0.0005,0.0005,1,186
GTTCAAGAACTGTCGT,N167Y T377D,0.0005,0.0005,1,186
TCAATAACTCCGCGCA,L61N F262V,0.0005,0.0005,1,186
AATCAGAATTTCTGGT,M96W I254N K339H,0.0005,0.0005,1,185
CAGAGACAGTATATGA,G181R,0.0005,0.0005,1,185
CTTTACACCGTACAGA,V187H A288V N346L T377Y,0.0005,0.0005,1,185
GATCTAACCATGGTAG,,0.0005,0.0005,1,185
TATTTCGATGGACTCT,,0.0005,0.0005,1,185
AATCCAAATGACAATA,T87M,0.0005,0.0005,1,184
CAATAACAATGCAATT,G2S S269V W489R,0.0005,0.0005,1,184
GAATAACCACCTAATC,Y129L D156M,0.0005,0.0005,1,184
GGGAGTTTAAAAGTTT,L71T,0.0005,0.0005,1,184
TGGGGGACCCCAGAAA,V459L,0.0005,0.0005,1,184
ACATCGCCCTGAACAC,A288V P427H,0.0005,0.0005,1,183
ATTTCGTCCAGTCTGA,,0.0005,0.0005,1,183
CACAATCTAAAAACGA,F262R,0.0005,0.0005,1,183
CCGCCCACACGGAAGA,S171L,0.0005,0.0005,1,183
AACTCGAATTCAGAAT,,0.0005,0.0005,1,182
ACACAAACGAAATAAT,Q3N,0.0005,0.0005,1,182
ACCCAACCGCATCTCT,G159V I443G,0.0005,0.0005,1,182
AGATAATATAATAAAT,P238C S476R,0.0005,0.0005,1,182
ATTAACTACAAGAGAC,G45R C212S,0.0005,0.0005,1,182
GCTAACTGCCATCGAA,I136L,0.0005,0.0005,1,182
AGCAACTTCCCTATTT,T274C K417R,0.0005,0.0005,1,181
ATTTTCAGCGAACCAA,A176L,0.0005,0.0005,1,181
GGAAACTAAAAAAGAT,V65M L259G C475S,0.0005,0.0005,1,181
GTAAGCACAAATCTAG,Y150K S267H S389A,0.0005,0.0005,1,181
ACAAGCGTTTAGGAAT,,0.0005,0.0005,1,180
ACAATCTTAACCGTTA,,0.0005,0.0005,1,180
TCAGATGGCCTGACAA,T225D,0.0005,0.0005,1,180
CCACACTGACAGGCCC,,0.0005,0.0005,1,179
GTCCAGGGTACGTAGC,V18M,0.0005,0.0005,1,179
TCTGATGTCATGGGTT,,0.0005,0.0005,1,179
AATAAATAAATACATG,E151F,0.0005,0.0005,1,178
CGATGCAACTCAAAAT,I4V,0.0005,0.0005,1,178
TACAGTAAGGCCAGCG,C155W,0.0005,0.0005,1,178
TCAGCGCGTAAATCAA,S169N,0.0005,0.0005,1,178
AAAAACCAAACTCATC,Y219R,0.0005,0.0005,1,177
AGAACATGCAAAGCTA,K488R,0.0005,0.0005,1,177
ATCAGCATCACCGTGA,N99V A152L K161R,0.0005,0.0005,1,177
TCACAGTACATAAGCC,,0.0005,0.0005,1,177
ACGGTACATCAAAGCC,,0.0005,0.0005,1,176
ACTCGTCATATCATAA,L142G E308F L326* I345P,0.0005,0.0005,1,176
AGTATATCACGTAAGG,G208N,0.0005,0.0005,1,176
AGTATTAAATAAGGTA,S163N S267H S389A,0.0005,0.0005,1,176
ATTTACTGCGAGTAGT,N209L,0.0005,0.0005,1,176
CACCTTAATCACAGTA,,0.0005,0.0005,1,176
CCTAAGAACTGGAACA,Y200L D357E,0.0005,0.0005,1,176
TACAAGAAAACGTAAC,G260F,0.0005,0.0005,1,176
TTGAATAACATATTGC,L107G N346W,0.0005,0.0005,1,176
CCCAATACACAACTGA,L51E S381L M472T,0.0005,0.0005,1,175
CGAGTTAAAAATTCGT,,0.0005,0.0005,1,175
GCATACAAGTGTGCTA,S171P,0.0005,0.0005,1,175
GGACCTGAAAACTGAG,F233T S476N,0.0005,0.0005,1,175
TTTCAAGGTACAAGCG,,0.0005,0.0005,1,175
AATCAAGGAAACAACA,M75Q V97* P466S,0.0005,0.0005,1,174
CAAGAAAAAGGACATG,,0.0005,0.0005,1,174
GACGTAAACAAGTAAA,N158L,0.0005,0.0005,1,174
TCCCGTATCTGTTTTA,V341L,0.0005,0.0005,1,174
AAATACGGTGTAAAAG,,0.0005,0.0005,1,173
AAGTATATTGAAATAA,E100L L442H,0.0005,0.0005,1,173
AAGAATGTACAGATTT,,0.0005,0.0005,1,172
ACTCGGGTCATAAACA,P145T,0.0005,0.0005,1,172
ATAACACAAACACCGT,,0.0005,0.0005,1,172
ATGGGATACTGCACCT,,0.0005,0.0005,1,172
AATCCTTCAAACAGAT,N158S E421L,0.0005,0.0005,1,171
CCTCTGGAACAGATAA,T101G H179D L442V,0.0005,0.0005,1,171
GGAGTCCACCTAGCAC,S267G,0.0005,0.0005,1,171
AAATGCGATAAAGAAG,,0.0005,0.0005,1,170
CTACAATAACTAAAAA,D122F W210R P238Y M410K,0.0005,0.0005,1,169
GATATGTTGCTTGAAA,L103S T375S,0.0005,0.0005,1,169
GCAGACGTCCAATTGA,,0.0005,0.0005,1,169
GGAGATTGGGAATCTG,T190I E270C L469S,0.0005,0.0005,1,169
AGGAGTTTTAGCAACT,C231S,0.0005,0.0005,1,168
CAGAGGTAGAGACATC,G197A,0.0005,0.0005,1,168
CCTTCCTATCCTCTGC,,0.0005,0.0005,1,168
GCTTGACATTACATCG,L430F,0.0005,0.0005,1,168
TCGTATTGTTGTCGAT,,0.0005,0.0005,1,168
TTACTCGCGCATAGGA,,0.0005,0.0005,1,168
AAATTCGATGCCTCAA,L313M A328T,0.0005,0.0005,1,167
AGCTATTAAACTACCG,G360Y,0.0005,0.0005,1,167
CCCAGGTAGTGGTCTT,L46Q L78G,0.0005,0.0005,1,167
TAACAAAGTGCCATAA,S205Y,0.0005,0.0005,1,167
TGCTAGATACCTCATA,G54P K161A,0.0005,0.0005,1,167
ATATCTCGCAACTTTT,N395D,0.0005,0.0005,1,166
TCCATTAGCTGACCTA,M194S,0.0005,0.0005,1,166
TCGTAAAAAGCGAATC,M214A V341C,0.0005,0.0005,1,166
AATGCGCTTTACAATA,D130S,0.0005,0.0005,1,165
CTCATAAGCACCTAAC,G206R E307M,0.0005,0.0005,1,165
AAATATATGTCATTAG,E72R,0.0005,0.0005,1,164
ATATTAGTGTCGACAG,Q348Y,0.0005,0.0005,1,164
CATCGCCAACGTCGTC,Q232L,0.0005,0.0005,1,164
GGATGCAAAGCAAATA,H141L N158C G186K I213*,0.0005,0.0005,1,164
TCATCGGCCGTGTATT,G54A,0.0005,0.0005,1,164
CATCGTGATATAGAAT,G206I F434P C463H,0.0005,0.0005,1,163
GAGAAAACCTTAAAGA,R207* T249L K384S P483H,0.0005,0.0005,1,163
TAAAGATCCCCACCTA,G98R L103C C118F K304S S389N,0.0005,0.0005,1,163
TGATGCCTAGAACCTA,,0.0005,0.0005,1,163
CAAGTGAACACATTAA,L68I S205P H354N T376N P383E V459L,0.0005,0.0005,1,162
TCCCGTGCCAATCTGT,M80K K161N,0.0005,0.0005,1,162
TGATCAACCAGATTTT,S246E A407G,0.0005,0.0005,1,162
AATAAATTTCGTAAGA,M332V,0.0005,0.0005,1,161
CTCCTAAGTCACAGAA,V97I G198C R207S,0.0005,0.0005,1,161
TCTACGGTATGGCAGA,Y94I T225F S400K Y419D,0.0005,0.0005,1,161
AAAAATATCAAATAAC,E10L L61E,0.0005,0.0005,1,160
AAAACACCGTATGGAA,M1L N395T T412L,0.0005,0.0005,1,160
ACATCGATGATATATA,,0.0005,0.0005,1,160
ACCGATAGGACCCCAT,,0.0005,0.0005,1,160
AGCAAATTCGTACAAT,G391M,0.0005,0.0005,1,160
ATAAGAACGGCGCAGT,N365K,0.0005,0.0005,1,160
CTGTTAGATAAACCAC,W386*,0.0005,0.0005,1,160
GGTTGAAGAGAATCAA,S171C,0.0005,0.0005,1,160
TACCTCCATCAACGCC,T281F,0.0005,0.0005,1,160
TGTTGATGTAACTTTA,,0.0005,0.0005,1,160
ACTCATCGGTAACGAA,K63S,0.0005,0.0005,1,159
CATTGTAGTTAACCCA,V485M P486I,0.0005,0.0005,1,159
CCCGACGCTTGGGACA,,0.0005,0.0005,1,159
CGGCGACAAAAAGAAA,A152D L168V T375S,0.0005,0.0005,1,159
GAGCTCGAAAACTCAA,T263A K417A,0.0005,0.0005,1,159
TAAATAAGATCTCATC,,0.0005,0.0005,1,159
AAATTCCTGTAACGCT,,0.0005,0.0005,1,158
CCAAAGGGCAAGAATA,S138G M153S C364T,0.0005,0.0005,1,158
CGGCCAACACGGAAGA,M80K C155P N365E,0.0005,0.0005,1,158
TGGATTAAAAGATACC,T380*,0.0005,0.0005,1,158
ACCTAAAGCGGAGTCC,K125C S389Y,0.0005,0.0005,1,157
AGTACTATTGCTTATG,,0.0005,0.0005,1,157
GGAGCCGAGAAAGCGA,,0.0005,0.0005,1,157
CAATCTCATCAGACTA,,0.0005,0.0005,1,156
AAAATAGATCATGGTG,,0.0005,0.0005,1,155
ACGGATTTTGTAAGGG,Y129N S237V Q247K,0.0005,0.0005,1,155
GAAAGTTGAGATCAGT,N373S N390E,0.0005,0.0005,1,155
GTCTTTCAACACTGAT,K461R,0.0005,0.0005,1,155
TAAGGCGAAAACGCGA,G391S,0.0005,0.0005,1,155
TGAGAGGACATAATTC,,0.0005,0.0005,1,155
TTGTAGCGTATCTATC,N395V,0.0005,0.0005,1,155
ACTGTTAAAATTTTGA,V28S M351I D402T,0.0006,0.0006,1,154
ATATTACTTATAGTAC,,0.0006,0.0006,1,154
CACGGCCCACAAAAAC,F399L,0.0006,0.0006,1,154
GAACTGGTCGACACTT,,0.0006,0.0006,1,154
GACATAGAAAATATGC,N158K H471R,0.0006,0.0006,1,154
GGACTAGCCCAACATC,L220W R456S,0.0006,0.0006,1,154
ATACTCGGCTTGAGAA,G198S,0.0006,0.0006,1,153
GTGCGTTAATCTAAAA,,0.0006,0.0006,1,153
AAAGCCAACCTGTCCC,I239L L349Q G429A,0.0006,0.0006,1,152
AAGAGCCAAGTGGATA,I443T V459R,0.0006,0.0006,1,152
GTGTAAATAAGATCGT,H13N A195E,0.0006,0.0006,1,152
GTTAGATTACTTATAC,,0.0006,0.0006,1,152
AAAATACAATCTTCGT,,0.0006,0.0006,1,151
ATCCTGGTAGTTCCTC,Y62W G276W,0.0006,0.0006,1,151
AAATATAGGATTTGGT,Y253A,0.0006,0.0006,1,150
ATACCTGAGTGGCTAG,I136V G159R D204I Q331I,0.0006,0.0006,1,150
ACACGAGGACAGCTCG,D229H,0.0006,0.0006,1,149
ATTCGTTTAAGCCCCA,,0.0006,0.0006,1,149
GACGGCCTTCAAGTAA,K272N Q331R,0.0006,0.0006,1,149
GATTTGATAAACCCAT,,0.0006,0.0006,1,149
TCGAAGAGGAGGCCTT,F7M T139M N148V,0.0006,0.0006,1,149
AGACAACCTGTACCGA,N127F E270R,0.0006,0.0006,1,148
CTGCCTGCTTCTAACT,,0.0006,0.0006,1,148
TGCCCGAGGGACGAAG,,0.0006,0.0006,1,148
AAAAACACTTAAATAT,M134E,0.0006,0.0006,1,147
AATACAATCGCAAGAG,F8K L50P L71D S169H C475Y,0.0006,0.0006,1,147
ATAGTTGAACGGAAAT,L26C L35S C477H,0.0006,0.0006,1,147
TGATTTACCACTTCAA,S60I V459K K488L,0.0006,0.0006,1,147
TTGATCCAACGAGATG,,0.0006,0.0006,1,147
AATGAAAAAAGAACAT,V11W T101S V459E,0.0006,0.0006,1,146
TAAAACATAGCATGCA,K272S,0.0006,0.0006,1,146
AATGAAAAAAGCTAAT,W283Y M312I,0.0006,0.0006,1,145
CAAGTACATGACAACG,E10L T263D I474C,0.0006,0.0006,1,145
TGAACTCGTTGCCAAA,N99S,0.0006,0.0006,1,145
AGAAAGCATAAATAAG,,0.0006,0.0006,1,144
AGATATGCGCACGTTG,N185V,0.0006,0.0006,1,144
ATCCAAACTATGAGAT,L43G L73V A195S N302D,0.0006,0.0006,1,143
ACATAGTTTATAAATT,G102A,0.0006,0.0006,1,142
AAATATAGCTAATTGG,G174N L382W,0.0006,0.0006,1,141
CAAAGGTGATTCCGTA,Q247K,0.0006,0.0006,1,141
GTTCAACTACTCACCG,S138E,0.0006,0.0006,1,141
AATCTGCTAGTAGAAG,L142Q I445M,0.0006,0.0006,1,140
GAACAAGAGGGTACAA,Q405T,0.0006,0.0006,1,140
TCACTGAACAATGTTT,K125F W196E,0.0006,0.0006,1,140
TCATTATCTCGCTAAA,K352L,0.0006,0.0006,1,140
TGCGTGCAAAATCTTC,D408Y,0.0006,0.0006,1,140
AAGTGAGAACCGCATA,C53S L479G,0.0006,0.0006,1,139
ACATCGATTATGGAAA,K481T R491I,0.0006,0.0006,1,139
CGTTCCACCATAACTT,A123S L449H,0.0006,0.0006,1,139
TGATTATGCGTTAGCA,L133C P486L,0.0006,0.0006,1,139
GAATAATTCTTGAGAA,G159S T375M,0.0006,0.0006,1,138
TCCCTATCAGGTTATC,L50M,0.0006,0.0006,1,138
AAAGTCATGCAAAGTA,T182S R193M G198T,0.0006,0.0006,1,137
AACATTACTAATACGA,V18W Q232H F436T,0.0006,0.0006,1,136
CAACAATGCTAAATGA,T40N S171V G277C F293R L394R,0.0006,0.0006,1,136
TGTACCATAGAAATCT,,0.0006,0.0006,1,136
AAACGGTCCAATCGAA,,0.0006,0.0006,1,135
AACCGACGGTGCATTA,,0.0006,0.0006,1,135
AAGATAGGGTCGTATA,,0.0006,0.0006,1,135
CCCGTAAAAAGTCCTT,I443V,0.0006,0.0006,1,135
GAAGCTTGCGGCTTGC,,0.0006,0.0006,1,135
AATGTAATTACGCCTA,Q405E,0.0006,0.0006,1,134
ATTCGGGGATCAGCTA,V22A V47Q,0.0006,0.0006,1,134
GCTAGAAACGAGAGAA,C212D,0.0006,0.0006,1,134
GGTTTCACATAAAAAG,V18M D251V T376I,0.0006,0.0006,1,134
AACTATCAGAGAATAC,,0.0006,0.0006,1,133
ATGCAAAACACCTACC,I21G,0.0006,0.0006,1,133
GAACCAACAAGTACAG,E72S,0.0006,0.0006,1,133
GAGGGCTTCATAGTAC,S85E N119C N338P,0.0006,0.0006,1,133
GTCTACTCAGACAAAG,M332A,0.0006,0.0006,1,133
TCAAGAGACGTAACGG,G45P G174S G186L,0.0006,0.0006,1,133
CACTGTCAAAACGAAC,N99Y F157S L245I Y363N,0.0006,0.0006,1,132
TGACAGATCTTCTATT,T377R H467L,0.0006,0.0006,1,132
AAAGGTGCCATGTGAA,,0.0007,0.0007,1,131
AGACAATAACTCCGTA,T296R Q335V K465F,0.0007,0.0007,1,131
TTCCAGGAAGGCCTCA,T40R H179N R250S,0.0007,0.0007,1,131
CCTACTAAGTTCTTCA,L50M W227L,0.0007,0.0007,1,130
CCTCTTCAACTATATA,S171C,0.0007,0.0007,1,130
GTCATTGCAAAATATC,F157L L394F G460*,0.0007,0.0007,1,130
TAATACACCAATACGT,L32F N373I,0.0007,0.0007,1,130
CAAACGACCAGAAACC,G181L,0.0007,0.0007,1,129
CTCCCACCCCAAGGCA,D156S Y363C F440N,0.0007,0.0007,1,129
AACTTTACCACTACAC,H92C,0.0007,0.0007,1,128
GTCGGTGCTGAAACCG,F147L Y217L T375Q G484*,0.0007,0.0007,1,128
TTAGCACGATGGCGTA,Y94V K384M I443*,0.0007,0.0007,1,128
TCAGACTAATCCGGAA,M19W,0.0007,0.0007,1,127
CGGTACCTTTGGCCCT,A202F,0.0007,0.0007,1,126
TACGTAGAAAATCAGG,T48N A202G W283*,0.0007,0.0007,1,126
TATTCTATATCAAAGC,S171N,0.0007,0.0007,1,126
TCTCCTTTTAAGTAAG,,0.0007,0.0007,1,126
ACACTTGTATAACGAA,H131R,0.0007,0.0007,1,125
ACGGAGCCATAATTCC,G2L F446P,0.0007,0.0007,1,125
ATAACCAAAAATCCAA,P486R,0.0007,0.0007,1,125
GTGTCAAAACCTAATG,N158Q G276V,0.0007,0.0007,1,125
ATACTCCAGTACCCAC,L52* K63Q I213F K461F,0.0007,0.0007,1,124
CCGTATAGCACTGCAT,F157E L285S,0.0007,0.0007,1,124
GTAATCTAATATAGCT,V450R,0.0007,0.0007,1,124
AAAGTTTAAACTCGCA,,0.0007,0.0007,1,123
AAGCTATTGATTTAGC,N365R K451P,0.0007,0.0007,1,123
ACGTTACAACGATGAT,S138Y N158H I213R I334C,0.0007,0.0007,1,123
ATTTCATGCTCCCAGC,I136W L280S,0.0007,0.0007,1,123
TCCTAAAATAGACACG,N89* G197T E308L,0.0007,0.0007,1,123
ACACATTTATGGATCG,N74A D229V G276S A288L,0.0007,0.0007,1,122
ATATACAAACTTTCAG,D156F,0.0007,0.0007,1,122
CTGACAAAGCTCCAAT,,0.0007,0.0007,1,122
TCCTGTCTCATTAAAA,G360Y,0.0007,0.0007,1,122
ATCGTTCTACCTCTCC,H170M I445M,0.0007,0.0007,1,121
ATATGAGATGCAATAA,A123G G186R,0.0007,0.0007,1,120
CAAAAAATCTGCGCTA,,0.0007,0.0007,1,120
GAACTAAATTATGAAC,E303A,0.0007,0.0007,1,120
GAATTACAGGGGATGG,T397P,0.0007,0.0007,1,120
GATTGATGAGAAAACC,E100V,0.0007,0.0007,1,120
AAGTAATAGAACCTAC,L61D H131R Q482A,0.0007,0.0007,1,119
ATATGCACCCTGAACG,H93W L103Y R235S D347V R422P,0.0007,0.0007,1,119
ATGGACTTATTTTACG,E67A Q223R,0.0007,0.0007,1,119
ATTCTAAACTACACAC,Q3R Q149E K352*,0.0007,0.0007,1,119
CAGACTAGCACCGAAC,S367N,0.0007,0.0007,1,119
CCCGATTAAGCATGAA,W210A Y366S,0.0007,0.0007,1,119
GAAAGGAAACGTTAAA,L50S L120* N148T N209Y L394S,0.0007,0.0007,1,119
GCTAATCAATTAACCC,H179F,0.0007,0.0007,1,119
TATGCTAAGATTGCCA,S154N,0.0007,0.0007,1,119
TTGTGACGATCAACCA,Y62T I162Y,0.0007,0.0007,1,119
ACAGCGGTGCAATGTA,S138E L428F,0.0007,0.0007,1,118
ACCGAAGCCAATCAAA,T101N E228Y,0.0007,0.0007,1,118
AGCCGCATACTTACAC,M1T P12M G64C,0.0007,0.0007,1,118
TGATGTCCATTTAGTA,K88S Q165M L336E E404L P453Y,0.0007,0.0007,1,118
AATGATAATATGTTGT,I15Y S154T A202T C475V,0.0007,0.0007,1,117
ACGTTGTTTAACGATA,L120A E287Q,0.0007,0.0007,1,117
AGACACAACAATCACG,L84K,0.0007,0.0007,1,117
AGGTCATGAATCATGG,N37A,0.0007,0.0007,1,117
CCATTGACTCTAGCAC,S121N M214S T296R L433F L442P W489*,0.0007,0.0007,1,117
CGGACGCACAATCCGC,K352R,0.0007,0.0007,1,117
CTAAATATCCCACACA,D175H T182Q,0.0007,0.0007,1,117
GTACAATGCCCCTCGA,,0.0007,0.0007,1,117
AACATTTAGCAGGACG,F293W M420R,0.0007,0.0007,1,116
ACACCGAAGTGTTTAC,,0.0007,0.0007,1,116
ACGCGTTTAAATTAAC,,0.0007,0.0007,1,116
CAACGCGTCACGTTAC,S389K,0.0007,0.0007,1,116
CCAATGTACTAAATGA,T110R K352Q,0.0007,0.0007,1,116
GGAGGTCTTATACCAA,E72I S267M L290Y,0.0007,0.0007,1,116
TATAAGCCTGACCACA,S154N Q416L,0.0007,0.0007,1,116
TGGACATAGCTGGAAT,L23H S27R F446A,0.0007,0.0007,1,116
AATTATAGGTTCCAGA,K352W,0.0007,0.0007,1,115
ACGAGGGCGGTTGTAG,F157* N346Y,0.0007,0.0007,1,115
CCGGAGAAGCCAGGAC,,0.0007,0.0007,1,115
CGGCTCTGGTAAGCAC,Y129C W196L,0.0007,0.0007,1,115
GAGAGGGTTCCAGGGC,I213T,0.0007,0.0007,1,115
GTCTATGGGTTACTAA,,0.0007,0.0007,1,115
TTTGCGGTTAATACTT,E72A Q149L T215S,0.0007,0.0007,1,115
AAACTAGCGCCACCGA,,0.0007,0.0007,1,114
ATGCATCCATACCGAT,,0.0007,0.0007,1,114
CACACAGCCTGATAAG,,0.0007,0.0007,1,114
CATCAGAAACTAAGAG,V5W E413* H471L,0.0007,0.0007,1,114
CGAAAATCTTCGTGTA,,0.0007,0.0007,1,114
CTTCGTGACCTTAGTC,G360S,0.0007,0.0007,1,114
TGCAATTATTCGATAA,,0.0007,0.0007,1,114
TTCATATTGGCAAGCG,,0.0007,0.0007,1,114
AAAATTATTGTTTCCC,,0.0008,0.0008,1,113
AATGAACCTATCTCTT,C41K L50V,0.0008,0.0008,1,113
CTCAGTCTTAGAGGAC,V485L,0.0008,0.0008,1,113
GATCTCAAAAGATCTG,,0.0008,0.0008,1,113
AACCTATCAAAATGCT,L68N,0.0008,0.0008,1,112
AATTTCAGAGTAACAC,H374N,0.0008,0.0008,1,112
ACCGCCCTCGATCCTA,T40D,0.0008,0.0008,1,112
ACTGTACCATGCCACT,M410V K417R Y419C K425G T438A Y441C R456G K465R H467R R468G Y480C Q482R R491G,0.0008,0.0008,1,112
AGTGCTGAATTGAAGC,R456E,0.0008,0.0008,1,112
GATAACGGTCAACTGA,N146T I361S,0.0008,0.0008,1,112
GCACTTATGACACTTT,S60W N74L,0.0008,0.0008,1,112
TTAGATCCAATTACTT,L142W S163G S389N Y419V,0.0008,0.0008,1,112
TTCTACAGAGTCCAAT,,0.0008,0.0008,1,112
AGGCCGGAATATTGCG,W227F M312L C475F K481N,0.0008,0.0008,1,111
ATGAATGATAAAAAAA,I15S K63A G271H G294R,0.0008,0.0008,1,111
GTACACAACCCACGCA,S269* N365S,0.0008,0.0008,1,111
TAGGTGACTCCCAAAA,H13R T182I D311A V435A,0.0008,0.0008,1,111
AATGATTACAGCGAAT,R379S I403T,0.0008,0.0008,1,110
ATCCGATAAAAACTTC,T182H L479W,0.0008,0.0008,1,110
AAAAATTGAGACCCAA,G64C L73D C155W F316S,0.0008,0.0008,1,109
AATTTACAGATGAAAA,G54D,0.0008,0.0008,1,109
ACACGATACTCGGTTA,S476R,0.0008,0.0008,1,109
AGCACGAAGAGCGCAC,V435L,0.0008,0.0008,1,109
ATGCAAACCTTAACAA,T40S S85T,0.0008,0.0008,1,109
CCCCTAAATTTAAGAA,L32S T77I T274L K352S,0.0008,0.0008,1,109
CCCTTGGAACCATGGT,T296Q,0.0008,0.0008,1,109
CTGTTCAACCAATAGA,,0.0008,0.0008,1,109
GCAACAATATGATTCT,I201C L244D T261F L449P Q482Y,0.0008,0.0008,1,109
TAAACCACACTGTAAA,,0.0008,0.0008,1,109
TGCACCTATCTCACAT,Q3V T58E,0.0008,0.0008,1,109
TGCATCATGATTAATT,E72N,0.0008,0.0008,1,109
TGCTAAATACTTTAAA,P275S K465E,0.0008,0.0008,1,109
TTCGCAAATTCAACTT,L50K V97A I337T,0.0008,0.0008,1,109
TTGAAAGGCAACTACT,H124R F318T M359I L428C,0.0008,0.0008,1,109
ACCTTGAATAAAGTTT,N409A,0.0008,0.0008,1,108
AGAATCGATATATTCC,F38T T261I F293A N365V,0.0008,0.0008,1,108
ATATTTAAATCAAACG,T139C P145S G484F,0.0008,0.0008,1,108
CCAAATATAGGCTGAA,E151H E307G K490P,0.0008,0.0008,1,108
GACATAAAAATCACTG,Q69S I239T C364D S462T W489A,0.0008,0.0008,1,108
TAACGAAGAATGACTA,W370C G429S Y441C,0.0008,0.0008,1,108
TCCTGACTCTACCAGG,A152V T263R A330Y K384R,0.0008,0.0008,1,108
TCGCTATTATAATTCA,L32W I345C,0.0008,0.0008,1,108
TCTTTAGAACGAATTC,F8S,0.0008,0.0008,1,108
AAAGTTTGCACGCAGC,K63R,0.0008,0.0008,1,107
AAGCTACAATGAGACA,M80* G206M,0.0008,0.0008,1,107
AATGCGACTCCTGTTA,G198D,0.0008,0.0008,1,107
CACCTCCGCCCCGACT,V435W,0.0008,0.0008,1,107
CGTGGAATAAATCTTA,N79T H92G S367R,0.0008,0.0008,1,107
TACACCCCGTCGGTGT,L105I T249*,0.0008,0.0008,1,107
TATGTGTCATAATTCA,I201N Q218F,0.0008,0.0008,1,107
TGAAATCTAAATGGGT,G2Y S27V E307P G473N,0.0008,0.0008,1,107
AAAATACCTAACCATA,A39G L245R Y371L,0.0008,0.0008,1,106
CCCGAACATAGCATAC,L78G D401A P486L,0.0008,0.0008,1,106
CCCGCATTACCTCCCA,,0.0008,0.0008,1,106
CCCTTTATAGTCATGC,M96Y C155I S163H W489*,0.0008,0.0008,1,106
CTACCTCGGCGGCAAT,,0.0008,0.0008,1,106
CTTCCGTAGTGAAACA,,0.0008,0.0008,1,106
TCTTCCAGGATATACT,F157Y D408T,0.0008,0.0008,1,106
TTAAAATCAAAGAACT,N74G L372S L449F,0.0008,0.0008,1,106
AATTAATAAGATCATA,G64T R325S,0.0008,0.0008,1,105
ATGCACATGTCATGAA,,0.0008,0.0008,1,105
ATGCATCGCCGACAAT,S216E,0.0008,0.0008,1,105
CACCAAGTAGACATAT,V65L,0.0008,0.0008,1,105
CACCCGGCAATGAACA,V31F T48N Y129E S171K P486A,0.0008,0.0008,1,105
CCGCAATGAGTCTAAA,,0.0008,0.0008,1,105
GAGCCACTATAAGGTG,F8Y G186N,0.0008,0.0008,1,105
TAAATACACATGCAAG,G42K,0.0008,0.0008,1,105
TACATATCTACCACGG,C155V,0.0008,0.0008,1,105
TAGGCACAAACAGTGG,,0.0008,0.0008,1,105
TTCTAGAGTGGAGAAT,M312N,0.0008,0.0008,1,105
AAACTTAAACGTCGAA,T225C T274N,0.0008,0.0008,1,104
AGACAAGTGTATGAAC,T108N Y371H N390I,0.0008,0.0008,1,104
GAATCATGACAATAAC,S246D,0.0008,0.0008,1,104
GTGAAGGCATACCAAA,G378E,0.0008,0.0008,1,104
TAATGCTACTTAACTG,M82S,0.0008,0.0008,1,104
AAATAGTTTAAAATCG,L46A Q165T K352C,0.0008,0.0008,1,103
ACAAGTCCCTTTTAAA,W210E,0.0008,0.0008,1,103
CACCCACATACACTAA,I144V Y166D T261S,0.0008,0.0008,1,103
CACCGCAAGGTACCAT,D156Y,0.0008,0.0008,1,103
CGATACCCACAATCCT,E17C K272N H354R,0.0008,0.0008,1,103
GAAGACGTGTGTCCTG,K116I,0.0008,0.0008,1,103
GACTATAAGTTGTAAC,N319D S400I K490S,0.0008,0.0008,1,103
GCATAAAAGAGATACA,M332T N365D F440V K481Q,0.0008,0.0008,1,103
GCTGATAAAAATAAGT,K63R,0.0008,0.0008,1,103
TAAGTACACATAGACA,T59*,0.0008,0.0008,1,103
TCCATATTGTATACCA,E307K,0.0008,0.0008,1,103
TGGCAGCAGTGGCATA,K465V,0.0008,0.0008,1,103
TTGTTCCCGACGCGAA,G102K I162M G484S,0.0008,0.0008,1,103
AGCACACGCAGGAAGA,L394N,0.0008,0.0008,1,102
ATCGGGCACGCTCAAG,,0.0008,0.0008,1,102
GATACATTAGCCCAAT,S60F I112L R250M D306L,0.0008,0.0008,1,102
GATTTGCACTAATAAG,S163E,0.0008,0.0008,1,102
GTAACATGAACGACTT,N395D,0.0008,0.0008,1,102
GTTTCCACCCCAGTAT,L142W R256F,0.0008,0.0008,1,102
AAATCTAATGGATACA,,0.0008,0.0008,1,101
ATCAACCAGGTCCACG,E104H Y219V G478R,0.0008,0.0008,1,101
ATGAAGGAGATATATC,C155*,0.0008,0.0008,1,101
CAACAAGTTACAGTTC,K63V Y480L V485G,0.0008,0.0008,1,101
CCGAAAAACCCGTATA,N342W G378Y,0.0008,0.0008,1,101
CCTAACGCCAAGACCC,F262S,0.0008,0.0008,1,101
CGGACAGTCGATAGGT,V18L L103G M284W M312I N319H,0.0008,0.0008,1,101
CGTAAATTCTCCAATA,L433S,0.0008,0.0008,1,101
CTAGATACTATGCATA,,0.0008,0.0008,1,101
GCGGTCCCTCTGAATA,A25F L51W,0.0008,0.0008,1,101
GCTGCAAGTTTAACCT,L46R N99D S389R,0.0008,0.0008,1,101
GTGTGAAAAAACGATC,G197R S246T N395R,0.0008,0.0008,1,101
TACCGAGAATTAAACC,T59I F157*,0.0008,0.0008,1,101
TATGAAAGAATAAAAT,H92I D204I E228A,0.0008,0.0008,1,101
AATCTCCTGGACCGTA,S143C E151D N224L R491M,0.0009,0.0009,1,100
AATGGACTGTTTAACG,,0.0009,0.0009,1,100
ACCACAAACTCAAGAT,K490S,0.0009,0.0009,1,100
CTAAGGAAAAGTGTCA,M472*,0.0009,0.0009,1,100
CTACCTAGTATATGAA,L32F,0.0009,0.0009,1,100
GAAGCAGAGCCCTAAC,N390K,0.0009,0.0009,1,100
GACTTCGATAAGTAAT,S60T,0.0009,0.0009,1,100
GCGTCATTCTGCATCA,,0.0009,0.0009,1,100
GGGAGGGTGTAATCTG,M82Q S143N G360D,0.0009,0.0009,1,100
TCGCTGCGTTACCGTA,F446E,0.0009,0.0009,1,100
TTACGTCCGGGAATGG,,0.0009,0.0009,1,100
AATCATAGGTTTAATA,S60Y M312T,0.0009,0.0009,1,99
AATGCCCCGACACCGG,,0.0009,0.0009,1,99
ACACTTATGTGGTGTG,,0.0009,0.0009,1,99
ACGACATTCGAAACCT,R248L T281L,0.0009,0.0009,1,99
ACGGTCCATAATGATA,N158Y,0.0009,0.0009,1,99
AGATTATGCAGGCTGT,I337E,0.0009,0.0009,1,99
ATCAATCCCCAAAAAA,,0.0009,0.0009,1,99
CGATACGTCCGTGACA,N74H Q189C M214L N470Y,0.0009,0.0009,1,99
CTTACTAGCACCCATT,L71T K88E,0.0009,0.0009,1,99
CTTTATGAAAAGGCAA,D408T,0.0009,0.0009,1,99
GGATGTTCGAAACACA,,0.0009,0.0009,1,99
GGTTAACTTCTATAAG,Y66M G294D L315M,0.0009,0.0009,1,99
TAAACTAGAACATAAG,,0.0009,0.0009,1,99
TAGAAAGCATCTGAGT,E100T I458S,0.0009,0.0009,1,99
TCATCCAGACCAAAAT,L52F M82Q H124Q H230A I254N,0.0009,0.0009,1,99
TCGATTATTACAACTA,E303T F399P,0.0009,0.0009,1,99
AACACCCAATGGTTGC,Y36S,0.0009,0.0009,1,98
AGTAATTATATTAATA,L32Y,0.0009,0.0009,1,98
AGTACTCTAATACTAG,N37H A184T W227P,0.0009,0.0009,1,98
CAATCTAAGTACACAT,G98S I221S D268V F446W,0.0009,0.0009,1,98
CACTTAGATAGTTGAT,F318N,0.0009,0.0009,1,98
CATAGCCGGGACCGCG,L73K L220R,0.0009,0.0009,1,98
CCAACGCTTAAAAACA,V341* M414T,0.0009,0.0009,1,98
CCCATAGGCTAACTGA,,0.0009,0.0009,1,98
GAACACGACCCGAGTC,Y172N N178M,0.0009,0.0009,1,98
GATTGTATAATGTTGG,,0.0009,0.0009,1,98
GCAACCGAGAGATCAC,L78I C118K M194K I334M,0.0009,0.0009,1,98
GCTTTTTAGCGATGTA,R207T L259* S389I,0.0009,0.0009,1,98
TCATTAAAAGTCGGAA,Q165* H179I S199L L244R Y480M,0.0009,0.0009,1,98
TCGCGAACGTTAGACC,N167Y L336W H354L,0.0009,0.0009,1,98
TTAACCAAGTTCGACA,,0.0009,0.0009,1,98
TTTTCACCACAAGGAA,,0.0009,0.0009,1,98
AACAAAGACCTTTAAA,G208* E228A,0.0009,0.0009,1,97
ACCGACCATGTACAAT,,0.0009,0.0009,1,97
AGCAGTACACACAGGC,I361L,0.0009,0.0009,1,97
ATTAACCGAAAAAAAT,I144C,0.0009,0.0009,1,97
GACCGGCTGACGTGAA,I21G A173S W210M M472L,0.0009,0.0009,1,97
GCCACTTAACATGGGC,F191C G484F,0.0009,0.0009,1,97
GGTACAAAGAACACAT,I474K,0.0009,0.0009,1,97
TATATGACACCCTACG,L133M,0.0009,0.0009,1,97
TCACCAGCATGCACAT,V18A,0.0009,0.0009,1,97
TCTATAAGTATATGTT,,0.0009,0.0009,1,97
TGAACCGACTGCTCCC,D273K,0.0009,0.0009,1,97
TTCGTACCTCCTTTAG,D229Y,0.0009,0.0009,1,97
TTTGAAACAGCTCAAA,L168E G473D,0.0009,0.0009,1,97
AAGGCACACAAAAGAA,G2N G197V,0.0009,0.0009,1,96
AATTACCATGCTGAAA,Y217K D401H,0.0009,0.0009,1,96
ACACCTTAATGAATAT,C364R,0.0009,0.0009,1,96
GACAAGCTAAGACGTA,E100T,0.0009,0.0009,1,96
GCAAGGAGGCTAGAAC,I361H,0.0009,0.0009,1,96
GGATAATTACTAGAAA,S135C G174N,0.0009,0.0009,1,96
TAAAATACTCGCAGGA,N302S,0.0009,0.0009,1,96
TACCGAAGAAGAGCTA,,0.0009,0.0009,1,96
TAGCAGTCCTTTATTT,V183L P427S,0.0009,0.0009,1,96
TCTAAAAGAAACTACC,L84H S333*,0.0009,0.0009,1,96
TGACAGACTCATATCT,A132V M410P,0.0009,0.0009,1,96
TGTTGTGATACTGATC,,0.0009,0.0009,1,96
TTAACGTCCCATAAAA,V65Q S205I R235W K327M,0.0009,0.0009,1,96
TTATAAGAGCAACAAT,S163V T375N,0.0009,0.0009,1,96
TTTATAATCCAAAAGG,Y129V S255N,0.0009,0.0009,1,96
AATCGACTCCAAGTAA,G174V,0.0009,0.0009,1,95
ACCGAAAAATGGAGGA,Y217L K461*,0.0009,0.0009,1,95
ACGGACAAAATCATAT,I137F G276D K368T P483S,0.0009,0.0009,1,95
ACTTACAATCACATCT,D229V F262C A299H,0.0009,0.0009,1,95
AGAATAGGCGATCTTG,L103I K490F,0.0009,0.0009,1,95
AGGATGTGCTGCGTTG,E10C R256* P483N,0.0009,0.0009,1,95
ATGAAGGTTGTGGTTC,L84N A123D Q405R,0.0009,0.0009,1,95
ATGATTGATGAACTCC,K88T I252L R422*,0.0009,0.0009,1,95
CCCATCATAAGTAGGG,N390T M420P,0.0009,0.0009,1,95
CGGGTTGGCAATCGAC,F7L K125V N353I L447S,0.0009,0.0009,1,95
CTCTGCTAAACACCAT,L280F,0.0009,0.0009,1,95
GACTAAGAAGTCTGTA,,0.0009,0.0009,1,95
GAGAATTACCATCGAG,V431F,0.0009,0.0009,1,95
TCACCGCATAGCTGAA,S60R,0.0009,0.0009,1,95
AAAATAAAGTGCTGAT,,0.0009,0.0009,1,94
AATCCCAATGAGTCGC,L51V S60L S121T C155N K352* K465V,0.0009,0.0009,1,94
ACAACGCTAATAGGGT,Q218T M351F N390S P464Y,0.0009,0.0009,1,94
ACAGACGCTTCATGTA,N178V V435*,0.0009,0.0009,1,94
ATATTGTAAGCAATCA,V47D H170Y,0.0009,0.0009,1,94
ATTACATTTTGGTTCA,Q69M H131I N148G N365L,0.0009,0.0009,1,94
CAAGATACTTTAAATC,Q3T G45L D156N I345N,0.0009,0.0009,1,94
CTTATCAGATCCCTGA,V11L L128A L394*,0.0009,0.0009,1,94
GACCATACCACCCCAA,V450L,0.0009,0.0009,1,94
GTCTGGAATTCCAATA,K88H T110D L168I,0.0009,0.0009,1,94
TAATCAACAAAAGACT,V183L,0.0009,0.0009,1,94
TGGTCGTCAGCTTTCG,I254Y F262E,0.0009,0.0009,1,94
TTCAAGATTGCTTGCT,H141P I162F,0.0009,0.0009,1,94
TTCTTGAATTAGGTGG,G2S E76L C364K I411Y,0.0009,0.0009,1,94
AAATATAAAAAAATCA,,0.0009,0.0009,1,93
AGCGAAATATGACACC,E308M A407M,0.0009,0.0009,1,93
ATACGTCTTGTTGGTC,S169R Y241I E287R,0.0009,0.0009,1,93
ATTAAACCAAAAGTGA,I136N R491L,0.0009,0.0009,1,93
ATTTTGATAAAAAACG,K352F,0.0009,0.0009,1,93
CCGGAACACATCCTTA,M351S,0.0009,0.0009,1,93
GACGATATGCATAACA,H354S,0.0009,0.0009,1,93
GATTCTAGGAGATTCA,E289G K490S,0.0009,0.0009,1,93
TCGGAGTTTCTTGATG,E10C H92T I452L,0.0009,0.0009,1,93
TGCCAACTATCACACG,L142A Y371K V459Y,0.0009,0.0009,1,93
AAACGATCTGAACGCT,T58* T108L A177L E308G K481R,0.0009,0.0009,1,92
AATACATAGCAACTAG,T48Q I474Y,0.0009,0.0009,1,92
AATCTATATTGAAACC,S135D,0.0009,0.0009,1,92
AATTCCTAGAGAGGTC,I15C G186S S367P Y393N,0.0009,0.0009,1,92
ACAAGTGATTCAAACA,S154H S237Y F316* A343I,0.0009,0.0009,1,92
ACAATAATGAACCGGG,G360E M410L M414I,0.0009,0.0009,1,92
ACGAGAGCACTCCGAG,T70V S205A W264I F446L,0.0009,0.0009,1,92
ATACCGCTAAAATGCT,I137Q Y217L E287P M312E N390K,0.0009,0.0009,1,92
ATATACCAACTATGAG,M284C K339Q,0.0009,0.0009,1,92
GAATTGCACGGAGCAA,M80S L105K T110P I162V P236E L447W K488L,0.0009,0.0009,1,92
GCATTGAATGGCTCGG,E100S I445K P464R,0.0009,0.0009,1,92
GCCCATACAGACAGAC,G64T R207K Q218P,0.0009,0.0009,1,92
GTCCGCGTCACGATTC,V485P,0.0009,0.0009,1,92
GTCGATAACACAACTT,,0.0009,0.0009,1,92
TACACTTACTAATTCA,Y66W A173L N209M M214V T377* R456S,0.0009,0.0009,1,92
TATAAAATTGAGGAAT,,0.0009,0.0009,1,92
TTAAGACAAGTTCAAT,C41* K339S,0.0009,0.0009,1,92
TTAGGTCTCAGCAAAA,H141W S389Y,0.0009,0.0009,1,92
AAATACCAGGATACCG,Q232G,0.0009,0.0009,1,91
AACCGCGAGCACCAAA,E100Q L120Q S199C,0.0009,0.0009,1,91
ATCACTGTATAATAGC,L61I H230I Q405W,0.0009,0.0009,1,91
CCACCGTATTGCATGC,K352R E396D,0.0009,0.0009,1,91
CGTATAATAGATACTC,L51G C155T M312I R422W,0.0009,0.0009,1,91
CTCCCATAGAACAAAG,W264*,0.0009,0.0009,1,91
GACTTCCTTGGAGAAC,Q232H K291T H471W,0.0009,0.0009,1,91
GATTCTAGTCCTTATA,L78F E289P,0.0009,0.0009,1,91
GCTGCACTAACTGACA,L84I M194P L394T,0.0009,0.0009,1,91
GTAACGGCCGGTAGAT,A407L R491V,0.0009,0.0009,1,91
GTAATACGTGACTGAG,V22W,0.0009,0.0009,1,91
TGACTACAAAAACAGA,,0.0009,0.0009,1,91
AATTTAAAGCGCTCAT,,0.0009,0.0009,1,90
ACCACGACTATTTATT,V183* I345R H467T,0.0009,0.0009,1,90
ACGACACCCAGCCGCT,A177* G206V,0.0009,0.0009,1,90
AGGTACGCGGAGAGTG,K63A,0.0009,0.0009,1,90
ATTTAATGGCACCCGA,,0.0009,0.0009,1,90
CACATGTTTACCATTA,T182Y,0.0009,0.0009,1,90
CGACGTAAGAGTTACA,M19E W210K,0.0009,0.0009,1,90
CGCGAACGATCCTGCA,F7P F440H,0.0009,0.0009,1,90
GCGAGGCTGTACGGTA,S60M R193W G198S D211E Q321*,0.0009,0.0009,1,90
GTCATTGCGTCAGGGT,C118H F157I G198C K384G D408V,0.0009,0.0009,1,90
GTCTGGAAACTGATTG,I361G,0.0009,0.0009,1,90
AAGATCCCATGCAAAG,G64N D156G S163P I222G,0.0010,0.0010,1,89
ATTAACCAATAAGGAA,E396I I403L,0.0010,0.0010,1,89
CAAGAAACAGAAGGAT,H115C I239* G276*,0.0010,0.0010,1,89
CACGGCAAATAGAACA,F191R G197S,0.0010,0.0010,1,89
CCCCCTACAGGAGACA,N224D S439N,0.0010,0.0010,1,89
CGCCAACTTGCAGTAA,M1R L168R F399L,0.0010,0.0010,1,89
CGGGAATAAACATCTG,T108H I252V,0.0010,0.0010,1,89
GAAATTCCACTTAAGA,Y62* M80C C155L G159C,0.0010,0.0010,1,89
GGAACAGTAGGACCCG,I15G V459T,0.0010,0.0010,1,89
GTGATACTTCATATCT,L84K G198S E421K,0.0010,0.0010,1,89
TATAGCAGCCTGCCCA,C53I T81K L103N,0.0010,0.0010,1,89
TATTTTCTTTTAAGTC,V11I L280T Y369F,0.0010,0.0010,1,89
TCTATTTGAGCACTGT,G54Q D122T,0.0010,0.0010,1,89
AGTAACACACATTATG,A39T K291Q K320N,0.0010,0.0010,1,88
ATAACGATGAATCTTC,,0.0010,0.0010,1,88
ATATTAAATTTTGATC,Y62* Y94S,0.0010,0.0010,1,88
ATCCTTGGTTTGGACG,V5G C155F K161N E307S N373L,0.0010,0.0010,1,88
CCGTGCGCATAGGTAA,N79R,0.0010,0.0010,1,88
CTACCATGTTTGCTGA,C41K N167R G197S,0.0010,0.0010,1,88
CTGCCATAAAGACGAT,T40P A299D T438R,0.0010,0.0010,1,88
GATCACGTTCGCTTCC,T249N G460R,0.0010,0.0010,1,88
GCATTGAAACAATATT,A184G M332Q N365Y,0.0010,0.0010,1,88
TTATATCACATAAGCA,,0.0010,0.0010,1,88
TTTGCCGATCTATTAA,,0.0010,0.0010,1,88
AAACCCCAACGATATG,E151V M414V,0.0010,0.0010,1,87
ACAACAATTAACGCAC,S389A,0.0010,0.0010,1,87
ACCGTGGAGTAAGTGC,,0.0010,0.0010,1,87
ACCTACTGAAGCTCAG,E151C C385R,0.0010,0.0010,1,87
ATCTTGAACTTGAAAT,V11Y V65E E72A A195T Q223C,0.0010,0.0010,1,87
CACACTTAACGTCTTT,H131P,0.0010,0.0010,1,87
CCTCTCTCATTGCCCT,L107I G206A C212R,0.0010,0.0010,1,87
CGTTCCGCCTCATAGC,L46P N167Y N178K,0.0010,0.0010,1,87
AAAAAACAACTAGCAT,A195P,0.0010,0.0010,1,86
ACCCACATTTATGGAT,G34S G174Y,0.0010,0.0010,1,86
CGAACCAAGTGCTGCT,F140I L259K S333L I458Y,0.0010,0.0010,1,86
CTAGATCCAATACAAG,,0.0010,0.0010,1,86
CTGGCGCCCGTTATGG,W264L,0.0010,0.0010,1,86
GATAAGAAGTCCCCGC,F147I M194E A322Y L428T,0.0010,0.0010,1,86
GGAAACATGCTATTGA,Q405A,0.0010,0.0010,1,86
TTAAAAGACTATGACA,F8V,0.0010,0.0010,1,86
TTAAAGATGGAATATA,I15R L259M R325H N395L,0.0010,0.0010,1,86
AAAGTTCAGACGCGAC,,0.0010,0.0010,1,85
AAATGGACAGACAGGT,G206V W227Y,0.0010,0.0010,1,85
AAGAAACAGACATACT,G174S,0.0010,0.0010,1,85
AATAAAACAATGAAAA,L449T,0.0010,0.0010,1,85
ACCGATCGCTGGAGGA,S367F,0.0010,0.0010,1,85
AGTAGAAGAGTACCAA,T40L S91* G98W Q331K,0.0010,0.0010,1,85
ATACGAGCCAAGTTCA,T70L,0.0010,0.0010,1,85
CTTCCCTGAAGTTCCA,T58N E421W Q482L,0.0010,0.0010,1,85
GAACTCTCAGCGATTA,I286S K291R,0.0010,0.0010,1,85
TAATATATAAACCAAG,,0.0010,0.0010,1,85
TATTAACTGTCCGGAT,Y200P D402S,0.0010,0.0010,1,85
TGGGAAAAGTAAATCA,T296D M472T,0.0010,0.0010,1,85
AAAAAAAAGGTCTAAC,L103C L133M F147L K161*,0.0010,0.0010,1,84
AAACGCAATAATATTA,N409K P427Y S444I,0.0010,0.0010,1,84
AAAGTCAGGCCTTACC,A30K L61M T110A K300M,0.0010,0.0010,1,84
ACGACCTAACGAGTAA,L50Y,0.0010,0.0010,1,84
AGAACACCACGTGCTG,N37A,0.0010,0.0010,1,84
AGAGACAATGTGGTAA,M80E F147T,0.0010,0.0010,1,84
AGCGTTTCGAAGAATC,C86G M134L D357H,0.0010,0.0010,1,84
ATCAGTGCAAACCCGG,Q406E,0.0010,0.0010,1,84
ATTTATTGCAGATAAA,T81C S246K K417V,0.0010,0.0010,1,84
CAAAAAATACAGCCAA,,0.0010,0.0010,1,84
CGAGAAAAAGCAATTG,L61N L259A C292S V485*,0.0010,0.0010,1,84
CTTGCACCTATGAGGC,E76A,0.0010,0.0010,1,84
GGATAAACCAAACCGA,C155W,0.0010,0.0010,1,84
GTACAATATAACAAAT,C155T,0.0010,0.0010,1,84
TACGTCATTAGTATAA,,0.0010,0.0010,1,84
TCTCCGTTCAAGAACC,L105I,0.0010,0.0010,1,84
TGGTAAAGAACTATGT,Q3H F157M H179I,0.0010,0.0010,1,84
AAAAATAACGCATGTA,C53R R257D L415M I474S R491M,0.0010,0.0010,1,83
AGCCAAGCGATACAAG,I358R N395V,0.0010,0.0010,1,83
CGGTATTGTAAAGCAA,,0.0010,0.0010,1,83
GGATACCGGGTCGCAG,L188P Y253L,0.0010,0.0010,1,83
GGCCTTCGCTTTGCGC,V14L I24C W196*,0.0010,0.0010,1,83
GTGTGATCGATCTCAA,N99I W264C A288M N390K,0.0010,0.0010,1,83
TAGACTGCTACCATCT,Y200Q Y217F L387A S476C,0.0010,0.0010,1,83
TCCATCAGCTCCAGGT,S462I,0.0010,0.0010,1,83
ACAGAATCACAAAGAT,A152*,0.0010,0.0010,1,82
ATTGTAGTCAAATTTA,D156G H179I A330V L428Y L449T,0.0010,0.0010,1,82
ATTTTTACAAACCTCA,G98D T274N,0.0010,0.0010,1,82
CCAAGGAGACGGACAA,A195T L313K D432G,0.0010,0.0010,1,82
CCCACATTCTCTTGCA,G206R L372W,0.0010,0.0010,1,82
GAAACTGTTTATTCTA,Q3M Y393K V435P,0.0010,0.0010,1,82
GCTATGAGGAAGCTAG,,0.0010,0.0010,1,82
GCTATTCCAAAATAAA,G206H,0.0010,0.0010,1,82
GTGCCTGAGAACAGAA,T101C T377Y S392N,0.0010,0.0010,1,82
TAGAAAATAAATATAT,I15F V31N D306L,0.0010,0.0010,1,82
TCGAATAACGACCAGC,Y200G,0.0010,0.0010,1,82
TTAAATCTACGTAACG,,0.0010,0.0010,1,82
TTGGGACCAAAAAAAT,G260V Q335S E396F,0.0010,0.0010,1,82
AATTATGACAACTGAT,W264L,0.0011,0.0011,1,81
AGCTGATATAGAGCAC,A30T G429V,0.0011,0.0011,1,81
AGTCACTAATGGTTTT,C53Y N99S T226V K300I Y480*,0.0011,0.0011,1,81
ATGTTAATTACGTTTT,Y62T S234I L259R,0.0011,0.0011,1,81
CACGTAATATAACTTA,F293C,0.0011,0.0011,1,81
CATGGCTAATCTAGAA,,0.0011,0.0011,1,81
CCCGCAAGGGTTAAAA,D156F H230A E307F N319T,0.0011,0.0011,1,81
GCTTTAAAAAATAAAC,T397M,0.0011,0.0011,1,81
GGATAGGTCAGGGCCT,,0.0011,0.0011,1,81
GTACATCATGAACAAT,A30T E76V Q416S L447T,0.0011,0.0011,1,81
GTACTCACAAATACAA,M134W C463W,0.0011,0.0011,1,81
TACTAATCACCATAAG,S163F G174L,0.0011,0.0011,1,81
TATCTCTGGTCGACAA,F309V G391E,0.0011,0.0011,1,81
TCGAAACGACGGAAGT,C41S E303K S476R,0.0011,0.0011,1,81
TGTAAATCGTGGTTGG,E396*,0.0011,0.0011,1,81
AACCCAAAACATAACA,L61I P83* S154Y I213R,0.0011,0.0011,1,80
AAGATGTCAAGAAATA,E104S,0.0011,0.0011,1,80
ATGTTGTTAACTTGCT,F38I E287R D311A R468P,0.0011,0.0011,1,80
CACATAATCAATGTGA,H115S,0.0011,0.0011,1,80
CAGACATGACTCCCCA,G181L T281S,0.0011,0.0011,1,80
CCAAGAGCAGCCTATG,T48S D156N C212I R282H,0.0011,0.0011,1,80
CGAACGGAATTGGATG,E100V Y371*,0.0011,0.0011,1,80
CGGAAAACAAAGCTCC,,0.0011,0.0011,1,80
GCAGAAGGATTTGGAA,N99H G160V,0.0011,0.0011,1,80
TAAATATATCCACCAC,C86Y A177K G197W T263W,0.0011,0.0011,1,80
TAAGAGACTAGACATA,E76* L245N,0.0011,0.0011,1,80
TAAGATTTTACTCCGT,H230W M359S,0.0011,0.0011,1,80
AAGGAGAAAACTTTCT,A39S M96I L107* E151P D268N I286G C477R,0.0011,0.0011,1,79
AATGGACGACATTTTT,H170K E287S,0.0011,0.0011,1,79
ACCACAAACACTAATA,,0.0011,0.0011,1,79
ACCTTCGGTACGTGAT,N319G K352Y,0.0011,0.0011,1,79
ACGATCCGCAAATTCA,C118Y N209H E404L,0.0011,0.0011,1,79
ACTCCAACGAGCAATA,D175E V298Y,0.0011,0.0011,1,79
CGAATTGCACGTAGGT,G198N E270L,0.0011,0.0011,1,79
GCCTGTAATCCGGCAA,E308I C364V,0.0011,0.0011,1,79
TCAATATTGCACAAAG,E17K T48Y M134T,0.0011,0.0011,1,79
ACACCTCGTCTATCAT,,0.0011,0.0011,1,78
ACGTAACTATACGAAA,S121L H230I Q416S,0.0011,0.0011,1,78
AGAACGTTATTAAAGA,S111T S138N N178P R193V K339W H398*,0.0011,0.0011,1,78
AGATCCATTAACCTGG,E100* H179G E421S P486S,0.0011,0.0011,1,78
CACTAAGGATTGACAA,,0.0011,0.0011,1,78
CATTCATTATTAGACA,M1C E76Y S143F T274I,0.0011,0.0011,1,78
TTATAGGAGAGGCCTT,L105N,0.0011,0.0011,1,78
AAAGGCCATGCGGTCT,R257Q,0.0011,0.0011,1,77
AAATTACCTACGATAA,L35N,0.0011,0.0011,1,77
ACCATAGTCGAGGCAA,M1N M80W Y241F,0.0011,0.0011,1,77
AGGTTTTTAATTTTAA,V97P T110S,0.0011,0.0011,1,77
ATACTCAAAGGAAATG,P12E L84V K116R N158K H354Q R468D,0.0011,0.0011,1,77
ATTCAAGACCTCAAAG,G2I E151G E307V I474F,0.0011,0.0011,1,77
CAAAATTTACAAAGGC,V97I S216N,0.0011,0.0011,1,77
CCATCTGTGGGTTCAT,,0.0011,0.0011,1,77
GATCAGGTATAAAGAA,D175N A288T,0.0011,0.0011,1,77
GCCTAACGATATTATA,G186S T225H Y278S,0.0011,0.0011,1,77
GTTCAAAGGAACATCT,,0.0011,0.0011,1,77
TAAACCACAGCAACCT,,0.0011,0.0011,1,77
TCTAGAGACACCGCGT,M19* I252F,0.0011,0.0011,1,77
TGACACCAGGAAACAC,M19L L220D R250S,0.0011,0.0011,1,77
TGAGTCCAAGGAAATA,L142N P236H F293N,0.0011,0.0011,1,77
TTACCCTCGGATTGAA,N158T W227F,0.0011,0.0011,1,77
AAAACTTGCCGTAAAA,C53Y D156R T182D W196M,0.0011,0.0011,1,76
AACTATACCCTCGAGT,L71W L84F F446V,0.0011,0.0011,1,76
AGATGTGTTTGTTGAG,C57L I252A,0.0011,0.0011,1,76
ATCTCTATCAACGCCC,L61R L71V A176M L280Q L344Q,0.0011,0.0011,1,76
CGAAGGGCCCTAGGAG,H124F,0.0011,0.0011,1,76
CGTGGTAAGGAACTAA,L32T,0.0011,0.0011,1,76
TGCCTATCATCCGGTA,I136E,0.0011,0.0011,1,76
AAACTTATCAAATACC,I361L,0.0011,0.0011,1,75
AAGTCACATAATTGGC,K63L V164Q C212* R256I E289A R314M,0.0011,0.0011,1,75
AGAATAACGTACTTCG,E104A S400L,0.0011,0.0011,1,75
ATACTTTCAACAGTGT,Q3K M194D A340M R422W,0.0011,0.0011,1,75
ATATATCATGATAAGA,,0.0011,0.0011,1,75
CGGATCGCCCGCACTA,L220Q,0.0011,0.0011,1,75
CGTAGCCATAAAGAGA,G98C S169C L266V R356S,0.0011,0.0011,1,75
TAAACAAGTTCTACAA,,0.0011,0.0011,1,75
TTTAAAATTTAGGGCG,P466W M472N,0.0011,0.0011,1,75
AAAATATTAATAGCTG,W196N,0.0012,0.0012,1,74
AGCATCAATCATTAGA,I136M,0.0012,0.0012,1,74
AGGCTAAAAATCATCA,I213T,0.0012,0.0012,1,74
ATTCAAGGGAACTAAA,I222* N390L,0.0012,0.0012,1,74
CCATATATCCATGGGA,K161A,0.0012,0.0012,1,74
CCGGAGACACCGTCCA,S27N N365K M410S,0.0012,0.0012,1,74
CTTGCACAGCTCTATG,Q247L N302T Y419S F446Q,0.0012,0.0012,1,74
GTGGACCCAATTAAGA,G198D,0.0012,0.0012,1,74
GTGGGTCCACTATACG,M82W M192R,0.0012,0.0012,1,74
GTTAAACTACAACTCA,G2* S381L C463G,0.0012,0.0012,1,74
TCTATGAAAACTTGAT,L433Q,0.0012,0.0012,1,74
TGCTCAATTTTTATCG,L50V L242F G294V N395A,0.0012,0.0012,1,74
AAATTTATTTACGATT,L242I A343C,0.0012,0.0012,1,73
ACTATCTCTGGCAGGC,D251C,0.0012,0.0012,1,73
CCTTTCCAAAGCACCA,S171D Y393H,0.0012,0.0012,1,73
CGCGGAGCACGGGTAT,L84T T190N K304*,0.0012,0.0012,1,73
CTTGAAAATATTCATA,C180*,0.0012,0.0012,1,73
TACCCACGGTAATTAT,H170Q H354F F446S,0.0012,0.0012,1,73
TTAACATGTGTGGGCG,S246Y E396S,0.0012,0.0012,1,73
AAAAACGCAAATGATG,,0.0012,0.0012,1,72
AAAGGAGTATCTACCT,Y200V R314N,0.0012,0.0012,1,72
AATAATCAAGCCGTAA,K88E G391I,0.0012,0.0012,1,72
CGTCCGGCAAAGATTA,T59F G64S A297L L387K,0.0012,0.0012,1,72
GCAAACCGATCTACAG,Q69R D156T,0.0012,0.0012,1,72
GCCGTTCACATAAATG,V97I Y172T K304Y,0.0012,0.0012,1,72
GGATAAGCGTCTATGA,E308V K384C,0.0012,0.0012,1,72
GGTCAATGCCCCGCTG,V14L L128F L415V H467G,0.0012,0.0012,1,72
TACTACATCCAAAAGT,D156I G198R T296A,0.0012,0.0012,1,72
TCACATTTATTCAAGG,Y62N S85R Q149R S476M,0.0012,0.0012,1,72
TTAGCACCTATGCAGA,Q69R,0.0012,0.0012,1,72
AAAACTAACTATACAA,A176F,0.0012,0.0012,1,71
AGATAAACGTGCTTAC,K272V I458M,0.0012,0.0012,1,71
AGTTTAACTCCGAACA,S27I E104L,0.0012,0.0012,1,71
CAGAAAAACCTGATAT,H124Y,0.0012,0.0012,1,71
CAGCCAGGTCGTAATT,A123I,0.0012,0.0012,1,71
CCCAGTGTGCATGTCC,W283T L449T,0.0012,0.0012,1,71
GAGTTGTTATACGTCA,R248M G277L C463A,0.0012,0.0012,1,71
GTAAAATCACCAATAA,F157L G460R,0.0012,0.0012,1,71
GTACGCAGAAAGCCCG,F147V M214A,0.0012,0.0012,1,71
GTTAGTAATGAATGCA,Y36H K126S N373I,0.0012,0.0012,1,71
TCTCCATATGCGCTAC,H374Q G484S,0.0012,0.0012,1,71
AAAGTGTATTTCATTA,E303L S476K,0.0012,0.0012,1,70
AAATTAGTATAGCTAA,K88F N209L G260I F316*,0.0012,0.0012,1,70
AACTAAGAGACCCACC,L35A S163Q S171N L220C,0.0012,0.0012,1,70
AGGAAACAAGAGAACA,G102N,0.0012,0.0012,1,70
CCTGTGAACAAACTAT,Y166T L415V K481V,0.0012,0.0012,1,70
CTAGTAATGATTTTAA,,0.0012,0.0012,1,70
CTTGAAAACATCCGAT,L326W,0.0012,0.0012,1,70
GAGATTATGACCTCTA,G271V,0.0012,0.0012,1,70
GATAAGAAAACGTTTT,L203W W264E G460D,0.0012,0.0012,1,70
TACCACATAAACCCAA,G102H I162F,0.0012,0.0012,1,70
TCATTGTATCAGAGAA,G64K L315R,0.0012,0.0012,1,70
AAAATAAGGCAAAAGA,E104V Y241* D408S,0.0012,0.0012,1,69
AAGTAATCAAACTGAT,T48P,0.0012,0.0012,1,69
AATTATACAAAGGATA,S234A,0.0012,0.0012,1,69
AGGCGCCTTAATAATA,T101A L133Y N146K D175P P466M,0.0012,0.0012,1,69
ATTATCACGAAAATGA,P466L,0.0012,0.0012,1,69
CCAGAAACATACAAAG,L51G C310V I358T T397G,0.0012,0.0012,1,69
CCCCGAAACTAAAATG,L43F F49Q Q232L I254P,0.0012,0.0012,1,69
GGGCCAGAAGCTATAT,I21L C155A,0.0012,0.0012,1,69
GGGTTCCCAGAATGGC,L107Q L259Q,0.0012,0.0012,1,69
TAAATAACATTAATTA,,0.0012,0.0012,1,69
TAAATTAAGAATATCA,T59G G260A K272N W370S,0.0012,0.0012,1,69
TCAAATGTGTCATAGG,V65C V97R Q149P G206S,0.0012,0.0012,1,69
TTAGGAATATAAGGGA,A152R S367V F446V,0.0012,0.0012,1,69
AAGACTATACGAAGGT,E396S I458F,0.0013,0.0013,1,68
ATGAGCACCAATACGG,G2T E67L Y129T I222K S400D,0.0013,0.0013,1,68
GAAGAATAGTACATAG,G98D H115D F316E,0.0013,0.0013,1,68
GAGCAGTTGTGTCCTT,K161L,0.0013,0.0013,1,68
GTCCAAATGTATCTTT,T108R W227E L415H L428H S462*,0.0013,0.0013,1,68
GTTCGTTATGCACGTG,N90Y Y150D N158K Y363*,0.0013,0.0013,1,68
TACGAGATAATGTATC,V5H N167F S216L G271L,0.0013,0.0013,1,68
TCAACGTCAAATCTGC,Q9S M75T H179I,0.0013,0.0013,1,68
TCTTAACTTCAATTGG,E67R F157E I162N D268H V388A P427L,0.0013,0.0013,1,68
TGAAGTACATTAAAGG,L128I,0.0013,0.0013,1,68
TTCGCTTTATTAAGAA,,0.0013,0.0013,1,68
ACATGGTGCGAAAAGG,E329G,0.0013,0.0013,1,67
ATCATATGCCATAAAC,T48* K481Q,0.0013,0.0013,1,67
CAATCCTAGTGGTTTC,D156V A343E,0.0013,0.0013,1,67
GAAACCAACAAACGCA,Y441D,0.0013,0.0013,1,67
AAACGACGGTTTAGCC,I24H A123P P383H,0.0013,0.0013,1,66
AGATCTTGTCATAAAG,D156R G260* R422G,0.0013,0.0013,1,66
AGCTATACGCACCCAG,G186W Q232*,0.0013,0.0013,1,66
GGATACAAAGCAAGTA,G160F E413M,0.0013,0.0013,1,66
TCCGTCTTCGCCCACA,F140I G159T T190K Y200* N342*,0.0013,0.0013,1,66
CCTCTTAAACACCAGT,V18* D317K H354R Q416*,0.0013,0.0013,1,65
CGCAACGCAAATTACT,I443L,0.0013,0.0013,1,65
CGCAAGGCCAGATTGA,W196K,0.0013,0.0013,1,65
CGGACATATAACGCAT,M359I S389G,0.0013,0.0013,1,65
CTTATAGAATATATGG,L73N K126I S246T Y363N,0.0013,0.0013,1,65
TATAAAGCCCATATAG,S476G,0.0013,0.0013,1,65
AAAATTCGAACTTAGT,V164R V187R I201A P236L,0.0013,0.0013,1,64
ACATTATGTACTATTG,E104H,0.0013,0.0013,1,64
CATATAACTCAGTTGT,K63*,0.0013,0.0013,1,64
GCAGTGAATCAAAATA,E308K,0.0013,0.0013,1,64
GCTCGATAAAAGGAAA,K33G L51K L168C K488P,0.0013,0.0013,1,64
TAAAAGTGGATTAACA,N148T I162D S199L H471S,0.0013,0.0013,1,64
TAAATTTAAGTAGAGT,Q69K N319S,0.0013,0.0013,1,64
TTCACGACTATAATAA,E72L,0.0013,0.0013,1,64
AAATAATAATTACAGT,G2E N158L,0.0014,0.0014,1,63
AAGCCTCTTAAAAAGA,Q223E,0.0014,0.0014,1,63
ACGTGCGAGAACGCAC,T40V K339N,0.0014,0.0014,1,63
CAAATATCATAAAGAC,K63E L78R H92*,0.0014,0.0014,1,63
CAAATGAATCCCCTCA,H170L G197S M284F A343R,0.0014,0.0014,1,63
GAAATAACAAACTTCC,L394F,0.0014,0.0014,1,63
TTGTAAACCTTGAAGA,G34D E104I,0.0014,0.0014,1,63
AAGGCGCAAGATATAA,K33L T190V R356L,0.0014,0.0014,1,62
ATACGTAATTTATTCA,N158L L449Q,0.0014,0.0014,1,62
CAGACGCAATTTCGTG,L447V,0.0014,0.0014,1,62
GACTGTGAAGGCAAAC,,0.0014,0.0014,1,62
GTCCACTTTTATATAT,,0.0014,0.0014,1,62
TCGATCTTTGTGAGAC,S199A G240N,0.0014,0.0014,1,62
GTGGACAAAGACGATA,,0.0014,0.0014,1,61
ACATTAAACGTGCGCA,E418K P483S,0.0014,0.0014,1,60
ATGCATATACTATCAA,,0.0014,0.0014,1,60
CACACTTCTGAAAATT,A173G T274L,0.0014,0.0014,1,60
GCTTCGAGAAACCGCT,,0.0014,0.0014,1,60
AAATCTGGTGTATGTC,A30M I254R,0.0014,0.0014,1,59
AGGTGTAAATAAATAT,Y217N,0.0014,0.0014,1,59
ATCAACTAGCCAACTA,,0.0014,0.0014,1,59
CAGGCGTGAGTAATGG,S437V F440G,0.0014,0.0014,1,59
CGTATTCGGCCGACTC,C477I,0.0014,0.0014,1,59
GTGTACTACTCATATA,N209Y,0.0014,0.0014,1,59
TAGGACTTTATTTTTT,A173K S392R,0.0014,0.0014,1,59
TGTGGACAATTGTTGC,N185V,0.0014,0.0014,1,59
AACTCATCCAAACCAT,,0.0015,0.0015,1,58
CACAATGTATACAAAG,F38L L220H L259S,0.0015,0.0015,1,58
GACGATCGCGTCAAGA,F262L,0.0015,0.0015,1,58
GCAATTCTCAAATTAC,A30V T40* L51S I337H,0.0015,0.0015,1,58
TACCATCCCTCTATAT,C57S G181D W227N,0.0015,0.0015,1,58
TGTATATCGAATCAAG,L51G K88Q T110Q W386M,0.0015,0.0015,1,58
AACGTAAAGAGATGAT,K272M V388Y,0.0015,0.0015,1,57
CATCCCTCGAACACAA,T58H H354V,0.0015,0.0015,1,57
CTATTGTTCCACGTGT,S138C E151K M192W I323T I474T,0.0015,0.0015,1,57
CTCTATGTAAAGTTGT,F157W L220A G276F,0.0015,0.0015,1,57
CTTAAGACAAACAACC,,0.0015,0.0015,1,57
AAAAAGAGAAAAATTC,L50E H354S,0.0015,0.0015,1,56
AACAGCACAATTAGTA,S138N,0.0015,0.0015,1,56
ATCCATTATAGTAATA,G2Q Q232P T377R,0.0015,0.0015,1,56
CCCCGAACGACACAAT,E104S,0.0015,0.0015,1,56
TGTAAACTAGCTTTAC,L61Q K300P T426I,0.0015,0.0015,1,56
CAGATACTTGTAGCAT,D306M D317F T377L,0.0015,0.0015,1,55
CGACACAAACATCACA,,0.0015,0.0015,1,55
GATGTGTAAGACACCT,M472Y,0.0015,0.0015,1,55
TAAACCTTACTCGAAC,L50G A152I D401N C463*,0.0015,0.0015,1,55
AAAAGTGAAGGTTGAG,,0.0016,0.0016,1,54
AAATAAACAGAACCAG,L120*,0.0016,0.0016,1,54
GGAAAATACAGGCGTA,L382K,0.0016,0.0016,1,54
ACTGGCGACACGAACT,W370L,0.0016,0.0016,1,53
ATTCTAATTCGCTAAC,C180N I445W,0.0016,0.0016,1,53
CTTGCAAGAAGTCAAA,D122H,0.0016,0.0016,1,53
CTTTTATTATGAGAAT,M312*,0.0016,0.0016,1,53
GACAAAATTGTGTACT,,0.0016,0.0016,1,53
GCAAGTCGTTTCATAG,G102V W227Y,0.0016,0.0016,1,53
GCAATTTTGATGTGCA,K291M N319L,0.0016,0.0016,1,53
GCTCAAAAGGAATCTG,L52K L103*,0.0016,0.0016,1,53
GTAAACCCGATCTCAA,E17G H354I Y480F,0.0016,0.0016,1,53
TAGGCTCACATGGCTT,K116L G271D,0.0016,0.0016,1,53
TGAGGTCTATTTGCGT,L120P,0.0016,0.0016,1,53
ATGCTGTTTGGAGGAA,T101E A184F Y363L M472N,0.0016,0.0016,1,52
CAACATATGTGGAGAT,N346S,0.0016,0.0016,1,52
CCTGTCTTCACGACAT,L105S L244A L447N L479S,0.0016,0.0016,1,52
CGCAGACATTAGATTT,R248* W370L L433F,0.0016,0.0016,1,52
CTCCATACCATGGAAA,H141Q G391L E404V,0.0016,0.0016,1,52
GTCTATCACCCAATAC,C57S T139A A288Q N342V I361S,0.0016,0.0016,1,52
TAAACTGGAAAAACAT,D156A,0.0016,0.0016,1,52
TCACAATGTTAACCTC,V187K K291*,0.0016,0.0016,1,52
AATCCCGTATTACGGA,G102T A152R N295F S462A,0.0017,0.0017,1,50
CATTCTATTAAAGAAA,G174F K481Y,0.0017,0.0017,1,50
GATCCACAGCAAACAG,I254Q,0.0017,0.0017,1,50
GTAACCTTATGTTGCC,L242N,0.0017,0.0017,1,50
AAACTATAAAAATAAA,E100K H467S,0.0017,0.0017,1,49
ATGAACCTCAAAGAGG,A173I M312R,0.0017,0.0017,1,49
GACTTTCGTTCTAGGC,R207M I239R W489*,0.0017,0.0017,1,49
AAACGTCAAAACGTGG,A132R Q149L C231T T274S,0.0018,0.0018,1,48
ACGAGGAGTCACAACA,I361N,0.0018,0.0018,1,48
AGCCAATCGAGAGGTT,Q69M,0.0018,0.0018,1,48
ATACCGAGAGGCACAG,M19K N127A N185K,0.0018,0.0018,1,48
TAATAACCCCAACTCC,,0.0018,0.0018,1,48
TGGTTATAAAGAATTC,I15D G174V,0.0018,0.0018,1,48
AAACTCTGATCGAAAC,E100*,0.0018,0.0018,1,47
AAATGAATTGAGGAGG,R256C C279F L285P,0.0018,0.0018,1,47
ACATAGGCCAATCGGT,R257Q L355P,0.0018,0.0018,1,47
GTATCAGATTCTAACG,V65Y N90A Y150S K272M,0.0018,0.0018,1,47
TCTATTACAAAATGTC,F49V L133H I144R A288E,0.0018,0.0018,1,47
TTCTAAACTAAACCAG,S216C,0.0018,0.0018,1,47
AATCGGACTCACCACT,K125Q M312Q,0.0019,0.0019,1,46
GCAGTAGTTTAATGAG,K320H,0.0019,0.0019,1,46
TGTGACTTATTTAGCG,G42F D156I G160S G276A,0.0019,0.0019,1,46
CTGAGAACTCCCTTGA,,0.0019,0.0019,1,45
GGCTCAGCTCCGGATT,T108H,0.0019,0.0019,1,45
AAATAACGTAAACCAA,G98F Y200W S462Y,0.0019,0.0019,1,44
AACACAGTACACACAG,I286K I345K L349*,0.0019,0.0019,1,44
AACCAAAAGTAGGCTC,G102* F117H,0.0019,0.0019,1,44
CAAGACTCTCCTTTAA,Y36T D408S,0.0019,0.0019,1,44
GGGCAAACCACTCGTA,G2S F157L C212H V388M,0.0019,0.0019,1,44
GGTTCGAAAAAAAAAC,S121I K300L D311S T380P,0.0019,0.0019,1,44
GTAAACGCTGTCACCC,Y253D N395C,0.0020,0.0020,1,43
TCTACTCCCAAGATAA,P486I,0.0020,0.0020,1,43
AAATTGCCGTAAATCT,G277T,0.0020,0.0020,1,42
AAGACGCTAACTGTAG,D273L V450I,0.0020,0.0020,1,42
GAGACACGAACTGAAG,M19T E104T I137G G160W R207* E396S V431M,0.0020,0.0020,1,42
GTCAACGACAGACAAC,R250T,0.0020,0.0020,1,42
GTCATAATATTGAATC,Q218W D229C L242T C364Y T375I,0.0020,0.0020,1,42
ATTACCCAATAAACCT,A173K,0.0021,0.0021,1,41
GGATTGGACGATGAAA,K126L Q165R P275F,0.0021,0.0021,1,41
GTCAGAAATCGAATTA,C118R C180L,0.0021,0.0021,1,41
TTGATATAAACTAGCC,K88L,0.0021,0.0021,1,41
CTCTATCAAAACGAAA,Y129S V435A,0.0021,0.0021,1,40
AACTCGAACTTTTAAT,I4V P238C,0.0022,0.0022,1,39
AAAATCGTGATATATA,P275T,0.0022,0.0022,1,38
AAACACGAAGTCGTCC,Y129* S171F,0.0022,0.0022,1,38
CAAACCGTATGTCCCA,N89H L280P,0.0022,0.0022,1,38
AAAATCACTGTGTAGA,F49M K63L M134D I201R G294R K465P,0.0023,0.0023,1,37
TAACATAGGCAGTACT,T225W V459Y V487L,0.0023,0.0023,1,37
TTTCCGAGCAGACTGA,P83R I222P Y253* D347I,0.0024,0.0024,1,36
AAAATAACGAAAAGTT,E10A R55H L344S T426I,0.0025,0.0025,1,34
GAAGAACTGCGCAGCA,Y94N W210A K300Q Q348I T376N Q416A,0.0025,0.0025,1,34
AAAATGCAAACGCCCT,R282G I445*,0.0026,0.0026,1,33
AAACTACTAAAATAAA,C53S,0.0026,0.0026,1,33
ACCTACCACAAAGTGG,I213R,0.0026,0.0026,1,33
AGTATACACAATTCGA,E151* I323G,0.0026,0.0026,1,33
GTCAAGACGATAAGGA,N209R S476L,0.0026,0.0026,1,33
TAAACCCCTGACGTGC,N90V M192E I222H E287* D317P L430T,0.0027,0.0027,1,32
ACAAACACTAGATGAG,V5F L245A,0.0028,0.0028,1,30
ATCTAATATAATTAGT,L242E L259Q Y278D,0.0028,0.0028,1,30
CACATCTTCAAACAAG,M134Y M153Y R314S,0.0028,0.0028,1,30
GGATTGCAGCCATCTC,,0.0028,0.0028,1,30
GTACACTAGACAGGTC,L258G,0.0028,0.0028,1,30
ATCAGCACAAACACAC,T263H,0.0030,0.0030,1,28
CAACGACAACAGAGTA,M194I N470G,0.0030,0.0030,1,28
AAACAACGTAAACTGG,L50T F309T,0.0032,0.0032,1,27
CGAGAGATGGCAGCGT,L68F,0.0032,0.0032,1,27
ACATCATGTCTTACAA,C41E E100* H124N V183M K352* R379C,0.0033,0.0033,1,26
CCACACACTGAATCAA,G460L,0.0033,0.0033,1,26
GATTAAACCAATAAAA,V44T,0.0034,0.0034,1,25
TAGATTTGCTATCAAT,F147R G160S S246V S389E,0.0034,0.0034,1,25
ACCGTATAAACATTTG,M284T,0.0037,0.0037,1,23
ACGTGTCCGTTAATAA,G34S C231W I403S,0.0037,0.0037,1,23
CACAAAAGTGTAAGAA,A173K Y419*,0.0037,0.0037,1,23
CATAAAAAACAACTGA,N99S V164E K300L N390*,0.0039,0.0039,1,22
GGCAACGCACTAGACT,N89R D273*,0.0039,0.0039,1,22
CCACCAAAATATCCCC,G277L,0.0043,0.0043,1,20
CCCGAGATAGATACTT,C364*,0.0043,0.0043,1,20
CGAGACCATAAACTCC,G42S N127I I239* D401N,0.0045,0.0045,1,19
TCCACTGTCAACTAAT,T40M D156N A202H I358P,0.0050,0.0050,1,17
TGGCCACCTTAACAAC,A176T,0.0050,0.0050,1,17
TAAACTGGTGTCCGGT,I113C R379L,0.0053,0.0053,1,16
AAAATAAACTATTGCA,,0.0061,0.0061,1,14
ATGCATATTACTGCAA,W227N,0.0066,0.0066,1,13
TACCAGGCTACTGCAC,G64S H179R N470*,0.0071,0.0071,1,12
AAGCGTATGGAATGCC,C180R Q223S,0.0077,0.0077,1,11
AGCAGAGCACCCGGAA,R422F C475* P483L,0.0106,0.0106,1,8
ATAACAAAAGTACGAC,K33S C364V Y393R,0.0106,0.0106,1,8
ATTAGTCATAAGACAC,I112V F140* H179* T274Y H398L A407E,0.0106,0.0106,1,8
GAACCTAATTAACAAA,D175H H455F Q482*,0.0106,0.0106,1,8
GACTATTTAACTAACG,I222T M332N,0.0106,0.0106,1,8
GATAGCATCTCATCTT,F147A E303L G473I,0.0106,0.0106,1,8
GCGGGGTCTATAATAT,D311V K327I,0.0106,0.0106,1,8
TCAAATAGAACTCGCG,C180Y D211N M359L S437N,0.0106,0.0106,1,8
TGATACAAACACTCAA,Q3T T397P,0.0106,0.0106,1,8
AAATTAGAAATAAAGA,I4T L242S V435L K481L,0.0122,0.0122,1,7
ACACAAAATAAATGAG,N148L K272Y L280P C385S,0.0122,0.0122,1,7
ACCTCGTACACAGACT,G102* P145R R207L H230L L469V C475E V487M,0.0122,0.0122,1,7
CAAACCGACCGTTGTG,V97L P236N R248L Y371Q K465G,0.0122,0.0122,1,7
CCCCTTACACGCATAA,E396A,0.0122,0.0122,1,7
CGAGTTGAGGCTTGAA,K291* T426G H471E,0.0122,0.0122,1,7
GACACAAACTTCACAA,N365S I474Q,0.0122,0.0122,1,7
GGAATATAACAAACAC,T6L S121T C475A,0.0122,0.0122,1,7
TACATCGATTTACCTG,S27F M96T L128Q F233L L259* S437N,0.0122,0.0122,1,7
TATACCGAAGTCCTCT,G186R L259* L349V,0.0122,0.0122,1,7
TCGAGCTAATTATAAC,V183H H457Y,0.0122,0.0122,1,7
TGAGTCCGAACGGTAG,R256F,0.0122,0.0122,1,7
TGCGCTGAACTCAGCC,D251V K291T L372W,0.0122,0.0122,1,7
AAAGACGTGGACCCAT,A177C I254N D273Q G460I,0.0142,0.0142,1,6
AATCACGTCCAGAGAT,T59K Y66P R207K,0.0142,0.0142,1,6
ATATATACCACTTAAA,T108F A184R G260R T281* A322Y,0.0142,0.0142,1,6
CGTTACCTGAGCCAGC,E72I V97K N158P,0.0142,0.0142,1,6
GAATCCCATGTAAACA,Q3L L105R S205D E307W C463V G473M,0.0142,0.0142,1,6
GACACACCTTGTAAAA,K291* N319L N390P,0.0142,0.0142,1,6
GCAGTTCGTCAGGCGA,A176S S389F L415K,0.0142,0.0142,1,6
GCATCTACCAGCACTA,N119D A177E T375L K417L,0.0142,0.0142,1,6
GCCTATCTATACCATC,T59P S333T C475S,0.0142,0.0142,1,6
GGTTGCTCGCGGAAGG,G294T C385Y L479I P486L,0.0142,0.0142,1,6
GTTAATAGCGATCGTC,A25F Y94A T261N,0.0142,0.0142,1,6
TAAAAGAACTCAAAGC,I162M L259F C364V,0.0142,0.0142,1,6
TAAACATACGAAGCAA,D311V S389I,0.0142,0.0142,1,6
TAAACCTGTCAAACTA,Q3W E100L L313V,0.0142,0.0142,1,6
TAACTGCACGTAATCC,I95D L103S D156L N302I H374F,0.0142,0.0142,1,6
TCACGGCACGACCATT,I24N V187L C292G,0.0142,0.0142,1,6
TGACACCACGATTGGT,Y150R,0.0142,0.0142,1,6
TGAGATTGTGATGTCT,Y94I G160D Y441S,0.0142,0.0142,1,6
TGATAGTGGAGTATCG,E104N H141M H448A,0.0142,0.0142,1,6
TGATTAACTTACAGAA,S60M T87L T110G L142A M284C H471M,0.0142,0.0142,1,6
TTCCCCAATTAAGCTA,N37P Y366L,0.0142,0.0142,1,6
TTGCTCATCCCCTCCC,V97H L107P G198W,0.0142,0.0142,1,6
AAAACACTCATAACAA,I137* S437Y,0.0170,0.0170,1,5
AAAAGCACAAAGGAGA,F157L T375K M410*,0.0170,0.0170,1,5
AAACACGTAGAAAAGT,Y66* V164L M359L,0.0170,0.0170,1,5
AAACATTATGAAGGTA,E104L Q189K D251S N319T,0.0170,0.0170,1,5
AAAGATTGTACATTTC,M1H M284V,0.0170,0.0170,1,5
AAATGACGGAAGTAAC,R207N S444P G478Q,0.0170,0.0170,1,5
AACTGTTACAAAGTTT,Q165S S171H V183M Y253H K425L,0.0170,0.0170,1,5
ACTAAGACTACCAACC,T375N,0.0170,0.0170,1,5
ACTATGCACGTATGAA,M134R S169E,0.0170,0.0170,1,5
ACTGGGGGAACGGCCA,Y200V N319E,0.0170,0.0170,1,5
ACTTGGTAAAGGAGAG,L52* V65Q Y94* C279I,0.0170,0.0170,1,5
AGAACCACAACGGCAA,V5S L61M S437G,0.0170,0.0170,1,5
AGCCCTCTTTATGGAC,T139V G276* E303Y,0.0170,0.0170,1,5
ATCGGGCGTAAAATTA,V14R Y62D W196R,0.0170,0.0170,1,5
CCATTCATTATGTGCC,Q405C,0.0170,0.0170,1,5
CCCAGAATAAACTCCG,T182H M214E W264*,0.0170,0.0170,1,5
CGAAAACTATCCACAC,K63P G208L A340V H457C,0.0170,0.0170,1,5
CGTGCACCGTGCGAGC,S60M Y129S S135D,0.0170,0.0170,1,5
CTTTGTGTAGCACTTA,L52R K88Y G102L L259*,0.0170,0.0170,1,5
GAAGAAAAATTTCTGA,N89M F147G A177P F191* G197L P464H,0.0170,0.0170,1,5
GACATTGCCAAACAAA,F8A S143T G160Y V164G T296V,0.0170,0.0170,1,5
GATCGTCAAAGTCTAA,H115A F434T S439C,0.0170,0.0170,1,5
GCACTAGTAGAATACG,S154I S163P,0.0170,0.0170,1,5
GCCCGAGAGTGTGACA,L242H,0.0170,0.0170,1,5
GTAAAAACACCTTCAG,L290E L449T,0.0170,0.0170,1,5
GTCATTAAGAACGACA,I4S,0.0170,0.0170,1,5
GTCGACTCCCATTTCA,A39F I254* F440R,0.0170,0.0170,1,5
TAAACGACCGTCTGCA,G102E S163D L168A I201L I350K,0.0170,0.0170,1,5
TAACCCCTCCAGCCAG,E10V L23G N109V F262S,0.0170,0.0170,1,5
TAAGAGCACAAGCGCA,M19L L469R,0.0170,0.0170,1,5
TACACCCTGCAGAGCG,Y66*,0.0170,0.0170,1,5
TACGGATATTCAATGA,V5E I15S L107F D156C S171R Q331M,0.0170,0.0170,1,5
TAGGGTGATAAAAACT,L220E,0.0170,0.0170,1,5
TCCAGAATTCTATCCC,A195T R356M C364P,0.0170,0.0170,1,5
TGACCATTCTTACGTG,F157L H179T A340K V450S,0.0170,0.0170,1,5
TGAGGGACTGGGATAT,Y200* R256I,0.0170,0.0170,1,5
TGAGGTAAAGTAGCCT,Q3K M134G R193N Q416E G473T K481T,0.0170,0.0170,1,5
TGGAGCATAATTAAAC,G186Y Y219S S333C F399V L479E,0.0170,0.0170,1,5
TGGCTGGCTATAATAC,I222Y H455F,0.0170,0.0170,1,5
TTATCGAAAAGGATCG,N20W T87E A299* F316M N365M,0.0170,0.0170,1,5
TTCAGGTTAATCCAAA,C231L Q416K,0.0170,0.0170,1,5
TTCGAAACGTGAAGAG,C364F V435M,0.0170,0.0170,1,5
TTTAAAGATAATACCA,H131* L220G,0.0170,0.0170,1,5
AAAAAAATAATAAGAA,F262*,0.0213,0.0213,1,4
AAAATCAAATACATAC,I15T A25P K300C M332G,0.0213,0.0213,1,4
AAAATTATGTGTATGT,S267L M284L A297D,0.0213,0.0213,1,4
AAACTATGATAGTGGA,I21S Y66L K272Y,0.0213,0.0213,1,4
AAATAACACACATGTA,P83R A177V L290T,0.0213,0.0213,1,4
AAATAGACAACGGAAA,I323S,0.0213,0.0213,1,4
AACCCGAAAACTGTAA,V14* K33H S199H T296P K304E G478D,0.0213,0.0213,1,4
AACTTGGGCTAGTTCG,L52P,0.0213,0.0213,1,4
AAGATTAGTTATGGGG,S169T E329F T454G,0.0213,0.0213,1,4
AATGGTCAGATATAGA,L107W K116E,0.0213,0.0213,1,4
AATTGTATCAATAGAC,Y62L P383T,0.0213,0.0213,1,4
ACACCACACTAACTGT,C212Y Y219* P466R,0.0213,0.0213,1,4
ACACCTTAATTAGCTG,,0.0213,0.0213,1,4
ACGAATAGCTTGACGT,E100T T375L,0.0213,0.0213,1,4
AGACCAGGGCAAACAT,,0.0213,0.0213,1,4
AGACTAAAATTACCAC,K33R V298A G378R,0.0213,0.0213,1,4
AGATGCCACATATTCA,Q348P L442I,0.0213,0.0213,1,4
AGGGTTGTATCTCAAA,Q348P E413Y,0.0213,0.0213,1,4
ATAATCTCGTAACCTA,T101C C118S L133C L242E,0.0213,0.0213,1,4
ATACACAAAGGCCAAA,C180N,0.0213,0.0213,1,4
ATATCTGTCACCTCAC,S171R G186A P383H,0.0213,0.0213,1,4
ATATTGACTATATATC,C279L,0.0213,0.0213,1,4
ATCCAAACCAATCGTT,L52N M214G,0.0213,0.0213,1,4
ATTACATGTTTTACAC,L51Q N109S,0.0213,0.0213,1,4
ATTACTGTGATTTGGT,L105S N319S,0.0213,0.0213,1,4
ATTAGAATGACGGTTC,N37K V298E,0.0213,0.0213,1,4
ATTGAGCACTTACATC,,0.0213,0.0213,1,4
ATTTTATGTTACGTGC,S163R I337T T377S G484A,0.0213,0.0213,1,4
CAAAGTAATTCAGCTT,Q3P F7L E396K,0.0213,0.0213,1,4
CAATAATGAAATCTCT,L258R P486S,0.0213,0.0213,1,4
CACATACAAAGACCAC,R193* H457L,0.0213,0.0213,1,4
CACATTCATTCCTGTA,T265I K320T N346L,0.0213,0.0213,1,4
CAGACAAAGATGGGCT,W210F N346S D432E,0.0213,0.0213,1,4
CAGCCACAAATCTGGC,T81I N99V S121V S476G,0.0213,0.0213,1,4
CATCAAAGCCATAGTC,G460C,0.0213,0.0213,1,4
CCAACAGTTGAAATAA,M1N A173T,0.0213,0.0213,1,4
CCAACATATAAGCTAC,I4Y A132R S246V D311Y,0.0213,0.0213,1,4
CCAGACTTAATGGAAT,H179I,0.0213,0.0213,1,4
CCAGTAGCCCGAGCTA,M153K A297L I361S,0.0213,0.0213,1,4
CCCAGCCGATGAAAAC,C57Y K304N A343S,0.0213,0.0213,1,4
CCGCGTTTTAACGGTT,S91M I113T,0.0213,0.0213,1,4
CCTACCACCAATACAT,F140Y G197E S205N F309S H354I,0.0213,0.0213,1,4
CGCGATCCTCTACACT,N74A L188R V487G,0.0213,0.0213,1,4
CGTATTAGATCATGTC,S135L C180S Q406H,0.0213,0.0213,1,4
CGTCATTCATCCCAAC,N109V L280V N390Y,0.0213,0.0213,1,4
CGTTGCATTAACACGT,D229R L259T N319I,0.0213,0.0213,1,4
CTACGTTCATAAAAAA,G197T I254T L372H P486L,0.0213,0.0213,1,4
CTACTAACGAATCGGT,H93T E104* G174* C385Y,0.0213,0.0213,1,4
CTACTACTATTCCCAG,L258R C301G S400T,0.0213,0.0213,1,4
CTATTAGTAATTTAAT,C53L R256K,0.0213,0.0213,1,4
CTGCTCTTTACAAAAT,G34L,0.0213,0.0213,1,4
CTGCTGTTCCCATGAT,Q3* T261Y,0.0213,0.0213,1,4
CTTAAGCGCCAGCATC,,0.0213,0.0213,1,4
CTTGACATAAGTTTAA,R256Q I411L S476V,0.0213,0.0213,1,4
CTTGTAATTAATATCT,C57* I162H D408L,0.0213,0.0213,1,4
GAAAATATAAAAAGTA,R193N V487R,0.0213,0.0213,1,4
GAAACCCTCTCGTACT,Y363L F446L,0.0213,0.0213,1,4
GAAATAAGCAAAAGCC,N167G L349Y,0.0213,0.0213,1,4
GAACGACGCTCTAGAC,T108K S135Y G240E T376V N409*,0.0213,0.0213,1,4
GACTCTTATGCGTTGC,T438D,0.0213,0.0213,1,4
GCAGTACCAGAATATC,S333T Q405* G484V,0.0213,0.0213,1,4
GCCTGATTATAAGCGT,C475Q,0.0213,0.0213,1,4
GCGGATTATACCCTTA,T6K R256F,0.0213,0.0213,1,4
GCTAATAGCAAAAGTC,A39* S163C D347S H471L,0.0213,0.0213,1,4
GCTCACCGTGTAAAAT,G2A I162K,0.0213,0.0213,1,4
GGAATTTACAAAATTA,N89Y S381C S444V,0.0213,0.0213,1,4
GGAGAATAGGCTAAAT,L242F E396D,0.0213,0.0213,1,4
GGAGGCGGTGTCGGAT,Q3A V28Y M75R,0.0213,0.0213,1,4
GGAGTAACTAACTAAC,L78F Y219S C301W D401P K490T,0.0213,0.0213,1,4
GGATGATCATTAGCCT,L51R T101V,0.0213,0.0213,1,4
GGCTCCCAATAACCAT,I112P D357L,0.0213,0.0213,1,4
GGTACTACCCATCCAA,K88W F117D W489*,0.0213,0.0213,1,4
GTACGCAAATCAGTTG,T81F I222L,0.0213,0.0213,1,4
GTCACGTGCATAAAAA,S56Y N99E T139H,0.0213,0.0213,1,4
TAAGCATGGGGCACCT,L73R S154P L244A,0.0213,0.0213,1,4
TAATACGACGTTACTA,G34R E72W S85R N99Y,0.0213,0.0213,1,4
TACCTGTTCGTGCACC,T225N T249I L372H S444E,0.0213,0.0213,1,4
TACTCCAACGTATCCA,I15L L188K P236L R248K M351L,0.0213,0.0213,1,4
TATACTATATGACAGT,L242S P464D,0.0213,0.0213,1,4
TCCAATATCCCCATAT,A25V F446A,0.0213,0.0213,1,4
TCCACCTTAAGAACAG,L51* Q335C R456L K488*,0.0213,0.0213,1,4
TCCAGGATGTACCCTT,D357M,0.0213,0.0213,1,4
TCGTACCAAATTGTCA,L32K G198R I411M,0.0213,0.0213,1,4
TCTTACACATACATTA,F293I L336C R468F,0.0213,0.0213,1,4
TGAAAGTTCACCCAAT,E270V L382N,0.0213,0.0213,1,4
TGCACATAACAGAAAG,I162* I239T R422V S444Q,0.0213,0.0213,1,4
TGCAGATAATCCTACG,L142T I350R V487F,0.0213,0.0213,1,4
TGGGAGCCTTATAAAA,R422P,0.0213,0.0213,1,4
TGTAAAGTGGTGAAAT,Q3R S91C Y129Q G484N,0.0213,0.0213,1,4
TTACCGAATATGAGTA,I4S F49Q S143A,0.0213,0.0213,1,4
TTGACAACCAAGACAC,E72*,0.0213,0.0213,1,4
TTGGCATGGGAATTCC,W386L C475M,0.0213,0.0213,1,4
AAAAATAAAAGCAGGA,Y66R L128P G197L G271E,0.0284,0.0284,1,3
AAAACCAAAGTTCTAG,L449W,0.0284,0.0284,1,3
AAAACTATACTGCCTA,R207L P486S,0.0284,0.0284,1,3
AAAATCCAAATGAGGA,M134V Q405*,0.0284,0.0284,1,3
AAAATGAACTATATTT,K125* Q348* Y363T,0.0284,0.0284,1,3
AAACAACGATCCATAA,K88A V431L,0.0284,0.0284,1,3
AAACGTCAAAATCGTG,S27G T48M Y129S N167S T376F V485Y,0.0284,0.0284,1,3
AAAGAAGTTCAATTAA,M194L G197E Y219T M284Y,0.0284,0.0284,1,3
AAAGCTCAGGACGTGA,C57W M134* M414I,0.0284,0.0284,1,3
AAAGTACCTTAGTACA,T106F N119T S135V E418F,0.0284,0.0284,1,3
AAATCCCCAAAAAGCA,N74K E100W I221F W227E T249Y,0.0284,0.0284,1,3
AAATTAACTTAGCGTC,G206V T225S N338*,0.0284,0.0284,1,3
AACACTGAAGCCAGAA,L35Y L142N E287N N346K,0.0284,0.0284,1,3
AACGTACCAGTAGTAT,L52V I201L H305C,0.0284,0.0284,1,3
AACTAGACGTACATGT,Q3A E76K G197D L220C,0.0284,0.0284,1,3
AACTTACATACTGAAA,V47K L84W L105K,0.0284,0.0284,1,3
AAGCAATCAAACTCGT,M82* N89* N365F,0.0284,0.0284,1,3
AAGTAAACTTAGCCAC,G34Y,0.0284,0.0284,1,3
AAGTGCCCACGACTAC,Q149L T375D P486N,0.0284,0.0284,1,3
AATACACGTTGGTCTA,T6I G181D A297L I361D,0.0284,0.0284,1,3
AATAGACTCACCTTTG,F38E E151C K300L,0.0284,0.0284,1,3
AATCCCCGTGGCTGTT,M82K S205F,0.0284,0.0284,1,3
AATCGCTAGGAAACTG,M75R D311Y,0.0284,0.0284,1,3
AATCTATTACTATAAT,M153S Y200* L259Q N295P E303K H354F,0.0284,0.0284,1,3
AATCTCTAAACGTAGA,T58Q H170V D175L T375V,0.0284,0.0284,1,3
ACAAAGACTTTCTCTA,G34T L245P,0.0284,0.0284,1,3
ACAAATTCTCAAATAA,F8S L84S N209H D273Y G391L M410*,0.0284,0.0284,1,3
ACAGAGGCCCCCAGAA,N167K T265P,0.0284,0.0284,1,3
ACCAAAAACATCAGTC,H230Q L442Y,0.0284,0.0284,1,3
ACCATCGATTTCTTAC,S85P,0.0284,0.0284,1,3
ACCCACTGTAAAAGGA,H13P T48F I136C I345L,0.0284,0.0284,1,3
ACCCCCATATACTATC,H170T L313F,0.0284,0.0284,1,3
ACCGATTCGCATCCCT,A30T S205A,0.0284,0.0284,1,3
ACGCAATCAATAACAA,T108P M194A M214L F316L,0.0284,0.0284,1,3
ACGCATCGCACCATAA,C155A T296A F446Y,0.0284,0.0284,1,3
ACGCTATACCCAAGCC,Y166C M472V,0.0284,0.0284,1,3
ACGTAGCATTAATAGA,Q189Y G197S C364Q I445V,0.0284,0.0284,1,3
ACTATTTCCATAAATG,C86S G181V,0.0284,0.0284,1,3
ACTTGGTATTCACCAG,S85H I201L I443N,0.0284,0.0284,1,3
AGAACCTCTCCTAGAT,Y66H I113L P145S S255K A288L,0.0284,0.0284,1,3
AGAAGATTGCAATACG,I144F,0.0284,0.0284,1,3
AGACAGCATGGTGTTA,E72R N158* M312I V431G,0.0284,0.0284,1,3
AGATGGAAATGTTCCT,V97T N209I E308A M472A,0.0284,0.0284,1,3
AGATGGAACAAGAACC,H131L S154E A202I S389V,0.0284,0.0284,1,3
AGCCAAGCTTTCCTGT,L52K I201K L447V,0.0284,0.0284,1,3
AGTAGCTACACGTCCT,E104P S121I L128Q D347F,0.0284,0.0284,1,3
AGTGATATATCAAGGC,T454S,0.0284,0.0284,1,3
AGTTGCCCCTTACTAC,V97E H131L I144G I201V,0.0284,0.0284,1,3
AGTTGTCCCCTCACTA,,0.0284,0.0284,1,3
ATAATTCGAATGAAAA,S135C G277S T426I K481P,0.0284,0.0284,1,3
ATACCATCACGTATGG,G186I T215N K451M,0.0284,0.0284,1,3
ATACTCAATCAATGTG,I403T,0.0284,0.0284,1,3
ATATAACCGCAACCTA,P466M,0.0284,0.0284,1,3
ATCAACCCAAAGTGTC,I21Y I254N,0.0284,0.0284,1,3
ATCCAAACCTAACAAT,L280V C310W,0.0284,0.0284,1,3
ATCTATCATTAACGGA,W210S F262C M312I L355R K465G,0.0284,0.0284,1,3
ATGCGTTCACATTGCT,D156T I162M E228V,0.0284,0.0284,1,3
ATGTATTCGGTAAAAA,H141C,0.0284,0.0284,1,3
ATTCACGTTCAAGCCA,W210K Q321* E413S,0.0284,0.0284,1,3
CAAAGAGGGAAGAAAC,T48I T59M A123D V164F T182L Q348R,0.0284,0.0284,1,3
CAAAGGAGAAAACTAG,L344R,0.0284,0.0284,1,3
CAAAGGTAAAATAAAA,M1V S121V Q232S,0.0284,0.0284,1,3
CACAACCTTTGCAGAC,S154M F316S L433F,0.0284,0.0284,1,3
CACCTACGCACACTAA,Q165S,0.0284,0.0284,1,3
CACGAGTAGACTTTTT,S138D Y217T,0.0284,0.0284,1,3
CACGATTCGAACATTT,Y363D,0.0284,0.0284,1,3
CACTAAAAACATGATC,P12W K63*,0.0284,0.0284,1,3
CAGAAAAAAGCCCACG,L103N N158S,0.0284,0.0284,1,3
CATACCAACAGAGCAT,V14F I239A W489I,0.0284,0.0284,1,3
CATATTAAACGTAACC,V47D,0.0284,0.0284,1,3
CATATTACTCTAGCTA,Y217M,0.0284,0.0284,1,3
CATTATTCAACACTTT,C310L,0.0284,0.0284,1,3
CCAATGTAAGACCTAA,M82E H398K,0.0284,0.0284,1,3
CCACTCCGCAAAAACA,L52K A177W C364L,0.0284,0.0284,1,3
CCAGAAATAACTGGTA,M359Q F434Q,0.0284,0.0284,1,3
CCGCTTCAACAGAGTG,G54M V164K S237W N373L,0.0284,0.0284,1,3
CCGTGTAATAACCGCA,L133S G240L,0.0284,0.0284,1,3
CCGTTAGGAACAGCCA,E67S P83W N148D N319F,0.0284,0.0284,1,3
CGAATCAATTCCGAAA,H230D L259S,0.0284,0.0284,1,3
CGAATCACTACCTGAC,Y66* E270S F436W,0.0284,0.0284,1,3
CGATAGAGACGCAACA,T48R G159I L372F,0.0284,0.0284,1,3
CGATTCGAAATCACTT,A39L T182D W196L P383R C475Y G478*,0.0284,0.0284,1,3
CGCGTTCACTTAGAGA,I239S L259R,0.0284,0.0284,1,3
CGCTACCAACTCACGC,M1*,0.0284,0.0284,1,3
CGGTACGCAGGAATAA,S135* S143T A202D E396V,0.0284,0.0284,1,3
CGTATTCAGCTACATA,Y129Q S171D D251L L258S I361N R491Y,0.0284,0.0284,1,3
CGTGGTTATATGAGGC,E104K Y241L,0.0284,0.0284,1,3
CTACACGGAAAATATC,G174L Y219D R314Y G360W,0.0284,0.0284,1,3
CTACCTAATACAAGTA,E287I D408*,0.0284,0.0284,1,3
CTACTGTGTATAGAAG,Q69R L120* V183M C301D,0.0284,0.0284,1,3
CTACTTTCCCAAATAA,I4S S27G,0.0284,0.0284,1,3
CTCAATCGCTTGGAGA,,0.0284,0.0284,1,3
CTCTATGATCGGATAG,G102* I411M,0.0284,0.0284,1,3
CTGAGAAATCGGAGAT,T108V H230T W489I,0.0284,0.0284,1,3
CTGAGGAAACTGAATG,Q324P,0.0284,0.0284,1,3
CTGTAAGCATTGAAAA,F49W,0.0284,0.0284,1,3
CTTCGTTTCGTGTATC,N346*,0.0284,0.0284,1,3
CTTTAGCCATCCCCTG,,0.0284,0.0284,1,3
GAAAAGCCAGATACAT,F147I D156H I252Q K368A,0.0284,0.0284,1,3
GAACAAATTCGCAAAA,G42D G54R N114M T281C N365I,0.0284,0.0284,1,3
GAAGCCCATAGGACAT,Y66R T81V G277Y N302D,0.0284,0.0284,1,3
GAAGGGTAATGCGAAG,E151M G198K S216W L259R P383W M420H,0.0284,0.0284,1,3
GAAGTCTAATGCCACA,C212N,0.0284,0.0284,1,3
GACAAACCAGATCACC,Y66Q M134K Y172L K461L,0.0284,0.0284,1,3
GACAGGATTTATTTTT,P12L A202V I252M V298L L326P N390L L394G,0.0284,0.0284,1,3
GACAGTCCCCAAAGCC,W210N Y369G,0.0284,0.0284,1,3
GACTACCATATGCGTC,T58G V97W C155Y K490T,0.0284,0.0284,1,3
GAGACATCACCAAAAC,H179L V183Q W283*,0.0284,0.0284,1,3
GAGCCGTGTAACATTA,G276I K300M W370L,0.0284,0.0284,1,3
GAGTAGCTTTGACTGC,A195D G206I P362W F434L L442* P466M,0.0284,0.0284,1,3
GATCTATACAGCATGT,V164I T226S I254R,0.0284,0.0284,1,3
GCAAAATGCGGGGAGA,R207A V435*,0.0284,0.0284,1,3
GCAAATCTCAACCAAT,H92C F316*,0.0284,0.0284,1,3
GCACCTACCTGGCCCG,L46T D229A T261F,0.0284,0.0284,1,3
GCATAAGACCACGCAT,C41L N99L C212H,0.0284,0.0284,1,3
GCATGCATGATCATGA,S135I T226D,0.0284,0.0284,1,3
GCCCCACGCGCGCGAT,P83* T296N,0.0284,0.0284,1,3
GCGAAAAGGATCCTAT,D122S I403E,0.0284,0.0284,1,3
GCGCTACCATCATAAA,E100* R207V K481T,0.0284,0.0284,1,3
GCTGTTCCAAAGATTT,C57Y R193I R379*,0.0284,0.0284,1,3
GCTTTGAAGGCGATCA,L105S V164P L315P A328S S367N,0.0284,0.0284,1,3
GGATAAAAACAAAAAA,H131M G160Y G174D I254F H305S C385L,0.0284,0.0284,1,3
GGCAACATAACTCGCT,I15* T81S K161F F309S,0.0284,0.0284,1,3
GGCGGTAATTCTAATT,T70G H230S N346P L372H K481E V485I,0.0284,0.0284,1,3
GGCTTACGACCTGATA,S85A P238H S389L C463K,0.0284,0.0284,1,3
GGGAATGGGGTCAACG,C57R H455Q Y480T,0.0284,0.0284,1,3
GGGTGAACACAGCCCT,,0.0284,0.0284,1,3
GGTCACATTCGCGACC,T58* T225V,0.0284,0.0284,1,3
GTATCTAATCCCATTA,S171R Q247A L382P,0.0284,0.0284,1,3
GTATGTATAAGTATCT,L61E I350Q,0.0284,0.0284,1,3
GTCCTTACTTATTCAT,L29Y N373I,0.0284,0.0284,1,3
GTCTGTCTCAATTGGA,S444D,0.0284,0.0284,1,3
GTCTGTTTTGCGTAAA,V487N,0.0284,0.0284,1,3
GTGCCACAAATGAACT,C86N N178Q,0.0284,0.0284,1,3
GTGCTCAATATTTGAG,N74L I136K,0.0284,0.0284,1,3
GTTGCACAACGCATAA,G197L N302A L349T,0.0284,0.0284,1,3
GTTTAAGCGTCAATTT,K88W I136D G198F,0.0284,0.0284,1,3
TAAAAATGTGCTGAAA,G2H E67V H179K Q218H H471K C475S,0.0284,0.0284,1,3
TAAAAGAGAAATGGTC,Y66D,0.0284,0.0284,1,3
TAAAATCCAAGAATAA,D317F T397S L479H,0.0284,0.0284,1,3
TAAAGATGTTTGGAAC,G2N E72L T139M Y150D G186S N224H K300T L336N,0.0284,0.0284,1,3
TAAATTAAATAAAAGA,D408W Q416I,0.0284,0.0284,1,3
TAACACAATATAACGA,S234E,0.0284,0.0284,1,3
TAAGCTTGGCTTCAAT,V31* S135E,0.0284,0.0284,1,3
TAATAACGAGCTTAGT,A30C R250F E404T Y419F L433V,0.0284,0.0284,1,3
TAATAATAACAAACTT,I24* F157* F262H R456M,0.0284,0.0284,1,3
TAATATATGTAAGCAA,G64S Y166*,0.0284,0.0284,1,3
TAATATCAAATGTCAG,M1*,0.0284,0.0284,1,3
TAATGCATAATTTCAG,L430S,0.0284,0.0284,1,3
TACAAAAAGCCACATA,L103R N119F Y129E H457Q,0.0284,0.0284,1,3
TACACACAAAACTAAG,T108H H230S T438S,0.0284,0.0284,1,3
TACCAATCAATGAAAA,I222G,0.0284,0.0284,1,3
TACTCAAGACGATCTA,F157Y Q189N T375- T376- T380F,0.0284,0.0284,1,3
TAGATACACACATTTC,T438N,0.0284,0.0284,1,3
TAGCACCAGTAGACCT,R257W Y278S Q335L S367L,0.0284,0.0284,1,3
TAGCACCCGTCTCCGA,T58C T215M Q232S L344N G378V R491T,0.0284,0.0284,1,3
TAGCCCATCCATGCGC,H131*,0.0284,0.0284,1,3
TAGGCTTGATCATCAT,Q3L C310S,0.0284,0.0284,1,3
TAGGTAGTAATTGTAT,G102H Y166F L372Q N373D V485E,0.0284,0.0284,1,3
TATCACATCTCGTATT,Y166R V183T S199F,0.0284,0.0284,1,3
TATCTCCGCTTTTAGG,K125V L245* L447S P466Q,0.0284,0.0284,1,3
TCAATCTAGACCCCTG,L23G K481T,0.0284,0.0284,1,3
TCCATAGAAGCGACCG,L103S,0.0284,0.0284,1,3
TCCCAAACACATAATC,M75K S111M Y253*,0.0284,0.0284,1,3
TCCTAGGAAGGGTCAG,G34D R468Y S476I,0.0284,0.0284,1,3
TCGACTTACCTGCCAC,Q3F A132S T139I,0.0284,0.0284,1,3
TCGATAAGTGTATACT,T375S,0.0284,0.0284,1,3
TCTCACCAAATAACTA,,0.0284,0.0284,1,3
TCTCATTTAATAGTGA,R55P N99R K461H,0.0284,0.0284,1,3
TCTGTTGATCCAATGC,K125I S163N L168*,0.0284,0.0284,1,3
TCTTCCAACAGTAAAG,L415V K465V,0.0284,0.0284,1,3
TGAAAACCCCACATGT,G277Y A288V,0.0284,0.0284,1,3
TGAAAAGCCAATTGGT,D306M L442Y V485E,0.0284,0.0284,1,3
TGAAAGAGAGCAGGTG,Y253Q D408P V431T,0.0284,0.0284,1,3
TGAATGTTGAGCTAGA,G98F K125* R207L L258K,0.0284,0.0284,1,3
TGAATTCTAACAAATG,L244K K488P,0.0284,0.0284,1,3
TGACAAGAGACAATTA,N158I E289L N346L V431R F446A,0.0284,0.0284,1,3
TGATACGTCTTCAATA,F318P,0.0284,0.0284,1,3
TGATGATAACTGCCAA,T40A I221* T377H N390H,0.0284,0.0284,1,3
TGATTTGCCGGCTGGT,G98W P275S R468G,0.0284,0.0284,1,3
TGCATAGCAACATTTT,L71G,0.0284,0.0284,1,3
TGGTAAGCCACCAGTG,G174T E418N T454*,0.0284,0.0284,1,3
TGTTCATAAGCCTTAT,Q348K,0.0284,0.0284,1,3
TTAAATCTCATACAGC,V97R R250C T377Y,0.0284,0.0284,1,3
TTACCGATAATTATAG,Q247T D251H E421A,0.0284,0.0284,1,3
TTAGGTAACTGCCCCG,C231Y Q324L K465T P486S,0.0284,0.0284,1,3
TTAGTATTTACATTCA,F8W G160S M359R I403P F440T V487P,0.0284,0.0284,1,3
TTCAACAAAGTAAAAT,E67L Q232P E418V D432L S476F,0.0284,0.0284,1,3
TTCAGAGACACTAATC,M80S M284A I337A,0.0284,0.0284,1,3
TTCTCGAAATGAAAAC,D273H,0.0284,0.0284,1,3
TTGCACTGAGGATGTT,Y129E Q321L T376M,0.0284,0.0284,1,3
AAAAAAATAACATGCA,A39I I239T,0.0426,0.0426,1,2
AAAAATATACTACGTA,A330V,0.0426,0.0426,1,2
AAAACAAATTATCACA,G2* D130T G460S,0.0426,0.0426,1,2
AAAACATTAACTCTGG,Y166L A184P C212F D357S S389E,0.0426,0.0426,1,2
AAAAGACCAGGGATCT,M82G F191L Q232L G240* L258F,0.0426,0.0426,1,2
AAAAGTAGATATGAAA,T106N G197Y N409S,0.0426,0.0426,1,2
AAAATCATTGCAGGAT,G45V K352N,0.0426,0.0426,1,2
AAAATTACGTATCAGA,L52K N119M L128P,0.0426,0.0426,1,2
AAACACCTAAGGCCTG,F49W V97C N119H A202S L430R,0.0426,0.0426,1,2
AAACATAACTACTGCA,M134D Q149E Y253N G424T,0.0426,0.0426,1,2
AAACATTGATGAGAGC,F147L L313P,0.0426,0.0426,1,2
AAACCAGAGAACAAAC,T377P,0.0426,0.0426,1,2
AAACGAAAGAACTCGA,Y150T,0.0426,0.0426,1,2
AAACGCCCACCTACTT,L32T F117Y H131Y N295K,0.0426,0.0426,1,2
AAACGGCAAAGCTACA,K161R R314N,0.0426,0.0426,1,2
AAACTTGTTTTCCATA,Q149H G159R L259M,0.0426,0.0426,1,2
AAAGAAAGGAGCATCT,T70I H230D L315P,0.0426,0.0426,1,2
AAAGACTGTTAACACT,L78D Y369* L442S,0.0426,0.0426,1,2
AAAGAGCCCATGTATA,N99K G197I T263P,0.0426,0.0426,1,2
AAAGTTAGCTTTAGAC,C57R N90R G160S Y366F,0.0426,0.0426,1,2
AAATAAAAAAAATTAC,C180V C477Y,0.0426,0.0426,1,2
AAATAACAAAATCACT,N37* C118S,0.0426,0.0426,1,2
AAATAACGGAATGATT,K161Q H467E,0.0426,0.0426,1,2
AAATCAAGGCTGAGAT,V388G S444Q,0.0426,0.0426,1,2
AAATCATTAAAGTAAA,D229H Y419K I452S,0.0426,0.0426,1,2
AAATCCAAGCCGAATT,S216V G460*,0.0426,0.0426,1,2
AAATGAACCAACGCTC,Q9T G186R C212M L280F F440Y,0.0426,0.0426,1,2
AAATTATTCCTATCGA,H471I,0.0426,0.0426,1,2
AACACCTAAAGAACAG,Q3L G424W,0.0426,0.0426,1,2
AACATACTGACAGGAA,I254K L285Q C301A R491P,0.0426,0.0426,1,2
AACATGACATAAGTGT,Q189D T377E,0.0426,0.0426,1,2
AACATTCACTGGCGGC,W227Y F262R L326K,0.0426,0.0426,1,2
AACCCCCATATCACAA,T296W M351N,0.0426,0.0426,1,2
AACGCCAGCTCATCAA,Y66S,0.0426,0.0426,1,2
AACTAGGAATCTACGA,E76W N319M R422I,0.0426,0.0426,1,2
AACTCAAAGAGTTTAT,A123S G159* D175L,0.0426,0.0426,1,2
AAGAATAGTAATTTTT,N90Y C155L E289A,0.0426,0.0426,1,2
AAGGGAATCTCTAAAG,G102F S111G I201L,0.0426,0.0426,1,2
AAGGTGTTATGATAAA,G98E V187S Q416L V450M,0.0426,0.0426,1,2
AAGTGCTCCAGGTATA,G277L S389N,0.0426,0.0426,1,2
AATACATGGATATCCA,P486K,0.0426,0.0426,1,2
AATCTGAATATGCAAG,D122H T261S F316S G391F P486*,0.0426,0.0426,1,2
AATCTTGGCCCTAGAC,L52P,0.0426,0.0426,1,2
AATGAGAATTAATGCC,M96N R282L K384L,0.0426,0.0426,1,2
AATGCCTAGCCGTTAA,Y66L C212N E307R L349A,0.0426,0.0426,1,2
AATGCCTTACCACTTT,L32K G294N S389F,0.0426,0.0426,1,2
AATGCGAGTACACACG,E287N K300M M351P V485M,0.0426,0.0426,1,2
AATGCGAGTTCTATTA,K125G A202L L315F V485T,0.0426,0.0426,1,2
AATGGTAGTATTAGAA,L51* M192C F293T,0.0426,0.0426,1,2
AATGGTGATACCGATT,L259P R491N,0.0426,0.0426,1,2
AATGTCGTGCGCATCC,Y36* L242R,0.0426,0.0426,1,2
AATTATCAGACCCAAA,L84E Q247M,0.0426,0.0426,1,2
AATTGCGTAAGGGATC,L120H R193P,0.0426,0.0426,1,2
AATTTTCAGGATATAT,R55S H124F C180Q D268V I445K I452W,0.0426,0.0426,1,2
ACAATCCCATGTACGA,L61H T101C I334S N409M Q482*,0.0426,0.0426,1,2
ACACCAATCAGTATAA,T139Q N470H,0.0426,0.0426,1,2
ACACTCGAAATGTAAC,F7G W210E N390P,0.0426,0.0426,1,2
ACCAAAGCAAGTGAAA,L142S T426F V450A,0.0426,0.0426,1,2
ACCAAGAGATTACATT,Y200N,0.0426,0.0426,1,2
ACCACACCGAGGAGAG,C86F,0.0426,0.0426,1,2
ACCAGCAGTTTCCCTG,F49M I221W A299L S437D,0.0426,0.0426,1,2
ACCATTCCAACAACGG,F293H T438N L479P,0.0426,0.0426,1,2
ACCCATGACAAGTAAT,S27T L71V I239F T438P,0.0426,0.0426,1,2
ACCGCTCCAGATTAGC,V18T G473A,0.0426,0.0426,1,2
ACCGTCCATCCACGTC,Y200D E228N L245P L280I,0.0426,0.0426,1,2
ACCTAATTGAAATTGG,L43* V65H T81S N167T H170F D317G M359Q K490E,0.0426,0.0426,1,2
ACGACCGAGTCACTAT,N295Y K417Q,0.0426,0.0426,1,2
ACGCTAACAGAAAAAA,F399E,0.0426,0.0426,1,2
ACGGACAAAGTAACCA,N178D C310M,0.0426,0.0426,1,2
ACGGTTCATAATATAG,Y129V M410R,0.0426,0.0426,1,2
ACGTAACATAGTGAAC,A30Y V187S,0.0426,0.0426,1,2
ACGTCCATCACTGGGA,M194V H230N,0.0426,0.0426,1,2
ACGTTGGTCATAAGAT,S91G L142T S171L F293D K490*,0.0426,0.0426,1,2
ACTAACAAAACACACT,N79L N99C L442F,0.0426,0.0426,1,2
ACTCGAAGATAAACTG,E104G C155Y Q223A I252K C364Y C463S,0.0426,0.0426,1,2
ACTCGGTCGTGATTCA,E16L I113* E418N,0.0426,0.0426,1,2
ACTGCAGCATTTAACC,G2Q T48S,0.0426,0.0426,1,2
ACTTGCCTGAAACCCA,T101D E104D C310S,0.0426,0.0426,1,2
ACTTTAATCATAACCT,E17R T106I,0.0426,0.0426,1,2
AGAAGTCAGACATCAA,I15E D273A N390K N395F,0.0426,0.0426,1,2
AGACGGACTTAACTCG,T108S W489A,0.0426,0.0426,1,2
AGATGTGACGCGACTC,M1N Y200H D311A Y363S,0.0426,0.0426,1,2
AGATTTTACGAGTCGC,T40M V97R H141L T281R L382F,0.0426,0.0426,1,2
AGCGATTCAAGGGCGG,C86L K300R,0.0426,0.0426,1,2
AGCGTATCACGCAACA,Y62K L68S I112N,0.0426,0.0426,1,2
AGGACCCAGACACACT,M82L G276D C385F,0.0426,0.0426,1,2
AGGCGTCTCATGCAAA,L120M F436R,0.0426,0.0426,1,2
AGGTAGTAGGTCCGAA,A123N C155R,0.0426,0.0426,1,2
AGGTGGGAACACAAAC,E67Y G197I N209Q I350L,0.0426,0.0426,1,2
AGTCAATGCCTAGACC,M75* K300R T454V P483R,0.0426,0.0426,1,2
AGTTAGCAACCATTTT,H179P M410I,0.0426,0.0426,1,2
AGTTCTTTCCTAGCAA,L258* L344* G378D,0.0426,0.0426,1,2
AGTTGATAGCTCGATA,W196* C212A I358Y E421L,0.0426,0.0426,1,2
AGTTGTCAAGCAAGGT,E418L,0.0426,0.0426,1,2
ATAAAACGGTGAGCTC,R456W,0.0426,0.0426,1,2
ATAAACCCTAGAGCTA,S234V L355E,0.0426,0.0426,1,2
ATAAACTTAATTACCC,L35R E307Y H354S Y363E,0.0426,0.0426,1,2
ATAACCCTAGTCGATT,T58R A123R D156K N209M R379Q,0.0426,0.0426,1,2
ATAACCTTCTCAGACA,C212R M351V,0.0426,0.0426,1,2
ATAACGACTAGACTCC,H93T L242T,0.0426,0.0426,1,2
ATAACTCAGGCCCTAC,S163K T263S C310I Q324K I334S N409T,0.0426,0.0426,1,2
ATAATATACCCGATCG,T190* N224D N390R G429A,0.0426,0.0426,1,2
ATAGACATCGACACAG,E404T,0.0426,0.0426,1,2
ATAGCAAAATGTCAAA,M134V L382I,0.0426,0.0426,1,2
ATAGTATCAATCCAGA,Q3* Q423P,0.0426,0.0426,1,2
ATATCCATCGGGGCTT,N89M E100Y D122P,0.0426,0.0426,1,2
ATATCGCACAAAGAAC,F140R C155L L447A,0.0426,0.0426,1,2
ATATGGATAGGAACTG,E100K L428F,0.0426,0.0426,1,2
ATATTGACAATCCTAA,M194D G271L,0.0426,0.0426,1,2
ATCATCCTTTCTCAGT,L242T,0.0426,0.0426,1,2
ATCCTACCAGGACTAA,F318V,0.0426,0.0426,1,2
ATCGAGTTCAGTATAG,M153A D347R L447Q,0.0426,0.0426,1,2
ATCGCTGGCTCATTAA,I222S W264K K339*,0.0426,0.0426,1,2
ATCTATTTACATATAG,P453H,0.0426,0.0426,1,2
ATCTGGCCAAGCTCCC,Q69M C86* M192K K327*,0.0426,0.0426,1,2
ATGACCAAATAAGCTA,R325M K465*,0.0426,0.0426,1,2
ATGACGGCGATTCATA,W370R,0.0426,0.0426,1,2
ATGAGACCCGAGAGAA,E67V K126Q A132V L242F,0.0426,0.0426,1,2
ATGAGCTATCAATTTC,T412P,0.0426,0.0426,1,2
ATGATAAGAAAACATG,N109T G159A,0.0426,0.0426,1,2
ATGCCATATGCTTTGG,Y419L,0.0426,0.0426,1,2
ATGGATATTTGGTTGG,S27E T110N,0.0426,0.0426,1,2
ATGGTTTATACGAATC,L71T,0.0426,0.0426,1,2
ATTAACAGGGCGCAGA,D251S L290F E308L,0.0426,0.0426,1,2
ATTACACATGGACTTG,L46* L120R L168Y,0.0426,0.0426,1,2
ATTATAGACTAGCTAA,Y150S C231Y T281K,0.0426,0.0426,1,2
ATTCCCCACTCGAAAA,,0.0426,0.0426,1,2
ATTGGTCAAAGCAAGA,T70D M82K W196G I239M,0.0426,0.0426,1,2
ATTTACATGTAAAATA,L220* K304P,0.0426,0.0426,1,2
CAAAAAATAGGTACAT,T6C N90L A202R I334L L447P,0.0426,0.0426,1,2
CAAAAGATCCGGAATA,I411S,0.0426,0.0426,1,2
CAAACAGAGATCTTTC,S163M E308K,0.0426,0.0426,1,2
CAAACGCCTACCTAAG,L32V H179F Q223R P236L F293* I334M,0.0426,0.0426,1,2
CAAACTATCCCTAAAA,S56V S163T F318G Y363V K481W,0.0426,0.0426,1,2
CAAATACATGATCAGC,F140S I239G T274W K291L N390R,0.0426,0.0426,1,2
CAACCAACATATAATA,M214S I323H,0.0426,0.0426,1,2
CAACCTTAGGAACACT,C477S,0.0426,0.0426,1,2
CAAGACAGACGACACT,Q9P N37D E76F T215D S269L N395G,0.0426,0.0426,1,2
CAAGGATCGGCACAAC,S171*,0.0426,0.0426,1,2
CAAGTTATACCATACC,T101C L242N V435*,0.0426,0.0426,1,2
CAATAACAACCCGGTC,L105G,0.0426,0.0426,1,2
CAATAATTAGTTAAGA,L32C E151H A152D T274I H374R R456Q,0.0426,0.0426,1,2
CAATACCTGTAGGTCC,D402R N409L,0.0426,0.0426,1,2
CAATAGTACCCGCCGA,,0.0426,0.0426,1,2
CAATGAACTGACACTT,E287I,0.0426,0.0426,1,2
CAATGACTAACATTAA,R235L W386A,0.0426,0.0426,1,2
CAATTATGAGTCATTT,I112M G160C S199T,0.0426,0.0426,1,2
CAATTGGCTTCAAGTT,N302I F399M,0.0426,0.0426,1,2
CACAATACGTGCATTC,A39N P464A,0.0426,0.0426,1,2
CACACTTCCCGTTCTC,K161V N302K A343W,0.0426,0.0426,1,2
CACACTTCGCCCACTG,T106Y E151D,0.0426,0.0426,1,2
CACAGCCTTGGAGTAA,L447S S462R,0.0426,0.0426,1,2
CACCATAGGAACCATG,L107M S199C A328S,0.0426,0.0426,1,2
CACCATGATGCAATGA,S199* R256Q E307I,0.0426,0.0426,1,2
CACTTAGCACGACTCG,T48Y N127M K272G Q324V A328S C385I G424Y K461Y,0.0426,0.0426,1,2
CAGAAGTTCTTCTGCG,L382N,0.0426,0.0426,1,2
CAGATACAAACTATCG,S91H L220G E303I S333C W370A S389R,0.0426,0.0426,1,2
CAGATGTGTCACTAAG,L285Q S389L,0.0426,0.0426,1,2
CAGCCCATATACAAAT,M312H M359S,0.0426,0.0426,1,2
CAGCCGCTTTTGATCA,C310W I474R,0.0426,0.0426,1,2
CAGGGAAGCAGGCGCA,C57S G174* N390H W489T,0.0426,0.0426,1,2
CATAAGTATAATTGGT,P83N T190H I213W,0.0426,0.0426,1,2
CATACATGGAGCACAA,A173P D175A,0.0426,0.0426,1,2
CATAGCACACATACTA,H141L Q149A C180K Y278S Q331F,0.0426,0.0426,1,2
CATATAATTCAGCGGA,Q232A I411Y,0.0426,0.0426,1,2
CATATAGAAGTCTATC,Q331M T377E Y480E,0.0426,0.0426,1,2
CATGAATTTGCCACAA,S138D H179S Q331F I337Q T377V Q482F,0.0426,0.0426,1,2
CATGTAGCCCTAACAG,M1W E72S D401S K481L W489*,0.0426,0.0426,1,2
CCACCGTACCGCAGTA,G2Q A39D L68A G98Q A176S,0.0426,0.0426,1,2
CCACCTTTTGATAAGA,I239S,0.0426,0.0426,1,2
CCACTCTACAACAGTA,L245T E413H,0.0426,0.0426,1,2
CCATTCTTAAACATTG,P83T S85M M134A E308M,0.0426,0.0426,1,2
CCCAAATTAAAATTAA,C292T,0.0426,0.0426,1,2
CCCACTATTCTATCGC,V22* Y94H V97Q S135F,0.0426,0.0426,1,2
CCCAGAACGAAAACAC,S85M I136A A202N N295* R491W,0.0426,0.0426,1,2
CCCATGGAAGACAGAC,P145V D268* G271V N395T T426I,0.0426,0.0426,1,2
CCCGCGAACCAAGACA,I4V T40*,0.0426,0.0426,1,2
CCCTAACGTGCAATGG,G98K D317K Y363N D432C,0.0426,0.0426,1,2
CCCTAACTCGGATCTA,,0.0426,0.0426,1,2
CCGACTATGACAAAAG,I15Y V65D,0.0426,0.0426,1,2
CCGGAACGCCGCTCAT,G198A R314V,0.0426,0.0426,1,2
CCTTAAGAGGTGTTTA,Q406V C475H,0.0426,0.0426,1,2
CCTTACCGACTCGACT,G277M,0.0426,0.0426,1,2
CCTTTACGTAATAACC,P362L,0.0426,0.0426,1,2
CCTTTTCCTCCCACAT,Y66* G181T L285H Y363P,0.0426,0.0426,1,2
CGAAGATCAGGACCCC,A173S L349P L442Y K461*,0.0426,0.0426,1,2
CGACACTGATGATTAA,Y129R,0.0426,0.0426,1,2
CGACATTTGTACGTAA,L344C G429S,0.0426,0.0426,1,2
CGAGGAACATCAAAGC,F8V C86S,0.0426,0.0426,1,2
CGATACGGGATATGAG,E303L E396L,0.0426,0.0426,1,2
CGATGCCTCGTAAGTA,H354I N365Y,0.0426,0.0426,1,2
CGCAGCAAGTTCTTAA,T263I D273H Q321P,0.0426,0.0426,1,2
CGCATCGTATATTGCA,,0.0426,0.0426,1,2
CGCGATGTAGACAATG,V164C D175H W196P R248L W283E H448A,0.0426,0.0426,1,2
CGCGCATAAGCATGCC,L26I V47A F117L Y200V T263* R314H,0.0426,0.0426,1,2
CGCTAAATCAAAACAC,F8G M80I,0.0426,0.0426,1,2
CGGGATGACAACCCTC,W264E F446R,0.0426,0.0426,1,2
CGGTGAAAACAAAAGT,E67C K116P N338R,0.0426,0.0426,1,2
CGTAAACGCGAAGCTA,R55F T101Q I403L S444Y,0.0426,0.0426,1,2
CTAAAAAACACAAACA,A173L C475V,0.0426,0.0426,1,2
CTAAATTAGATATAAA,K352*,0.0426,0.0426,1,2
CTAACTACTTTGAATC,A30T L103H,0.0426,0.0426,1,2
CTAAGTCAGCCAACGG,S27L I337R Q348R L469Y,0.0426,0.0426,1,2
CTAATGAACTCTATAC,Y172L D317G,0.0426,0.0426,1,2
CTAGCTATATGTTGAC,M82*,0.0426,0.0426,1,2
CTAGGTCGGCTAAATG,L107R Y172T H230G S439T,0.0426,0.0426,1,2
CTATAAATACGACTAT,Q3R,0.0426,0.0426,1,2
CTATACTAGTATAACA,Q3M S121R,0.0426,0.0426,1,2
CTATATTTGAATATTC,S269L F434L,0.0426,0.0426,1,2
CTATGCTATGCTAGAG,L46V V341D F446M,0.0426,0.0426,1,2
CTCACGATCTGATACT,V47K I286S,0.0426,0.0426,1,2
CTCACTCATTTAACCC,V28A V183*,0.0426,0.0426,1,2
CTCCATAAACAGATTT,T58* N89K N99G I452K H471M,0.0426,0.0426,1,2
CTCGACCACTACAATT,S111A N319Y K465E,0.0426,0.0426,1,2
CTCGGCGAGAGTTGAA,R256H G478V,0.0426,0.0426,1,2
CTCTCATGAACGAAAA,V164L T249N,0.0426,0.0426,1,2
CTGAAAACAGGCAACA,,0.0426,0.0426,1,2
CTGATTTCCTGATAAA,V14T,0.0426,0.0426,1,2
CTGTGACATTGAACTT,C212V,0.0426,0.0426,1,2
CTTAGATCCTGACACA,S27P Y278S,0.0426,0.0426,1,2
CTTGGTCGGGGATTTT,T81R I350* T454V S476D,0.0426,0.0426,1,2
GAAATAATGTAGAAAC,F49V T110S Y166V V183A E329C N365T P464A,0.0426,0.0426,1,2
GAACCCATTTGAGGTT,N209S Y253S L266V T377I C475L Y480L,0.0426,0.0426,1,2
GAACCTCTATGTAACA,T274N I443D,0.0426,0.0426,1,2
GAAGCAAATTCATTTG,F49S N74R G484R,0.0426,0.0426,1,2
GAAGTTATCTATCGAG,N20D S163T W227P,0.0426,0.0426,1,2
GAATACCACCAACAAT,L46V E72G L336P,0.0426,0.0426,1,2
GAATATTCAACTTAAA,M75N Q423L,0.0426,0.0426,1,2
GAATGTTGTACTGAAA,G260T P464S,0.0426,0.0426,1,2
GACCAAGAAAAAACTG,L105D D251V,0.0426,0.0426,1,2
GACCTAGGGATGAAGA,E17G V44N F446N,0.0426,0.0426,1,2
GACGTAACGCAATACA,A343I,0.0426,0.0426,1,2
GACTAGATAGAACTCA,C86Q N409R,0.0426,0.0426,1,2
GACTTTAGATCCACCA,L50G R422L,0.0426,0.0426,1,2
GAGAGAACAAGCACCA,C41R E100F,0.0426,0.0426,1,2
GAGCCCGATTCAAAGT,M332C M351Q S367G,0.0426,0.0426,1,2
GAGCCGCGTGATTTAA,Y66N V97S C477R,0.0426,0.0426,1,2
GAGCGGCAGCCAGAAG,T101P F318V,0.0426,0.0426,1,2
GAGTAAGGCGGGTACA,G277D,0.0426,0.0426,1,2
GAGTACATCGTTAAAT,C155R,0.0426,0.0426,1,2
GAGTCATCAACATAAG,T59L I286E C364G D402V,0.0426,0.0426,1,2
GAGTCATGAGGTAGTC,Q247M N390M,0.0426,0.0426,1,2
GATACAGTTAATATCG,L220*,0.0426,0.0426,1,2
GATACCCTGAGCTAAC,S169H Y241W L336S,0.0426,0.0426,1,2
GATCGCGCAAAGGAAG,I136W L142* G174F S199V,0.0426,0.0426,1,2
GATTAATAATAGCACT,A132D P275H Q416*,0.0426,0.0426,1,2
GCACCATTCAGAGCTT,I221R N390I,0.0426,0.0426,1,2
GCAGACCCATCGTACC,A152T I221A T249P A299I I337S D347V D432V,0.0426,0.0426,1,2
GCAGTGACAATATCGC,S85H I411S,0.0426,0.0426,1,2
GCATAAACGTTAGAAA,L68Y Q247L,0.0426,0.0426,1,2
GCATAATAGTTACAGA,K451L,0.0426,0.0426,1,2
GCATACTCTCTAGAAG,L103F P466L,0.0426,0.0426,1,2
GCCAAACCGACTTTTA,S27M A173I G197K S389N,0.0426,0.0426,1,2
GCCATGAATCTTTTGA,L50K S169C H179Y R257L,0.0426,0.0426,1,2
GCCCGAATCATTGCGA,S56M L258* V487A,0.0426,0.0426,1,2
GCCGAACGTAGCATAA,G460A,0.0426,0.0426,1,2
GCCGCACCTAAATTCA,T87H A173F T281Y N373D,0.0426,0.0426,1,2
GCCGTAACACCTCTCA,F399K,0.0426,0.0426,1,2
GCCTATTTTAACTCTT,L35Y T70K S269W S437P,0.0426,0.0426,1,2
GCCTGCCCCTACACGG,L344V Q416K E421A,0.0426,0.0426,1,2
GCGGCGTATCATCTTT,L133I N148S L259Q,0.0426,0.0426,1,2
GCGTAAAGTAAAAGCG,F49* E67N R248S S400K,0.0426,0.0426,1,2
GCGTCCCGCCGAAGTC,L61* L394F V485P,0.0426,0.0426,1,2
GGAAACGCAATGCGAA,H92D Y129C N209K I345* S389N,0.0426,0.0426,1,2
GGAATCGACACATGTG,T225V R257C D306S T426R F446L,0.0426,0.0426,1,2
GGACAAACGTATAAGC,S135A L258V N319S,0.0426,0.0426,1,2
GGACAATGAATATGTG,G391* P483H,0.0426,0.0426,1,2
GGATTTGCAGATAGCG,R250V W264G L447V,0.0426,0.0426,1,2
GGCGAGATACCCGAGG,L51A N319R H398I,0.0426,0.0426,1,2
GGCGATTATAACCTGC,P427S W489S,0.0426,0.0426,1,2
GGCTAGGAACAGCAAG,E100* Q149S,0.0426,0.0426,1,2
GGCTTGCACTAGATTA,H13L I136T P362R,0.0426,0.0426,1,2
GGGCCTACGGTCACTT,L32I F157* W196G,0.0426,0.0426,1,2
GGGTGCATTGGCAAAA,M192* F262P,0.0426,0.0426,1,2
GGTATATAAAACACAC,T261Y K368I,0.0426,0.0426,1,2
GGTCAATGCAAGGGAA,K88H P145R N167S I213M,0.0426,0.0426,1,2
GGTCGATATACGAACT,I201Y G294S M312K L382M,0.0426,0.0426,1,2
GGTCTTTGAGACGCCA,S121R K352M,0.0426,0.0426,1,2
GTAAATGCGACTACAA,G460R,0.0426,0.0426,1,2
GTAATAACGATATGTC,Y241S M312R,0.0426,0.0426,1,2
GTAATAGAATGGTGCG,V97G L220E T225I L280N,0.0426,0.0426,1,2
GTAATATGCCTTGATG,L78* N373L,0.0426,0.0426,1,2
GTACATTAGTAATCCG,Y62G N114I E228W W283M F293Y Y363T,0.0426,0.0426,1,2
GTATCCTATAAGTGCT,W196H,0.0426,0.0426,1,2
GTATGACTGGTAAGCA,Y253S A297D R314N K384F D408R,0.0426,0.0426,1,2
GTATTACATAAGAGAA,M1L L50Y Y441T,0.0426,0.0426,1,2
GTATTACTCACAGCAC,Q3* S27* E104A M332S G473S,0.0426,0.0426,1,2
GTATTGTACTCATAAT,V14T S121L,0.0426,0.0426,1,2
GTATTTATGCCAAGAG,P466A,0.0426,0.0426,1,2
GTCAAATATGGTAACT,L259K E308P,0.0426,0.0426,1,2
GTCGTAACTCAAGTGC,S27L C231S C477F,0.0426,0.0426,1,2
GTGAACCAAAATCCAA,C155T G197A C212I T426P I474Y,0.0426,0.0426,1,2
GTGAATGCCGTTCACG,V5S N295D P383T V435H L447Q,0.0426,0.0426,1,2
GTGTCTAACTAGTAAC,,0.0426,0.0426,1,2
GTTACCGAACTGGGAA,S138A G198W C463Q C475S,0.0426,0.0426,1,2
GTTACTTGAAGGGAGC,M19S M82L L105Q T274Y C301G R491N,0.0426,0.0426,1,2
GTTCATGGTTCAAATC,I4N,0.0426,0.0426,1,2
GTTGTAGTTTTGACCT,I337T Q405G T412R,0.0426,0.0426,1,2
GTTTCAACTGACACCC,C231L,0.0426,0.0426,1,2
GTTTGTGATGAACTTT,N148K I345Q,0.0426,0.0426,1,2
TAAAAAATTGTTAATA,N209I F309S,0.0426,0.0426,1,2
TAAAAAGAACGCTAAT,M359Y,0.0426,0.0426,1,2
TAAACAAAGTCAGTTA,I112S G160* H398Y,0.0426,0.0426,1,2
TAAACAACCAGGGTAC,M1T C180Q S234M C364F,0.0426,0.0426,1,2
TAAACAGGAAGTGAAA,S199A S267I H457K,0.0426,0.0426,1,2
TAAATCACATATTCAT,S163E F262G K368E,0.0426,0.0426,1,2
TAAATTACCGCCAGTC,N338K,0.0426,0.0426,1,2
TAACAAACTGATATCC,G64P Q149* V487H,0.0426,0.0426,1,2
TAACAACAAACTTGGC,E16V G64A T139P K291V,0.0426,0.0426,1,2
TAACATATGCGATAGT,E228A G260D P464T,0.0426,0.0426,1,2
TAAGCAATCACGCCAG,M1R W264R,0.0426,0.0426,1,2
TAAGTAACTGTTACTT,H13* N90S I403M,0.0426,0.0426,1,2
TAAGTGACACATTTAA,A202T E287H L394R,0.0426,0.0426,1,2
TAATCCAATGGTGCCC,V47M M153L C364L P383M I411T,0.0426,0.0426,1,2
TAATGGTTAACTGTAT,L68* Q149* S169F T225A I345D,0.0426,0.0426,1,2
TAATTTTAAATAAAAA,N167L Y363G Y393F,0.0426,0.0426,1,2
TACAAGTCACAGCCAT,E76V S143L S154C G276S,0.0426,0.0426,1,2
TACAGATCACGGGTAA,G2N L103F K161L L168F,0.0426,0.0426,1,2
TACATTCCTTATAGCA,S135N F147C K300V,0.0426,0.0426,1,2
TACATTCGCATGCAAA,S27H T48S A173E T182* L479A,0.0426,0.0426,1,2
TACCAATTCATGATAT,G2Y I4R L336* M410A K465S,0.0426,0.0426,1,2
TACCATTGTTCGTCAA,D357C,0.0426,0.0426,1,2
TACCCTATTACAAAGA,C155* I162M,0.0426,0.0426,1,2
TACTTAGGCCCAAAAG,N90I Q223S S255V L382N,0.0426,0.0426,1,2
TACTTCCACAGAAAAA,G2V,0.0426,0.0426,1,2
TAGAGAATTAGCCGGT,L23M H131G M214R M472*,0.0426,0.0426,1,2
TAGATGTCGCTCATTC,L84S K161A G460R,0.0426,0.0426,1,2
TAGCAATGTTTCGCAC,G54D T59Y Q149Y L344K,0.0426,0.0426,1,2
TAGCCTGGACATAGCA,S389Q,0.0426,0.0426,1,2
TAGCGTCCGGAAACAC,,0.0426,0.0426,1,2
TAGCTGAAACTACGAA,I222T N295S,0.0426,0.0426,1,2
TAGGATTAATGAACAT,V11G,0.0426,0.0426,1,2
TAGTAGGCAGGACGTA,Q3H M134G D229L,0.0426,0.0426,1,2
TAGTGAAGACCAAACA,L68Q L315T A343N,0.0426,0.0426,1,2
TAGTTGCACTTGTTAC,D317A S389A,0.0426,0.0426,1,2
TATAACCAATGAATAA,K33M M351R L382S,0.0426,0.0426,1,2
TATACATAACAAAATA,M153W,0.0426,0.0426,1,2
TATAGTAAAATCTGTG,I4F,0.0426,0.0426,1,2
TATATAACTCAAATAT,R256P T375H I458F,0.0426,0.0426,1,2
TATATAATTGTCAACT,N319K,0.0426,0.0426,1,2
TATATGACGTTATGGT,N470Y,0.0426,0.0426,1,2
TATATGAGCCTATACA,Y94S N114S H131K T225R,0.0426,0.0426,1,2
TATCCAACTAAAAATC,I15L S389I T454I,0.0426,0.0426,1,2
TATCTAACATTGCAGG,A132R S171V L449S,0.0426,0.0426,1,2
TATTCAGTACGCACTA,G34P H93Y V435N,0.0426,0.0426,1,2
TCAAAATTGCTCACTC,S27N A340E,0.0426,0.0426,1,2
TCACAACCTAGCTCCC,K352L F446Y,0.0426,0.0426,1,2
TCACCGACAAAAGGGA,M1C P83I A322S,0.0426,0.0426,1,2
TCACGCTTCGCGGGCG,T70R W489K,0.0426,0.0426,1,2
TCACTTTATATACAAG,D156F R235A T263F,0.0426,0.0426,1,2
TCAGACATGCACCTAG,F7L W210I T281D M414S,0.0426,0.0426,1,2
TCATATAATTCATCCT,Q69P D401L,0.0426,0.0426,1,2
TCCCGTCTAAGGTAGA,Q189V T249I I337D,0.0426,0.0426,1,2
TCCGAACTATGTATAT,Q165W M332K L479Y,0.0426,0.0426,1,2
TCCGAATGCACCTGCA,C155M,0.0426,0.0426,1,2
TCGACTGAACTGTCCC,I21S,0.0426,0.0426,1,2
TCGAGTAATATATAAA,M1A L23G G102*,0.0426,0.0426,1,2
TCTCAAACGATATAGG,G98I G240S A328I,0.0426,0.0426,1,2
TCTGACCAGTTAAGAC,R55K L84S H170Q S171N V183K T377L,0.0426,0.0426,1,2
TCTTAAGCCCCCCTCG,L26G E76A R207* D273G,0.0426,0.0426,1,2
TCTTATCTAAGTTAAA,,0.0426,0.0426,1,2
TCTTCACCGAGGTACG,L61A H93F K272N D306* Q348R H455I,0.0426,0.0426,1,2
TCTTGAAAAAAATAGG,G2M V187L N409H,0.0426,0.0426,1,2
TGAAACAACGAACATG,Q9Y G197C N365F,0.0426,0.0426,1,2
TGACACTCTCTCATGA,Y62S L285G,0.0426,0.0426,1,2
TGAGACGATAAGTTGA,F233* C301Y R314T M414P,0.0426,0.0426,1,2
TGAGCAGACTCACAGA,,0.0426,0.0426,1,2
TGAGCCTTTGCTAAAT,M1L C57Y I137L D156R P383E,0.0426,0.0426,1,2
TGAGGATCGATAAAAT,E67V E100S I252V T296M D317Y W489L,0.0426,0.0426,1,2
TGATAAAACGATCCAT,C118S,0.0426,0.0426,1,2
TGATGAAACCAGACAA,N148P N158P C279T,0.0426,0.0426,1,2
TGCATCCACCGAAATA,L382Y K425L,0.0426,0.0426,1,2
TGCGATGAAACAAACA,N178* G243V S269V,0.0426,0.0426,1,2
TGGACTGGATAAACCC,A299S A343V E396R,0.0426,0.0426,1,2
TGGATTGTATTACCAA,L442H,0.0426,0.0426,1,2
TGGCGTTCGGAATATG,G174*,0.0426,0.0426,1,2
TGGGCCAAGCGTCGAC,S135M M410*,0.0426,0.0426,1,2
TGTAAGTCGTGTGATC,L103F,0.0426,0.0426,1,2
TGTCACCATGAGCAAA,F157C M284I E308K I361V I403H,0.0426,0.0426,1,2
TGTCTATAGTCAAAAA,G2T A25K N90H,0.0426,0.0426,1,2
TGTGACCCAATCCGTT,T412D,0.0426,0.0426,1,2
TGTTACTAGACTGTGA,Q9P,0.0426,0.0426,1,2
TGTTGTGCTAGCCTGA,Q232* I239F I252D,0.0426,0.0426,1,2
TTAAAACCAAGCTGTA,Y166P L203G,0.0426,0.0426,1,2
TTAAAACGATCAGTTA,L51E K88T L315P,0.0426,0.0426,1,2
TTAAAACTTAAAGGTA,S199C I334S,0.0426,0.0426,1,2
TTAATGCTTGTGACTA,E104K,0.0426,0.0426,1,2
TTAATTATTTACGAAC,I4N L280Y T454N,0.0426,0.0426,1,2
TTACACAAGAGAAATT,E308K T380C,0.0426,0.0426,1,2
TTACATTTGCAAAATG,C53R V485G,0.0426,0.0426,1,2
TTACTACCATCTCGTA,I24* F140H,0.0426,0.0426,1,2
TTACTGCGAACAAGGT,I4N S27Y L32I I144W A152G Q189K,0.0426,0.0426,1,2
TTATTCGAAATGAAAT,G34V V164R F318S,0.0426,0.0426,1,2
TTCAGGACCACCAACT,Q149E G174C A177N,0.0426,0.0426,1,2
TTCCACATCTGACCTT,M75L P362I,0.0426,0.0426,1,2
TTCGAAACTTTCACAA,Q3H L26E A343V,0.0426,0.0426,1,2
TTCGACATAAATTTCA,G159D Q321I K451*,0.0426,0.0426,1,2
TTCTATTAGACAATTG,R456*,0.0426,0.0426,1,2
TTCTTTGCCAGACACT,T87P L168H G186M M192* Y369S,0.0426,0.0426,1,2
TTGCTTCTTGCAAATG,V47C D122N L280S W370* I445R,0.0426,0.0426,1,2
TTGGCGTAGATGATAG,I452G,0.0426,0.0426,1,2
TTGTACCGCACCATAA,A132* S246* M312S,0.0426,0.0426,1,2
TTGTTAACCCCTAGAG,W283P,0.0426,0.0426,1,2
TTGTTCTTGATGACAC,A177H R193T E308A,0.0426,0.0426,1,2
TTTAAAGATCAGCCAC,K125L I239G I334Y,0.0426,0.0426,1,2
TTTAAGTTAGATGTAT,M194Q E228* F262I,0.0426,0.0426,1,2
TTTACCCCGCTGACAA,T81D K116Y C463S,0.0426,0.0426,1,2
TTTAGCCAAGGATAGC,K116Y S135C,0.0426,0.0426,1,2
TTTATCCAAGAACACG,L50V E76P Y200P,0.0426,0.0426,1,2
TTTATCTATAAGATAA,L220D S392F H467W,0.0426,0.0426,1,2
TTTCGGCGAATTAACA,E72W L84F,0.0426,0.0426,1,2
TTTCGTTGTAATTTCC,Q3M S27Y L245S N373T,0.0426,0.0426,1,2
TTTTTTACTGATCAGC,Y129L N302G P466Y,0.0426,0.0426,1,2
AAAAAACAGAACACCT,Q321P,0.0852,0.0852,1,1
AAAAAAGACAGTCGCT,Q232P S237N K320F L469C,0.0852,0.0852,1,1
AAAAAATAAATACACT,T6L R314G,0.0852,0.0852,1,1
AAAAAATGCCTTATTG,M1G Y219F M414Y V485L,0.0852,0.0852,1,1
AAAAAGAGCCTGGAAT,V341D P362E T454F,0.0852,0.0852,1,1
AAAAATTAAACTACCG,C53A A322V,0.0852,0.0852,1,1
AAAACAGTCGACAGAT,V97G I361N F440M,0.0852,0.0852,1,1
AAAACCAACCGCTTAT,S267R I323S L469Q,0.0852,0.0852,1,1
AAAACCCGATAAAAGT,V298S,0.0852,0.0852,1,1
AAAACTTTTAGTTGAT,T48R M96F,0.0852,0.0852,1,1
AAAAGCTTTAATAAGA,L32R E151Y,0.0852,0.0852,1,1
AAAATAACAATGAGAG,S121C E303T Q324T T412F,0.0852,0.0852,1,1
AAAATCTTATCTGTGG,S169A I474*,0.0852,0.0852,1,1
AAAATGATAAAATATC,S169H E307T I337F,0.0852,0.0852,1,1
AAAATTGTACTGCATC,G2D L26F G198D G240R G484I,0.0852,0.0852,1,1
AAACAAACCATATAAC,C155* G174Q W196* W227* W283* K368* D432W,0.0852,0.0852,1,1
AAACAATGTTTTATTT,W283R,0.0852,0.0852,1,1
AAACATCAAATGATAG,C180S N185P,0.0852,0.0852,1,1
AAACCCATGAACAAGT,D122N,0.0852,0.0852,1,1
AAACCTCTAGAGAACA,N209V D268M Y363V,0.0852,0.0852,1,1
AAACGTGACTGACTGT,T87R D347K,0.0852,0.0852,1,1
AAACTCTACTTGGATA,A123C S135F E289R D311N L349Q F399S,0.0852,0.0852,1,1
AAACTCTATGGATCAC,V431F,0.0852,0.0852,1,1
AAAGAACTGCCGGGCT,F38L L46Y E287K L442R,0.0852,0.0852,1,1
AAAGATATCTAAAGAA,S60H G159C P236I L242R L344A,0.0852,0.0852,1,1
AAAGCAAAAAAATGAA,S163G L188K L336T,0.0852,0.0852,1,1
AAAGCTAATATACGGT,G2D G186P,0.0852,0.0852,1,1
AAAGCTACGAGTGCCA,S60E F157Y,0.0852,0.0852,1,1
AAAGTCAAAAACTAAT,G159A E228G C310D L336R C385L,0.0852,0.0852,1,1
AAAGTCCCACATAGGC,E104V L120P H124T V459I,0.0852,0.0852,1,1
AAATAAAACTACTGTC,F399M N470Y,0.0852,0.0852,1,1
AAATAAATTTTTAATA,C180Y Q218I,0.0852,0.0852,1,1
AAATAGGCATAAGCCC,I213S,0.0852,0.0852,1,1
AAATCAAGCTAATCGT,L105T N167E G174S,0.0852,0.0852,1,1
AAATTGATTTTGCGTA,L220H T397Y H471*,0.0852,0.0852,1,1
AACAAAAAGAAGCGAC,M312F,0.0852,0.0852,1,1
AACAACCAAGATATAC,Q69L,0.0852,0.0852,1,1
AACACAATCGAGCAAT,T139K G160A G197V T438I,0.0852,0.0852,1,1
AACATAAATCGATTCA,L433M,0.0852,0.0852,1,1
AACCAATCCTATTAGC,C118I W196S T296N E303Q,0.0852,0.0852,1,1
AACCCTAAACCGGCAA,F147L S437Q L479P,0.0852,0.0852,1,1
AACCGATAACCACGAG,E151S S163R,0.0852,0.0852,1,1
AACCTAGTCGAACATT,C155I N224Q I334T,0.0852,0.0852,1,1
AACCTCAAATACATAC,A176Y C212Y N395P,0.0852,0.0852,1,1
AACGACAGTGAAACTT,G260T G391Q M410A,0.0852,0.0852,1,1
AACGACGTAATTAATC,C57Y K304M D432N,0.0852,0.0852,1,1
AACGTTGATTGAGAGA,C231F,0.0852,0.0852,1,1
AACGTTTATCCAAAAC,N224T C301F D408M,0.0852,0.0852,1,1
AACTAAAAAAGTGACA,L315* Q348K Y419G,0.0852,0.0852,1,1
AACTAAAGAAAACTAA,K88L V164G N224F A322H,0.0852,0.0852,1,1
AACTAATTCATCATGG,L51N T110* H124V A322L,0.0852,0.0852,1,1
AACTACCAGCTTATCG,W386R,0.0852,0.0852,1,1
AACTACCCACATAGGA,A330G P453*,0.0852,0.0852,1,1
AACTAGAGGCAAGTAG,S111I F157K H170L,0.0852,0.0852,1,1
AACTCCAAAGTCCACT,Y62T A123T T426P,0.0852,0.0852,1,1
AACTCCTTAAACTCAA,I24S N109K S171N,0.0852,0.0852,1,1
AACTTCAAAATATTAC,V187E F436N,0.0852,0.0852,1,1
AACTTCATACATGTAT,F157P T190Q I222R L259V,0.0852,0.0852,1,1
AAGAAACTGGAAACAA,S121N R207H C279K L442I,0.0852,0.0852,1,1
AAGAAATGTCGATAGG,G45R K327*,0.0852,0.0852,1,1
AAGAGACTAAGACAGA,T48F L50K D130A I201M G260Y I337F,0.0852,0.0852,1,1
AAGAGATAACATATAG,H398Y,0.0852,0.0852,1,1
AAGCATAAAAAACTTT,D229T L433W,0.0852,0.0852,1,1
AAGGAATCGTAAAAGC,,0.0852,0.0852,1,1
AAGTTATGCACCTAAT,I21T T87V L259P Q416*,0.0852,0.0852,1,1
AAGTTTAGTCTTGTAA,E72T M134W I144L A288V,0.0852,0.0852,1,1
AATAACTGATAAGATT,E17R F316N,0.0852,0.0852,1,1
AATAATAAAGGGAAAG,Q165* P236F D357W,0.0852,0.0852,1,1
AATAATACATGCACAT,F140* A343L F434H,0.0852,0.0852,1,1
AATAATAGCTTCATGA,G42E N90D T215F F316W N365S,0.0852,0.0852,1,1
AATAATCAGGAGTTAT,G2F T108R W227V,0.0852,0.0852,1,1
AATACAAGTGCTTTGA,G102V D229A G276V L280W,0.0852,0.0852,1,1
AATACATACATAAGAC,A132E,0.0852,0.0852,1,1
AATAGATACAATAGAG,K63N H170N E270R,0.0852,0.0852,1,1
AATATACAGACCTGAC,A39Q L242S,0.0852,0.0852,1,1
AATATGGTTTAAAAGA,C118S I136* E151T,0.0852,0.0852,1,1
AATATTTGTAGTTGTT,S444F,0.0852,0.0852,1,1
AATCAAACCTTGAATG,E72M F191H C212A L349Y I474K,0.0852,0.0852,1,1
AATCAGGTCTCATAAC,F7G S171N T190Q F309W,0.0852,0.0852,1,1
AATCCATCGCTTATAT,K88L E151A N302T,0.0852,0.0852,1,1
AATCCGAGTACGCATG,L107N L430S S476G,0.0852,0.0852,1,1
AATCCGGCCTACGCGA,I95P R250T A343V H457Y,0.0852,0.0852,1,1
AATCTAGATAGCTTGG,L52H M75L L336V,0.0852,0.0852,1,1
AATCTGTAAGTTTAAT,M414R P427R I474G,0.0852,0.0852,1,1
AATGAAAAGATAATAA,T110* M134* D273N,0.0852,0.0852,1,1
AATGAACCTTCGTAGG,E67N S138D D156Y,0.0852,0.0852,1,1
AATGACGCATCATCTT,N295V I334V,0.0852,0.0852,1,1
AATGCGCGTGATACAT,F7N,0.0852,0.0852,1,1
AATGGATGAGTAACTG,M153T I337S,0.0852,0.0852,1,1
AATGTCTTACTACGAG,E67M H448Y,0.0852,0.0852,1,1
AATGTGTCTGGTCACT,L245F A328T R379E A407R L479P,0.0852,0.0852,1,1
AATTAAATGAGCGACA,I24* N390R,0.0852,0.0852,1,1
AATTGTACTTCTATAC,G2V Q189L C231H A299D,0.0852,0.0852,1,1
AATTTAATTTTGATAT,L52H Y217G A343S,0.0852,0.0852,1,1
AATTTATTTCTATTAG,T438G,0.0852,0.0852,1,1
AATTTTCATAATATCC,S27Y M96P Q149*,0.0852,0.0852,1,1
ACAAAACTACTACGTA,D130A S154R,0.0852,0.0852,1,1
ACAAACACTTAGCTAC,I334Q K368A,0.0852,0.0852,1,1
ACAAACCTACTAAAAA,L50Y P275V L280A T375* P464T,0.0852,0.0852,1,1
ACAAAGAACCCTACTA,G197V G484Q,0.0852,0.0852,1,1
ACAAATGAAGCTTATA,S135H Q247P Y363T K481S,0.0852,0.0852,1,1
ACAACAAACAACAAGA,T58P N224M,0.0852,0.0852,1,1
ACAACAATGATAACAC,L35V L313R,0.0852,0.0852,1,1
ACAACTCCACACTAAC,H354Q E418L,0.0852,0.0852,1,1
ACAAGACCCAACAACC,M410E,0.0852,0.0852,1,1
ACACATTAAGTTAATG,L71G S121H C212S L259* C279R,0.0852,0.0852,1,1
ACACCCCTAAACAGGC,C301G,0.0852,0.0852,1,1
ACACTAAAGCGTCTAG,E16D T59V,0.0852,0.0852,1,1
ACACTTATACGAGTAC,C86V C279T,0.0852,0.0852,1,1
ACAGAAAGCAGTCGTA,L105P,0.0852,0.0852,1,1
ACAGACAGGTATATAA,M192R G391T,0.0852,0.0852,1,1
ACAGACCTCCATGAAG,Y129R,0.0852,0.0852,1,1
ACAGAGGATTTATACG,G484S,0.0852,0.0852,1,1
ACATACAAAAACGCAA,T108Y S267R Y363L,0.0852,0.0852,1,1
ACATATGATTTCGAAG,L336T W370P,0.0852,0.0852,1,1
ACATCAATTTATAAAA,P383R,0.0852,0.0852,1,1
ACATCTGATTAGGGTG,E308S P362H,0.0852,0.0852,1,1
ACATTACACCCACCAT,T59Y A152P W210R V435P,0.0852,0.0852,1,1
ACCAAACGTGAAGAAC,F399E,0.0852,0.0852,1,1
ACCAAGAGCAGTGGAA,Q165M T249*,0.0852,0.0852,1,1
ACCAAGGCGTCTCCGA,G2T T48I C53E F399S,0.0852,0.0852,1,1
ACCAAGTACAAAATGG,L107P,0.0852,0.0852,1,1
ACCACATAATATATAT,L103S A202V K291* R491K,0.0852,0.0852,1,1
ACCACATAGCCCTACT,F157I G197R H230F L387S D432S,0.0852,0.0852,1,1
ACCACATTAAACTATA,L105E A288V S333L,0.0852,0.0852,1,1
ACCACCCGTTAAGCTT,V47I S121A E270M V341R,0.0852,0.0852,1,1
ACCACTTTAAGTTGTC,N89I E287W,0.0852,0.0852,1,1
ACCATAAACCTTCTTA,K116A F157K M194G,0.0852,0.0852,1,1
ACCATAAAGCTGTAAA,E16K A25T R257G,0.0852,0.0852,1,1
ACCATACTACCATCAC,G181E D268I N295T,0.0852,0.0852,1,1
ACCATGGATGGAAAAC,A132C I443M,0.0852,0.0852,1,1
ACCCAGAAACCCCTCA,A297T S437C,0.0852,0.0852,1,1
ACCCCCTACCACAACC,A195V D251N F293M D306K,0.0852,0.0852,1,1
ACCGAAGATCCAGATA,I113E P427E,0.0852,0.0852,1,1
ACCGCCAATATAACGT,H93S,0.0852,0.0852,1,1
ACCGCTCTGACCATGA,G159T T225V Y369D,0.0852,0.0852,1,1
ACCGGACCAAATGCCG,L35A L258R T426N,0.0852,0.0852,1,1
ACCTCACCCGCCAGAC,M80R M153G T296A C475H,0.0852,0.0852,1,1
ACCTGTGTGATCTTGC,T87P R282C T376A V435H,0.0852,0.0852,1,1
ACCTTGGATAAAAACG,K161*,0.0852,0.0852,1,1
ACCTTTACCTGTCGCG,V5I A173R V183M Y200R Y366E,0.0852,0.0852,1,1
ACGAAAGTTCCTGGGC,F8S A123P A343E,0.0852,0.0852,1,1
ACGACGTACTCCAACA,Y62D S138T Q321L I443S,0.0852,0.0852,1,1
ACGCTGATTTCAGTAA,Q218C Q324L,0.0852,0.0852,1,1
ACGGATAGGTCAGTGA,G45V N74L L120V S171M,0.0852,0.0852,1,1
ACGGATCCAAGGCTAT,S27A M82G D251Y L447Y,0.0852,0.0852,1,1
ACGGGGCCTGGACACT,V5G S60K Y441Q,0.0852,0.0852,1,1
ACGGTGTGACCCACTT,M75S M82A L103P,0.0852,0.0852,1,1
ACGTACCTTACGATGT,C155R L372C V485*,0.0852,0.0852,1,1
ACGTCATGGTGATGCT,L52G S91G Y172M W210G N390M,0.0852,0.0852,1,1
ACGTGAGAATTAGAGA,G34S A288Y K320G,0.0852,0.0852,1,1
ACGTTCGGTATTACCT,L50Y I337T P466A M472L,0.0852,0.0852,1,1
ACTAAAAAAGTCAGAC,V487E,0.0852,0.0852,1,1
ACTACATATGGATGGC,T48K E100* D273E T274D,0.0852,0.0852,1,1
ACTACCAAACCCCTTA,N158R D357L C364*,0.0852,0.0852,1,1
ACTACTAAGGAGAGGA,N74V C118F L479T,0.0852,0.0852,1,1
ACTAGAACCTGCAAAC,V5A H179* I350W L428F,0.0852,0.0852,1,1
ACTCCAAAAAAGCTTA,R207A I213F,0.0852,0.0852,1,1
ACTCGCAATAGTTAAA,Q189R Y253D E287V,0.0852,0.0852,1,1
ACTCGCGGAGATACCG,F316V S439* H471V,0.0852,0.0852,1,1
ACTGAGTAAGAAGACT,V298L P464F,0.0852,0.0852,1,1
ACTGCCATTTCCAGAG,H471Q P483*,0.0852,0.0852,1,1
ACTGCTCACGTTTGTG,R250T V435D,0.0852,0.0852,1,1
ACTGTAAAGCACCGTC,L29G C231M I361L,0.0852,0.0852,1,1
ACTGTTTATACAAACA,Y36S E72* D273F A297Y K481T,0.0852,0.0852,1,1
ACTTATGAACCGAGCA,G42W V47C S476C,0.0852,0.0852,1,1
ACTTCAAACTGGCAAT,E289*,0.0852,0.0852,1,1
ACTTGACCTACATGTT,T48I Y241L C279L M410T,0.0852,0.0852,1,1
ACTTTTAATACGACAA,F140L F147L I222T,0.0852,0.0852,1,1
AGAAACAATGAGTTTG,V47H L128S H398M,0.0852,0.0852,1,1
AGAAAGGGCCGTAATC,S60I T274V L290I N470F,0.0852,0.0852,1,1
AGAACATATCCCAAGT,R491L,0.0852,0.0852,1,1
AGAACTACAGGGCAAA,G198R W264K S476V,0.0852,0.0852,1,1
AGAATTAAAAAGAGGG,I162K A288*,0.0852,0.0852,1,1
AGACAAAGTTGGCCGC,A123F C212L,0.0852,0.0852,1,1
AGACTAGATGATTAAA,L168R G478R,0.0852,0.0852,1,1
AGAGACGACCTACGGC,E67* E329D Q331H V450*,0.0852,0.0852,1,1
AGAGCTTCGTTTACAT,A30W Q223E I286Y,0.0852,0.0852,1,1
AGAGTAGACCGAAAAT,L52R C180Y D273C L355G,0.0852,0.0852,1,1
AGAGTGAACTGCGAAC,F316Y H457*,0.0852,0.0852,1,1
AGATAAACTGAAAATC,L258R,0.0852,0.0852,1,1
AGATAGATTTCTGTCA,L84F W210R C231S I337H,0.0852,0.0852,1,1
AGATGCAGTAATAGCA,S91* N470T,0.0852,0.0852,1,1
AGCACAGCATCCGAAT,,0.0852,0.0852,1,1
AGCATCGCAAAATACT,W227V R235L T426I,0.0852,0.0852,1,1
AGCCAAACTGATTTTC,L103A F318I,0.0852,0.0852,1,1
AGCCCTAGGGCAGCAG,L23W L51V N99D S169A S367I,0.0852,0.0852,1,1
AGCGAGTAATAAGGGG,S143W K384F,0.0852,0.0852,1,1
AGCGGTTCGAAAGAAA,L32W H124I,0.0852,0.0852,1,1
AGCTCATAAATTTAAA,M75S S199G R248N C279Y,0.0852,0.0852,1,1
AGCTTGTAACAAAATA,K63E A173D I201H D268C,0.0852,0.0852,1,1
AGGAACGGAGATTAAA,T40S Y241V R257M S462D,0.0852,0.0852,1,1
AGGAATTTACAGATCC,V97* S269K D432S,0.0852,0.0852,1,1
AGGACCGATTTATCAC,L23S L78S T182Q T215E I222L D401K P483S,0.0852,0.0852,1,1
AGGAGTATGATGACCA,N295W,0.0852,0.0852,1,1
AGGATATTAAAATCCC,Q69* T110C A177V A288K,0.0852,0.0852,1,1
AGGCGCATTTACGATG,C57R H179R Q247*,0.0852,0.0852,1,1
AGGGGAAAAACCGCGC,Q165K,0.0852,0.0852,1,1
AGGGTTAGACGGAACC,L52W E418K K425L,0.0852,0.0852,1,1
AGGGTTCGTACGTGAA,C41W L242N F318L,0.0852,0.0852,1,1
AGGTAATTCTTCGGTT,L315F,0.0852,0.0852,1,1
AGGTAGGCGGCCTATT,I239R S255M H457P,0.0852,0.0852,1,1
AGGTCCACATGCAGTG,A25L Q405K,0.0852,0.0852,1,1
AGGTTGTATTTTGTCT,V44M K417L T438C S476N,0.0852,0.0852,1,1
AGTAATTATGATCCAA,L103F D273T T296*,0.0852,0.0852,1,1
AGTACCTCGTGATTAA,T48M D175N S234R D273L W283* D306N D317N,0.0852,0.0852,1,1
AGTACTGAACACCCTA,N37L E72R E404R L442V,0.0852,0.0852,1,1
AGTAGGTGTATCGTAA,F233S D311* M359C,0.0852,0.0852,1,1
AGTCACATATCGTTTC,T70K C364L T454L,0.0852,0.0852,1,1
AGTCCAGGTAGTGACA,V341L D401Y Q416L,0.0852,0.0852,1,1
AGTCCATCTACAACCC,V47Y S91Y G98S I162R Q218C,0.0852,0.0852,1,1
AGTCCGATTAAGGCAC,N209S,0.0852,0.0852,1,1
AGTCTGAGCGAATCAG,T108Y T281L R422K,0.0852,0.0852,1,1
AGTGATAATACGGTAA,C292G Y363F,0.0852,0.0852,1,1
AGTGCCTACACATACA,F140R K300G W489A,0.0852,0.0852,1,1
AGTTAAAAACAGCGAC,C155A Q406*,0.0852,0.0852,1,1
AGTTCCCGCACGAATT,M19I E104R K368H,0.0852,0.0852,1,1
AGTTTACAGATTAATC,M1F E104S C180S I221N L349M N390L,0.0852,0.0852,1,1
ATAAAAAACCAATTTG,C41L G54M T249A D273N,0.0852,0.0852,1,1
ATAAAAAGAATGGATA,N319R,0.0852,0.0852,1,1
ATAAAAGACCAAATCT,L50* T225I I334E,0.0852,0.0852,1,1
ATAAAATAGCTCAAAC,E67W S205R M312R Q331E,0.0852,0.0852,1,1
ATAAATGGTCTCATTA,K63N E151Y,0.0852,0.0852,1,1
ATAACAAACACTTCAT,A132R F318V F436* I445S,0.0852,0.0852,1,1
ATAACCATACTGCTGA,M96V W283K P453I N470C,0.0852,0.0852,1,1
ATAACGACGACTGGAT,T226S A328Y S381R,0.0852,0.0852,1,1
ATAAGAACAACCCGAT,L73S M214L V431S,0.0852,0.0852,1,1
ATAAGCACAAGGTATC,L68V N167Y N319* Y366S,0.0852,0.0852,1,1
ATAATAAGAGAGCGCG,T59Q V65A L442P,0.0852,0.0852,1,1
ATAATCGCAAGTAAAC,I21E I136A I254L Y278Q,0.0852,0.0852,1,1
ATAATTTGGAAGACAT,K63G I144K F309N I458N,0.0852,0.0852,1,1
ATACCACTCGAGGAGT,Y371T S400K,0.0852,0.0852,1,1
ATACCTGTGTGGACGT,K126H,0.0852,0.0852,1,1
ATACGAGTCAAAACCA,N409Y S444M,0.0852,0.0852,1,1
ATAGATATGCTGATAC,T274L N346R F399M,0.0852,0.0852,1,1
ATAGGGATGATGAAAT,T182S F293Y E418K,0.0852,0.0852,1,1
ATAGTCCGAGATTAAA,G174Y M312K N409W K451Y,0.0852,0.0852,1,1
ATATAAACAGTGCTAA,R257L,0.0852,0.0852,1,1
ATATACACCTTGTATA,L259S Y441F,0.0852,0.0852,1,1
ATATAGGGCATGAAAT,W196* M284K T426L,0.0852,0.0852,1,1
ATATAGGTGTAAATTA,Y217D N295I Y366W,0.0852,0.0852,1,1
ATATTAACTTATACCT,L315Q,0.0852,0.0852,1,1
ATATTATTTCATTAAG,L387* N395E K488T,0.0852,0.0852,1,1
ATCAAAAATCCTCCAT,G174P W489*,0.0852,0.0852,1,1
ATCAAGTACCACCTTT,I201V F293H I334V,0.0852,0.0852,1,1
ATCACAGGTAAATTAT,H124K N185V M192L Q247T L428S I443F,0.0852,0.0852,1,1
ATCACTATTATAGCTG,L336H D347L,0.0852,0.0852,1,1
ATCAGCTCATGAGGGA,G45* D229S R325* K417S,0.0852,0.0852,1,1
ATCAGTGGACGCCGTA,C212D S234* L387S,0.0852,0.0852,1,1
ATCATCAAGGAGTACA,T106I G240I,0.0852,0.0852,1,1
ATCATCCTACCGAGCG,,0.0852,0.0852,1,1
ATCATTATTCCGACAG,L105A G277V,0.0852,0.0852,1,1
ATCCAAGACTTCGCAA,V44* K125L,0.0852,0.0852,1,1
ATCCAGACCACTAGTA,N89I P275H K465P K481A P486*,0.0852,0.0852,1,1
ATCCCTCCAAACCCGT,G159F M359L E396L,0.0852,0.0852,1,1
ATCCGAAACTGCAGGC,E228S M414H R456L,0.0852,0.0852,1,1
ATCCGAACCCTAGCCG,H93S D130Y K425*,0.0852,0.0852,1,1
ATCCGAGCATACCTTA,V97* I337F L449E V459I C475D,0.0852,0.0852,1,1
ATCGATCCAACATCAA,G159R Q165*,0.0852,0.0852,1,1
ATCGCCCGATTAACAG,S143G A152*,0.0852,0.0852,1,1
ATCGGGCTGAGTTGGG,R325G P383E L428R Y441*,0.0852,0.0852,1,1
ATCTATGTAAATTCGG,N89K N295* K300A M472E C477V,0.0852,0.0852,1,1
ATCTATTAAATCTCGG,K339T Q416* S476F V485L,0.0852,0.0852,1,1
ATCTCACAAAACGTAA,R235S M410I,0.0852,0.0852,1,1
ATCTGAACGACGTATA,Y200R,0.0852,0.0852,1,1
ATGAATACAAAATGTC,,0.0852,0.0852,1,1
ATGATGACGGTTCCAA,L32D T87W L105D A173L Y200D L220P,0.0852,0.0852,1,1
ATGATGACTCTTTTAC,L73Q S154E,0.0852,0.0852,1,1
ATGCACCACTCAAATG,L78V E104Q Q331T L430P,0.0852,0.0852,1,1
ATGCCACAGGTTTTCT,V164E G276V,0.0852,0.0852,1,1
ATGCGAATTCATAGGA,L73S L469Y,0.0852,0.0852,1,1
ATGCGCGAATAAATCA,V28L N79I M153Q Y441T,0.0852,0.0852,1,1
ATGGCGTAGTATGCGA,F147T,0.0852,0.0852,1,1
ATGGTTCTACCCACTT,V14G E228L,0.0852,0.0852,1,1
ATGTACGATACAAGGA,L285P D408V,0.0852,0.0852,1,1
ATGTATCCATCGGCCA,Y366D,0.0852,0.0852,1,1
ATGTGAATATGCTAAC,T375F,0.0852,0.0852,1,1
ATTAAACATAACGAAG,R193K L244R,0.0852,0.0852,1,1
ATTAAGACATAACACG,S56R H170S I239F,0.0852,0.0852,1,1
ATTACCGACTAAAGCC,E16Y Y66W A195S N319T I334N,0.0852,0.0852,1,1
ATTAGAGACAACTTAA,G98Y F262C T296*,0.0852,0.0852,1,1
ATTAGCAGGGCTTACA,S199* K417E,0.0852,0.0852,1,1
ATTATACCTTAACCGA,Q3L V298P,0.0852,0.0852,1,1
ATTATTACCATCAAAT,G198L L244H D273T M312L,0.0852,0.0852,1,1
ATTGAAAATATCAGAA,Y172L S381P,0.0852,0.0852,1,1
ATTGACCATCTGTGAC,S60W M82R,0.0852,0.0852,1,1
ATTGCCCCCGGAAACC,I4R L336M K384Q Q405W F446R,0.0852,0.0852,1,1
ATTGTAAAAGCATTGG,D273I F309L,0.0852,0.0852,1,1
ATTGTTTTGAGAAATA,L78R G478C,0.0852,0.0852,1,1
ATTTACTTCACATAAC,I136K,0.0852,0.0852,1,1
ATTTCTATTGCGTGTT,I15W I136Y M284N A330P,0.0852,0.0852,1,1
ATTTGTTTATGAGCTC,K88W G208R T454Q,0.0852,0.0852,1,1
ATTTTCGTGTGCCACC,A202T,0.0852,0.0852,1,1
ATTTTGGTCACCCGGC,D122H S135T F140D F436N S444G,0.0852,0.0852,1,1
ATTTTTGATGATTATA,I4F T274W Q405G,0.0852,0.0852,1,1
CAAAAAGAAAAAGGTG,L52S S111V F191M S400H,0.0852,0.0852,1,1
CAAAATGAAGCTACAC,E17V S135F L442P,0.0852,0.0852,1,1
CAAACAATAAAGAGGT,C212F I358T,0.0852,0.0852,1,1
CAAACCAGACAATAAC,M1D,0.0852,0.0852,1,1
CAAACGATACTGCTGA,L105* M420E,0.0852,0.0852,1,1
CAAAGCTAAATCCCCA,F8Y I286S E418S,0.0852,0.0852,1,1
CAAAGGACAAAACTGG,V183W T225G L355S,0.0852,0.0852,1,1
CAAATCAGGTTAGTGG,V183M Q348K H467L I474V,0.0852,0.0852,1,1
CAACAAAATAGGGAAG,N342S D402L V435D,0.0852,0.0852,1,1
CAACAAGACACATTCA,M80T I162D G174A N185S K272Y T281F,0.0852,0.0852,1,1
CAACCAAACCGGGAAA,M75L Y278S P466R,0.0852,0.0852,1,1
CAACCGTGGATGATAG,V47S M312F,0.0852,0.0852,1,1
CAACGAATCCTTGTGA,T6R,0.0852,0.0852,1,1
CAAGAAATAATCAAAA,Y129F L142E N158T I213A C301V C364F,0.0852,0.0852,1,1
CAAGACCCACTAATCG,I95L G240M M312F,0.0852,0.0852,1,1
CAAGATAATGATAAAG,E104F G484S,0.0852,0.0852,1,1
CAAGCTAATATGGGCC,N114D Q247F M284*,0.0852,0.0852,1,1
CAAGGATTACTGAAAA,T81S D156H W196G E396D,0.0852,0.0852,1,1
CAATAACTTGTGGGAC,G2* C155K,0.0852,0.0852,1,1
CAATCCACGGCTCCCA,A177S T261C K352W P383E Q405*,0.0852,0.0852,1,1
CAATTCAAAAGGTCGG,W196D,0.0852,0.0852,1,1
CAATTTATAAAATACA,L78* T215P R256S,0.0852,0.0852,1,1
CACACTTGACACCTAA,Y166C I252S,0.0852,0.0852,1,1
CACATTTTGTGCAAAT,M75R,0.0852,0.0852,1,1
CACCCCCATCAGACCT,Y166H A195F S199* I239F G271C,0.0852,0.0852,1,1
CACCGCAAGTCAGATG,E287Y C385M D432F,0.0852,0.0852,1,1
CACCTACTTAAAGTCT,V22F T58M P236G A328I S462L,0.0852,0.0852,1,1
CACGAACGTACAACAA,A177L N409A,0.0852,0.0852,1,1
CACGATCACAAAAGGG,H93T M194G N302E,0.0852,0.0852,1,1
CACTAAAGCTCTTGAC,R55F K125I Y480D,0.0852,0.0852,1,1
CACTCAGAACACCCGG,M96Q W210T C301G P383G,0.0852,0.0852,1,1
CACTCGAGTTTAATAA,I345E P383S,0.0852,0.0852,1,1
CACTTCTAAGGATAAC,L52Q G186P V298M,0.0852,0.0852,1,1
CAGAAACACAAACAGT,L68E T265N,0.0852,0.0852,1,1
CAGAAATGACAACCAC,T281C K481R,0.0852,0.0852,1,1
CAGCCCACATAGGATT,E10R S27L N185I,0.0852,0.0852,1,1
CAGGAACTCAGTAACG,E16K E307*,0.0852,0.0852,1,1
CAGTAGACTAGGCACA,I21C A39L N353M,0.0852,0.0852,1,1
CAGTGATTCCACCCAG,G102L S199*,0.0852,0.0852,1,1
CAGTTTGAAGACGCGA,N295L H455P,0.0852,0.0852,1,1
CATAAAACTACCTCAA,S269R G391I D432G,0.0852,0.0852,1,1
CATAAACGAGCAAGTG,C53L L344K Y441S,0.0852,0.0852,1,1
CATAACCACCGAGAAA,G2A K339P R468T,0.0852,0.0852,1,1
CATAAGAACAAAAACT,Y129D M134F G181K,0.0852,0.0852,1,1
CATAAGTCATCTTGAT,T77L T101A Y219R,0.0852,0.0852,1,1
CATACTATCCATTAAA,F8N C475W,0.0852,0.0852,1,1
CATATAGGTATAAGGT,H131A L285T R314G,0.0852,0.0852,1,1
CATCAATGCCACGGCG,Y66* R235T I337M,0.0852,0.0852,1,1
CATCATACGCTAATCC,V47N,0.0852,0.0852,1,1
CATCATTCTCAGATTA,C57D E72V I221A K327E I458G,0.0852,0.0852,1,1
CATCCTTAATTTTGGA,L128P S462N,0.0852,0.0852,1,1
CATCGCATCCACGGAC,E16Y T40L L105A L133R K339E,0.0852,0.0852,1,1
CATGCGAATCAAGAAG,S85Y E104F,0.0852,0.0852,1,1
CATGGTTTTAGCGATA,P145* F446Q,0.0852,0.0852,1,1
CATGTCGTTGCACATT,H93I G98D,0.0852,0.0852,1,1
CATGTTCATCAATTTG,Q3K S27I F49R K320Q,0.0852,0.0852,1,1
CCAAAATGCAAGCTAT,F191V Y200G T226F N342* L469Q,0.0852,0.0852,1,1
CCAAACATTATGTGGC,N89I A123L,0.0852,0.0852,1,1
CCAACACGAAGTCCGA,F147R,0.0852,0.0852,1,1
CCAAGGTCTCAGCAAT,C41R G460S,0.0852,0.0852,1,1
CCACAATGAGAAAAAC,F7G A39S,0.0852,0.0852,1,1
CCACCGCCTTGCGCAA,C279T H457F,0.0852,0.0852,1,1
CCACCGGTGATAACAA,L103S,0.0852,0.0852,1,1
CCACTAACTCATTAGC,V28I Q165L A202V,0.0852,0.0852,1,1
CCAGCCAAGCGATGGA,V44R H467R,0.0852,0.0852,1,1
CCAGCTTCGGCACGCA,A152S C292K,0.0852,0.0852,1,1
CCAGGGACCTCAGAGA,S216P P466*,0.0852,0.0852,1,1
CCATAATCATTAAAGA,G276V M359R S439T,0.0852,0.0852,1,1
CCATCGCGTCTATAAG,C212F,0.0852,0.0852,1,1
CCATGTATCAGTCTAG,F233P Y393T F446*,0.0852,0.0852,1,1
CCATTGATCGAACCAG,L78V,0.0852,0.0852,1,1
CCCATCCGATTAACTT,Y62V L105I Y200S E404G G424P D432P,0.0852,0.0852,1,1
CCCCACCTAAGGGAAA,M134R L242N A328T N390G,0.0852,0.0852,1,1
CCCCAGCTGCGTTCAA,L242S P453F,0.0852,0.0852,1,1
CCCCTTTTCCAGAATA,R491A,0.0852,0.0852,1,1
CCCGAAGCGCAAGATC,T58F F293M D311L,0.0852,0.0852,1,1
CCCTAATATAAGTTCA,V14C I201R G460Y,0.0852,0.0852,1,1
CCCTACTGGTAAAAAC,I222T M351G,0.0852,0.0852,1,1
CCCTAGCTAAGGCCCG,H457R,0.0852,0.0852,1,1
CCCTTGGTAAATAACT,W227S N395V L449A Q482R,0.0852,0.0852,1,1
CCGAAGTACCAACTCA,I15V,0.0852,0.0852,1,1
CCGATGGTATGTTATG,T58N L430P,0.0852,0.0852,1,1
CCGCAATCGACGTAAT,H115F I403V K461T,0.0852,0.0852,1,1
CCGCCCATGTTGTGTC,N89C,0.0852,0.0852,1,1
CCGCCTCGTAAAAAGA,G271V Y480W,0.0852,0.0852,1,1
CCGCGTACTACCAGAA,C301Y A330V S381I,0.0852,0.0852,1,1
CCGCTAAAGTTGGTGT,L73S K161T G206W R379E,0.0852,0.0852,1,1
CCGGAATTCTTAACAG,N89G S121L C279F,0.0852,0.0852,1,1
CCGGACCCCAAAAGAA,L32R C57F L220G C301R Y419P,0.0852,0.0852,1,1
CCGGAGAGGACTACCG,Q69E Y129K,0.0852,0.0852,1,1
CCGGCATCACATGCTG,K161R Y393H,0.0852,0.0852,1,1
CCGTACAGTGCGCCAA,G2C G186T R207N H457P,0.0852,0.0852,1,1
CCGTCACATAGTAGTC,C53F T101N D175A D229S A299E I411Y,0.0852,0.0852,1,1
CCGTTACAAGTAAAAA,F49T A152Y F440H,0.0852,0.0852,1,1
CCTAAGAAATAACACA,V341R,0.0852,0.0852,1,1
CCTAGACAACGCTAAA,T108N K272M,0.0852,0.0852,1,1
CCTCAAATACGAACCC,L26* N158T G174R Y363F G391M,0.0852,0.0852,1,1
CCTCCAGAAGGCTAAA,Y219* C477Y,0.0852,0.0852,1,1
CCTGAATAACACATAA,D229L D317L,0.0852,0.0852,1,1
CCTTTTACTAAAAGTT,T226N,0.0852,0.0852,1,1
CCTTTTAGGATGTACA,L52T T261Y,0.0852,0.0852,1,1
CGAACAAGCGAGAAAA,S163Y G271*,0.0852,0.0852,1,1
CGAGATACGTCATGCT,G2* Y62V L259Y A288* L449S G460D,0.0852,0.0852,1,1
CGAGCGACAGTACATA,R55Y N90I S154F F293I N395S,0.0852,0.0852,1,1
CGAGGTTTACAGACCA,Q416M L449P,0.0852,0.0852,1,1
CGCAATAACTGATCCC,V11F V44A T190C I252F F293H,0.0852,0.0852,1,1
CGCACCATGAGTGTAG,,0.0852,0.0852,1,1
CGCACTAATCGCGTCA,M1D G277*,0.0852,0.0852,1,1
CGCAGAAATCTTAACA,W264Q N302I P383I,0.0852,0.0852,1,1
CGCATTAAAAGAAGCG,C231R H455D,0.0852,0.0852,1,1
CGCCGCTCAAACAATC,E104T T190C L259* L415W,0.0852,0.0852,1,1
CGCCTGCAATAGTATA,S171K A299D,0.0852,0.0852,1,1
CGGCTAACAATTGAAC,K272N L344K V431L,0.0852,0.0852,1,1
CGGTTCAATTAAGAAT,L168M I222L R379P,0.0852,0.0852,1,1
CGGTTTAGAGTTGGTA,L120D,0.0852,0.0852,1,1
CGTAAGACAATTTACC,P12I M19L Q69W K272N C292G,0.0852,0.0852,1,1
CGTAGTAGACGAGATC,G360*,0.0852,0.0852,1,1
CGTCAGCAGAATTTAA,F8S K63A D311M,0.0852,0.0852,1,1
CGTCCGGAGAAATGTA,H141Y H467E,0.0852,0.0852,1,1
CGTGGACTCTCTCACA,F38N S234Q S267D L326V,0.0852,0.0852,1,1
CTAAACAGTAAAAAAT,S60M E151N H179I,0.0852,0.0852,1,1
CTAAAGTCCGGCTAAA,F446V,0.0852,0.0852,1,1
CTAACTACCGGAGGGT,E418S K488G,0.0852,0.0852,1,1
CTAAGCGGATAAAGCC,W489*,0.0852,0.0852,1,1
CTAAGTAGAAAAAGAT,L68M R248S W489L,0.0852,0.0852,1,1
CTACCAGAGAATGGTA,D204T M472K,0.0852,0.0852,1,1
CTACCGTCATCACATG,L29F N74V F436T,0.0852,0.0852,1,1
CTACCTGAAGAAGAGC,Q69E,0.0852,0.0852,1,1
CTACGTATTTAAAGCC,S27I S56I E76S G174R Y241S E404Y,0.0852,0.0852,1,1
CTAGTCTTACAGGACA,R256E G260M,0.0852,0.0852,1,1
CTATGGTTACTAGGAA,K88P F147C Y393F,0.0852,0.0852,1,1
CTATGTACGTTATTTT,L51I Y62K I136A N409Y,0.0852,0.0852,1,1
CTATTAATCCAGACGA,C53R K272N P383T S476T,0.0852,0.0852,1,1
CTCACATAATGCACAT,R55C Y62G E100C,0.0852,0.0852,1,1
CTCACCCTTATAAACC,E10*,0.0852,0.0852,1,1
CTCAGAAATCTGTACC,L50T E72Y G98S I239H,0.0852,0.0852,1,1
CTCATTTACCCGGCAG,N409H,0.0852,0.0852,1,1
CTCCCTCGGGTCCCCT,,0.0852,0.0852,1,1
CTCGACCGGCAGCAAA,H467R,0.0852,0.0852,1,1
CTCGATAATATATACC,V28* G276W,0.0852,0.0852,1,1
CTCTCGTATCACAAAA,F49R Q218N,0.0852,0.0852,1,1
CTCTGACACTTGATCC,F117* C385M,0.0852,0.0852,1,1
CTGAGACGTAGGCGAA,K63R G98L N365T H374L W386M,0.0852,0.0852,1,1
CTGCATAGACCTGAAA,L73T,0.0852,0.0852,1,1
CTGGACAGTTATGACT,M1E Q223I K461W,0.0852,0.0852,1,1
CTGTATAGTACAAAAA,C385M,0.0852,0.0852,1,1
CTGTGAGTCAATAAAC,K161G Y371P,0.0852,0.0852,1,1
CTTAAACAAATGCACG,E104H K126R N158D S205T E396*,0.0852,0.0852,1,1
CTTACACCTTTCAATT,G42Q L84* N470Y,0.0852,0.0852,1,1
CTTAGAGACTCCTATA,K88H A195T L430F,0.0852,0.0852,1,1
CTTAGCCATAAAGAGA,T48L L387N Y393H I445L,0.0852,0.0852,1,1
CTTCACAGGCCCGAAT,T6R N109D,0.0852,0.0852,1,1
CTTCAGCATATGTCTA,V47L L430T,0.0852,0.0852,1,1
CTTGAGCTTAAACAAT,S56G N390T,0.0852,0.0852,1,1
CTTGATAACCTCGATT,Y172S F434I,0.0852,0.0852,1,1
CTTTAAGAGTAGCTGA,R193V I286N E307L G360* Y393A,0.0852,0.0852,1,1
CTTTACCTGAACGGAA,T87I N167I C212D,0.0852,0.0852,1,1
CTTTAGTCTTAGCCAA,T110W G260V S476V,0.0852,0.0852,1,1
CTTTGTACTTATAAAC,K33* V187F S389T,0.0852,0.0852,1,1
CTTTGTAGAGAAAAAA,Y66* N127Y M192I Y371F,0.0852,0.0852,1,1
CTTTTCGAGGTCGTAC,I21T,0.0852,0.0852,1,1
GAAAAATCATAAGTCT,G2* F7R,0.0852,0.0852,1,1
GAAACTAAGCGCGATC,H170Q C279I V298T T375I,0.0852,0.0852,1,1
GAAACTGTCCCAGATA,T261F W264S Y393T,0.0852,0.0852,1,1
GAAAGATACAAACAGC,L313Q W370R,0.0852,0.0852,1,1
GAAAGATATACAAAGC,T70Y K272G M359L,0.0852,0.0852,1,1
GAAAGTGACGGTAGAC,E289W W370H G478M,0.0852,0.0852,1,1
GAAATATCATGGCTAG,L203Q R256I C364R,0.0852,0.0852,1,1
GAAATTGGGTAGAGAC,F117N D311Y,0.0852,0.0852,1,1
GAACTACGAAGGCTAG,R456Q K481G,0.0852,0.0852,1,1
GAACTCTAGTTACATA,G186L W370E,0.0852,0.0852,1,1
GAACTTATCTATAATG,N89P T225F P427L,0.0852,0.0852,1,1
GAAGACGTAGTGCCCG,T81Q G98L Q232*,0.0852,0.0852,1,1
GAAGTCCTTGACTAAT,D130W I201* C475A,0.0852,0.0852,1,1
GAATAAAGCTGACTGG,E104V S269V V431F,0.0852,0.0852,1,1
GAATAAGCTCAATACC,V183E S234F,0.0852,0.0852,1,1
GAATCACCGCACAACA,E67F E72H,0.0852,0.0852,1,1
GAATGTTAACGCGAAT,Q247R L326T S462Y,0.0852,0.0852,1,1
GAATTAGTTTTGTTCG,A184R Q247L N346M,0.0852,0.0852,1,1
GACAAACTATCTGCGT,V14F Y166* Y200N H374F,0.0852,0.0852,1,1
GACAAATGTGAAGTTA,A407E,0.0852,0.0852,1,1
GACACGAAGTGCACCA,R257W E287K,0.0852,0.0852,1,1
GACACTTAGAATCAGA,,0.0852,0.0852,1,1
GACAGAGATCTCGAGA,N37D I136S G424D,0.0852,0.0852,1,1
GACAGGAGAGAGAATT,Y66* A132G L168V R379A G429K M472A,0.0852,0.0852,1,1
GACATACCAAAATCAA,F309N Q331N Q482L,0.0852,0.0852,1,1
GACATTTATTCGCACT,C212L A328V S462N,0.0852,0.0852,1,1
GACCAACGTCTAGTTT,L32* Y441S,0.0852,0.0852,1,1
GACCACAACGCCCTAT,T70P I334H Y369*,0.0852,0.0852,1,1
GACCACCTTTAATATT,F7H R248S T375V N395D,0.0852,0.0852,1,1
GACCACTATGGTAGAC,I361S L449*,0.0852,0.0852,1,1
GACCCAAGCCTATCTC,S56H N302Y K461V P466Y,0.0852,0.0852,1,1
GACCGTGGCCGCGTTT,S199G T226S I403H P483S,0.0852,0.0852,1,1
GACCTACTGCATGTGA,F38Y Y66V D156F Q247K,0.0852,0.0852,1,1
GACGATTATGCTAATC,R257L,0.0852,0.0852,1,1
GACGCACTAGTGTGTA,F38V G64L D204N,0.0852,0.0852,1,1
GACGCCTCATATAAGT,N209P T296D,0.0852,0.0852,1,1
GACTGAAATATAAGTT,C41*,0.0852,0.0852,1,1
GAGAAGAGTAACGAAT,I213*,0.0852,0.0852,1,1
GAGCCAGGAGGGTCGA,,0.0852,0.0852,1,1
GAGGCGACATGTCTGC,T274V Y393M F399R,0.0852,0.0852,1,1
GAGGGAAAAAAGCGGA,T77* S163F T263A V298T T380P,0.0852,0.0852,1,1
GAGTAGCTGAATGAAT,G34K S171Q K352Q,0.0852,0.0852,1,1
GAGTCACGTTGAATGA,S163Q C212T I239M S437N L442V S462C,0.0852,0.0852,1,1
GAGTGAAAAGAAACAA,G98E W386K,0.0852,0.0852,1,1
GAGTGATAAAGAGAAT,L442Y H457N Y480V,0.0852,0.0852,1,1
GAGTTAGAACATCCAC,Q348S F399A,0.0852,0.0852,1,1
GATAAACGTTTTTTTG,E16I N295D L449Y,0.0852,0.0852,1,1
GATACAAGAAAACCTG,V5G S121P,0.0852,0.0852,1,1
GATACAGCCCCCTCCG,L244W C301R K339W N342A,0.0852,0.0852,1,1
GATACCATCAATTTAA,G2L G98T S199L Y217* W227R I286C H354S P453R,0.0852,0.0852,1,1
GATATATTATAAACAC,K33A,0.0852,0.0852,1,1
GATCCAAGTTGCAGTA,L52* F233L A299G N390Y,0.0852,0.0852,1,1
GATCCTTGATCATCGA,R193T R235P G243C D432V,0.0852,0.0852,1,1
GATGAAAATACCTAAA,M1H S56N T81N W210M Y371L,0.0852,0.0852,1,1
GATGACAAATTCAAAC,F399V,0.0852,0.0852,1,1
GATGCCTACATTTATA,F49K H92L I286K,0.0852,0.0852,1,1
GATGGCACAGAATTAG,C57S W264K L387* S462K,0.0852,0.0852,1,1
GATGTAATTCATAGAA,T48N S138Y K451W,0.0852,0.0852,1,1
GATTAACAGTAGCTCA,N178V L387A L394V,0.0852,0.0852,1,1
GATTACTAAAAAATAA,L73I H124T D130K V298M,0.0852,0.0852,1,1
GATTCGTAACATGTGA,G98N G360C,0.0852,0.0852,1,1
GATTTATCGCGACCGA,I113N L428T,0.0852,0.0852,1,1
GATTTCAATAAAATAT,A25S K161L R248V G294R Y363C,0.0852,0.0852,1,1
GCAAAAAATTAAGCGC,A184T F191* Y278H C292Y,0.0852,0.0852,1,1
GCAAAGTAAATATGCG,D156F E413*,0.0852,0.0852,1,1
GCAAGAGAAAATGGTC,E228* R456P,0.0852,0.0852,1,1
GCACTAAATATGTAAC,E404P,0.0852,0.0852,1,1
GCACTTGAATCACAAA,E104V L203P F293S T376D,0.0852,0.0852,1,1
GCAGAAACAATGCCAA,S121V K291E,0.0852,0.0852,1,1
GCAGCGTACCTAAAAA,C212P W227R G473R,0.0852,0.0852,1,1
GCAGGAACGTACAACA,G45D S154G L245D G260V S333H,0.0852,0.0852,1,1
GCCAAGTATTGTGCAA,N90H G243V T274A C310L S367K,0.0852,0.0852,1,1
GCCCCCGTATCCTGAG,V28H K161P,0.0852,0.0852,1,1
GCCCTTAGATATATCA,Y36N N90Y T108H T375C G391T,0.0852,0.0852,1,1
GCCTTGATGATACTTT,L35V G277R,0.0852,0.0852,1,1
GCCTTTGACTTATAAG,E67S H131N I201R,0.0852,0.0852,1,1
GCGAATTTCGGGATTA,G98A N295V W386R S444I,0.0852,0.0852,1,1
GCGACATCGTTTAATA,S267N A299*,0.0852,0.0852,1,1
GCGCAACTAGAGACTA,C41G R248L K300T L449K,0.0852,0.0852,1,1
GCGCCCCAGATTTAGT,C41E I162L Y253C M312S G378R,0.0852,0.0852,1,1
GCGGCGCGAGATGAAC,V388* Y393D I458R,0.0852,0.0852,1,1
GCGTAAATGCGAAGTG,Y369*,0.0852,0.0852,1,1
GCTAAAGCACCGTCCA,H170L,0.0852,0.0852,1,1
GCTAGATCTGACACGG,V47S L105Q T376A,0.0852,0.0852,1,1
GCTAGTCTAGGTCGAT,P83S A123I L242A T274I C475L,0.0852,0.0852,1,1
GCTCACTAATCAGTCA,F147P H230I I334N,0.0852,0.0852,1,1
GCTCGACTAATAAACT,L52S A340N M359S G391H,0.0852,0.0852,1,1
GCTGACAACGTGAAGA,N74R F309R L355R,0.0852,0.0852,1,1
GCTGGTAAACAATCGT,L61*,0.0852,0.0852,1,1
GCTTATAGACCTGGTC,G2R N37W K339M,0.0852,0.0852,1,1
GCTTTCTAAAAATTAG,M19E S111A N295L,0.0852,0.0852,1,1
GGAACATGCCAACCAT,F49R,0.0852,0.0852,1,1
GGAACTCAAATCCTAT,T6E Y200L P483L,0.0852,0.0852,1,1
GGAAGGGGATAATCCC,L78K M153K V388S T438L,0.0852,0.0852,1,1
GGAATCCTGCTGCGAG,I136H F157W I213E,0.0852,0.0852,1,1
GGAGTTTGTTGATACG,G208W G240E P466S,0.0852,0.0852,1,1
GGATCCAAAAATATAG,F49C L245R,0.0852,0.0852,1,1
GGATTAAAAGAGAACC,D311W,0.0852,0.0852,1,1
GGATTTATACTAATTA,Q3M T59V C118R Q149F K161R,0.0852,0.0852,1,1
GGCACACAGATTTATG,E308I L344M,0.0852,0.0852,1,1
GGCCTCAATTACAGAC,R491A,0.0852,0.0852,1,1
GGGAGGTCTAAACGAA,S246D,0.0852,0.0852,1,1
GGGGTCTGACGTGGAA,S367M,0.0852,0.0852,1,1
GGTATATTACACTTTA,Y129D G197R Y219C L259E,0.0852,0.0852,1,1
GGTCCTCCACCATCGA,L32D A173F L442H,0.0852,0.0852,1,1
GGTCCTGACGCAAATC,G2I I21Y K63Y G102M L349H L479W,0.0852,0.0852,1,1
GGTCGAATATCGTAGC,,0.0852,0.0852,1,1
GGTCTCCATTAAATTA,G174I E289M P383V,0.0852,0.0852,1,1
GGTGATTAAGGAAATT,V65G T226L L372F M414V T454R,0.0852,0.0852,1,1
GGTTTCCACCTCGCAG,L382Y,0.0852,0.0852,1,1
GTAAAGGCAATCATCT,T108Y,0.0852,0.0852,1,1
GTAAAGTGAGTTAATA,L188N,0.0852,0.0852,1,1
GTAACCAATGACTCAA,I15S,0.0852,0.0852,1,1
GTAATAGACAAACAGA,T6P L168R G243L T274S C463E R491N,0.0852,0.0852,1,1
GTACAGAAACCGTCAA,M75I T376*,0.0852,0.0852,1,1
GTACAGGCCCCCAATC,A177G Y393H,0.0852,0.0852,1,1
GTACGTGATGTTTCAA,L46P H93K F446L L479A,0.0852,0.0852,1,1
GTAGACAGGTTTAAAT,,0.0852,0.0852,1,1
GTAGCAATTCACATAT,N37D P453L,0.0852,0.0852,1,1
GTAGCGATACTCAAAG,R248* I252T F316I,0.0852,0.0852,1,1
GTAGCTACTGGACCAA,V47L S333R L355T,0.0852,0.0852,1,1
GTAGCTTCGATGGATT,N127R Q482*,0.0852,0.0852,1,1
GTAGGTACTTGCCCTG,H124I L220K Q321L Y393H E421K,0.0852,0.0852,1,1
GTATAAGGTACGGGGG,M153* A176N C231A M472*,0.0852,0.0852,1,1
GTATATAACGGACCCA,T59S S216*,0.0852,0.0852,1,1
GTATTAGGGAAGACCT,E151R I323F,0.0852,0.0852,1,1
GTATTATCGACCTACA,F318S K481T,0.0852,0.0852,1,1
GTCAGGACCGACCCAG,H230N A328* V431Y,0.0852,0.0852,1,1
GTCGGTGAAACTCGAT,V18R F49W R422D,0.0852,0.0852,1,1
GTGAAAGTTCGGGTCA,L68I L84N,0.0852,0.0852,1,1
GTGACCAATAGGAGCC,Y150I C231Y,0.0852,0.0852,1,1
GTGCTCCATTGTGTAA,F7I L242C,0.0852,0.0852,1,1
GTGGAAAATCAGTTAT,V22L T48S L394C,0.0852,0.0852,1,1
GTGTACAAGTTGAAAT,E16F C212W,0.0852,0.0852,1,1
GTTAAAGATATTCAGA,I21* E104K N146H I201P I221T,0.0852,0.0852,1,1
GTTCAGGTAATAACCA,V65M P145K S216C E228V,0.0852,0.0852,1,1
GTTCTTACCTCCTATC,R257S N342G Y366*,0.0852,0.0852,1,1
GTTGAAAGGGGTCCTG,Y200S W386*,0.0852,0.0852,1,1
GTTGGCATCATTTGTG,T377M,0.0852,0.0852,1,1
GTTGTATATAACCACT,G276D R422I L428P,0.0852,0.0852,1,1
GTTGTCCTGTTAGTTA,C57Q L68M W196R,0.0852,0.0852,1,1
TAAAAACCACTAAGTC,C231V,0.0852,0.0852,1,1
TAAAATCGAAACTCGT,F140I A288R Y366D,0.0852,0.0852,1,1
TAAAATTCATCCAGCC,A195L K320W E413K,0.0852,0.0852,1,1
TAAACAAACCAATCCA,R193E F293C,0.0852,0.0852,1,1
TAAACCAATATACTCT,Y419L,0.0852,0.0852,1,1
TAAACCAGGACTTAAG,L61I F316R A328S S381I K488E,0.0852,0.0852,1,1
TAAACGCATTAATAAA,S237Y R248P A343D M472I,0.0852,0.0852,1,1
TAAACGTTTACTAATC,A25G F318T,0.0852,0.0852,1,1
TAAAGAGTAACGATGA,Y217A V341Y,0.0852,0.0852,1,1
TAAAGCACAAGACGGA,Y219T T375V,0.0852,0.0852,1,1
TAAAGCATTATACCAA,C86S T110Y F140S,0.0852,0.0852,1,1
TAAAGCCAACTGTGCA,R207I Q335L K425N,0.0852,0.0852,1,1
TAAATAGTCCTGGAGA,R456S,0.0852,0.0852,1,1
TAAATCCCATAGCAAT,K88F L280V I411M,0.0852,0.0852,1,1
TAAATCCGATGGGCAT,Q321L S476Y,0.0852,0.0852,1,1
TAAATGCTGAAAGTAT,T263A Q321* S444N,0.0852,0.0852,1,1
TAAATTAAACCAAGCA,G198D L203T L415Y,0.0852,0.0852,1,1
TAACATAAAATAAACT,Q3T L51Q I403T R456D,0.0852,0.0852,1,1
TAAGAACTGTACGATC,S85*,0.0852,0.0852,1,1
TAAGAGAGATTTAATC,N148C T426*,0.0852,0.0852,1,1
TAAGCATAACCATCGA,S392H,0.0852,0.0852,1,1
TAAGCATACTCTGCCT,G54I V65S I112S D347T,0.0852,0.0852,1,1
TAAGCGATACTACCAT,K88Q I136K F318D,0.0852,0.0852,1,1
TAATAAAAACGTATTA,I252S T426F G460P,0.0852,0.0852,1,1
TAATAAATCGATCTGA,A39S G271C T281Y S333C H374P K451L,0.0852,0.0852,1,1
TAATAGAGGCACCTAA,F38P,0.0852,0.0852,1,1
TAATAGATGTACCCGA,G2N N20W S269I T281V S444I,0.0852,0.0852,1,1
TAATGCAAATCTGAAT,F8S R193G,0.0852,0.0852,1,1
TAATGTCCCCACGCCA,C86Y R207T Y219T,0.0852,0.0852,1,1
TACAAACTACATCGTT,,0.0852,0.0852,1,1
TACAAATATCCCACAA,H124P I136R L203Y N373M,0.0852,0.0852,1,1
TACAAATATCTATTGA,T6C I15T L68G D211H I334T,0.0852,0.0852,1,1
TACAAGAACTCTGAAA,G181* K272S C279G N390L C463P,0.0852,0.0852,1,1
TACAATATCATATTCA,I144K G159E I403S,0.0852,0.0852,1,1
TACAGTCACCCACTGG,A343E L479P,0.0852,0.0852,1,1
TACATAATAAGATTAC,Y36* R193V S400Y,0.0852,0.0852,1,1
TACATCAAATGCAAGT,H13R V47P E329S,0.0852,0.0852,1,1
TACATCGAATAGTATA,F7L D311I,0.0852,0.0852,1,1
TACCAATTCACTGCAA,C231* D273V,0.0852,0.0852,1,1
TACCTAGTCGGACTAG,C231P,0.0852,0.0852,1,1
TACCTGAACGGGATAA,N74H E100R C279I N319*,0.0852,0.0852,1,1
TACGAAATCGATTATA,E100R,0.0852,0.0852,1,1
TACGAGGTCAGATATT,Y94A A173K I345N M420V V485A K488V,0.0852,0.0852,1,1
TACGCTCTACTAATGC,S111K F262L S367I,0.0852,0.0852,1,1
TACTCCGCGCAACGGA,M1D L433V,0.0852,0.0852,1,1
TACTGCTGAGTTACGG,Q165* F316G,0.0852,0.0852,1,1
TACTTCAAGAATATAC,C475R,0.0852,0.0852,1,1
TAGAACAGAACGAATA,E151P W196K K352E,0.0852,0.0852,1,1
TAGACCACAAATAAAT,S91K N146V I201K,0.0852,0.0852,1,1
TAGACTAAGGAAAGAA,N302Y M351K,0.0852,0.0852,1,1
TAGACTATATGTGCAG,Y62D,0.0852,0.0852,1,1
TAGAGTACGCCAAAGG,F318T F440T,0.0852,0.0852,1,1
TAGCCGGGGAATCAAG,W196L L344E,0.0852,0.0852,1,1
TAGCTCGCCCTCGCGG,N37I,0.0852,0.0852,1,1
TAGGACAAACATTACA,T6L V164M R250G T274S P464T,0.0852,0.0852,1,1
TAGGATTCTCTGGTCG,K161* S237L V450M,0.0852,0.0852,1,1
TAGGGATGTGAGCAAA,S199T D268P K384* K425T S437I,0.0852,0.0852,1,1
TAGTAACGGACTATTA,H467T,0.0852,0.0852,1,1
TAGTTAGACTCTGGAT,M420V T454M N470G,0.0852,0.0852,1,1
TATAACCGAGGACCCA,Y393S L449R,0.0852,0.0852,1,1
TATAACGTACTAGGTT,A176S I252W S269G L313P,0.0852,0.0852,1,1
TATACACACATACCCT,D229K R325T N338I L382T,0.0852,0.0852,1,1
TATACAGTCCACAAGA,Q3G T48F,0.0852,0.0852,1,1
TATACGAAATACGTCT,I24M E100K K490F,0.0852,0.0852,1,1
TATAGGGAACTTAGTA,S60D N99Y N167L H455Q,0.0852,0.0852,1,1
TATATACCCAGTATTT,S56* A123Y C155I A299S,0.0852,0.0852,1,1
TATATTGTTGCTTAGT,S56N V65S,0.0852,0.0852,1,1
TATATTTAGAAGACGA,I24N L46* N185S,0.0852,0.0852,1,1
TATCGAACACGCTATA,K63V,0.0852,0.0852,1,1
TATCGAGTTCGGATAG,Y172N D408S K425G,0.0852,0.0852,1,1
TATCGCGATTGTTTTC,L128H Q321*,0.0852,0.0852,1,1
TATCGGACTACATAGC,V187N Y419I,0.0852,0.0852,1,1
TATGAAAATGGAAATA,V341D,0.0852,0.0852,1,1
TATTGTAGATAATCCG,L51P L245E,0.0852,0.0852,1,1
TATTTCAATTAGCTAT,I350N,0.0852,0.0852,1,1
TATTTTACTATGTACT,E104F N158Y R257G,0.0852,0.0852,1,1
TCAAACTTTTTTTGCC,L78* L107T,0.0852,0.0852,1,1
TCAATCGTTGAGTTAT,G54F L258N E303M H467L,0.0852,0.0852,1,1
TCAATGACGTGAAATA,D130Y T261A K461M C477N,0.0852,0.0852,1,1
TCAATGTGGATTTCAA,G2V E151V K291E,0.0852,0.0852,1,1
TCAATTTCCTCTCATA,W196* C212A L220V K300L,0.0852,0.0852,1,1
TCACAACCAATCGTGG,V65R E104V S476*,0.0852,0.0852,1,1
TCACATGCGAACCATC,,0.0852,0.0852,1,1
TCACGATATTTCATGC,E72R K368S,0.0852,0.0852,1,1
TCACTACTAACTTAAA,E104L T226A K352F,0.0852,0.0852,1,1
TCACTCCGCTCTAAAA,G64D G160C K291R,0.0852,0.0852,1,1
TCAGAAGGGTAGGAAC,A176D D317Y W370L L430Q,0.0852,0.0852,1,1
TCAGAATGATTAGGTC,E10P N99* L242N D273S P275- G276- G277- Y278-,0.0852,0.0852,1,1
TCAGCCCTAACCCGGT,M1A R250L D251F,0.0852,0.0852,1,1
TCAGCTACGAGTTACG,I112T H179G T375V,0.0852,0.0852,1,1
TCAGTAATATTTTAGA,K272N L428N,0.0852,0.0852,1,1
TCATGAAGTATACTGA,I24R A177V T182N I411R,0.0852,0.0852,1,1
TCCAAAACTAAAATAA,L259M W283R G378*,0.0852,0.0852,1,1
TCCAAATGCCTGTTAC,A407T M414R,0.0852,0.0852,1,1
TCCACTACCCGCCCTT,N89H,0.0852,0.0852,1,1
TCCAGACTATAATAGT,Y129N I337F,0.0852,0.0852,1,1
TCCCTTAGAGGGCGGG,N338L P464G,0.0852,0.0852,1,1
TCCCTTATACGTGAAT,T70* F140S A184V,0.0852,0.0852,1,1
TCCGGAGATATCATAT,T40M F49* M214Y,0.0852,0.0852,1,1
TCCTCATCAGCTAGAA,H92F K300L,0.0852,0.0852,1,1
TCCTGAACTATTATTA,E100A G198L S234R D432V F446K,0.0852,0.0852,1,1
TCCTGAGAGACTGACG,N37M R55S L71P P464R L469V,0.0852,0.0852,1,1
TCCTTCATAAACAAAC,T190K G277L,0.0852,0.0852,1,1
TCCTTCCATATCGTTA,G64H R235C R248S Q416K,0.0852,0.0852,1,1
TCGACCGATATGGAAA,D204C R256W,0.0852,0.0852,1,1
TCGAGGATCTAATGTA,G2N Y62R R248* K368M C475*,0.0852,0.0852,1,1
TCGCCCGTAATCCCGG,M75R T274R,0.0852,0.0852,1,1
TCGGCAGATGATCGGA,,0.0852,0.0852,1,1
TCGGTGACGCATAATC,W196S L220C N470S M472V Y480C K481R K488G K490G,0.0852,0.0852,1,1
TCGGTGTGAGCAGTTA,G2I K327V,0.0852,0.0852,1,1
TCGTATGAAGGCATAC,G198L L242D,0.0852,0.0852,1,1
TCGTATGAATATTCGA,I112F D357K,0.0852,0.0852,1,1
TCGTTCAAGATTAGTT,L430S C477I,0.0852,0.0852,1,1
TCTACAATGTCTATAC,R456L,0.0852,0.0852,1,1
TCTATGACTAGTTATT,A30P L315Q N338L,0.0852,0.0852,1,1
TCTCCCCGGTAACACG,,0.0852,0.0852,1,1
TCTGCTCAGACAGCTT,C57Y S169T,0.0852,0.0852,1,1
TCTGTTGCAAAGCCTA,T274H Q405E C463S Y480F,0.0852,0.0852,1,1
TCTTAACACAAACTTA,V5T V11C N109L F233A,0.0852,0.0852,1,1
TCTTACTAGGCGTGAA,Q232I C463K,0.0852,0.0852,1,1
TCTTATGGCTTTGCCC,V5A L50S P236R A288Y N346G P362S,0.0852,0.0852,1,1
TCTTCAACTCCATCGG,G2D K63E T106F A177R F262L I403N,0.0852,0.0852,1,1
TCTTTAAGAAAACAGC,H354K Y371S Q405W,0.0852,0.0852,1,1
TCTTTTTAGTATTTGT,E67Q D156L,0.0852,0.0852,1,1
TGAAAGCTCGAAAAAT,,0.0852,0.0852,1,1
TGAAGAAATATAACTA,F293I I345M,0.0852,0.0852,1,1
TGAAGTTGTGAGCACG,L50Q G181E L382C,0.0852,0.0852,1,1
TGAATGGGGGGTAGAG,Q149* S154C,0.0852,0.0852,1,1
TGACAACGAAGAGCCA,T48N T70I,0.0852,0.0852,1,1
TGAGAGAATTCTTGAT,F233* S333V T412*,0.0852,0.0852,1,1
TGAGAGCAGAGATGAT,K63* S199T L479A,0.0852,0.0852,1,1
TGAGCGGTCATGTGAC,S91G N148G G174F W196* K339E,0.0852,0.0852,1,1
TGAGTAACAACTCAAG,Y129I M414I C463A,0.0852,0.0852,1,1
TGATACTTCGTGGCAA,G174H V187P R235C,0.0852,0.0852,1,1
TGATATAAAGCTTAGA,L107R G159F R256F Y363K I403L,0.0852,0.0852,1,1
TGATTGCACGCAAGCA,,0.0852,0.0852,1,1
TGCATACAAAGTATGT,C212I Y371V D402T,0.0852,0.0852,1,1
TGCCGTTGATACTAAT,L52K N79G,0.0852,0.0852,1,1
TGGAGACAAATTCGCA,S267L,0.0852,0.0852,1,1
TGGATCAATGAAGATC,T249W H455R,0.0852,0.0852,1,1
TGGATTTATTTGGCGA,N37E V341S E418A,0.0852,0.0852,1,1
TGGCGTCTGTTTCAAG,T261I,0.0852,0.0852,1,1
TGGGACATCCGTTTGT,L43V N99I N209H N346K,0.0852,0.0852,1,1
TGGGAGGTTGCGTGAT,G198A K291S,0.0852,0.0852,1,1
TGGGTCTATCTGTGGA,H141S K161M N178I Y441S I452R K490P,0.0852,0.0852,1,1
TGGTATAATCTAAATG,T77P P275H K451L,0.0852,0.0852,1,1
TGTCAATACTCAGAGT,L120E K125L M134D Q223S Q232E,0.0852,0.0852,1,1
TGTCGGTGTTTACAAT,V5L T263*,0.0852,0.0852,1,1
TGTCTGCAGAAAAACG,G102V S267N S462G V485G,0.0852,0.0852,1,1
TGTGACCCCAAAAACA,E228L S234* L442H,0.0852,0.0852,1,1
TGTTAATCGGTTCGTG,L50N H179Y F440V,0.0852,0.0852,1,1
TGTTATAATCTGTAGA,W196K V459T,0.0852,0.0852,1,1
TGTTGGAGGGGAGCCA,G2S C53I P83S Y166I,0.0852,0.0852,1,1
TGTTTGTCGTAACTCC,R314L L387T,0.0852,0.0852,1,1
TTAAGACATCAACACA,Q331S I474K,0.0852,0.0852,1,1
TTAAGGCGCGCTAAAG,A39L G98F S216L G240* S392I D432F,0.0852,0.0852,1,1
TTAATACGGAGTGTTT,S56G,0.0852,0.0852,1,1
TTAATCACACTAAAAG,L326R C475F K481L,0.0852,0.0852,1,1
TTAATTTTAAGACTAA,L35* R282H,0.0852,0.0852,1,1
TTACAAAATGCTGCAC,F7G I137N S216Y I323M L447N,0.0852,0.0852,1,1
TTACATCAGATATTTA,L61N Y66Q A177T,0.0852,0.0852,1,1
TTACATTTTAGCACCA,L61M C118R,0.0852,0.0852,1,1
TTACCCGACCAACATC,M1*,0.0852,0.0852,1,1
TTACTAGACTTTTTGA,E287*,0.0852,0.0852,1,1
TTAGAAAAAGCAAGCG,R207S L285R T296N N346P E396S S437D,0.0852,0.0852,1,1
TTAGAAAATTGGAAGG,K352A,0.0852,0.0852,1,1
TTAGATTACTATGATA,L73G E100G S267I I337S K451S,0.0852,0.0852,1,1
TTATAAGAACATAAGT,C310G,0.0852,0.0852,1,1
TTATACACCTGTGATT,G64N R235L G277S,0.0852,0.0852,1,1
TTATATATGACCAAGC,N79D K161* I239L T261G A297V Y480R W489F,0.0852,0.0852,1,1
TTATCAAACGACAATC,V164P,0.0852,0.0852,1,1
TTATCAAGTGGAATTT,H179F T190S L244S,0.0852,0.0852,1,1
TTATGTTCCCAGAGCA,P145Y N338K D432V,0.0852,0.0852,1,1
TTATTCGCAAATATAA,W370G,0.0852,0.0852,1,1
TTATTGAGGAATACAA,T261D L394F,0.0852,0.0852,1,1
TTATTGGAGATAACCA,V435S P464F,0.0852,0.0852,1,1
TTCACACCACAATGCA,T101S N109K C463S,0.0852,0.0852,1,1
TTCACATACCACAACC,T296V,0.0852,0.0852,1,1
TTCAGTCAACGTAACT,E104G K161* L336G D432Y K465T,0.0852,0.0852,1,1
TTCCAATGCGGGAATT,N373D,0.0852,0.0852,1,1
TTCCACTCCAGTAACA,G160P D357T,0.0852,0.0852,1,1
TTCCATCACAATTAAC,V11Q G159Y,0.0852,0.0852,1,1
TTCCTAAATGTATTTA,Q9K C155R L244K S255K T426H,0.0852,0.0852,1,1
TTCGAACCCATAACGA,S169V T274P,0.0852,0.0852,1,1
TTCGATTACCCTGGAT,C57G S269V,0.0852,0.0852,1,1
TTCGCCCTTAGGCCCC,L32N L168F Y363L S444W,0.0852,0.0852,1,1
TTCGCCGAAACACCGT,G2T,0.0852,0.0852,1,1
TTCGGCAAATGGCGGT,L280T N409I,0.0852,0.0852,1,1
TTCGTTCGCTATAAAG,T48*,0.0852,0.0852,1,1
TTCTCTACAGGTAACC,M153I K161A D317G P464S,0.0852,0.0852,1,1
TTCTGTCGCTGAACAG,G54A K88Q P236L L259V Q416C L428A L449T,0.0852,0.0852,1,1
TTGACACGATATGACT,I221W F293A K300G A328R K425V,0.0852,0.0852,1,1
TTGCAGAATAATCGCC,C212Y K304E Y369N Q405L V459R V485E,0.0852,0.0852,1,1
TTGCGGCCCCCAGAAA,T81I,0.0852,0.0852,1,1
TTGCTCGACCTTAATG,L355S,0.0852,0.0852,1,1
TTGTAAAGCTGAAATC,N470Y Q482R,0.0852,0.0852,1,1
TTGTTTGTATAAAACT,T110F L315R,0.0852,0.0852,1,1
TTTAATCATCTCAACC,L428W,0.0852,0.0852,1,1
TTTAGAACTTATAAAC,E16K G42C D156R,0.0852,0.0852,1,1
TTTATTAACTGATGCA,G42R T108F,0.0852,0.0852,1,1
TTTCAAACCCGCTCAC,V44E N302A R456S,0.0852,0.0852,1,1
TTTCACTATGATTGTC,A340T H467R,0.0852,0.0852,1,1
TTTCCAGTGTCCAGGT,S333R,0.0852,0.0852,1,1
TTTCCTACCCACGGAT,K368L C385Y P453L,0.0852,0.0852,1,1
TTTCCTGTAAATGATG,L61C N346A S400M V485*,0.0852,0.0852,1,1
TTTGAGTCATCCCAAT,V18Q A297D,0.0852,0.0852,1,1
TTTGCGCGATTAGAGC,F140S G197W Q324K,0.0852,0.0852,1,1
TTTTAAACATTCAAAC,I201V P466K,0.0852,0.0852,1,1
TTTTATAACGCTAAAC,C53R T81N M134S L259S H374F,0.0852,0.0852,1,1
TTTTTCGAAATTACTA,G2A S27L,0.0852,0.0852,1,1
AAAAAAGTTTGTTTTG,E104V D211* M312*,1.0000,inf,1,0
AAAAACAAATAACTTA,K304P C364I G391L,1.0000,inf,1,0
AAAAAGCGGGGTCATC,S60K G277L,1.0000,inf,1,0
AAAAATTACACTGAAC,E16C,1.0000,inf,1,0
AAAAATTTGATAGCGG,L266M I458N,1.0000,inf,1,0
AAAACAGGACTGACCT,M1V S169A M194I F318C,1.0000,inf,1,0
AAAACATATTATCGTT,H93W I221M,1.0000,inf,1,0
AAAACCAAGATACACC,V47L Y129R,1.0000,inf,1,0
AAAACCAGGATCATAA,Y36D Y129H L142T H179P Q331L,1.0000,inf,1,0
AAAACCTACTTACTAC,N89M,1.0000,inf,1,0
AAAACGCTATACTATG,W264* I337N T375Y S476V,1.0000,inf,1,0
AAAAGAAAACAATCGG,T215R E270L,1.0000,inf,1,0
AAAAGAGTCTCACGCC,Y94F,1.0000,inf,1,0
AAAAGATTCTAATTAA,S138T A330S P453M,1.0000,inf,1,0
AAAAGGATTAGACTAC,I144R,1.0000,inf,1,0
AAAATAACGTCGAACA,E308S S333F,1.0000,inf,1,0
AAAATACTACAACGCC,F140R Q218K,1.0000,inf,1,0
AAAATAGACACCAATT,E10R G102D N178E,1.0000,inf,1,0
AAAATATAGATCGCGG,I221N D268K A299E F309A,1.0000,inf,1,0
AAAATATTTAAGGCAA,I254R S444F,1.0000,inf,1,0
AAAATCAGGAAATTGA,L61F D273S I458C,1.0000,inf,1,0
AAAATGAGAGCGCACT,K451N,1.0000,inf,1,0
AAAATTAATACAATAA,H93L S199P T375R F434L,1.0000,inf,1,0
AAAATTACGTCAGCGG,H131V E303S,1.0000,inf,1,0
AAAATTTGAACTGAGT,S27R I137M K339R N346V,1.0000,inf,1,0
AAACAAATAATAAATC,R193I A328* F440T,1.0000,inf,1,0
AAACAATATAGATGGC,F49Y L68I E289Q L313E,1.0000,inf,1,0
AAACACACCATATTAG,L68I S400F,1.0000,inf,1,0
AAACAGCTTCACTCCG,G174Y M284* M414I T438P,1.0000,inf,1,0
AAACCAATAAAACCGT,S199H G208K G277F I345H,1.0000,inf,1,0
AAACCACATCATAACC,N319G,1.0000,inf,1,0
AAACCATCGACCGCAC,C231F R356M E421S,1.0000,inf,1,0
AAACCGAATAGATCGG,C86R T377R M414* Q482P,1.0000,inf,1,0
AAACCTTAGTTATAGA,N338M K384S T412E,1.0000,inf,1,0
AAACGCTGAAATTTTA,I15R S27M K339M,1.0000,inf,1,0
AAACGGAATTAAGTAT,L68R Q165K I213S N338T,1.0000,inf,1,0
AAACTAACATTCCGTT,Y62C I201C,1.0000,inf,1,0
AAACTAGAGTCGCCGC,I239H,1.0000,inf,1,0
AAACTTTTTGCGGTTA,K384C M414S,1.0000,inf,1,0
AAAGAAATGCAATACT,Q3V S199I D408G,1.0000,inf,1,0
AAAGAAATTTATGTTA,F49R I113V S154A H179N S199P E421D,1.0000,inf,1,0
AAAGAAGTAGAACCAG,Y66V N167L,1.0000,inf,1,0
AAAGAGGATGATAAGA,E67F R256*,1.0000,inf,1,0
AAAGATAGCATCGATC,P464F,1.0000,inf,1,0
AAAGCAAGTAAAAACC,L107I K126N L220T M414Q L442A,1.0000,inf,1,0
AAAGCAGCCCGTAAAA,L61Y W386*,1.0000,inf,1,0
AAAGCGTCATCATAAA,R282G,1.0000,inf,1,0
AAAGGGCCCAGCAGTA,L46Q,1.0000,inf,1,0
AAAGTCAAAGGGAAGA,E104Y K116A,1.0000,inf,1,0
AAAGTTACCGAAAAGC,M359W C364I,1.0000,inf,1,0
AAAGTTCTTACGATTT,L103S R256H,1.0000,inf,1,0
AAATAAAAAGTAGATT,A30L G276N G478C,1.0000,inf,1,0
AAATACCCGAATCCGT,L107K W210* C475D,1.0000,inf,1,0
AAATCCCAGAGTGAGA,S154L L242H S267R,1.0000,inf,1,0
AAATCTCTTCCTGTTC,L52P E72Y S234Q D311Q T375M M410G,1.0000,inf,1,0
AAATCTTATTCCCCAA,V5S T182I E418L K490S,1.0000,inf,1,0
AAATGATGGTATTATT,V5F E76* R314S,1.0000,inf,1,0
AAATGCAACAAAGCGT,A39Y L103S L349*,1.0000,inf,1,0
AAATGTTGCATAAACA,N346S V435A P453Y,1.0000,inf,1,0
AAATTAAGTAGGATTC,C57Y I113Y W283S,1.0000,inf,1,0
AAATTCACTGTTATAA,Y369S,1.0000,inf,1,0
AAATTCTTGTCCCACA,G42E L46* G159E,1.0000,inf,1,0
AAATTTACCCCTACAA,V14K K63*,1.0000,inf,1,0
AACAAAATCCTAGAGC,M1*,1.0000,inf,1,0
AACAAACACCCGACGA,S91F S138I G240F N373V N470R,1.0000,inf,1,0
AACAAAGATTTCATAA,N90V I221N L344P,1.0000,inf,1,0
AACAAATAATAAAAAC,Q3N T48N K63G S199L,1.0000,inf,1,0
AACAACTAGGAATGCG,S163* H179F,1.0000,inf,1,0
AACAAGCGTCAAGGGT,F8D M19G N148D I221C A322C Q324H L479Y,1.0000,inf,1,0
AACAATGAAACAAAAA,L23N K33A N338T,1.0000,inf,1,0
AACAATGTCTCAAGAA,F7D F147E C364M,1.0000,inf,1,0
AACACACGGACAAAAA,K116R H179* P238T,1.0000,inf,1,0
AACACAGGATGGCTTT,S56* D175C,1.0000,inf,1,0
AACACGTCATATCATC,L50F I337T H457K G478S,1.0000,inf,1,0
AACAGACTTACTGACA,H230V K417E P464I,1.0000,inf,1,0
AACATACAATAGTTGC,V164L M414N,1.0000,inf,1,0
AACATACTTCCAAACC,M1Y,1.0000,inf,1,0
AACCAACTCTCCTAAC,N167S A176Y S234H,1.0000,inf,1,0
AACCACTGGATCCATC,G208V L259N,1.0000,inf,1,0
AACCAGTATGGCCACG,,1.0000,inf,1,0
AACCCAATATCAGTTA,S163T G198D C364I,1.0000,inf,1,0
AACCCCAGGCCTATAT,L29Y D229Y E287L,1.0000,inf,1,0
AACCCCATGGGCAGGT,S27R K63Q,1.0000,inf,1,0
AACCCCTCGGTCTAAA,T263Y E303L Y363K T376R,1.0000,inf,1,0
AACCCTAAGACCTGTG,N99K E104G C385S,1.0000,inf,1,0
AACCCTGTTTACTATC,L61S C279F P464S,1.0000,inf,1,0
AACCGAACCAACCCCC,G277N D347G,1.0000,inf,1,0
AACCGTTAACCGTTCA,F191G,1.0000,inf,1,0
AACCTATCTCCGGAAA,T48Y L220H Y393H,1.0000,inf,1,0
AACCTCGAAAGAACTC,D156E Q189S G473*,1.0000,inf,1,0
AACCTTAGCCCCCAAC,S269F C292L N390L,1.0000,inf,1,0
AACGAAAAGCCAACGT,L52A P383S,1.0000,inf,1,0
AACGAAGGAAACTACA,V5C F157C C180F,1.0000,inf,1,0
AACGACCTACCTAAAC,N167Q W196D A202L L242C K465S G484S,1.0000,inf,1,0
AACGACTCATCAAAGG,T59S T225L I254V L259Q,1.0000,inf,1,0
AACGCCGCCAAACGAA,R207L R235I,1.0000,inf,1,0
AACGGATACCTACATT,T87I L105W,1.0000,inf,1,0
AACGGTCCAAAACCCA,C57Y Y62R S199F,1.0000,inf,1,0
AACGTATCGAGCTGCG,I21Q E100R,1.0000,inf,1,0
AACGTCAATTGACTCT,K63C F140S Y200K T274R,1.0000,inf,1,0
AACGTTATGCAAAAAC,M80I N89E A132S S199* L442A,1.0000,inf,1,0
AACTAAAAGACAAGAA,M134S S205N N390S,1.0000,inf,1,0
AACTACCTAATTCTCC,I112C P383R G424Q,1.0000,inf,1,0
AACTAGCCAAATTCAT,K88P F147W,1.0000,inf,1,0
AACTCTTCATTATTAC,E228I,1.0000,inf,1,0
AACTGTCCTACTAGAA,L103G,1.0000,inf,1,0
AACTTCTTTATGTAAA,D156M P238Y D408R,1.0000,inf,1,0
AACTTTACCTTGACTG,I95* G208* Q232F K368Q T377S,1.0000,inf,1,0
AACTTTGATTCCAGTC,N365L,1.0000,inf,1,0
AAGAATTACGTTAATT,C57V Y172C M192A M332Y,1.0000,inf,1,0
AAGACCTATATTGATT,G98I D306S Q331V,1.0000,inf,1,0
AAGACGCAGATCACCT,C57Q L142D,1.0000,inf,1,0
AAGACGCATAGGAAAA,L168S H467F,1.0000,inf,1,0
AAGAGCTACATGTACA,S199* T296S Q348E,1.0000,inf,1,0
AAGAGCTGCGAGGTTA,T58Q T182A W227S,1.0000,inf,1,0
AAGAGGCAAGACGGAC,F49D N127E,1.0000,inf,1,0
AAGAGTAATAATATGA,Q3* S111G K291R,1.0000,inf,1,0
AAGATTTTCTAATCCC,E287R D432I,1.0000,inf,1,0
AAGCAAAATAATATAA,G198H L203* P486H,1.0000,inf,1,0
AAGCAAAATTATTCAG,L35R Q69D N119R,1.0000,inf,1,0
AAGCAAACAATGTGAA,R55H S56N,1.0000,inf,1,0
AAGCACACTGAAGGAT,R256S D311I K481S,1.0000,inf,1,0
AAGCAGTACCTGTATC,C86Y E100* S216N K320R,1.0000,inf,1,0
AAGCATAAGCCAGTAC,L51S K116R T274I,1.0000,inf,1,0
AAGCCCATATGCCGAG,A195N,1.0000,inf,1,0
AAGCCCGGACGTTAGA,A176S N185T C279T L449T,1.0000,inf,1,0
AAGCCCTCCTATAAAA,T40V M75K H179N S267H V388F L430M,1.0000,inf,1,0
AAGCCTAACGCATAAA,N20M T190L,1.0000,inf,1,0
AAGCGACCGAGAAGAA,G198R Y219G,1.0000,inf,1,0
AAGGCTTGGCATGCTG,R248* D317I S462P,1.0000,inf,1,0
AAGGGACCATGTCCGA,E16A W227M Q348P M472R,1.0000,inf,1,0
AAGTAAAAAACTAAAA,M75Q I222K,1.0000,inf,1,0
AAGTACAAAGTGTAAA,V47N L103* I112S M410W Y441N,1.0000,inf,1,0
AAGTACCTTAGGCTAT,N167H P236S,1.0000,inf,1,0
AAGTATCTGACTAAAA,Y66L H179I S199F,1.0000,inf,1,0
AAGTCAGTTACATGAT,Y480V K490M,1.0000,inf,1,0
AAGTGCGCTGGTTAAA,Y253N T261F K461*,1.0000,inf,1,0
AAGTGTATCTCTTTTT,F440L,1.0000,inf,1,0
AAGTTCATGGACTCAC,G391S,1.0000,inf,1,0
AAGTTTTAAACCAAAC,M80Q N89T N209H T274K,1.0000,inf,1,0
AATAAAAAATACGGAT,S138R F262S,1.0000,inf,1,0
AATAATGAACTGTATT,G2F T81W A343M,1.0000,inf,1,0
AATAATTTTATATCCT,G2R P238F S267F,1.0000,inf,1,0
AATACCAACCTCCGAC,P383I,1.0000,inf,1,0
AATACCGATGCAAAGA,N353M P427L,1.0000,inf,1,0
AATACCTGAAGATCTC,L430P,1.0000,inf,1,0
AATAGCGCCATATTGC,E17* G45S Q165M F191G F399W C475N,1.0000,inf,1,0
AATATCAATCTCGAAA,C41L N224F I403Q L479M,1.0000,inf,1,0
AATATCCGTCGGAGCA,G98H T375D,1.0000,inf,1,0
AATATTGAAATGTCAT,G34D,1.0000,inf,1,0
AATATTGCTTAGTTCC,L61* Q69K L78Q N89G C301I V450A S476*,1.0000,inf,1,0
AATCAAAAGTAGCGGA,S27L L32R Q149* A343Q Y366D,1.0000,inf,1,0
AATCCATTTCCAATAT,T190D,1.0000,inf,1,0
AATCCTCATGGTAAAC,T225I S255F Y366W K465S,1.0000,inf,1,0
AATCGCACAAGTAGAA,P145T Y219R Y363E K384Y,1.0000,inf,1,0
AATCTAAAATCAACAT,K352P G391W,1.0000,inf,1,0
AATCTAGACGCACATA,A173R C279F,1.0000,inf,1,0
AATCTCGTAGACACAG,S143M G208L Q335R T377A,1.0000,inf,1,0
AATCTTAAACCTCTCC,G206I L442W,1.0000,inf,1,0
AATCTTCGTAACCGGG,D268L I403V,1.0000,inf,1,0
AATCTTTAACAACTGT,G34N D175K K320R Q405D H467G,1.0000,inf,1,0
AATCTTTTGAACAATA,L26I T110* N178*,1.0000,inf,1,0
AATGCGGTACTCTATT,D317T G378R,1.0000,inf,1,0
AATGGCTTTTAACAGT,N158M Y200*,1.0000,inf,1,0
AATTAACTGGCATCGA,S91G W196K E270C Y366W Q406R I452L,1.0000,inf,1,0
AATTACTTTCATAAAC,A328C Y363P,1.0000,inf,1,0
AATTAGCGAAGTATAA,K161L M214L I254S T412P,1.0000,inf,1,0
AATTATAACGACCTGC,L103I T110P,1.0000,inf,1,0
AATTCATATTTTAAGC,S121P D311I,1.0000,inf,1,0
AATTCGAGAAGTCATG,K63L Y94I,1.0000,inf,1,0
AATTCGCCTGCAGGGT,T59G C86D S138L S444T,1.0000,inf,1,0
AATTCTCATAAAGGAA,Q3* E10S G64* N319A,1.0000,inf,1,0
AATTGATATATACTAG,G198N L244* N346H,1.0000,inf,1,0
AATTTCCCTTACTGAA,E67N M153H,1.0000,inf,1,0
AATTTTAACCAATTTT,Q3I L242F L245R,1.0000,inf,1,0
ACAAAACAACAGCCCA,G181E R257M G391D P464S,1.0000,inf,1,0
ACAAACTAGGTCTTTA,G240D,1.0000,inf,1,0
ACAAAGGGGGTGAATC,K88T E100P G160*,1.0000,inf,1,0
ACAAATAATGTTCCTC,C155V I162M A177G R379C,1.0000,inf,1,0
ACAAATCATCAGAAAC,I21K E104L R248Y I445M P486T,1.0000,inf,1,0
ACAACAAACCAATTCT,E17S N167*,1.0000,inf,1,0
ACAACACAATCAGGTC,Q232S N395*,1.0000,inf,1,0
ACAACGCAAGAACATC,L220N F233L E270* G294E D432Q S476E,1.0000,inf,1,0
ACAACTTAGCGCACCC,M19D,1.0000,inf,1,0
ACAAGCAATAACTAAC,K33* G160S,1.0000,inf,1,0
ACAAGGCGGTCTATCG,R491*,1.0000,inf,1,0
ACAAGTCAGGTCAGCA,V97L E270V N302K E404R,1.0000,inf,1,0
ACAATAACGTTAACTA,N342F,1.0000,inf,1,0
ACAATAAGTATCCGCA,L107T Q331P H471L,1.0000,inf,1,0
ACAATGGGGCAGCTCA,G2T D268P S462Y I474P,1.0000,inf,1,0
ACACAGCGCGAGTTCC,I4G A152S C292Y,1.0000,inf,1,0
ACACATCTGTAAATGA,S56*,1.0000,inf,1,0
ACACATGTAGCTGTAA,L50M C118T G174R,1.0000,inf,1,0
ACACCGGGTGAAATGT,F38K K481N P486S,1.0000,inf,1,0
ACACGAGGATACGCCC,W489Q,1.0000,inf,1,0
ACACTCCGAAGTTGTC,G2R C155T A177V,1.0000,inf,1,0
ACACTCTGTATAATGG,R250I T265S F316S,1.0000,inf,1,0
ACAGAAGTAGCTTGCA,T48H Y253E,1.0000,inf,1,0
ACAGAATACCGATATG,,1.0000,inf,1,0
ACAGACGAAATAGTAT,A297F,1.0000,inf,1,0
ACAGATAGGAAATCTG,N146C I213F L258S Y369H N390P H471L,1.0000,inf,1,0
ACAGATATAAAGGTGG,Y129M P275T L280N M284V F440L,1.0000,inf,1,0
ACAGATTATTTACCTC,E307K,1.0000,inf,1,0
ACAGCTCATATCACCG,,1.0000,inf,1,0
ACAGCTGATAAAAACT,A195L L220W W264S Y369I,1.0000,inf,1,0
ACAGTTAAGTCCTTAC,R422K,1.0000,inf,1,0
ACAGTTGAAGTATCTG,S143A Q335T G424L,1.0000,inf,1,0
ACATAAAAAACTTGCC,G54T K161V F293* N470A,1.0000,inf,1,0
ACATAATCAATATTAC,,1.0000,inf,1,0
ACATATGTAATCCAAA,I136H T274R N338Y Y363L E418T,1.0000,inf,1,0
ACATCCCATCTAAGGA,Q9W V164L R282S,1.0000,inf,1,0
ACATCTCAGCCAAAAA,T77N Y94Q T101P Y371C N395R F446K,1.0000,inf,1,0
ACATGAACTCGCTCAT,K33* F117L E151Q,1.0000,inf,1,0
ACATGCAACGTTAGGC,Q247N D273F Y278S K465N,1.0000,inf,1,0
ACATGCTTGACTACGA,M153L,1.0000,inf,1,0
ACATGGAATAGCGATG,,1.0000,inf,1,0
ACATTATACTGAAATC,C475R,1.0000,inf,1,0
ACATTATTGCCATTGG,C57V P466C,1.0000,inf,1,0
ACATTCACTATAAACC,N74H T190N L336*,1.0000,inf,1,0
ACATTTTCCCTCCAAC,W196C F316A T375S,1.0000,inf,1,0
ACCAAACAATAACAAA,F8L C53E C475D,1.0000,inf,1,0
ACCACGTGGTTTTAGG,P236K,1.0000,inf,1,0
ACCACTATCCTACTAA,K465L,1.0000,inf,1,0
ACCCACAGGGCCTGAA,G54Y K352*,1.0000,inf,1,0
ACCCGATAACACAGAC,S56M K63T W196L E413T N470V,1.0000,inf,1,0
ACCCGCCAGAAGAATA,C292W,1.0000,inf,1,0
ACCGAACACCAGAATA,T249* D273T,1.0000,inf,1,0
ACCGACGCCTAGCTGG,C41* R207Q P238N S333F,1.0000,inf,1,0
ACCGATAATTATAATT,Q3M,1.0000,inf,1,0
ACCGATTTAACGGGGG,L43N M82V L313R,1.0000,inf,1,0
ACCGCACCATACACCC,G98C H115V M153* I474R,1.0000,inf,1,0
ACCGGAATCCGACTGT,Q416K L469S,1.0000,inf,1,0
ACCGTAACGTGCAACG,I4T L428R,1.0000,inf,1,0
ACCGTAATAGATCCTC,L73H D156S K161N L336P,1.0000,inf,1,0
ACCTAAACAACAGTTA,K33Y I144V I201N,1.0000,inf,1,0
ACCTACGGTCAAAGTT,K88V H93T R256Y,1.0000,inf,1,0
ACCTATATGGAAACAA,Y366G,1.0000,inf,1,0
ACCTTTGAACAGGATA,I112S F117T A202F,1.0000,inf,1,0
ACGAAAAAAACGAAAT,,1.0000,inf,1,0
ACGAAAAACTGATAAA,A173L H448A,1.0000,inf,1,0
ACGAACCAACGTTGGT,L46T S269M C385T L428S,1.0000,inf,1,0
ACGACATAACAATCCG,L26S S135C L245A D251M A299S H467P,1.0000,inf,1,0
ACGAGGAAAATAATAA,L442Y,1.0000,inf,1,0
ACGAGTCCAGTACTAG,T70K E421P,1.0000,inf,1,0
ACGATATAAAATAGGG,E404G K417S,1.0000,inf,1,0
ACGCAAGACGTATCTT,D311V,1.0000,inf,1,0
ACGCACTCTTCCCCTA,V47L R193* G197L R248H P466L,1.0000,inf,1,0
ACGCAGATTTAACATG,G54* S234F M414K D432K,1.0000,inf,1,0
ACGCTACACTACGTTG,E100F N127K R314G,1.0000,inf,1,0
ACGCTACGAAATTGCA,Q3S G102D T108G G186F,1.0000,inf,1,0
ACGGACAATGGCAGGT,C155S,1.0000,inf,1,0
ACGGAGCGCGCCGGCA,G186M A195M,1.0000,inf,1,0
ACGGAGTCCCTCAACA,T6R P12Q F140V K161L,1.0000,inf,1,0
ACGGTTGTCGTTTTGT,F8L T40Y L259Q M332A,1.0000,inf,1,0
ACGTACATAGTGCGAT,V47S T58I,1.0000,inf,1,0
ACGTCGAGATTCAATA,P12M L35I N127C D130E G181M G198R S389H S392R F440*,1.0000,inf,1,0
ACGTTGACCCCAGGGT,T375S,1.0000,inf,1,0
ACTAAACTTGAGCTTA,Q149P G260R E303L N365S,1.0000,inf,1,0
ACTAACGTAACTCCAA,H124D T249E,1.0000,inf,1,0
ACTAAGACGCTAATAG,Q165L,1.0000,inf,1,0
ACTACCTTACACCCAT,F8N C212S S267F E308H,1.0000,inf,1,0
ACTACTAGACTAAAGA,K33C,1.0000,inf,1,0
ACTAGAGGGTTGTTAA,C53M I112L A173I R257T M312K N346I S476Q,1.0000,inf,1,0
ACTAGATGTAATGGGA,C310N,1.0000,inf,1,0
ACTAGCTTCGCCTAAG,N209H R456E C475G,1.0000,inf,1,0
ACTAGGAAGAAACAGA,T59S S121G N167T R314S,1.0000,inf,1,0
ACTATTAATTGAGGTG,F318I,1.0000,inf,1,0
ACTGAATGCATGCCGA,K291P C364Y L433G S476F,1.0000,inf,1,0
ACTGATACCTGTATCA,M82L M414G,1.0000,inf,1,0
ACTGCGATGTTAGCCC,N148G N353I,1.0000,inf,1,0
ACTGCTGTGCAGCTTC,A299I V431A,1.0000,inf,1,0
ACTGGACAAAACTGTC,G34E L78S G277P,1.0000,inf,1,0
ACTGGTTCAAAAGGTA,V28W T48R N127V S138G F440M W489S,1.0000,inf,1,0
ACTTAAAGTAATGATC,V31S L355S,1.0000,inf,1,0
ACTTAGCGAGTATCGA,W196Q,1.0000,inf,1,0
ACTTATAGCCTAGAAC,Y150*,1.0000,inf,1,0
ACTTCCAATCTAGACT,S269L L285P,1.0000,inf,1,0
ACTTCGAAAACAAAAG,Q405S,1.0000,inf,1,0
ACTTCGAACACACTGG,V65D S143V D268I K352I N470R,1.0000,inf,1,0
ACTTCTCTAGAGCAAG,G378M S400F,1.0000,inf,1,0
ACTTCTGACTGACCAT,E72Q W386L,1.0000,inf,1,0
ACTTGCCCCACTTTGA,S85C C118Q S163Y A328M,1.0000,inf,1,0
ACTTGTCCCCTAACTA,L46T N99L F147V,1.0000,inf,1,0
AGAAAAAAATAAAGTG,,1.0000,inf,1,0
AGAAAAAGTATCTTAC,A173V P362S H455W,1.0000,inf,1,0
AGAAATCACCTGATGA,T81* W196M Y253D E289T A328N R422K,1.0000,inf,1,0
AGAAATGGTAACGAAA,E16F,1.0000,inf,1,0
AGAACGGCTTACACTA,I24H P383N L430Y,1.0000,inf,1,0
AGAAGAATAGGTAGAG,M312L H457I,1.0000,inf,1,0
AGAATAAGTCAAATCC,E76Q F157W T190I F318L N373F,1.0000,inf,1,0
AGAATACCGTGCAGAC,D306G,1.0000,inf,1,0
AGAATATACTTATCAA,E104K A202R N342M H471I,1.0000,inf,1,0
AGACACCCGAAAGGCA,F7M Q69K N99Y,1.0000,inf,1,0
AGACATCTGCAGTCTC,V47S V187Y,1.0000,inf,1,0
AGACCACATGAATCAT,V44W D311H P427L,1.0000,inf,1,0
AGACCGCTCATACAAC,F49L E104* Y129G G240E T274N L394R,1.0000,inf,1,0
AGACCTAGACAGTCAA,N209T L449M P464Q,1.0000,inf,1,0
AGACGAAACGTACTTT,Y241D C385Y,1.0000,inf,1,0
AGACGTAGGAAGCAGC,Q324R W489*,1.0000,inf,1,0
AGACTAACCAACCTTA,,1.0000,inf,1,0
AGAGAAGTCAGGTAAA,M1A A202L V459L,1.0000,inf,1,0
AGAGACACAACAAGTA,N20P M312I,1.0000,inf,1,0
AGAGCGCCATCTAAAG,N109S H131M C155D T375P,1.0000,inf,1,0
AGAGTTCTATATAGTT,R55S W227E,1.0000,inf,1,0
AGAGTTTATAAAAAAA,L50M L447S,1.0000,inf,1,0
AGAGTTTGCAAACGCA,E396V N409P,1.0000,inf,1,0
AGATAATCGCACATCC,L61M Y441T,1.0000,inf,1,0
AGATACATATTAAGTA,S199* W370R,1.0000,inf,1,0
AGATAGCACAACGTAT,G102V N127T E151* F262A,1.0000,inf,1,0
AGATAGGAAATTTTAA,A173F P236D L442I I452*,1.0000,inf,1,0
AGATATCTCTATAGAA,A25* T101M I403P,1.0000,inf,1,0
AGATCTAACTAGAAAA,E72S C231S T249P L349M,1.0000,inf,1,0
AGATGTTACTTTTTCA,G2F N74L,1.0000,inf,1,0
AGATTACTCATCGTGC,L35G N158I L394T F440W V450S,1.0000,inf,1,0
AGATTCTTAGATGGAA,S121L G174S,1.0000,inf,1,0
AGCAAAGCTACCGTTT,G198V Y217V E287R L430N,1.0000,inf,1,0
AGCAAAGTCAATTTAT,H13S M472N P483N K488F,1.0000,inf,1,0
AGCAACATAGCCACAG,P236T N338* K384S L442C,1.0000,inf,1,0
AGCACCCCAACCGGCG,G42T D204N I337A,1.0000,inf,1,0
AGCATGATCTATACTA,R257A,1.0000,inf,1,0
AGCCCCGTATAATATA,S216* Y253C V435K,1.0000,inf,1,0
AGCCTGAATATACCTC,Y253S,1.0000,inf,1,0
AGCGTACCGTACCACG,M134S G240M D306N E329S,1.0000,inf,1,0
AGCGTTTTTTCCCAAT,N37* Y94V Y129L,1.0000,inf,1,0
AGCTATAGCCAATACG,H92M,1.0000,inf,1,0
AGGAACCCCCATTTCT,E16W R314A M359L C385T,1.0000,inf,1,0
AGGAAGTGCATTAGGA,I252N H305M D401L C475Y P486S,1.0000,inf,1,0
AGGAATAACATACCGG,M1* E10I A39Q,1.0000,inf,1,0
AGGAATCCACTTTATT,V47S D211G,1.0000,inf,1,0
AGGACACAATAAGTCC,V14Q L26R C53M S163C,1.0000,inf,1,0
AGGAGACCGGACTAAT,N99K L259I C292Y D432K H448Q,1.0000,inf,1,0
AGGAGCGCACCACACC,L61N N127M S381V,1.0000,inf,1,0
AGGCAGACTTGCCATA,N346R L469V,1.0000,inf,1,0
AGGCCTACTCCACCGG,Y217G,1.0000,inf,1,0
AGGGAAGTAACAGCAT,R256N F440*,1.0000,inf,1,0
AGGGCAGGACCTTTAA,I4T N224S D402I,1.0000,inf,1,0
AGGTACAATCTTCTTA,G42S V431* G478V,1.0000,inf,1,0
AGGTATGAATATATGA,Y278L Y480W,1.0000,inf,1,0
AGGTTTAGTGAGTACA,Q247K K291S,1.0000,inf,1,0
AGTAACGCAGCATTTA,L78G T182* C231Y A328S,1.0000,inf,1,0
AGTAACTTATTAAGGA,E270S E287K,1.0000,inf,1,0
AGTACAACTATGATTT,V44K M80V N390* L479F,1.0000,inf,1,0
AGTAGAAAAAAAGTTT,P466G,1.0000,inf,1,0
AGTAGCATGTAGTTCA,E151S K291S,1.0000,inf,1,0
AGTAGTGAGCTTCAAA,T40F S111L E307M,1.0000,inf,1,0
AGTATAACCAGTGATT,,1.0000,inf,1,0
AGTATATCAAATTGTG,G186* T215K R248T G424C,1.0000,inf,1,0
AGTATATTCCAAAGAT,A132R W264A G276A K417P,1.0000,inf,1,0
AGTATCACTCGCAGAT,H115S F157L H230V F262I L315H W489S,1.0000,inf,1,0
AGTATCATCACGAATA,C231G P486L,1.0000,inf,1,0
AGTCAAGTGCATACGG,L336E N390V,1.0000,inf,1,0
AGTCACTAGTAGAGGA,Q247* D251A L430V,1.0000,inf,1,0
AGTCCATTCCAAGGAA,I4D Y129I,1.0000,inf,1,0
AGTGAGCCACAACGAC,S234T E404A F434A,1.0000,inf,1,0
AGTGGATATTTGTCGA,G2V T376W V487L,1.0000,inf,1,0
AGTGGTATTACGAGAT,I254G G276E K300*,1.0000,inf,1,0
AGTTAAAATTAACAAC,I21R,1.0000,inf,1,0
AGTTAGATCGAGGGCT,N158S T182Y S444N,1.0000,inf,1,0
AGTTCTAAAATTTAAA,C57K S246M D273S C364L R379A,1.0000,inf,1,0
AGTTCTAGCTTAATGC,L84A T225*,1.0000,inf,1,0
AGTTGAGGTAGCGAGA,V47H G378V,1.0000,inf,1,0
AGTTTATATAAACAAT,E16F E72R G98Y L203W,1.0000,inf,1,0
AGTTTGAAAAAAAGAT,A202C C310*,1.0000,inf,1,0
ATAAAAAGGTCATATG,A299S L336K,1.0000,inf,1,0
ATAAAAGAATAAAATC,D156L A202F S389*,1.0000,inf,1,0
ATAAAAGAGTTGCACA,T412P,1.0000,inf,1,0
ATAAACCAAGTCCTAT,F49V N89Y A132T D251F,1.0000,inf,1,0
ATAAAGACACAAAATT,C212L M359I V450K,1.0000,inf,1,0
ATAAAGAGTACCTACC,G45S S135H A195Q D306A I452R,1.0000,inf,1,0
ATAAATATTATCCCCG,F157* C364S,1.0000,inf,1,0
ATAAATCATCTTTTGA,N127E F147L N178S D347Y,1.0000,inf,1,0
ATAAATGATATGATAT,N148F G186V V341Q R456W,1.0000,inf,1,0
ATAAATTTAAATATGG,L61W T225Y Y253*,1.0000,inf,1,0
ATAACATAATAAAGTT,E17Q H179P F440V,1.0000,inf,1,0
ATAACCACATACCTCT,I15Y,1.0000,inf,1,0
ATAACTTGGTAAGACA,L73S E418Q P453G C475I,1.0000,inf,1,0
ATAACTTGGTATAGAC,F147T L315C,1.0000,inf,1,0
ATAAGAATTGTCTGGC,,1.0000,inf,1,0
ATAAGGGAGCTCTGGA,C41S R55I V388E,1.0000,inf,1,0
ATAAGTAATGCACAAC,,1.0000,inf,1,0
ATAATAACCACTCCAA,Q232L N390F V450L I458S H467T,1.0000,inf,1,0
ATAATAAGATGTTATA,G2I C155L L428I,1.0000,inf,1,0
ATAATACCATCAACAA,V97M T101D Q165K V341C,1.0000,inf,1,0
ATACAAGGTTTCAATT,G45A V164* D273V L315K,1.0000,inf,1,0
ATACAATGACTGATGT,A176* L382V T412C,1.0000,inf,1,0
ATACACATGTCATTAG,C86M A184T D229G,1.0000,inf,1,0
ATACATTGCTTATAAG,V187Y C212L I337W G360Y,1.0000,inf,1,0
ATACCATTGCCCCAGG,T225Q R422G I452F,1.0000,inf,1,0
ATACCCTCCTAATGTA,K161E A173L A202R A297F I334S,1.0000,inf,1,0
ATACGAAGTCATATGT,I21A S111N E308K F436*,1.0000,inf,1,0
ATACGATCCCCAAACA,F7T A340I Y363R P427E,1.0000,inf,1,0
ATACGTCCAGGACACT,K63S,1.0000,inf,1,0
ATACTAACAAGAAATT,G206C C475V,1.0000,inf,1,0
ATACTAGTACAAGATC,L479T,1.0000,inf,1,0
ATAGAAGACCAAAAAA,K63T M96* T110G,1.0000,inf,1,0
ATAGCCGATTGCGCGC,M153P G181D I221C Q321L S389T,1.0000,inf,1,0
ATAGGACCAGTATAAA,T58A N99M L107H Q247R D311A Y480Q,1.0000,inf,1,0
ATAGTATTAGCAACAC,M75K K272M,1.0000,inf,1,0
ATAGTCCTGGACGATT,M192I,1.0000,inf,1,0
ATAGTTCATACTTCAA,F446I,1.0000,inf,1,0
ATATAAACGAGGGGGT,L142Y N390P,1.0000,inf,1,0
ATATACCATTAAAATT,N74W I201* R207M I221S L290H G391S,1.0000,inf,1,0
ATATACCGGGAATTCT,C475R,1.0000,inf,1,0
ATATCGAAGAATTTTG,A30I M75S Y278G A330P Y419*,1.0000,inf,1,0
ATATCGTAGTTAGTAT,S60K,1.0000,inf,1,0
ATATCTATAACCCCTT,M75S I95S C212L,1.0000,inf,1,0
ATATGAATCACATCTT,L120E E307K,1.0000,inf,1,0
ATATGCCTGACTTTCA,T59F L84H D347S C463Y,1.0000,inf,1,0
ATATTCAAAAGAATCT,V18E I162Y L259V S400N,1.0000,inf,1,0
ATCAACGACGACGGAA,T40L T48N L430K,1.0000,inf,1,0
ATCAGAAGTACGAATG,I334N,1.0000,inf,1,0
ATCATAAGAGCATAAA,N89D H230L S333L N365G,1.0000,inf,1,0
ATCATATTACTCACGT,E72W L349V,1.0000,inf,1,0
ATCATATTATGTGGAC,N74D I112N G160D L245Q,1.0000,inf,1,0
ATCATCTTCTTCTTAA,V5W C57V C155Y E303K K368T H398T,1.0000,inf,1,0
ATCCAAGTAGATAATA,Y166A,1.0000,inf,1,0
ATCCAATACTATGAAC,L344R E404A,1.0000,inf,1,0
ATCCACGTTAACTAAA,M194L C463*,1.0000,inf,1,0
ATCCGCAAATAACCAG,C155M,1.0000,inf,1,0
ATCCGCTCCGTTAAAA,V5T E67L M75L C155Y E228K,1.0000,inf,1,0
ATCCTATACTAGTTTT,L84P L203P L242W,1.0000,inf,1,0
ATCCTGATCAAGTAAG,N99Y T110I I136R L168P P238Y T397P N470R,1.0000,inf,1,0
ATCGACAAGTACCACA,G102N I144R A328W,1.0000,inf,1,0
ATCGAGCACTATTGAG,L43W I144R N395F K461W,1.0000,inf,1,0
ATCGCAAACTACAAAT,L280S,1.0000,inf,1,0
ATCGCGACTCAAACCA,Y129R A202F,1.0000,inf,1,0
ATCGTTAGGCGGACGA,E67S L133P W210E T274K C279I S392C,1.0000,inf,1,0
ATCGTTTCCACATTAG,C463T,1.0000,inf,1,0
ATCTAGCACTGATAGA,M1Q V459C,1.0000,inf,1,0
ATCTCAGTTCCCCGGG,L46G P236H,1.0000,inf,1,0
ATCTGGAACGGCATAT,F318I,1.0000,inf,1,0
ATCTGGAATGTGGACA,R468W,1.0000,inf,1,0
ATCTGGACCTAAAATA,N209D S246L C463T,1.0000,inf,1,0
ATGAAGTAGGAACATC,L103I S121V D156S H179A S381W,1.0000,inf,1,0
ATGAAGTCCTAAATAC,N79F L128D D175C V183E Y278H L387E L415W,1.0000,inf,1,0
ATGAAGTGCGATTGAG,F7G F147S H471*,1.0000,inf,1,0
ATGAATAAAAACTCGG,L336T D357E L387M E418T,1.0000,inf,1,0
ATGACCGAGTGATTAC,M1E T281Q E404V,1.0000,inf,1,0
ATGACGAAATAAATAC,I337Q T375F,1.0000,inf,1,0
ATGACGGAGTATAAGT,T139* N295R R491L,1.0000,inf,1,0
ATGAGAATAATAAGCA,C310G,1.0000,inf,1,0
ATGAGACGAAAGCAAG,L52R,1.0000,inf,1,0
ATGAGATGCCCTCGGA,M194L V431S,1.0000,inf,1,0
ATGATTCCAAGCATAT,A132R P464A,1.0000,inf,1,0
ATGATTTAGACTGATA,L133F I221D,1.0000,inf,1,0
ATGCAGACTTAGCTAA,K125N I221L V298C L387Y L394H,1.0000,inf,1,0
ATGCGCCGACATAGAA,G2V,1.0000,inf,1,0
ATGCGTATGTCATATG,C41W A328F K465R,1.0000,inf,1,0
ATGCTGACTAATGATA,C86G G271F A328P V435K,1.0000,inf,1,0
ATGGCCCAATAGAACC,E10S G197S P464L,1.0000,inf,1,0
ATGGGACGTAGCATTG,V31I D401G F446L,1.0000,inf,1,0
ATGTAACCATGAATCC,S389L C475K,1.0000,inf,1,0
ATGTCAAGGACGTGGG,S27R E308W,1.0000,inf,1,0
ATGTCACAATCCTTTA,G174H N209R A328P,1.0000,inf,1,0
ATGTCGCAATGCCCGA,G186W T263F,1.0000,inf,1,0
ATGTCTGCCTACACGC,L245M L382T M410Y,1.0000,inf,1,0
ATGTTATGGTGTCGGA,G2* T215L,1.0000,inf,1,0
ATTAAAACTACCTTTC,P383K,1.0000,inf,1,0
ATTAAATATCATAAAT,D306N P466Q,1.0000,inf,1,0
ATTAACCACATAATAA,I21R C41Y I334R P383F V431I,1.0000,inf,1,0
ATTAACCGTATAAACG,R256H G478*,1.0000,inf,1,0
ATTACATCACGGTTAT,M80Q K116R A176T D251Y I403M H467T,1.0000,inf,1,0
ATTACCACTTGAAGTA,K88I K272H Q321L K488*,1.0000,inf,1,0
ATTACTCACGTTTTGG,L78T Y129C F140R S163H I445R,1.0000,inf,1,0
ATTACTTCAATTACAA,,1.0000,inf,1,0
ATTATAAAACGTCTGG,N148R L280*,1.0000,inf,1,0
ATTATATCTCACTAAG,K88C G276V N409E,1.0000,inf,1,0
ATTCAAAGCAAAGCTG,E228V,1.0000,inf,1,0
ATTCAAGATATAACCT,L46N P145M D401N K490I,1.0000,inf,1,0
ATTCAATATTCAACTT,T101N I221P,1.0000,inf,1,0
ATTCAATTTATAAAGG,H179* C212D W283G L336I L447A P453D,1.0000,inf,1,0
ATTCATTTAAAATTAT,N89I,1.0000,inf,1,0
ATTCTACAGCGTAGTG,Q348* L349H,1.0000,inf,1,0
ATTCTCGCAAGGAAGT,E104P H131S I201R I445D,1.0000,inf,1,0
ATTGTAAAAAAGCCTA,T380G,1.0000,inf,1,0
ATTGTCCACTTGGATA,G276T,1.0000,inf,1,0
ATTGTGCTAGACCAAC,I15K,1.0000,inf,1,0
ATTTAAACAATCCAAG,N79M T190L G391L,1.0000,inf,1,0
ATTTGTCGAACACAAA,G160S L259R M414*,1.0000,inf,1,0
ATTTTATAAGCAAAAA,M1* E404R,1.0000,inf,1,0
ATTTTGCTACCAGTCC,L245I,1.0000,inf,1,0
CAAAAAATGAAAAGTA,M19R T261V D306N,1.0000,inf,1,0
CAAAAATGTGGCTAAG,P83F V164L N338S,1.0000,inf,1,0
CAAAACTTCGATAGAA,K465Y V487P,1.0000,inf,1,0
CAAAAGAACTTCGACA,N90* D204I,1.0000,inf,1,0
CAAAAGATCTATTGCT,E17A D156T A173L I254K,1.0000,inf,1,0
CAAAAGTTCGCGAATA,V47S E100I,1.0000,inf,1,0
CAAAATAATACCGTAA,L107* D317G,1.0000,inf,1,0
CAAAATACCCGACCTT,G34K C155M S205L,1.0000,inf,1,0
CAAAATACTACAGCTA,Y253W C385S,1.0000,inf,1,0
CAAAATTGAGTTAATC,D347H C475V,1.0000,inf,1,0
CAAACAAGAAATTAAA,T40D,1.0000,inf,1,0
CAAACCACGACACGCA,T438K,1.0000,inf,1,0
CAAACGCAACATCCGC,C57S Q69W F140L Y166F Y172W T426M,1.0000,inf,1,0
CAAAGGAAATCCTTTT,E104R G208S,1.0000,inf,1,0
CAAAGTCCAAGCAGAT,E10F V187A E228Y,1.0000,inf,1,0
CAAAGTTATGCAACAG,S85N D130A D311E S462I,1.0000,inf,1,0
CAAATCAGCCACCTCA,E151V S267L G391K I458T,1.0000,inf,1,0
CAACAACTTAACCCGT,C212R V485S,1.0000,inf,1,0
CAACACGGACCTTTTC,K272E D311F,1.0000,inf,1,0
CAACAGTTAACTAAGT,C86S,1.0000,inf,1,0
CAACCATGACATACCA,V18K E104V H170T A177S N185* G240I,1.0000,inf,1,0
CAACGAAATGGGTTCC,S121L E287F P466G,1.0000,inf,1,0
CAACGAAGAAATAAAG,M410W,1.0000,inf,1,0
CAACTAAAAAACTTGA,L61H F140H,1.0000,inf,1,0
CAACTCCTGCTTAAAT,N90Y H131D S199T T377P,1.0000,inf,1,0
CAACTTTGATTACAAA,E104N,1.0000,inf,1,0
CAAGAATCAACTGGAA,L35R S143C R207H S216M Q331A C477N,1.0000,inf,1,0
CAAGCGAATATAGGTC,L103E S199K S269L,1.0000,inf,1,0
CAAGTACCCTTATACT,C180M G198F N295P,1.0000,inf,1,0
CAATCAAATCTAAACA,N409*,1.0000,inf,1,0
CAATCAATCATAACCA,E10G V22N G98N,1.0000,inf,1,0
CAATCACTCTCAGAAC,A25N T274I G478N,1.0000,inf,1,0
CAATTGATCGTCAATT,F309I R356L S444*,1.0000,inf,1,0
CACAACCTGGCTACAC,H93S C310T,1.0000,inf,1,0
CACAAGAACCAAATGA,N127L C364Y,1.0000,inf,1,0
CACACATCTTGCTGAA,C53W N109Y,1.0000,inf,1,0
CACACGAGAGATAAAG,L103F D130- H131- A132- L133- W196T G360S Y393H Y419R N470L,1.0000,inf,1,0
CACACTACCGCATACA,Y36H Q321D,1.0000,inf,1,0
CACAGGATACTCAACA,E17V I252S Y278L Y441L K465I,1.0000,inf,1,0
CACATAGAAATATCTC,L43V H179V M420G V431Y,1.0000,inf,1,0
CACATGATCACCCACA,A173V P383L,1.0000,inf,1,0
CACCACACAGCCTACC,H93S E287P P453*,1.0000,inf,1,0
CACGAAGTGTAGCTGT,L51Q K88G K125R N146* K161Q I361F,1.0000,inf,1,0
CACGCTACTAGAAGGA,S27Q Y200S H467L,1.0000,inf,1,0
CACGGAAACGCATCTT,G102* S267K N302K M351I V435P,1.0000,inf,1,0
CACGGTATATTGTCTC,P453S M472L,1.0000,inf,1,0
CACTACCGTTGATAAA,I24D I95V L259T P464W,1.0000,inf,1,0
CACTCCCGCAAATCCA,T48N S111L Y278L N470M,1.0000,inf,1,0
CACTGCTCATTATTTG,M80L S216L M312W K488*,1.0000,inf,1,0
CAGACCATAGAGGTAA,S121V T377D V431L,1.0000,inf,1,0
CAGACCGTAAATGTTC,V47I P383D,1.0000,inf,1,0
CAGAGCAAGCATCGTG,L50K,1.0000,inf,1,0
CAGATAGCTAAATCTT,V187G K304R,1.0000,inf,1,0
CAGATTAAAAAGTAAC,Y36C S135F C212P C364R Y419W L449F,1.0000,inf,1,0
CAGATTGTTTTAATGA,H457S,1.0000,inf,1,0
CAGCCCAGAAAACAAC,M1G G197W D317T W386T,1.0000,inf,1,0
CAGCCGTCGATAAATC,G34Y P238L P427G V459L,1.0000,inf,1,0
CAGCGTAATTTCATAT,S135N I162M W283K G360K,1.0000,inf,1,0
CAGGCTTGATAAGTGG,G64* N373P,1.0000,inf,1,0
CAGTAAAATAAACGAG,T108W E289M,1.0000,inf,1,0
CAGTATTTATTCGAAC,S381L S392C,1.0000,inf,1,0
CATAAAAGAATAAATA,N79T K125F L259K K481V,1.0000,inf,1,0
CATAAACGATTTCACC,A340L W489L,1.0000,inf,1,0
CATACTAAGGTCATAG,Q218F S389A,1.0000,inf,1,0
CATAGAATCTATAATA,T225S K352Q,1.0000,inf,1,0
CATAGACACCTAAAAC,M312C G424R,1.0000,inf,1,0
CATAGCCACGCTTATT,T190C W196G S269V S400M,1.0000,inf,1,0
CATAGCGTCGAACACA,N295V Y480E R491K,1.0000,inf,1,0
CATAGGCGAGGCACGC,T101N G102D W196P L326R,1.0000,inf,1,0
CATATAAAGCTGACCC,D347S,1.0000,inf,1,0
CATATGCAGATTGTGG,C86V F147R T376L,1.0000,inf,1,0
CATCCTGGAAAAACTA,Y166E I213*,1.0000,inf,1,0
CATGAGAGAATATAAA,,1.0000,inf,1,0
CATGCCGCATAATTCC,T40N Y66K S163D F309Y F436S C475M,1.0000,inf,1,0
CATTACTTGAACGTAG,A39Y G360V M410I E421* K425N K451N Q482R *492L,1.0000,inf,1,0
CATTCAAAACCTATAG,L32S E100I Y219L E270T Q348L,1.0000,inf,1,0
CATTTGAGATATTAGA,S205C R282P E396C,1.0000,inf,1,0
CCAAAATAACGTTGCA,L105S N114A V164S,1.0000,inf,1,0
CCAAATTAAGAAATAT,E10C C118L K125V Y129R T190H,1.0000,inf,1,0
CCAACAGGCTTTATAT,V5M L51V E72W T87D E104M A407P,1.0000,inf,1,0
CCAATTCGTCAGAACT,C86Y M214W E270S N302I T377P D401H,1.0000,inf,1,0
CCACATATTCGGGTAT,A39F C118Y D175E D251N C279L,1.0000,inf,1,0
CCACATCCGGCTATCA,,1.0000,inf,1,0
CCACCCATGTCCTACG,M134* S462T,1.0000,inf,1,0
CCACCGAAAATAGCCC,W227V L336P,1.0000,inf,1,0
CCACCGTAAACGACTA,K161V L355H,1.0000,inf,1,0
CCACGTCGTGATGCTT,T6I L105P,1.0000,inf,1,0
CCAGAAAAGGGTCGGG,G42L K161V Y217R H305I,1.0000,inf,1,0
CCAGCTCCTTTACTTT,S246N T274R K291M K461L,1.0000,inf,1,0
CCAGGAGTTACTAACT,G64W W196K S269T R422W,1.0000,inf,1,0
CCATAACAATCTGGCA,C118Y S163R H457M,1.0000,inf,1,0
CCATACAGAACGATGT,F157R G240S,1.0000,inf,1,0
CCATACCCAGAAGTAC,P83S L128Y G206C S216Q,1.0000,inf,1,0
CCATCAAACACAGTGA,T87P A152K G174F L442Y,1.0000,inf,1,0
CCCAGCGACATTGGAA,V11M,1.0000,inf,1,0
CCCAGTGAGACATACA,V11E L168R S333Y,1.0000,inf,1,0
CCCCATCGCGTTCGTA,L26* E308R S389V,1.0000,inf,1,0
CCCCTGACGAAAAGCA,M1R D306R V388S E396A M414A,1.0000,inf,1,0
CCCCTGGATCGGCCTA,R468G,1.0000,inf,1,0
CCCGAAATTTCCAGTC,P145L C477Q G484A,1.0000,inf,1,0
CCCGGATATGTGGTCC,T108N S111R L220M L442R,1.0000,inf,1,0
CCCGGCATATTACGAA,L107A I222T K300L,1.0000,inf,1,0
CCCGGGATCTCAGAAA,N158P L220I T296V H467Q,1.0000,inf,1,0
CCCGGGGGGTTCTGCA,F8G A132T D156F S476D,1.0000,inf,1,0
CCCTAAACATGTGACC,V11Q E100M R282L H398L T454P,1.0000,inf,1,0
CCCTAACCCCGTTTCT,N158S R248L L449E,1.0000,inf,1,0
CCCTACTACCAATGCG,Y66A,1.0000,inf,1,0
CCCTAGACAGCGTATG,K161L S199L I254K,1.0000,inf,1,0
CCCTATAATCATAGGC,C477T,1.0000,inf,1,0
CCCTCTTAAAACCACG,E72V A173T Y200W D273F,1.0000,inf,1,0
CCCTGAAAGTACGGAT,G34T A184P,1.0000,inf,1,0
CCCTTGTCAATAGTTA,N109A L447R Q482L,1.0000,inf,1,0
CCCTTTTCCAGGACCT,G160Y L387W,1.0000,inf,1,0
CCGAACTGCGTTCAAA,A340G I345Q N409I,1.0000,inf,1,0
CCGAGACGAGTAAAAC,V28S Y217I,1.0000,inf,1,0
CCGCATTGAAACATAC,C364G,1.0000,inf,1,0
CCGCCACGCTAATCAA,L168R M351R,1.0000,inf,1,0
CCGCCGGGACCCCCAC,M1Q T59F D401N N470L,1.0000,inf,1,0
CCGCGGTAGAAGGTAG,Q165P D268* C301L V341M V485Q,1.0000,inf,1,0
CCGCTCCAAAATAGCA,E104S,1.0000,inf,1,0
CCGGATTGGAGCGATA,F117S M134H N224Q P238F,1.0000,inf,1,0
CCGGGCAAATAACTCG,E10S C231I T263W D311Y S333G I337S,1.0000,inf,1,0
CCGGTCAAATGAAGCC,K33* T274F,1.0000,inf,1,0
CCGGTCCAAAACTAAT,Q9E Y371T D408S,1.0000,inf,1,0
CCGTACATTAATAAAC,C53N C364W F440L,1.0000,inf,1,0
CCGTATGAAAACAAGT,M19* S389V C475L,1.0000,inf,1,0
CCTACAGTGAATTAAT,F8G S143E N178V T281L A297T,1.0000,inf,1,0
CCTAGCGCCAGTGGGC,I113K L344R,1.0000,inf,1,0
CCTATCACACGAGCGC,G2R L203T,1.0000,inf,1,0
CCTCACACGCTGCAAT,M19F,1.0000,inf,1,0
CCTCCAAATATTCACG,Y150V Q405P F436C K451G,1.0000,inf,1,0
CCTCCCCACAGAGCAA,E76S I254N S381C L394E,1.0000,inf,1,0
CCTGACAAGGTGATAA,E72L C155S P362E G378C I458T,1.0000,inf,1,0
CCTGAGAACCGACTTA,F157G G206T T225N I254L Y278I,1.0000,inf,1,0
CCTGTAGGATGTTCAG,D130I G174S M332F,1.0000,inf,1,0
CCTTACACACAACGTA,G206D G276R C301Y,1.0000,inf,1,0
CCTTCCTACGTGGCAG,A202C H305P,1.0000,inf,1,0
CCTTGTATTAACCCAG,I4V L46W,1.0000,inf,1,0
CCTTTTATAGCTCCTG,F446C,1.0000,inf,1,0
CGAAAATCATTGGGGG,E151S G271I,1.0000,inf,1,0
CGAAACTGCAATAAGA,N74I F157T P427M,1.0000,inf,1,0
CGAAATTATTCAAACA,M1T W227C,1.0000,inf,1,0
CGAACACGAAAGGCCA,L50E D156Y G206S,1.0000,inf,1,0
CGAAGTCAAAGCCATC,A39C L245R D273V T454P,1.0000,inf,1,0
CGAATAAATTATATAC,F157D G186M L387D E396*,1.0000,inf,1,0
CGAATCAGAACGAGTT,G174P F316S L372A,1.0000,inf,1,0
CGACAGCCCGAACCCA,L32R,1.0000,inf,1,0
CGACATACAAATAATT,I286T N346*,1.0000,inf,1,0
CGACTCGTGTGACGAT,C118Y,1.0000,inf,1,0
CGAGAAAAACAACATT,G34D L105V,1.0000,inf,1,0
CGATAATCAGAGTGGC,C118A G186Q,1.0000,inf,1,0
CGATACTTGACAAATA,C118L,1.0000,inf,1,0
CGATGAAACCCCCAGT,D357I C475Y,1.0000,inf,1,0
CGATTAATATTACTAG,G271H E307D S367L,1.0000,inf,1,0
CGATTCATCGTCCACC,K88P V187S D204I W264*,1.0000,inf,1,0
CGATTGTAATGACGAT,L68K S163L G276Y,1.0000,inf,1,0
CGATTTAATTAAATCT,T438*,1.0000,inf,1,0
CGCAGCGTGACCGTCT,F262L P427A,1.0000,inf,1,0
CGCATATACATAGCAT,G34S S367C,1.0000,inf,1,0
CGCATATACGATGTCA,E17* C53G H115G Q149A G206C R256I R314G,1.0000,inf,1,0
CGCATGGAAGGCAAAT,V298* F318I R325K H457*,1.0000,inf,1,0
CGCCATCTCGGGTATA,C41L E151T L285I I358W,1.0000,inf,1,0
CGCCCCCCCCGCGCAG,S56N A184Q N224S,1.0000,inf,1,0
CGCGGTTCCAATATTA,G42L R356Q Q406V P464G,1.0000,inf,1,0
CGCGTTAAATAGGTTG,Q9Y M80I N146R C155F C231R F293D S476V,1.0000,inf,1,0
CGCTACGGTAATAAAA,E76Q L84I,1.0000,inf,1,0
CGCTACTCAAGAAAGT,M312I N390H K425P,1.0000,inf,1,0
CGCTAGCACGCGCAAC,S216G R248* T380M,1.0000,inf,1,0
CGCTCAATATGTCGTT,N89Y A132T T438F,1.0000,inf,1,0
CGCTGAATCCTCTGGG,Q3H,1.0000,inf,1,0
CGCTGCAGATAAACAG,Y441H,1.0000,inf,1,0
CGCTTCCACTCTTCCA,E72*,1.0000,inf,1,0
CGCTTTCCCCTCGATG,E72R,1.0000,inf,1,0
CGGAAGAATCGAAGTT,L258N,1.0000,inf,1,0
CGGACAACGTCTAAAA,Y66H G98P C212Y N390T,1.0000,inf,1,0
CGGACCACCTATCACA,E151T,1.0000,inf,1,0
CGGACCCAATTTCGTC,Y36D G54R L258Q K425* H457K,1.0000,inf,1,0
CGGGCCTGGCGCTCAG,M1V Y62S L120E K125L M134D Q223S Q232E N302S,1.0000,inf,1,0
CGGTAATCAGCGTGAC,D175K Q189H L442K,1.0000,inf,1,0
CGGTTTACAAGGGGGT,Y166M P464D,1.0000,inf,1,0
CGTACTACACTATATC,L71H Y172L T375* I445H I458Y P464R,1.0000,inf,1,0
CGTATTAAGACGGGCA,F8V Q149W L336T Y369Q,1.0000,inf,1,0
CGTCAGATCTGTTATC,M1V Q331R,1.0000,inf,1,0
CGTCATGTATGTCAAC,L447S,1.0000,inf,1,0
CGTCCAAGTTAAGCGC,E100I N148S I361S N373W,1.0000,inf,1,0
CGTCCGGTACACGGTG,G34R W283T D311G S400L,1.0000,inf,1,0
CGTTAACTATCCATAA,G206V L220V L259*,1.0000,inf,1,0
CGTTAGAATAAGAACG,T110L M134S Y217G,1.0000,inf,1,0
CGTTCCCAGTATCGGC,I136K K320S,1.0000,inf,1,0
CGTTGATTCCCTCTCT,,1.0000,inf,1,0
CGTTGGCCAATTGAAA,V28E L103V K451L,1.0000,inf,1,0
CGTTTCCATCCGCATA,G54A Y219L L313C,1.0000,inf,1,0
CGTTTTACCCCATAAA,W264R,1.0000,inf,1,0
CTAAAAAGAATGTGAA,V28D H141R,1.0000,inf,1,0
CTAAAATATCTAAAAA,S121F N319L Y441L T454K,1.0000,inf,1,0
CTAAATCAAAGCCACT,L68I L73K A195V,1.0000,inf,1,0
CTAACTAAATTTACAG,I213S C475S,1.0000,inf,1,0
CTAATGAGACAGTAAT,M1K R356L,1.0000,inf,1,0
CTACAGTGCGAACATA,L23M A202V H354L K490Q,1.0000,inf,1,0
CTACCCCTCTCAACCG,L107N S135L L259V,1.0000,inf,1,0
CTACCGATCAGCAAAT,D156R Q165E H179F R314N S333I,1.0000,inf,1,0
CTACTATACTCAGGTG,L259E,1.0000,inf,1,0
CTAGAAGCGAAACATA,D432F,1.0000,inf,1,0
CTAGAGAAATCATATA,Q232E,1.0000,inf,1,0
CTAGCGTATTGCTTGC,Q69P,1.0000,inf,1,0
CTAGCGTCCAGTGCTT,N90D T182* M214R N295V N338L I411H,1.0000,inf,1,0
CTAGGAGTTTCAAATA,E151F K327F,1.0000,inf,1,0
CTAGGATAGACCATTT,I162F E228R K339A L430K,1.0000,inf,1,0
CTAGGCCCGACCAACA,S216* H230S I361S,1.0000,inf,1,0
CTAGGTGATTCATCCC,H170N Y253R N319L V450*,1.0000,inf,1,0
CTAGTCAACCGGCCGG,C57T,1.0000,inf,1,0
CTAGTCGTTCATCAGG,L51C Y150N E418*,1.0000,inf,1,0
CTAGTGCAATATTAGC,Y62I N99V L449M,1.0000,inf,1,0
CTATACCATTTAGGGA,K161N R207N L259T,1.0000,inf,1,0
CTATACTACTACACCA,R422L,1.0000,inf,1,0
CTATCAATTAATAAGA,V44N I144*,1.0000,inf,1,0
CTATCTGTTAAACCAG,F262N L344P Y363H F440L,1.0000,inf,1,0
CTATTCTGAAGTTCGC,F38G G159I I254*,1.0000,inf,1,0
CTATTGCCCGGATGTC,S333K T412K,1.0000,inf,1,0
CTCAACCATATCTTGT,L46R I137C L336S A343I,1.0000,inf,1,0
CTCAACGACAAAACTC,S163D K300T L382A,1.0000,inf,1,0
CTCAATAAGGCTAACA,C231R S333N,1.0000,inf,1,0
CTCACAACATGGAATA,S85* H131T R250S,1.0000,inf,1,0
CTCACATAAACGCAAA,C155R G159L Q218L D229V,1.0000,inf,1,0
CTCACGAAACGACCAA,V47D,1.0000,inf,1,0
CTCACTGCGCGCTTAA,W489T,1.0000,inf,1,0
CTCATACATCATAATC,E104* G208* D408V,1.0000,inf,1,0
CTCATTAGACGAGTGC,E67L G206H C301P K352S,1.0000,inf,1,0
CTCCAAACCCCGTATA,M75G,1.0000,inf,1,0
CTCCCTCTAAAATACG,I213S,1.0000,inf,1,0
CTCCTGTACCCATTTG,I337C S381F,1.0000,inf,1,0
CTCGACAAGGTCTAGG,F233V G277I,1.0000,inf,1,0
CTCGGACACCTGCCCA,D273Y C475N,1.0000,inf,1,0
CTCTTACGTTCCCAAT,Y66K D122F T182N C292S,1.0000,inf,1,0
CTGAACTAATGCACAA,N37K G181K,1.0000,inf,1,0
CTGAATCAAAGAGAAT,K339M C463L,1.0000,inf,1,0
CTGACCCCACAGAATT,G98T C231T,1.0000,inf,1,0
CTGACTCCACTATCCA,C53W,1.0000,inf,1,0
CTGAGGAAATCCGAGG,V11W A123P M214S L315K,1.0000,inf,1,0
CTGATATGACCAGCAA,L103Y L120V I144T,1.0000,inf,1,0
CTGCACGAGTACTCGA,S85D L142Q N295T,1.0000,inf,1,0
CTGTCCAGTTGTAAAA,S143N H170* G186R Y393A,1.0000,inf,1,0
CTGTCCGATAACGACT,E16V,1.0000,inf,1,0
CTGTGTTAGGCTACGA,Y62I H124Q M332C,1.0000,inf,1,0
CTTAAAATGATAAGTA,I201F C292Y K490L,1.0000,inf,1,0
CTTAACATTTTCTGCT,G271A F440P,1.0000,inf,1,0
CTTAACGTACATTCTA,N185K,1.0000,inf,1,0
CTTAAGCGGCAGAGTT,F49R T58H L73F E151L L479M,1.0000,inf,1,0
CTTAAGTTACCTTAGA,H131P D175M I201M,1.0000,inf,1,0
CTTAGATTCACTAAAA,A30W C86H N409H C477G P486T,1.0000,inf,1,0
CTTAGCACGACGGGGC,K63R R256G T274S,1.0000,inf,1,0
CTTATAAACGTATAAT,S199R R256H G260T F436L V459L,1.0000,inf,1,0
CTTATCCGCACCCACC,V183S W283R V435A,1.0000,inf,1,0
CTTCAAGCCAATAAAA,V97G K272L E418L,1.0000,inf,1,0
CTTCAGTTCCCAAAGA,S135T Y219T D401S,1.0000,inf,1,0
CTTCGAAAACACGGGC,R250C D432P,1.0000,inf,1,0
CTTCGAGCTCATACAG,V388R,1.0000,inf,1,0
CTTCTTAATACATACA,L133R T375L K451T Y480P,1.0000,inf,1,0
CTTGACTCTGGCTCCC,G460N H467K,1.0000,inf,1,0
CTTGAGTCGTTGAACT,V65D I221F Y371H,1.0000,inf,1,0
CTTGAGTTCTAAAGTT,S234P,1.0000,inf,1,0
CTTGCAGAAAGATGTC,R282Y N342R C475M,1.0000,inf,1,0
CTTGCTTGAGAACTGT,G160E S444Y,1.0000,inf,1,0
CTTGGCAGTGGGGTAT,Q405Y,1.0000,inf,1,0
CTTTAACAGATGCTAT,I323S,1.0000,inf,1,0
CTTTCAACTGTCAGCC,E100L T108R,1.0000,inf,1,0
CTTTCCTCCTTGGCGT,E67V W196P M284R,1.0000,inf,1,0
CTTTGCGGATTGCTCC,C155E,1.0000,inf,1,0
CTTTTCTCTGCTTTAG,C364S,1.0000,inf,1,0
CTTTTTTGAATTTCAT,H115S M134C D229T P236R,1.0000,inf,1,0
GAAAAAAATGTCAGTA,L120*,1.0000,inf,1,0
GAAAAAAGATAACAAA,E10P S199K C463K C477S,1.0000,inf,1,0
GAAAAAGGGTCGATAA,C53R N119F,1.0000,inf,1,0
GAAAAATCGGCTCATG,A343V N470R,1.0000,inf,1,0
GAAAACAGATACTGTG,S60C L107M L433S W489G,1.0000,inf,1,0
GAAAACGTAAAAAGGC,R193I V435F,1.0000,inf,1,0
GAAACCGGGACGCAAC,E17D I24R I213L R256L M351S K481L,1.0000,inf,1,0
GAAACTAATACGGTGA,I136R I403*,1.0000,inf,1,0
GAAAGGAATTAGATAG,Q247R C364R,1.0000,inf,1,0
GAAAGTGTAAGCCTGG,H354K T375I,1.0000,inf,1,0
GAAAGTGTTATAAAAC,W196K,1.0000,inf,1,0
GAAATAAAGTCATTCC,S85Y I136E R257E N319C,1.0000,inf,1,0
GAAATCATTTCCGGCA,N89D S135Y P238F,1.0000,inf,1,0
GAAATGATATTACACA,G98S N346T,1.0000,inf,1,0
GAAATTAGCCATTAAT,T40A D273E F440I,1.0000,inf,1,0
GAAATTTGGTGTAACT,D122Q M332F N373M H467M,1.0000,inf,1,0
GAACAACAGGAGGCAA,E16* F117S P236Y,1.0000,inf,1,0
GAACACATTCGAACAA,Y36A L290T D306L,1.0000,inf,1,0
GAACCACGCAAAAAGT,F8A N89F,1.0000,inf,1,0
GAACCATTCGCCCATC,L78T L120S I361S F446*,1.0000,inf,1,0
GAACTTAGATAAACGG,T215D F436P,1.0000,inf,1,0
GAAGAACTATGACACA,L428N,1.0000,inf,1,0
GAAGAATAGCTAGTGA,K88N N409D,1.0000,inf,1,0
GAAGATCAAATCGGCT,A25I E104L N119D W210E E287Y E418K N470L S476R,1.0000,inf,1,0
GAAGATTCAAAAACTC,H448*,1.0000,inf,1,0
GAAGCACCGCGACAGA,Q3K L120N,1.0000,inf,1,0
GAAGCGGACTGGGCCT,T87H L107T S269G,1.0000,inf,1,0
GAAGTATATACAATTT,L107K Q218K K304T L382Q H398D,1.0000,inf,1,0
GAATAAAATCTCATTG,V5G F191M,1.0000,inf,1,0
GAATAACCGGATCGTA,S121C Y200T,1.0000,inf,1,0
GAATAAGGCCTTTAGA,H92T C212L G243V,1.0000,inf,1,0
GAATAGCCGGCATGAG,,1.0000,inf,1,0
GAATAGTAGTACGGGG,L71D K88N K116E R257L G271D,1.0000,inf,1,0
GAATATACATTAGCTG,G174N L258H,1.0000,inf,1,0
GAATATACCCAGCAAC,M96T G243D S476E P483M W489C,1.0000,inf,1,0
GAATCATAAAAAATCG,K161Q C231S N395G,1.0000,inf,1,0
GAATCCAGCGTAGAAA,C155Q F191V D273G H305L W386K V459M S462V,1.0000,inf,1,0
GAATCTATAAGAGGCC,L428T K461T,1.0000,inf,1,0
GAATGCCGGATCTGTA,Y393E I445T,1.0000,inf,1,0
GAATTAATTTAATTAT,M1A P238E,1.0000,inf,1,0
GAATTTCTCTTAACTT,F147S R257F,1.0000,inf,1,0
GACAAACATACCATTG,L103D T110R,1.0000,inf,1,0
GACAACCGCAACGAGA,N148Y V431L,1.0000,inf,1,0
GACAACGCCCCATCCC,L51E T182N,1.0000,inf,1,0
GACAAGTTAGTAATAA,I15M,1.0000,inf,1,0
GACAATGAGTGACCTA,G102E I201N K384P,1.0000,inf,1,0
GACACCCTAACCGATT,M19I C118H Y241F R248W,1.0000,inf,1,0
GACACGCCGTGCCATT,L46* F233C C463R,1.0000,inf,1,0
GACAGGATGTGAATGC,A123I H131L D204*,1.0000,inf,1,0
GACAGGGAGGGCGCTA,E67G N167M Y419I,1.0000,inf,1,0
GACCGACATATTTTCA,C118N,1.0000,inf,1,0
GACCGCAAACAGTCGT,M359F K465A,1.0000,inf,1,0
GACCGCGAGTATAAAA,N146G R207T A299L,1.0000,inf,1,0
GACCTCATAAGCTCAA,T70A A195T H354Q,1.0000,inf,1,0
GACGAAATTTGGTTAA,L107R C212E,1.0000,inf,1,0
GACGAAGCGTCACGTA,I136S A176* I221T Q321K K461R,1.0000,inf,1,0
GACGGTCATCTGATTG,W489G,1.0000,inf,1,0
GACGTCTTTGTAAGAG,R55H P362L N390E N395F,1.0000,inf,1,0
GACGTGCCGTATATGA,M1L A39T F49D R257G,1.0000,inf,1,0
GACTCAAAAAGGTGTA,Q247F F434D,1.0000,inf,1,0
GACTTTAATAATGTGT,S143W H374V,1.0000,inf,1,0
GAGAAAAAGTCTCCAT,G102M M351K,1.0000,inf,1,0
GAGATTCAGAATTCCT,N185S C364H I411G G424P,1.0000,inf,1,0
GAGCACTTAAGCTGTA,R356K W370I,1.0000,inf,1,0
GAGCTGGTTCTAAATA,Y200*,1.0000,inf,1,0
GAGGACTTGGGAAAAA,V97Q E151Y G174Y A330Y,1.0000,inf,1,0
GAGGAGCGCGGGGGGA,,1.0000,inf,1,0
GAGGCCGGCGCATTAA,F38A R55M V487L,1.0000,inf,1,0
GAGGCTTTCTAGAGGC,M153*,1.0000,inf,1,0
GAGGGCAAAAAGATAC,S154K Y172D Y219S L280*,1.0000,inf,1,0
GAGTAATAACAAGAGG,K320G D347P,1.0000,inf,1,0
GAGTATATGGTAACCT,M1H Q149T,1.0000,inf,1,0
GAGTTCGATTATGAGG,L46Q,1.0000,inf,1,0
GATAAAATGCTATTTA,L51E Y94S C212E G277P,1.0000,inf,1,0
GATAACAGTTAGGCTC,A25Q C475S,1.0000,inf,1,0
GATAATATATTTTTCG,M82Y Y94G C180F W196G,1.0000,inf,1,0
GATACTATAAACACAC,K33L N146V F309T,1.0000,inf,1,0
GATAGACACGCGACGT,E72F R468A,1.0000,inf,1,0
GATAGAGTGCTTGACA,F49R,1.0000,inf,1,0
GATAGCATTTAAAACT,L52P S199A,1.0000,inf,1,0
GATAGGCCTGCTTTGT,G98D T182D S199T V341L I345F,1.0000,inf,1,0
GATAGTAAACGCTTGC,Y363Q V431M,1.0000,inf,1,0
GATATCCTTAATAACA,G174Q T190L V435A K488H,1.0000,inf,1,0
GATCAAAGCTGATAAA,S444Y,1.0000,inf,1,0
GATCACAATGACTTTA,V164S G174N,1.0000,inf,1,0
GATCACTTGCCGATGA,S56Y V65T N148S D273S I345V K384V F440L W489N,1.0000,inf,1,0
GATCCGGGTATTTCCG,I112D S154A G159W N373G,1.0000,inf,1,0
GATCTATTCAAGAATC,M1T N119P L220D A297T,1.0000,inf,1,0
GATCTTTCAGAGAGCA,C292V,1.0000,inf,1,0
GATGAAACGTTTGTTC,A39G S246L A288R S444W,1.0000,inf,1,0
GATGCCCAAATACATT,F49R C53F S121C R356N L428Q V435W,1.0000,inf,1,0
GATGGTCAACCACTAG,T108R F140N,1.0000,inf,1,0
GATGTGTTGCACCATT,L68F S111C G181A A184S,1.0000,inf,1,0
GATTACATCCCAGTTA,N37R A299F,1.0000,inf,1,0
GATTCATATAATAGAT,G98I L107G F318Q,1.0000,inf,1,0
GATTGGCCTTATTTAG,I15R L73N P236A D273F,1.0000,inf,1,0
GATTGTGCCAACAGTT,P238R T274R,1.0000,inf,1,0
GATTTAAACCGCAAAT,V31F I137Y K161V T412K,1.0000,inf,1,0
GATTTCCAATTTACCT,I136P H170Y,1.0000,inf,1,0
GATTTGAGAAATGATA,I144C V435R,1.0000,inf,1,0
GCAAAGAATGTAGAAC,L35P A173Y T225D Y441M,1.0000,inf,1,0
GCAAAGGCGTCAACAA,T48N,1.0000,inf,1,0
GCAAATAGTCACACTC,A173D D229I P464T,1.0000,inf,1,0
GCAAATATATGACCCA,E10T Y36*,1.0000,inf,1,0
GCAACTTCACAACATA,W196S I458R P483L,1.0000,inf,1,0
GCAAGCCAACCAGCTC,L73K N90D,1.0000,inf,1,0
GCAAGCGAACACTCAG,P12W V450D M472F,1.0000,inf,1,0
GCAAGTTATCAAGAGA,E308A,1.0000,inf,1,0
GCAATAGACTTATATT,Y278S,1.0000,inf,1,0
GCAATTAACCTTATTT,,1.0000,inf,1,0
GCACATCAATAGTCCA,H230P C279K L394A,1.0000,inf,1,0
GCAGCGAGCGCATACA,K63V A184S A299T I445Q,1.0000,inf,1,0
GCAGGCATCCGTTTAT,S111T N148S T438R,1.0000,inf,1,0
GCATATAATATGGTAA,M312* T412S F446L,1.0000,inf,1,0
GCATTCATAATAATTT,T48* T261S,1.0000,inf,1,0
GCATTCATCAAATCCA,G198T C364R T375F R379T N409Y V459S Q482*,1.0000,inf,1,0
GCCAGACGGAAATGAC,D175A,1.0000,inf,1,0
GCCCCTCACAGGGTCA,A343M P427H V431L,1.0000,inf,1,0
GCCCTTAGAGCTTACT,A184L G197K R256Y L382*,1.0000,inf,1,0
GCCGAGATTAATTGGA,N409T,1.0000,inf,1,0
GCCTAGACACACAGCC,H124F E413Q,1.0000,inf,1,0
GCCTTGGTGCATTCAA,N99P E104K S267T,1.0000,inf,1,0
GCGACGTGTCATCATA,W264P V485L,1.0000,inf,1,0
GCGAGTACAAGCTGAA,Q321S,1.0000,inf,1,0
GCGATGATTCCAACGA,V164* N185L A195R D273R S392H,1.0000,inf,1,0
GCGCAAGTCTGGCATC,F399L H471G,1.0000,inf,1,0
GCGCATCATAAACTAT,H131L N167E W196N,1.0000,inf,1,0
GCGCCATAAGTACTCT,A25D M192R S389G Y480V,1.0000,inf,1,0
GCGCTCAAAGCATAAC,Y62N T110I A288C K465L,1.0000,inf,1,0
GCGGGATAATGACAAA,Q69R R235M I445C,1.0000,inf,1,0
GCGTAAAAGTATGATG,L71G,1.0000,inf,1,0
GCGTAAAGAAGACATA,E308R,1.0000,inf,1,0
GCGTAAATAAATATAG,I403R,1.0000,inf,1,0
GCGTAAATAGTATTAT,I443A,1.0000,inf,1,0
GCGTAACTAGACCTGA,L68R F293Y E329G Q335V,1.0000,inf,1,0
GCTACACGTAGTACCT,V11K S154L F316L,1.0000,inf,1,0
GCTACCCTCCTTGCTT,L51S L103N,1.0000,inf,1,0
GCTAGATTGAATTGTA,T182W L442D,1.0000,inf,1,0
GCTATAAATTTATAAT,N185I,1.0000,inf,1,0
GCTATTCGTTAAAAGA,E72R C118H K304N,1.0000,inf,1,0
GCTCCAAATATCCACG,Y172K I201G,1.0000,inf,1,0
GCTCCTATTCAAAAGC,Y66K S169K,1.0000,inf,1,0
GCTGCACTTTGTTCAC,E17W C57R Y129D C180F,1.0000,inf,1,0
GCTGCTAAGAGCGGAC,N209T C364P L387Q,1.0000,inf,1,0
GCTGTAATACGTAGAT,L349P,1.0000,inf,1,0
GCTTAAAAACAAATGC,C292F K488E,1.0000,inf,1,0
GCTTGAAACACAGCCT,G2N G42S L78T,1.0000,inf,1,0
GCTTGACCATGATAAA,T87V T101G N167M,1.0000,inf,1,0
GCTTGAGCGACACCCG,G98N,1.0000,inf,1,0
GGAAGGGATTTTAAGA,Q69T T261I,1.0000,inf,1,0
GGAAGTGTTAATATAC,C231R R314L,1.0000,inf,1,0
GGAATGAAGTAGAGAG,L68V V187W R193T C212L V388M P466H,1.0000,inf,1,0
GGACAGTCTGACACAC,C86Y T110Q C364M,1.0000,inf,1,0
GGACCTCCCACGATTT,D402E E413H,1.0000,inf,1,0
GGACTAACCAAAAATT,V44* N89V V97S C475V,1.0000,inf,1,0
GGAGAAGTTCCCATCC,A25I V341*,1.0000,inf,1,0
GGAGGGCTCTAAAATC,K368R,1.0000,inf,1,0
GGATGATAATCAGAAA,I221K E228*,1.0000,inf,1,0
GGATGGTTGAGAGAAA,I15G T40G Y150R L220I N295*,1.0000,inf,1,0
GGCAAATCTCTGAAAG,F157Y S367P,1.0000,inf,1,0
GGCACCGTGCACAGAG,L259N W386P S437E,1.0000,inf,1,0
GGCATAGCTCAGTGAC,A202D L433R,1.0000,inf,1,0
GGCCAAGCAAAATGAG,L26D L68A,1.0000,inf,1,0
GGCGATCATGATGCAA,T6M C279R A297S K352L G391L,1.0000,inf,1,0
GGCGCTCAATTAAATC,F318L,1.0000,inf,1,0
GGCTCAAAGAATTGTA,S269Y F440* P464Y,1.0000,inf,1,0
GGCTTAGCATTGCCCG,I4V G54V L107A,1.0000,inf,1,0
GGCTTTCCCATATTTT,A39T C212I L469F,1.0000,inf,1,0
GGGAAGAAGAGAAGCC,M134H,1.0000,inf,1,0
GGGAATTCACATAACC,L73S,1.0000,inf,1,0
GGGATATTTCGTAAAG,G160S L220I,1.0000,inf,1,0
GGGGATTTGACCTGAA,S60Q A328Q V388R V485W,1.0000,inf,1,0
GGGTCTCAAACCAATA,E404* K481N,1.0000,inf,1,0
GGGTGCTAAAACCACA,L43* V97P,1.0000,inf,1,0
GGGTTAAAATGTATCA,E104L C212F P427M F446T,1.0000,inf,1,0
GGGTTTCAATAAAAAG,T81L E418*,1.0000,inf,1,0
GGTAATAGTCCTTACA,C231R R256N G260D K300L,1.0000,inf,1,0
GGTACCTAAGAGCGAA,L133N L280P L315W,1.0000,inf,1,0
GGTATAAAATGTTTTA,F399S,1.0000,inf,1,0
GGTATTGCCCCCAGGT,G98T Q149C N178E W227S,1.0000,inf,1,0
GGTCAGCGTTGAACAG,E404R P453W C475L,1.0000,inf,1,0
GGTCCCTAAGCAATTC,E104I W196L N209P D311A,1.0000,inf,1,0
GGTCCTCTCCACGCAT,E303*,1.0000,inf,1,0
GGTCTCGACGTCAACG,T190G L220V,1.0000,inf,1,0
GGTGGATTTGAATATA,D156T A202R D408L,1.0000,inf,1,0
GTAAAACGTCAGCACA,E104R,1.0000,inf,1,0
GTAAACAGACTAAAGC,Q3A C155Y Y172S,1.0000,inf,1,0
GTAAACCCTTAGTACC,L285T,1.0000,inf,1,0
GTAAATAGACGGAGTA,G42S,1.0000,inf,1,0
GTAAATCTATAGCACA,G42M I213R,1.0000,inf,1,0
GTAACATTCTGCCAGA,C475R,1.0000,inf,1,0
GTAACCAGGACTTCCC,W210Y S269Y L315T,1.0000,inf,1,0
GTAAGGCCGAAAATCG,N89Y T274W K320L,1.0000,inf,1,0
GTAATACCGGTACTAT,L188F I213* N295W H467W W489*,1.0000,inf,1,0
GTAATATAAATCCAGA,Y166M,1.0000,inf,1,0
GTAATCTTGCTGACAC,T6I K125L R207D C212P M414V,1.0000,inf,1,0
GTAATTACGTTGACAA,N346- D347- N373L,1.0000,inf,1,0
GTACCACTGCGAACCA,L103R A177C M420T K425Q P486T,1.0000,inf,1,0
GTACCATGATTTCAAC,C57S N79H G294E Q406L E418N L442T,1.0000,inf,1,0
GTACCCCTAGAGGCCA,I239N A288L R314H Q331D,1.0000,inf,1,0
GTACGAATCGCGAAGC,C155L Y172H E404M,1.0000,inf,1,0
GTACGACATACCCAAG,S60* E413N,1.0000,inf,1,0
GTACGTGATTAAATGC,W210C P236C K488H,1.0000,inf,1,0
GTACTGGTTGACTCCC,L220V K300H K417L R422G G473N,1.0000,inf,1,0
GTAGAATTTACCGTAG,T58R G198M,1.0000,inf,1,0
GTAGGAGACATAGCCC,A25T Y36* T375S,1.0000,inf,1,0
GTAGTCCAGTACAACA,I252H T265M P464M,1.0000,inf,1,0
GTATAGAGTATATAGA,G64A K125I S163N L168* Q232C,1.0000,inf,1,0
GTATCCGACGTGTTTT,G98H C180G,1.0000,inf,1,0
GTATCGGGGGTATACA,A123H S135A Y241Q,1.0000,inf,1,0
GTATCTCGAAATCCAA,V14R,1.0000,inf,1,0
GTATTCTGGTGTGCGT,M75*,1.0000,inf,1,0
GTCAAATCACTGAAAT,H124L C231M Q321D,1.0000,inf,1,0
GTCAATACTCATCTAT,G2E D122S H179K,1.0000,inf,1,0
GTCAATCAGAGAGCAA,T58F N178D,1.0000,inf,1,0
GTCACGTAATCAGGAA,Y200C C279Q S476R,1.0000,inf,1,0
GTCAGAAGACCAAAAC,L290S S439*,1.0000,inf,1,0
GTCCCAATGTTGGCTG,N99* S269L K451L,1.0000,inf,1,0
GTCCCGTCACCCTACG,G473P,1.0000,inf,1,0
GTCCTAGGAGTACCAG,D156H Y393P,1.0000,inf,1,0
GTCCTGGATAAATTAG,A25P K291T,1.0000,inf,1,0
GTCGAATGAAACATAA,N89L,1.0000,inf,1,0
GTCGATTTCAGGGGGT,N127I A173G L315T,1.0000,inf,1,0
GTCGCCATTAGAAGTG,M1V R193* E303H H374I E421S L479M,1.0000,inf,1,0
GTCGCCTCTCAACATA,F8S S199N C231S L355R I443H P483F,1.0000,inf,1,0
GTCGGAATAAGATTTG,G294Y M410R,1.0000,inf,1,0
GTCGTAGCATTAGGGC,Q69R T182H N319T,1.0000,inf,1,0
GTCGTATACAACACAG,N74S P383I,1.0000,inf,1,0
GTCTAAGACACGAAGG,D317N S389V N409V E418Q,1.0000,inf,1,0
GTCTGATTTCCCATTA,E100K N114F R235I,1.0000,inf,1,0
GTGATTGGGCCAATCC,G102V L258N S269V C301L K327M,1.0000,inf,1,0
GTGATTTTGCCTTAGC,V22L Y441V,1.0000,inf,1,0
GTGCAGAAGGACCTCA,I213*,1.0000,inf,1,0
GTGCGAAAGCTAACAT,K88A I113A Q218F G360E W370K,1.0000,inf,1,0
GTGCGTGAGGATCACT,P383Q,1.0000,inf,1,0
GTGCTTTGAACTACAA,S56V F157S G208C R257I A288L C477K,1.0000,inf,1,0
GTGGACGTGCATCACA,A299N,1.0000,inf,1,0
GTGGGGATAAACGGAC,V14E,1.0000,inf,1,0
GTGGTCATCAACAAAT,L382T Q416L,1.0000,inf,1,0
GTGTCACTCGTTGTCA,G2F P362K,1.0000,inf,1,0
GTGTGGCTATCATACA,F49I,1.0000,inf,1,0
GTGTTATAATGAGGGC,L23H L103F,1.0000,inf,1,0
GTGTTCCTGGAACAAA,E228K S234F,1.0000,inf,1,0
GTTACTATAACGAGTG,G2H P145R I337N N346I H354I,1.0000,inf,1,0
GTTAGAGCCTATTGCA,C41M H305L,1.0000,inf,1,0
GTTAGCCAGACGCCCG,L449M,1.0000,inf,1,0
GTTATGATTACCCACT,P383*,1.0000,inf,1,0
GTTCAATCGCACGCGA,L120T L258S,1.0000,inf,1,0
GTTCAATGGTCCAAAG,A176G G198P N390M R468F,1.0000,inf,1,0
GTTCCCGCAGAAAATT,F309V C364D,1.0000,inf,1,0
GTTCGCATTACTACAA,E17P T108H H398I,1.0000,inf,1,0
GTTCTATATGATTCAT,S234I E303I I445R,1.0000,inf,1,0
GTTGGGAAGGAATTCT,V298M N319I Y369Q M420I,1.0000,inf,1,0
GTTGTAATAAATGAAG,Y480C,1.0000,inf,1,0
GTTGTTAGAAATATAG,Q3L F49E N390V N470W,1.0000,inf,1,0
GTTTAACAAACGTACT,K63R L285Q E404D,1.0000,inf,1,0
GTTTCGTTTAACACCG,E67*,1.0000,inf,1,0
GTTTGTATCTACGTTG,L107R K161A F318S C364E N395S,1.0000,inf,1,0
TAAAAAAACACCCTGC,G2T F399S M410L,1.0000,inf,1,0
TAAAAATTTAGAAAAG,,1.0000,inf,1,0
TAAAACACAACCTTTG,A25S F140L E228G Q232F G260I K300M L387S,1.0000,inf,1,0
TAAAACGTGTATTGAT,P383G,1.0000,inf,1,0
TAAAAGACCCCGATCC,Q335P A343R I350L S389Q,1.0000,inf,1,0
TAAACAAAAAATACGA,G54N S91* Q149K,1.0000,inf,1,0
TAAACATATTTCGAAG,T190D L469V,1.0000,inf,1,0
TAAACGAAGCATACAC,E228G R256E,1.0000,inf,1,0
TAAACGAGACAGACAA,S121M G174S L203G Y219Q K272L A343Y,1.0000,inf,1,0
TAAACTCTTTTAAGGG,W196P,1.0000,inf,1,0
TAAAGGATACATTATA,V47D S246L T426*,1.0000,inf,1,0
TAAATACTAGCAACAA,L52T Y166D F399L,1.0000,inf,1,0
TAAATCATAGCTTGGA,L344*,1.0000,inf,1,0
TAAATGAAGTTCGATT,Q3R T6A I15V N20S I21V K33E Y36C N37S T48A T58A T59A K63G E67G K88E N89S N90D M96V D156N E289K L344M S389E F440K K465R R468G Y480C K481R K488G,1.0000,inf,1,0
TAAATGAATCCGAAAA,L46P I334T Y441H,1.0000,inf,1,0
TAAATTCCTGTCAAGA,L32Q I361S Q482F,1.0000,inf,1,0
TAAATTTAAGATTTAA,M351R,1.0000,inf,1,0
TAACAAAAACGGGATA,C292G,1.0000,inf,1,0
TAACAGTGGAGAATAG,A123V D432Q,1.0000,inf,1,0
TAACATAACCATAACG,V298S C364F S462V,1.0000,inf,1,0
TAACATTTTACAATTA,H170L D229K V341L Q482K,1.0000,inf,1,0
TAACCAATAGAAAGAA,C364Y H467V,1.0000,inf,1,0
TAACCAATTCCCTTAA,H141N C180F Y441V,1.0000,inf,1,0
TAACCCGAATTAAAAG,Y369C,1.0000,inf,1,0
TAACCGGCAGTAGCGC,S121R Y253V,1.0000,inf,1,0
TAACGAATGAAATCAG,E396*,1.0000,inf,1,0
TAACGATATAACTAGA,D156Y A177D N209I H467A,1.0000,inf,1,0
TAACGCAAATTAGGCG,C212D E421N L442Q,1.0000,inf,1,0
TAACGGAAAAACCGCT,L220N L315N L479M G484N,1.0000,inf,1,0
TAACTACCTAGGTACA,C41V E100D A297K,1.0000,inf,1,0
TAACTAGCTCAGCATC,T48F A177T E396K,1.0000,inf,1,0
TAACTCTTTCATCTCA,L73C C118R,1.0000,inf,1,0
TAAGAGACAAATCCAT,S199V W210L C212W S400L G460D,1.0000,inf,1,0
TAAGCACGGTGCGAAA,C231L I334V H374L M420A,1.0000,inf,1,0
TAAGGCTGCTTATTCT,I15K A299I Q406I V431M,1.0000,inf,1,0
TAAGGCTTATGACTAA,Y200S E404G G424P D432P,1.0000,inf,1,0
TAAGGGTTGTACCTCC,S85N E100V,1.0000,inf,1,0
TAAGTACAATTGCCCC,L103F S121* S171Y,1.0000,inf,1,0
TAAGTCCACTTCGGAT,T412*,1.0000,inf,1,0
TAAGTCTCAGAGAACA,C57Y L73E N89T S333M R422V,1.0000,inf,1,0
TAATAACAAGGTTCCA,L220* R257M K461M,1.0000,inf,1,0
TAATAAGCTACTAAAG,R235E A343S,1.0000,inf,1,0
TAATAAGTGTATATAA,S56Y K465R,1.0000,inf,1,0
TAATCATTAGCCGACT,C212S D268P F436S,1.0000,inf,1,0
TAATCGAAGGACCTTA,N353T,1.0000,inf,1,0
TAATGTTCTGCTAGAA,Y62S L73K S111R G260C R314L,1.0000,inf,1,0
TAATTAGCAGGTGCCA,G34I S205A G260Y H398L Q405E V459Y P486M,1.0000,inf,1,0
TACACAATAGATGAAA,Q247H,1.0000,inf,1,0
TACAGCCTGAAAGCAT,C118S I213L H230Y S234L M284I,1.0000,inf,1,0
TACCAAATTGGGCTGA,I112K C212S R314I,1.0000,inf,1,0
TACCATAAGATATAAA,A202E Y217V I443V,1.0000,inf,1,0
TACCTAAAGGTAGTGA,M19L R379P,1.0000,inf,1,0
TACGACGGCCCGGAGC,Y36W A195W C364L,1.0000,inf,1,0
TACGACTACAAAGGTG,W370N,1.0000,inf,1,0
TACGATCAGTCAGCCA,C155G,1.0000,inf,1,0
TACGATGAACCTACCA,M75Q F117S N158S S216R,1.0000,inf,1,0
TACGCTAACATACAAT,T106N L259K,1.0000,inf,1,0
TACGTATGGATTGACA,T261N,1.0000,inf,1,0
TACTATCATACCCACC,T110S F309S,1.0000,inf,1,0
TACTCAATATACTATT,L103* S121T S199H,1.0000,inf,1,0
TACTCGTGTAATAAAA,I221T S367F F399C R491K,1.0000,inf,1,0
TACTGCGCCAGAATAA,G240M K272S R468L,1.0000,inf,1,0
TAGAACTATAACTAGA,S216A H305T P483S,1.0000,inf,1,0
TAGACAATTTCATAAA,M414D K465A,1.0000,inf,1,0
TAGAGCCGTAATATTA,Y129R C475V S476R,1.0000,inf,1,0
TAGATTCAGATCATTA,D251W E396*,1.0000,inf,1,0
TAGCACACCAAGAATC,S91R N319R,1.0000,inf,1,0
TAGCAGTGAAAACCAA,R207T L259A,1.0000,inf,1,0
TAGCCCAGATCAACGC,,1.0000,inf,1,0
TAGCCCCTAAACAAAT,,1.0000,inf,1,0
TAGCGAGAGGTTACTC,M1W I24E L50V,1.0000,inf,1,0
TAGCTGAAACCGCCCA,T40R A297V,1.0000,inf,1,0
TAGGACTCGAAAGGTA,L46Q A173S,1.0000,inf,1,0
TAGGAGCCACTTACTA,T110G Y217D L449Y G478V,1.0000,inf,1,0
TAGGGATCGAGGAATA,L442S K465C,1.0000,inf,1,0
TAGGTTGTACTGGGAC,L23M S199V L245N,1.0000,inf,1,0
TAGTAGCTACCGTAAT,F8N L51K E76Y,1.0000,inf,1,0
TAGTGTAATATACTTT,Q165F,1.0000,inf,1,0
TAGTTACTCAAAGAAA,G54R H93K W264M P275E N395K,1.0000,inf,1,0
TAGTTTTATTCTCCAA,E67* D130P M414*,1.0000,inf,1,0
TATAAAAGCCCAACAC,Y62C K125G,1.0000,inf,1,0
TATAAAAGCCTAGGGT,L73G H93F V450S,1.0000,inf,1,0
TATAAACGATCACGCA,L68H Y166V G174W W489P,1.0000,inf,1,0
TATAAATATGACCTGA,S169L T375V N390E Y419G,1.0000,inf,1,0
TATAATGACTACGGAG,L51R K125Y G294R,1.0000,inf,1,0
TATAGACGGTCTCTCC,T70L I337E,1.0000,inf,1,0
TATCAAAAGAAATAGG,S476* K481V,1.0000,inf,1,0
TATCAACTTGCGCGTG,Y94D M420T,1.0000,inf,1,0
TATCAGACTTGAGATA,G2C G276S,1.0000,inf,1,0
TATCGCACTTTTGTCA,I4G K116F N224Y A343P,1.0000,inf,1,0
TATCGTGCACTATACT,Y36*,1.0000,inf,1,0
TATGAAAATCAGTACG,F38N S56V T101M I222R I337F,1.0000,inf,1,0
TATGAAGCTTAGTCGA,I15P L142S Q165L S205I L220* A297N,1.0000,inf,1,0
TATGAGGCAAACACTT,T110P,1.0000,inf,1,0
TATGCTACCGGTTCCA,L32Q D311I,1.0000,inf,1,0
TATGGAAAACCGTGTA,Y241I,1.0000,inf,1,0
TATGTCACAAGCGACA,G98E P383*,1.0000,inf,1,0
TATTAAAGACAAACTT,G102C P275S,1.0000,inf,1,0
TATTAGGAAATAGTAT,F434K,1.0000,inf,1,0
TATTCCAGATCAAGGC,M214T M359V T454L,1.0000,inf,1,0
TATTCCGTTATTATAT,L78T H374K V487F,1.0000,inf,1,0
TATTGTGAACTTTGGC,L68K K451L,1.0000,inf,1,0
TATTGTTATCATGAAG,L52K E151S S437R,1.0000,inf,1,0
TATTTGGGTGTAATAT,L43V C57Q M82L L258V L394K,1.0000,inf,1,0
TATTTGTCTTATGGTT,A39I M80L N185A L428Y P486S,1.0000,inf,1,0
TCAAACAAACGTCGGA,G198C D268* H471Q,1.0000,inf,1,0
TCAAACCAAAGGAAAC,T454G,1.0000,inf,1,0
TCAAACCACATTATGC,N338D L415E,1.0000,inf,1,0
TCAACAGGGAAAAACA,N167T L220Y,1.0000,inf,1,0
TCAACATTAACTATCT,L259S N346D,1.0000,inf,1,0
TCAACCTTAACTTATA,C231M A288R C292Y,1.0000,inf,1,0
TCAACTGGCAAATCAC,N146A K481S,1.0000,inf,1,0
TCAAGAACCAATATAG,M134L I337L,1.0000,inf,1,0
TCAAGCAGGTTCATAC,S267C L313G Q335G,1.0000,inf,1,0
TCAAGCGATCTAAGGG,V44L G54S C118S Q218A,1.0000,inf,1,0
TCAAGGACTGAAAAAA,I4W D156F,1.0000,inf,1,0
TCAATAAATTAGAGCC,S169L C475F,1.0000,inf,1,0
TCAATTACGGAAACAT,I136A K161A R422I S476N,1.0000,inf,1,0
TCAATTATACACAAGA,I222H,1.0000,inf,1,0
TCACAATCCATCCAAC,Y129* I162M D229Y F446L,1.0000,inf,1,0
TCACACCGGGCAAGCT,S171E L344T L382K S476*,1.0000,inf,1,0
TCACCAGCAAAACCTA,Y36L,1.0000,inf,1,0
TCACCCGGACGCCCTG,,1.0000,inf,1,0
TCACTCAATATACCGG,S111A Y219* I239V,1.0000,inf,1,0
TCAGAACCTAAGTGTA,T6K L23V T225K,1.0000,inf,1,0
TCAGAACTGGACTCTA,G64C E104* K125S V164E T412S F446C K451G C475L,1.0000,inf,1,0
TCAGACCAAACAATTG,A152W I252M E308P,1.0000,inf,1,0
TCAGATCAATAGCGGA,I443N,1.0000,inf,1,0
TCAGCAGCAGGCTCAG,,1.0000,inf,1,0
TCAGGTCATTATAACA,M1W G54H,1.0000,inf,1,0
TCATAACAATTTAAGA,S389P S400A,1.0000,inf,1,0
TCATAGGATGATATAT,F49K H115S Q189Y R207T,1.0000,inf,1,0
TCATTCATAAATCGAT,D156N Q218P,1.0000,inf,1,0
TCATTCTCATCACAAT,S169I Y253A N302P S367F T377V,1.0000,inf,1,0
TCCATCCCAGATAAAA,L26T D268C H471L,1.0000,inf,1,0
TCCATGACACTTTCTA,S27R N99R D130* Q232G P486E,1.0000,inf,1,0
TCCATTATACCTAGCC,G174W,1.0000,inf,1,0
TCCCACATACCATGCC,G174H L258R S400A H467E G484F,1.0000,inf,1,0
TCCGGGAGACATTTAC,T48S L133M F318Q,1.0000,inf,1,0
TCCGTCATTATTATCA,G54P N99E L442R,1.0000,inf,1,0
TCCGTTAAAAGGCTAT,G206D N353W,1.0000,inf,1,0
TCCTAGACATAACACT,A343R D357* T375N,1.0000,inf,1,0
TCCTAGACTCTTGTGA,C212S,1.0000,inf,1,0
TCCTAGGATGGAGCGT,F309Y,1.0000,inf,1,0
TCCTGTGGTATCTTAC,K63R S143A R422H,1.0000,inf,1,0
TCGAAAGTCCGTTAAA,G260H W264M S439R,1.0000,inf,1,0
TCGAACGATAGAACCT,V164D,1.0000,inf,1,0
TCGACAAACGCCAACA,S121I Q324I,1.0000,inf,1,0
TCGACGAGATCATATA,K272T I411D K417* Q482M,1.0000,inf,1,0
TCGCAATAAGCATGTA,S171P N295M,1.0000,inf,1,0
TCGCCACATAAACAAT,S85K D122T S199T H305*,1.0000,inf,1,0
TCGCCCAAAAAAATCT,L50S E67P D408H P486K,1.0000,inf,1,0
TCGCGATTAAAGCTAT,F7R T48F,1.0000,inf,1,0
TCGCTCAATACGCCGA,W210Q L469R,1.0000,inf,1,0
TCGGGAATAATCATGT,K161W Q218K R248E A328F,1.0000,inf,1,0
TCGTACTGTTATAATA,I136S P427K,1.0000,inf,1,0
TCGTAGTCTCAACATT,T48V L84K T182S S381I,1.0000,inf,1,0
TCGTTACAAGGACTCC,T215F I345P,1.0000,inf,1,0
TCTAAAAGAGACACAA,E100V L105R,1.0000,inf,1,0
TCTAACACATATCACA,T59I F140* L220K E228N S462K N470I,1.0000,inf,1,0
TCTATAGAACCTATGT,S143L C310S,1.0000,inf,1,0
TCTCATCACGGACGTC,V14I Y172* I286S,1.0000,inf,1,0
TCTCATTATACCGACT,R379K P427S,1.0000,inf,1,0
TCTCCCAACAAAAAAT,I137L D175N N353*,1.0000,inf,1,0
TCTGTAGCGCTTAGAT,G174E S216Y W489K,1.0000,inf,1,0
TCTGTCCATTACGAAT,S199C S216C T225R F446*,1.0000,inf,1,0
TCTGTGAGGGCTTCGA,C57* Q149T Y278S,1.0000,inf,1,0
TCTTCCCACGCCCTGC,N37C E228S,1.0000,inf,1,0
TCTTTATTAATCACGG,Q405H,1.0000,inf,1,0
TGAAAACTTGGAATTT,K88L L168S E228D T377H W489L,1.0000,inf,1,0
TGAACAAAGAAGAAAC,L142* F434H,1.0000,inf,1,0
TGAACAGATGCAGGGC,I21E L78Q F446L,1.0000,inf,1,0
TGAAGAGTGTGTTGCA,R55S T58R L128M R257S A340N C385K G484L,1.0000,inf,1,0
TGAAGCTAACTAGTGC,R55H G186K R256N I350L G429I,1.0000,inf,1,0
TGAAGCTCCAGAAAAT,C53K S444A,1.0000,inf,1,0
TGAATACCCAGCGGAT,V22E,1.0000,inf,1,0
TGACACAGAGCAAATA,N90Y T215*,1.0000,inf,1,0
TGACGGCACGATTTTT,T6I G277V,1.0000,inf,1,0
TGACTTACATCCGCCA,C53K,1.0000,inf,1,0
TGACTTAGTGCAGAAC,G54D K161V I239F W489Y,1.0000,inf,1,0
TGAGACGCAGGAGCAT,N167I T226K,1.0000,inf,1,0
TGAGAGCCGGTTTAAG,Y219I S367H,1.0000,inf,1,0
TGATAATAGTGTACCT,L71N K88N S392H,1.0000,inf,1,0
TGATACTCCTTGCCAA,E72I E228S,1.0000,inf,1,0
TGATAGGCAAGCTAGA,D402P L449Y,1.0000,inf,1,0
TGATCTCGCGTCGCTA,S171C Y371A,1.0000,inf,1,0
TGCAAATGAATTAATA,Q149W T190S N319Y,1.0000,inf,1,0
TGCAATGTTTTAGTGT,N148T,1.0000,inf,1,0
TGCAATTGAGAGTAAG,L103* H230G C475G,1.0000,inf,1,0
TGCACAGATACTCGGC,G45* V65M,1.0000,inf,1,0
TGCATAAACCGACAAT,I201N F293M,1.0000,inf,1,0
TGCATAACTATCAATA,G2Q C86V S171I T296* V487F,1.0000,inf,1,0
TGCATACTTGTCAAAC,K116I G186R R257N D273K V487Y,1.0000,inf,1,0
TGCGAGGAAAATCTTG,P12M I21M L71Y D175P L242R N295S Y363R S462K,1.0000,inf,1,0
TGCGAGTCATCTAATA,T397*,1.0000,inf,1,0
TGCGCACTTAGTCCTC,N146M C155N M214V Q348I,1.0000,inf,1,0
TGCGTAACCGTTCTAA,I21*,1.0000,inf,1,0
TGCGTACATTGGACAC,I112G E151L S169F M410K L449R T454F,1.0000,inf,1,0
TGCGTCACGGATGAGA,R282K M332L Y366R,1.0000,inf,1,0
TGCTGAAAATGACTAT,,1.0000,inf,1,0
TGCTTAACATTTTCAT,I15S,1.0000,inf,1,0
TGGAAGGGTCAGTATA,Y217Q G473L,1.0000,inf,1,0
TGGACCAATTCTCAGC,Y150E Y253G L285T Q482P,1.0000,inf,1,0
TGGACTCCCAAACTAA,Q321P T397I,1.0000,inf,1,0
TGGCCCATTGTTGTTA,V11M L68* N146P D229H K339E,1.0000,inf,1,0
TGGCCTTTATTTAATA,V97L C212K Q247S C279S L355K T377K,1.0000,inf,1,0
TGGGAACAACTTCTCG,M19L E76R T438L T454*,1.0000,inf,1,0
TGGTGAAACCCCCTTG,R256*,1.0000,inf,1,0
TGTAAGGTTCCTCCAC,V65M,1.0000,inf,1,0
TGTAATCACCCGACGA,I15T T106M F399I H448A,1.0000,inf,1,0
TGTAATCTCAACTGTC,K63E E76* F399W,1.0000,inf,1,0
TGTAGTCCTGTGAAAT,W210V K352*,1.0000,inf,1,0
TGTATCCATGCAAAGC,C118Y,1.0000,inf,1,0
TGTCAAACATACACAC,Y172N W210E M312I M410T M414I,1.0000,inf,1,0
TGTCATAATCCCCCGA,S199T N346I,1.0000,inf,1,0
TGTCATGTGCTATAGG,N185L D306*,1.0000,inf,1,0
TGTCATTCACAAGATC,F49K M194W G271F K339P P362A,1.0000,inf,1,0
TGTCTCGAAAAGAGAA,I21D P383N L430Y,1.0000,inf,1,0
TGTGAAAATAGTCTAA,E104N R325Y,1.0000,inf,1,0
TGTGATGGTTATATTC,K88* G240V,1.0000,inf,1,0
TGTGGCGGCAATCAAA,I144D G208V D211N T426L K461T,1.0000,inf,1,0
TGTTACAACACCCCGA,L259R E418* G478*,1.0000,inf,1,0
TGTTACCCAGAGGATG,C86L T376L,1.0000,inf,1,0
TGTTATAATTGACGTA,R235L M332E N470P,1.0000,inf,1,0
TGTTCAACTTAAACCG,N178L D311T I334S,1.0000,inf,1,0
TGTTCGGATATCAAGA,S121E I136D N470L,1.0000,inf,1,0
TGTTTAGAAAGCCACC,K161E S169P E289* L326R,1.0000,inf,1,0
TGTTTGAATTCGATTC,T70W H179*,1.0000,inf,1,0
TTAAAAACGTCCTTCG,P83R L120K S163C D273I A297I C385Y,1.0000,inf,1,0
TTAAACAATGGCCAAA,E104* D122L Y200T M472*,1.0000,inf,1,0
TTAAACAGTTTGAGAC,G54Y,1.0000,inf,1,0
TTAAACTATCCCACGG,L382A,1.0000,inf,1,0
TTAAACTATTGAAAAA,H354T C463S,1.0000,inf,1,0
TTAAAGACACTGAGAG,Q3H M75A Y94L S476N,1.0000,inf,1,0
TTAAATAGTCTACCAT,A177S C463E R491*,1.0000,inf,1,0
TTAAGCCGGCCACTTG,Y66R M194L C279I L349V,1.0000,inf,1,0
TTAATACAGACTGAGA,L73E M332P N395S,1.0000,inf,1,0
TTAATCCACATAGACT,L105V E413*,1.0000,inf,1,0
TTACAAACCAAGTCGA,L203H I361S,1.0000,inf,1,0
TTACATTTTCAACAGA,I21D M80R M410*,1.0000,inf,1,0
TTACCCATCTTATCTG,Y166*,1.0000,inf,1,0
TTACCCTAAATCGATG,M1R P12Q,1.0000,inf,1,0
TTAGAATGTTTTGAGG,T48G Y62G G208M,1.0000,inf,1,0
TTAGAGGCTAGTCCGC,F49Y I334D,1.0000,inf,1,0
TTAGATCCCTTTTCGT,N114S G206R G240E N295W S444N,1.0000,inf,1,0
TTAGCAAACAGGTCAT,T108N Y166L,1.0000,inf,1,0
TTAGCGGCTCGGACAA,L449R,1.0000,inf,1,0
TTAGCGTGTCTTATCA,C180L,1.0000,inf,1,0
TTAGCTCGGGCGGAAG,E10Y,1.0000,inf,1,0
TTAGGTCCTCATATAA,R257L G484M,1.0000,inf,1,0
TTAGGTTCGGTTCATA,S444I,1.0000,inf,1,0
TTAGTGAAAAAAGACT,T249P I345F,1.0000,inf,1,0
TTATCCAAAAGTCCTA,C475F,1.0000,inf,1,0
TTATCGACTCACATAC,S85H I112Y H230L,1.0000,inf,1,0
TTATTATTAGTATAGG,,1.0000,inf,1,0
TTATTTATGAGCTGAC,I15L F262C N470V,1.0000,inf,1,0
TTCAAACACCAACCCA,I15L S267Y A343M G473P,1.0000,inf,1,0
TTCAACAAGAGATAAG,N185Y Y253A,1.0000,inf,1,0
TTCAATGTTGGGCAAG,G2V G34V W264K T376Q,1.0000,inf,1,0
TTCAATTTGGTAGAGT,K33L L142S N209* I239S,1.0000,inf,1,0
TTCAGACTAATAACGA,V44F C57G,1.0000,inf,1,0
TTCAGTGAGCCCCAAA,L188W T376S G460*,1.0000,inf,1,0
TTCATGAGACCTAATA,E72G N148V G159S H179L G378Y,1.0000,inf,1,0
TTCATTAAAAGATTGG,G174E Y253G E303L,1.0000,inf,1,0
TTCCAGGAACATCGTC,I286F H467L,1.0000,inf,1,0
TTCCCTGACATCCGGA,F440R,1.0000,inf,1,0
TTCCGTTATGCATACC,M75V V341Q,1.0000,inf,1,0
TTCGACCCAAACACAT,V47S K272* G460S,1.0000,inf,1,0
TTCGCCAGACAAATAT,K63P Y94* N148S T261K N302T D347N F446Y,1.0000,inf,1,0
TTCTATCCGATTACAA,N409L,1.0000,inf,1,0
TTCTCACCTACAGATA,R55I Y200P V341E D347F,1.0000,inf,1,0
TTCTCCGTGAAACAGG,F140S E303* H457C,1.0000,inf,1,0
TTGAAAAGTTTGGGGG,V5L F318Y T375R F399L,1.0000,inf,1,0
TTGAAGAACTGGAGTA,E104L T249F W264I,1.0000,inf,1,0
TTGAAGATCCGAACTG,N353K,1.0000,inf,1,0
TTGATCGGGGACTATG,M192G T274V L313V P486T,1.0000,inf,1,0
TTGATTCGCCAACGTA,Y363V,1.0000,inf,1,0
TTGCACCAGAAGGCTG,Y129I T190V M332H,1.0000,inf,1,0
TTGCAGCATTAAGAAG,K291M,1.0000,inf,1,0
TTGCCTCATGACGTCG,F7S E16L T40M L103I R207I Q218F N319I K384T S462I,1.0000,inf,1,0
TTGGAATTTTCAGGTA,V18K S143K N148R G206A,1.0000,inf,1,0
TTGGCTAATCCCAGGA,Q232V G276W W283R L442I,1.0000,inf,1,0
TTGGTATATCTATTAA,V431F,1.0000,inf,1,0
TTGGTGTATATGTAAT,V14I S27C T40D Q331H,1.0000,inf,1,0
TTGTACATGAAGTAAA,M192L A297N,1.0000,inf,1,0
TTGTATTGCGTGCGAT,N37Y K63I Y129L I252K,1.0000,inf,1,0
TTGTCCAGTTAGACAA,Y172W Y200L R282C I334S,1.0000,inf,1,0
TTTAAGAAATTAGGAG,F38T L107I N470I,1.0000,inf,1,0
TTTACAGATGTGCGCC,C118G D156* A195M,1.0000,inf,1,0
TTTACCCTAAAGCTAA,T261I E308P,1.0000,inf,1,0
TTTAGATTAAATCTGA,L50N S85L R193M C364V,1.0000,inf,1,0
TTTATCCCATTTGACA,L68V S85F E151P,1.0000,inf,1,0
TTTCAGACAACGAAAT,A297R,1.0000,inf,1,0
TTTCCGCCTTTATGCC,I144L W227V,1.0000,inf,1,0
TTTCGAACCCAAAAAG,Y36C C57V G160H L290N R356G I452A,1.0000,inf,1,0
TTTCTTCAAGTAATAC,A132T E228* Q331E W370* I452R,1.0000,inf,1,0
TTTCTTCAATTGGTAT,S111N N295W L415V K465A G484V,1.0000,inf,1,0
TTTGGACTCTACACTC,F8S H179W M284S C292R D317C,1.0000,inf,1,0
TTTGTTGGGGCCCTGT,A152R W227*,1.0000,inf,1,0
TTTTAGAAAGAGAGCT,V183L D211T E228S K327F I403K,1.0000,inf,1,0
TTTTAGCCCTACTCAG,S27E C155R H179T R248G K300P,1.0000,inf,1,0
TTTTGATCTCGCAATA,T58R,1.0000,inf,1,0
TTTTGCCTATAAAAAT,E16R N209L,1.0000,inf,1,0
TTTTTGACCACCTGAT,Y36H L105H M134P F140R D229M M420Q,1.0000,inf,1,0
GGAGATTAAGCATATA,N79R,0.0000,0.0000,0,1272
TTGAAAGAATAATTGG,,0.0000,0.0000,0,1235
CAGCAAACGTTTATCG,,0.0000,0.0000,0,1154
TAGCAGTACATATGAC,V65L G98K H131K,0.0000,0.0000,0,961
GTACCCTCAGCTCACC,,0.0000,0.0000,0,926
CGACCTTAAAATTGTA,,0.0000,0.0000,0,900
CAGCCAAACTGCTCCT,,0.0000,0.0000,0,882
ACACAAACAATAAGCT,,0.0000,0.0000,0,877
ACGTTTCCGATGCAAT,,0.0000,0.0000,0,846
AAAAGCGTGATTATGT,,0.0000,0.0000,0,829
AGCTTGAATCCCTCTC,Q189G M214I R250S,0.0000,0.0000,0,787
ACAGCACGGCACACAA,A330T A340V,0.0000,0.0000,0,769
CTATATAGGTCAGGGC,N90I N127V,0.0000,0.0000,0,767
TAGTGTATAGAAAACC,I201S R250G S267M,0.0000,0.0000,0,767
AATGTTCCCGGGTAAT,,0.0000,0.0000,0,731
AAACTTGTAGATCATA,S85L M96Y,0.0000,0.0000,0,727
GAAGGAGAGGAAGCCT,Q218L,0.0000,0.0000,0,722
AGTACCTTATGAACCT,G197T L433A,0.0000,0.0000,0,714
GCAGTTGTACGGCTGA,I337S,0.0000,0.0000,0,709
AAAAGAGTGCATTTAC,,0.0000,0.0000,0,708
CTGATCCTATGGTACG,S333I,0.0000,0.0000,0,699
AAATTCAAAAACTTCA,K125R I286Y G478R,0.0000,0.0000,0,689
CCCAATATAAAAAAGC,D130L I458L,0.0000,0.0000,0,677
TAAATAATGTGTAACC,K272E,0.0000,0.0000,0,656
GATTCTATAAAAACAC,,0.0000,0.0000,0,653
CAAGATAAAGTTGGAG,,0.0000,0.0000,0,650
GGGTACCAACAAATTA,,0.0000,0.0000,0,647
ACTTCCAATAGGACTA,,0.0000,0.0000,0,635
CTATAGCCTCGCACAA,,0.0000,0.0000,0,634
GAACCCTTGGCTGAAA,N390L,0.0000,0.0000,0,616
TTACCGGAATACAAAC,S199R S392G,0.0000,0.0000,0,610
ATCCATCTGTTAATAC,,0.0000,0.0000,0,608
TCATAAAACAAATCCG,G198H,0.0000,0.0000,0,604
TAGGTGAAGTAAGATA,I286T,0.0000,0.0000,0,603
AATAATCCGCTATCTA,,0.0000,0.0000,0,596
CTTCCTCATACCAAAG,,0.0000,0.0000,0,596
GCCTAATAAGCAAAAA,N167L,0.0000,0.0000,0,593
TCAATGGCTATTGAAA,E421T S476N,0.0000,0.0000,0,593
GAACGGACCCAACTTC,Y150T,0.0000,0.0000,0,588
CCGTTAGAACAGTACC,,0.0000,0.0000,0,587
ATACCTTAATTTTCCA,G159A I222F S267G,0.0000,0.0000,0,578
GCATTTTGCGTTAAAG,G260T,0.0000,0.0000,0,576
GTTGCGAGTAAACAGT,,0.0000,0.0000,0,576
CAGACCCCATAGAGGC,S163I Y369F,0.0000,0.0000,0,575
CTCAGCCCTAGAATAA,K417Q,0.0000,0.0000,0,574
AGAAGCAATCTAGCGA,S389L,0.0000,0.0000,0,573
GAAAAAAAGGATTAAG,,0.0000,0.0000,0,566
CCACCAATTAAGCAAA,L23A S169P,0.0000,0.0000,0,562
GTATCGAACAACGTCA,,0.0000,0.0000,0,562
GAAACGATATTAAGTG,S171C L479I,0.0000,0.0000,0,560
CGAAATGATACCTGAC,,0.0000,0.0000,0,558
CATATAAGCATAAACA,T263E,0.0000,0.0000,0,557
ACTGGATTGCAATCAC,Y200F T296S,0.0000,0.0000,0,551
GCCCAGGACTTTAAAC,E287A I358V,0.0000,0.0000,0,551
GTAAAGTACTAAATAA,D156V,0.0000,0.0000,0,551
TCTTGCCCAAAATATC,Q3S L142A T438Y,0.0000,0.0000,0,548
ACGGGGGACGATAAAC,,0.0000,0.0000,0,545
TGTACAGAACCTCCAA,,0.0000,0.0000,0,536
TTTTTGATTCAATAAG,V164M,0.0000,0.0000,0,534
GTCTTATTCGCAAGTA,L336T G478S,0.0000,0.0000,0,533
TACACAGATACATCGA,K125W G159V A173N,0.0000,0.0000,0,533
AGACTGTAGTCGATCT,G260M N395H,0.0000,0.0000,0,529
CATACTTTCTAGGGAA,,0.0000,0.0000,0,524
CCCTTCATAAATGACA,F440L,0.0000,0.0000,0,519
AATTTCAACCCCGTAA,,0.0000,0.0000,0,516
CCGGGGGAATAATCTA,M332S,0.0000,0.0000,0,516
ACACTGTAGGAGAAAA,I15A E421Y,0.0000,0.0000,0,510
CCAGACTATAAATGAA,N99S K161H V485F,0.0000,0.0000,0,510
ATGGTAAACAGGTCCT,,0.0000,0.0000,0,507
TCTTCTGATTTACACA,,0.0000,0.0000,0,506
GCTGCTAAGTAGACGG,,0.0000,0.0000,0,504
GTGACAGTCTCACCTC,T70P,0.0000,0.0000,0,503
GAAAAGGTATCACAGA,,0.0000,0.0000,0,502
ACAGATATACTCACAG,,0.0000,0.0000,0,500
AATCAGATGACACGAA,N146K K451R,0.0000,0.0000,0,497
TACGTGAATAATAGAC,,0.0000,0.0000,0,497
AAGGGATCCTCACGGT,,0.0000,0.0000,0,495
AGTTCTGTGGAGCCCG,M75T,0.0000,0.0000,0,494
GATTCAGTACTAAAGG,,0.0000,0.0000,0,494
CCTACACGAGCACTTT,Y62H T182R,0.0000,0.0000,0,493
CATAGAAATGAGACGC,K339E,0.0000,0.0000,0,490
AATGAGAAGTTACTGT,L35A T40R,0.0000,0.0000,0,488
TAATTGGTCCAAGCGC,G174C Q331E,0.0000,0.0000,0,488
AATATTAAAATGACAA,,0.0000,0.0000,0,486
TCACTAAAAAGTCGTA,N167M,0.0000,0.0000,0,484
AGCGCAGCCTAAGATC,G174F,0.0000,0.0000,0,482
GGCAAATAAATTAATT,K417F,0.0000,0.0000,0,481
GAATAAGAACTATCAG,,0.0000,0.0000,0,478
TGCATATATAACATGT,S400L,0.0000,0.0000,0,477
ACCCTAGCACCCGAAT,,0.0000,0.0000,0,473
CAATTACGAGATGAGG,S400R,0.0000,0.0000,0,473
CGTAGGACTCATCAAG,M214R,0.0000,0.0000,0,467
GTGCACAAGGCAGTAT,L290S,0.0000,0.0000,0,467
TAGATGATGTTACCCT,T59S H374S,0.0000,0.0000,0,466
GTATCGCCCTCAAGTG,,0.0000,0.0000,0,463
TCAAGACTATCAGGAC,,0.0000,0.0000,0,458
AAATATTAACATGGTT,,0.0000,0.0000,0,457
AAAAATGTTTCCGCCC,C41A E67L,0.0000,0.0000,0,455
AAACTAATGGCCCGTA,N224D E287D,0.0000,0.0000,0,446
CTATCTCGAAAAAAAT,V65M,0.0000,0.0000,0,445
TTTCCAAGGTCACCCA,K116Y,0.0000,0.0000,0,444
TAATCGGACACCACAC,,0.0000,0.0000,0,442
AAAATTTATTAATCAG,F233M V298A,0.0000,0.0000,0,440
TCTTGCAGTTCATCCC,D273A,0.0000,0.0000,0,437
GTATAATATATACTAT,,0.0000,0.0000,0,433
ATATTAAATTACAGTG,G276V,0.0000,0.0000,0,431
TCTGAATGGTTTGTCT,N346S,0.0000,0.0000,0,431
TCAATGCGACGGCTAC,I445T,0.0000,0.0000,0,430
GTACGGGAGACATAGA,,0.0000,0.0000,0,424
AAGCCTGGACATGGAG,,0.0000,0.0000,0,423
ACCACGGCTGTGAGCC,E104T,0.0000,0.0000,0,422
GTACCAGGCCTTCACA,F7V Q189W R235T S476R,0.0000,0.0000,0,421
TAGTTATGCACTTATC,,0.0000,0.0000,0,420
AGACACACCTCCCTCA,S169D,0.0000,0.0000,0,419
TAATTAGAGTAAACGG,T281L,0.0000,0.0000,0,419
CATACACAAGATCATA,H170R A184G W210E,0.0000,0.0000,0,418
AGTAAGTGATCAACCA,L433A,0.0000,0.0000,0,416
TCCCGTCACACTCGAA,,0.0000,0.0000,0,416
ATGTTGCAGAAATCCG,N158R,0.0000,0.0000,0,415
TCTACGGTTGTTCAAA,N146T,0.0000,0.0000,0,415
TACCACCTAACCATGA,T59V,0.0000,0.0000,0,414
ATGCACGGTCACGAAT,A132H,0.0000,0.0000,0,413
GATCAAAGCATAAATG,T225V Q321L,0.0000,0.0000,0,412
TATATTGTATGAGGAA,D273N,0.0000,0.0000,0,410
TGGGCACCTACGAAAA,,0.0000,0.0000,0,410
AAACCGTACGATGGGT,Q232M G378T,0.0000,0.0000,0,409
AAGAAGCTCCGGAAAA,Y62S Y172S,0.0000,0.0000,0,407
ATCCCAATCCATAACT,,0.0000,0.0000,0,403
CACTCTTACCTGCTAC,F157L L349S,0.0000,0.0000,0,403
GCTTATGATTTTATCT,V183R,0.0000,0.0000,0,403
TATCCTACTGAGAGCT,V28M G260K R314S,0.0000,0.0000,0,403
TATGGCTCCGTAGAAC,,0.0000,0.0000,0,402
AAGGCCGATTTACGTA,L133H,0.0000,0.0000,0,401
GTTGCGTGTATAACCA,S255A G271W,0.0000,0.0000,0,401
AGAAACACATCAAATA,C53L M312I,0.0000,0.0000,0,400
TATACATCAGATAAAC,K451G,0.0000,0.0000,0,400
GATAGACCACTAAAAT,,0.0000,0.0000,0,398
GCCGCCCCAACCTCAC,G240S,0.0000,0.0000,0,397
TAATGCTTTTAGTGCT,Y217R,0.0000,0.0000,0,394
GCAGGGCCTAAGCAAA,S267T,0.0000,0.0000,0,393
ACCAACACTAAAACCA,F117L,0.0000,0.0000,0,392
GCACAAATAGAAGTGT,,0.0000,0.0000,0,392
GTCCGTTAAATGCCTA,T376S,0.0000,0.0000,0,391
TGACACACCTTTCAAA,,0.0000,0.0000,0,390
ACAAAACCTGAACCCA,,0.0000,0.0000,0,388
GAATATGATATTACAA,P145T,0.0000,0.0000,0,388
ATTCTAGATACTAATC,A30S L349Q L387K E418G,0.0000,0.0000,0,387
GCTGATTCATAGTGCA,S143T E396M,0.0000,0.0000,0,383
GATATTCATAATCCCT,,0.0000,0.0000,0,382
ACATCTTCTACTTCTC,E16V,0.0000,0.0000,0,380
GGTATTTTTCAGGATT,A177S Q331V,0.0000,0.0000,0,379
CAGAGCAAATTCTCAT,K272S,0.0000,0.0000,0,378
ATTCCCGTTAACTGAA,,0.0000,0.0000,0,374
GGGCCCTAAGCACCTG,,0.0000,0.0000,0,374
AGCGGTATCAACGCCT,,0.0000,0.0000,0,373
CATACTCGGAGTGAAA,,0.0000,0.0000,0,372
CCATACACGAGCTCCT,A202M I252Y T274W,0.0000,0.0000,0,368
AATAAGAGTACTGTTA,S367R,0.0000,0.0000,0,367
AATAATATTAGGACTA,I24T,0.0000,0.0000,0,366
AATAATGCGGTAACGT,N302S,0.0000,0.0000,0,366
GCAACTTGACGCTTTT,,0.0000,0.0000,0,366
CGTATAGAGTTGAGGT,,0.0000,0.0000,0,365
GAAAGGTTGAATCCTA,Q324L D408Y,0.0000,0.0000,0,362
CATAGGAAGCCCTAAA,F7I Y200A I458L,0.0000,0.0000,0,359
ACAATTGATATAAGAG,,0.0000,0.0000,0,358
GAAACCATCATAAAGA,S27V,0.0000,0.0000,0,358
TTGAGGGGGGTACGAC,V487L,0.0000,0.0000,0,358
ATATTACGGCAGAAAC,W196E,0.0000,0.0000,0,356
CCGCGCCAATTTACAA,R207S,0.0000,0.0000,0,356
CGTCCTGATAGAACCT,V388G,0.0000,0.0000,0,356
CACGTTCAAACGTCGA,,0.0000,0.0000,0,355
AGCCAAGATATGACAG,,0.0000,0.0000,0,351
GTCTCGCTCACATCCC,N158S,0.0000,0.0000,0,351
GTTACACCATAAAATA,,0.0000,0.0000,0,351
ACTTCATTGAAACGCC,L433T,0.0000,0.0000,0,350
ATGCCATGTGACGAAA,S400V,0.0000,0.0000,0,350
CGTATTGATTCTGCCA,,0.0000,0.0000,0,350
GTGTCCACCGGCTGAG,P275C H448Q,0.0000,0.0000,0,350
CACTATAACATCTGAA,K63L,0.0000,0.0000,0,348
GCACCCTAAGTGACTA,S392L,0.0000,0.0000,0,348
AAAGAATTAAGCAAGT,G206I,0.0000,0.0000,0,346
AGGGTAAAGCGAACAA,E151S N224T,0.0000,0.0000,0,345
AACATATCCATTCATT,,0.0000,0.0000,0,341
TACGCATTCAAATAAA,,0.0000,0.0000,0,340
ACCTACTCCTCACAAA,G64N,0.0000,0.0000,0,339
GCACTTAAAATTTTTA,Y150F H179Q,0.0000,0.0000,0,338
TTACAAACTCTTTAAG,M284Y,0.0000,0.0000,0,338
GACGAAAACCCGAATA,N99E,0.0000,0.0000,0,337
GCTGCACGCAAGCTCA,N89D W196T,0.0000,0.0000,0,336
TCATGTTAATAAGCAA,,0.0000,0.0000,0,336
AAGCCGTCATTGAGAA,S389E,0.0000,0.0000,0,331
CAGAAAATACATACAA,,0.0000,0.0000,0,331
GTACCAGAACATGTTC,F38L A343V,0.0000,0.0000,0,331
CTACGCTCGTCGAGAT,T139L S216A,0.0000,0.0000,0,328
GCTCAAAACCCAGAGA,G159V,0.0000,0.0000,0,328
TGGAAAGAATGAATAT,,0.0000,0.0000,0,328
CTATACCTCTGTATTT,,0.0000,0.0000,0,327
GTGCGCTCATCCATGA,T87K P236V,0.0000,0.0000,0,327
CAGACAGGTTCGCCAA,A184H,0.0000,0.0000,0,325
AATCGAAAATTGTTAA,,0.0000,0.0000,0,324
TCTAAAAAATTACATA,A177M,0.0000,0.0000,0,324
TAATGGACATCCTTAA,F7L Q247S,0.0000,0.0000,0,322
TAGTCGCTGAAGTCGC,A123F R257F,0.0000,0.0000,0,321
TAAACATTTAGAACGA,N99K,0.0000,0.0000,0,320
ATGACAGCCTATAGAA,,0.0000,0.0000,0,319
TCCTCATCCATCGATT,K451E,0.0000,0.0000,0,319
GAGAGCTCCGGCGTAT,,0.0000,0.0000,0,318
GCGTGCAAAAAAATCT,,0.0000,0.0000,0,318
TAGACATGAAATCGCA,G186E,0.0000,0.0000,0,318
TGGAGATGGTATTAAG,V97S Y371F S389T,0.0000,0.0000,0,318
TTAATAATATAAAGTG,T281A I452F,0.0000,0.0000,0,317
TTAACCAGTTTTAATA,L71V S169L,0.0000,0.0000,0,316
AAATCCTAACTGAGTA,,0.0000,0.0000,0,315
AATAAAACCGAAAGGT,P236R,0.0000,0.0000,0,314
CAGGTTCCACGCCCAT,V11M G208F,0.0000,0.0000,0,314
CCTTTTCTTCGGAGTG,,0.0000,0.0000,0,314
TACCCTACAACCGGCA,Y62V,0.0000,0.0000,0,314
TGAACTAAACAAGGAT,G174A P486E,0.0000,0.0000,0,314
AAAAAATAACTCTTTG,S392Y,0.0000,0.0000,0,313
ACGAAGGTCTACCAAT,E396K,0.0000,0.0000,0,313
TTAAAGACACAGATCA,K161N,0.0000,0.0000,0,313
GTTCTCAGCAGCCATA,,0.0000,0.0000,0,310
ATTCATTATAAGGCTC,G206L,0.0000,0.0000,0,309
GTTATCGAGGGAAGGT,N127D,0.0000,0.0000,0,309
CCCTGGAGCAGGAGTA,K417R,0.0000,0.0000,0,308
GCGATAGAGTCCGATA,H230V S267D,0.0000,0.0000,0,308
AATTTTACCAATACCG,D122G A152Q Q406N,0.0000,0.0000,0,306
TAGCCATAAAAGTTAT,F140V,0.0000,0.0000,0,306
CCACGTATGTACGAAA,S333M,0.0000,0.0000,0,305
CGGCGAAGCATGAAAT,,0.0000,0.0000,0,305
TATACAAACCCCCACA,,0.0000,0.0000,0,305
CACTGAATTCCCAGTA,N224P N342Y D432L,0.0000,0.0000,0,304
TCGTTAGAACAGTAAA,,0.0000,0.0000,0,304
CATATGACATCGTACG,T108S K300R,0.0000,0.0000,0,303
TGAGTAAGTATGATAA,M284F K481Y,0.0000,0.0000,0,300
AGGAATCATTCCGCAG,M192L I361F,0.0000,0.0000,0,299
CGGAATTAGATACCGT,E17C K272N,0.0000,0.0000,0,297
AGTTGATAGGTTAGCA,S135C G160E I213S I403F,0.0000,0.0000,0,296
GTAGTTGCTAACTTTA,,0.0000,0.0000,0,296
TAATTAGAGAAGGAAG,L120Y,0.0000,0.0000,0,296
CTCAAATATTCTTATG,G64S V65M S267M N395S G484H,0.0000,0.0000,0,294
ACCTGGAGGGATTGCA,,0.0000,0.0000,0,293
TAATCGGTAGCCGGTC,L50C,0.0000,0.0000,0,293
AAGTTGTATGGAGGTG,,0.0000,0.0000,0,292
ACGCTAAATACTCCAA,,0.0000,0.0000,0,292
GAACCCCAAGGACTTT,N90L L433V,0.0000,0.0000,0,292
AACTACGGTGACCTAA,,0.0000,0.0000,0,291
CGGATTCCCTTAGACC,,0.0000,0.0000,0,291
AAATGATTTTTCTGGC,I21F A30S,0.0000,0.0000,0,290
TATGTTTTCTGGACTT,I162M D175R L290I,0.0000,0.0000,0,290
TATTATACCGCTTTCA,A152K,0.0000,0.0000,0,290
AAATCACGGATATACT,A132S,0.0000,0.0000,0,289
TATTACTAACAAATAA,,0.0000,0.0000,0,289
AAACCTTAGTTCTAAT,,0.0000,0.0000,0,287
ATACACAAGGGTAAAA,M192S T438S K488I,0.0000,0.0000,0,287
CAAAAATGCTCAAGCA,I345L,0.0000,0.0000,0,287
CCACTATACCAAATAA,,0.0000,0.0000,0,287
CTATTAAATCCGAGAA,N79V D122G,0.0000,0.0000,0,287
CATATAAATATGTAAC,F117K G276V Y363W,0.0000,0.0000,0,286
AAGTCACAAAGATCCT,E72I,0.0000,0.0000,0,285
CATTTATAGATAAGAA,H467A,0.0000,0.0000,0,285
GAAAATGACTCCTATA,L32S I136M N178I,0.0000,0.0000,0,285
GTTTCGGTAAAAAAAT,G206V,0.0000,0.0000,0,285
TAAGTACGATATATTG,V47T,0.0000,0.0000,0,285
ACTTCCACCGGTTCTA,,0.0000,0.0000,0,284
GACACAACAGACACAT,I136A,0.0000,0.0000,0,284
GCAAATCAAAGTACAA,T101D H471S,0.0000,0.0000,0,284
GTGTATTAAAAACTTC,,0.0000,0.0000,0,284
GCGTACACATACAAGA,M75Y,0.0000,0.0000,0,283
CACCAACTGATATCAG,S171N Y200L Y253V,0.0000,0.0000,0,282
AGTCGTGTCGGTGGAC,F440C,0.0000,0.0000,0,281
GCAGTTGTGTAAATCC,D122L,0.0000,0.0000,0,281
AGCAACTAATGAACCA,,0.0000,0.0000,0,280
AAAAATGATGGAACCT,L142S K300R H305R,0.0000,0.0000,0,278
CTAATAGTTCACTCCT,F38W K161A Y172T A177W,0.0000,0.0000,0,278
AGCAATTATTGAATTG,M96F K490Y,0.0000,0.0000,0,277
ATTCAATGAGTGGTAC,N146V K465S,0.0000,0.0000,0,277
CAGAATATAGAACTAA,I112G,0.0000,0.0000,0,277
GAGGCTATGGAAAAGA,A25W E67H,0.0000,0.0000,0,277
GGTATCAAAAGTGCAG,,0.0000,0.0000,0,277
AACTCTGCAACTTAAA,,0.0000,0.0000,0,276
AAGATCGCGAGCCTAG,P483Y,0.0000,0.0000,0,276
CCGTGTAACTCTCAAT,T101F G276L,0.0000,0.0000,0,276
ACACTAACAATTCAAG,S216P,0.0000,0.0000,0,275
AATTTATACTTCACAT,V31Y,0.0000,0.0000,0,274
ACAGAAGGTTACAAAG,,0.0000,0.0000,0,274
CTAATCATTTCCTTCC,A343V,0.0000,0.0000,0,274
TGACCCATCGCTGAAA,D122T,0.0000,0.0000,0,274
AAGTGTCCCCCAATAA,I350K,0.0000,0.0000,0,272
AGCGGATTAAAAAGTA,D156A N185S R491*,0.0000,0.0000,0,271
CAGTGTTCATGCAAAA,,0.0000,0.0000,0,271
TTTTAATATGGAATAA,,0.0000,0.0000,0,271
AAAATCCACACATATT,G174S,0.0000,0.0000,0,270
AGATACGGAGGACAAT,A30L G64Q F191M,0.0000,0.0000,0,270
GTCCAGAGGTTGAATC,,0.0000,0.0000,0,269
TAGCAGTTGAAACGCC,K161E K352Q,0.0000,0.0000,0,268
TTTTCCGAAACAAGAG,,0.0000,0.0000,0,268
AAGATCATGCCTAAAA,,0.0000,0.0000,0,267
ATCAACCTACCACAGG,E67L H179V M214I R235H,0.0000,0.0000,0,267
ATGAAACCGCATCGAC,S60E M284I,0.0000,0.0000,0,267
AAATGGGCAAGATCGC,S199T,0.0000,0.0000,0,266
CCAAATAGAACACCTG,E421V,0.0000,0.0000,0,266
CCATTCCCTGTGAGAA,N319Y,0.0000,0.0000,0,266
GGGCCCTGTTTGGTTT,A202L,0.0000,0.0000,0,266
GTAAATAAGTACTTAT,G197S,0.0000,0.0000,0,266
TCAGGCGGAATTTACC,,0.0000,0.0000,0,266
TCTAAAACCGCGACGA,Y129F P145N,0.0000,0.0000,0,266
ACTTACAAAGATGCAT,Y217S G391F,0.0000,0.0000,0,265
ATCGATAACAAGCAAA,,0.0000,0.0000,0,265
GGATATTAGCAGTCCG,V65H Q321L,0.0000,0.0000,0,265
AAACCTTTTAGTGAAT,,0.0000,0.0000,0,264
ACACCTCACGCTATTT,,0.0000,0.0000,0,264
CCCCTCTTATTATGGT,,0.0000,0.0000,0,264
CTTAGATTTCATATAG,S205L,0.0000,0.0000,0,264
GGACAGATGAAGACAA,I254L,0.0000,0.0000,0,264
ACCCGACACCTAGGCA,,0.0000,0.0000,0,262
CATAAATAGAAATCAT,Y166G Q232K,0.0000,0.0000,0,262
CTATCGTATTATCTTA,L242K P427Q V435L C475F K481E K488T,0.0000,0.0000,0,262
GCGCAATAGAAGCTGC,,0.0000,0.0000,0,262
GGCGTGGATCTAATGA,V97M K451C,0.0000,0.0000,0,262
AAATAAAATAGGCCGA,,0.0000,0.0000,0,261
GATAACAGTCTTTACA,Y363I,0.0000,0.0000,0,261
GATTAAGAGTATCCAA,N90D R207A,0.0000,0.0000,0,260
GCAGGGTAGCAAAGAC,Q232G,0.0000,0.0000,0,260
GCATCGACGTTACAGA,Y200V,0.0000,0.0000,0,260
TAAAAAAATCGATCTT,L50S,0.0000,0.0000,0,260
AAGAGGGATTGGAGGA,,0.0000,0.0000,0,257
ACTGTTATAGGCCAGA,L51S,0.0000,0.0000,0,256
TATCACCCAACAGAAC,T87Y N148G A176T T215I,0.0000,0.0000,0,256
CTTTTATTCTTTATTA,G478S,0.0000,0.0000,0,255
TCTCGTATTAACGAAA,L32S G45Y,0.0000,0.0000,0,255
TTAAACAAACGTGGTA,,0.0000,0.0000,0,255
AGCAAGAATTAGATTT,,0.0000,0.0000,0,254
ACGTGCCATAATAACA,S163Y,0.0000,0.0000,0,253
ATATTTAAAAACTCTT,,0.0000,0.0000,0,253
CCTTTACAACATTGCA,Q416M,0.0000,0.0000,0,253
CTCCAATCAATGTACC,E10K H93V L105N D156Y,0.0000,0.0000,0,253
TATAAATCTAACAATC,A176L,0.0000,0.0000,0,251
AGGCCGCATCTAGTAC,S234K,0.0000,0.0000,0,250
CTGGGACCACAATAAT,T77F S216P Y363S K461L,0.0000,0.0000,0,250
GCTATTGATGTTAGCA,,0.0000,0.0000,0,250
CATTTTCAACGAGTCC,G186V A407V,0.0000,0.0000,0,249
CGAACAGCAGGACCTC,L266F,0.0000,0.0000,0,249
TAGGAATGTACGGTAC,M284I A340D,0.0000,0.0000,0,249
TTTTTCTTGGAAGATA,F8L,0.0000,0.0000,0,249
GACCAGTATTGAACCG,S91Q N99L,0.0000,0.0000,0,248
TCTGCTAAAAGGTAAG,L43A H92T S199K,0.0000,0.0000,0,247
CAATTACCTAAACTAT,N158T I201Y Q247S S400G,0.0000,0.0000,0,246
GAATAAAGCACATGTT,R325L,0.0000,0.0000,0,246
GGAAAAAAAACGGAAA,,0.0000,0.0000,0,245
AACCTCAAAACACAAT,S389R V487L,0.0000,0.0000,0,244
TTGGCCCTCATCTTTA,I4M R282S,0.0000,0.0000,0,244
ATATCTCTCAGGCCTA,,0.0000,0.0000,0,243
CGTCCGATATATACTT,W227N,0.0000,0.0000,0,242
GCATTTTACCCAGGAT,A132G S163I,0.0000,0.0000,0,242
GAAAGAAATAAAAACA,T106E,0.0000,0.0000,0,241
CGGTACGCGGTAAAGT,E100L F316V,0.0000,0.0000,0,240
TATCAATTATTGATAT,T263G Q335N,0.0000,0.0000,0,240
TGGTCCCGTGCATCTA,,0.0000,0.0000,0,240
AAAAATACTAAAAATA,D156N W210R,0.0000,0.0000,0,239
ATATGAAATAGTGAAA,,0.0000,0.0000,0,239
GGCGTGTAATATCGAA,,0.0000,0.0000,0,238
ACAGAAAACTCCAAAG,,0.0000,0.0000,0,237
GTCTAACCATTAATGG,,0.0000,0.0000,0,237
AACGACGGTCTTCTGG,,0.0000,0.0000,0,236
CCAATAGTGCATCATC,,0.0000,0.0000,0,234
GAATGCAGTAAGGAAA,A177H,0.0000,0.0000,0,233
TTGGCATTCAATGACA,L266K,0.0000,0.0000,0,233
AGCTTGTAAACAAAGA,T87S,0.0000,0.0000,0,232
TAAATTGATATAAACT,,0.0000,0.0000,0,232
TTAGTACTCAAAATAT,,0.0000,0.0000,0,232
AAGGAATACTACGGCA,Y219F,0.0000,0.0000,0,231
ACATCTAAAAATCCAT,,0.0000,0.0000,0,231
ATGAAACCTATTGTCC,,0.0000,0.0000,0,231
CCAATTGCGAATCCAA,G277I L382C,0.0000,0.0000,0,231
ACAAGTTAAGTTGGAA,T59L N89D T101S F318*,0.0000,0.0000,0,230
GCAGTATCCTAGCCGA,F440V,0.0000,0.0000,0,230
TATGAAACAATAGTCA,,0.0000,0.0000,0,229
TAAACATTAAAATTAA,,0.0000,0.0000,0,228
TTGGCAAACACCAATT,,0.0000,0.0000,0,228
AAGACGACGCACTAAG,A173E M214K,0.0000,0.0000,0,227
ACGTATTGGATTTGAC,T87*,0.0000,0.0000,0,227
ACTGAGCAAGTTGAAC,V14F Y172* L220W C385R,0.0000,0.0000,0,227
GCACTGGCATATCGGA,G198V L242H I337V N365L H457Y,0.0000,0.0000,0,227
CTTACACGAACCAGCC,L133W,0.0000,0.0000,0,226
CGCCCTCCTAAAGTCA,,0.0000,0.0000,0,224
CGGCCCTTCTTGCTGT,G98C,0.0000,0.0000,0,224
GGGAGCGAGACTTGAT,N90L,0.0000,0.0000,0,223
AACATCTTAACCCCAA,V14I I201T,0.0000,0.0000,0,222
AACCATGCCGAATAAG,T40L,0.0000,0.0000,0,222
GGATAAAAATTGCAAC,,0.0000,0.0000,0,222
TCAACTCCTATACACG,S171R,0.0000,0.0000,0,222
AAGTTCAGTTAAATAT,M332N K490V,0.0000,0.0000,0,221
CTACATATCGTTGCAT,M214L F233Y F318Q V485L,0.0000,0.0000,0,221
TGTGTAGTTCTTGGGC,T59A Q149T,0.0000,0.0000,0,221
ATACGGAGGGTAATAA,D175S,0.0000,0.0000,0,220
CAAAAATCATAGGAAT,N90F C279* N319T,0.0000,0.0000,0,220
CAAAGCTCAGAATTAG,,0.0000,0.0000,0,220
TGTGCAGACTTCCGCA,S476M,0.0000,0.0000,0,219
TTAACATGGCTGTTTA,S462N,0.0000,0.0000,0,219
AGATCTGAATGATTTT,L103R,0.0000,0.0000,0,218
CGATAAACAAATTATC,K451G V487L,0.0000,0.0000,0,218
AAAATACACGCACAAT,,0.0000,0.0000,0,217
CACAGACCTAATACGT,N90T K161V A202L G484E,0.0000,0.0000,0,216
TATTGATTTTGAACCA,D122E D273M,0.0000,0.0000,0,216
ATAAACAATATTATAA,T182V,0.0000,0.0000,0,215
GAACATCACTAGCTAA,D175R,0.0000,0.0000,0,215
TGTCCTCGCACCCGAA,R207E,0.0000,0.0000,0,215
ATAAACATTAAGGTTG,,0.0000,0.0000,0,214
CAGATGATAAGGTAGC,Q3G,0.0000,0.0000,0,214
GTCAAATGACAACATA,S169A G197F Y393R E421P,0.0000,0.0000,0,214
TCCCAACACACTTCAC,K88S G98A,0.0000,0.0000,0,214
ACTAAAGGACCTGCTA,K327Y,0.0000,0.0000,0,213
GCCGGGTCATATAAAA,D204Y,0.0000,0.0000,0,213
TAATAACAAAAGTACT,D122L N209S E329H,0.0000,0.0000,0,213
CCCCCACATATATAAA,T226Q,0.0000,0.0000,0,212
CCCGGTATAGACATCC,L447V,0.0000,0.0000,0,212
TTAACCGACCTTGCGA,N319T,0.0000,0.0000,0,212
ACATCCCAGAAAAAAA,E228Y,0.0000,0.0000,0,211
GACAATTTAAGATAAC,A184* R356*,0.0000,0.0000,0,211
ATGTACTCCACAATGT,T106L D273E L394F,0.0000,0.0000,0,210
CGCATCTGCTCCAGGT,E287D,0.0000,0.0000,0,210
TATAAAGCTAACAACT,H92R,0.0000,0.0000,0,210
TTAAACCTGATTAGAC,T261F,0.0000,0.0000,0,210
CAATATACCATAGTTC,S27G E100Q K320T,0.0000,0.0000,0,209
CCTAACGATATGCTGT,V431R,0.0000,0.0000,0,208
TCAAAATCCAAATAGA,W210C E307I,0.0000,0.0000,0,208
GAAAAAGGTCTAAGCT,,0.0000,0.0000,0,207
ATGCAGGGATAACAAT,,0.0000,0.0000,0,206
GAATAGATCTCTAACA,N338H,0.0000,0.0000,0,206
GGAAGATAAAATGCAA,R325V F440G,0.0000,0.0000,0,206
GTGACCTCGGCGAAAG,C385K,0.0000,0.0000,0,206
TGAGGCCCCAAGTGCG,L32R L188F V298N,0.0000,0.0000,0,206
AGACTGAAAAACGACA,V485G,0.0000,0.0000,0,205
GGACTAAAAACAGAAT,,0.0000,0.0000,0,205
GAAGTTCCAAGGGACA,E76S A176I,0.0000,0.0000,0,204
TCCGACTCCAGATATA,,0.0000,0.0000,0,204
CCAATTTACTAAATTC,W196F,0.0000,0.0000,0,203
CTTGAGTCTCAAATAT,T274R R491T,0.0000,0.0000,0,203
GTTAAAAAATATAGTG,M351A,0.0000,0.0000,0,203
TTAAACAGCCCTAGAC,A39Q V485Q,0.0000,0.0000,0,203
AGAACAAAAATCACAG,K63T K88Q,0.0000,0.0000,0,202
CTTCAGAAACTTGATG,H374A,0.0000,0.0000,0,201
GGACAAAACACAACCA,V14L,0.0000,0.0000,0,201
GGACAATTATTTACAT,F117Y A177W E307A G391D,0.0000,0.0000,0,201
AAAGGAGCATATCAAT,Q416K,0.0000,0.0000,0,200
TAAAAGTCGAATGTGT,,0.0000,0.0000,0,200
AAACGAAACCTCAAAG,G206K L447T,0.0000,0.0000,0,199
ACATAAAAATTACACA,S171D P275W,0.0000,0.0000,0,199
AGCGTATCAGAACATA,,0.0000,0.0000,0,199
CGAATACCAAAGAAAT,Q189T S199Y,0.0000,0.0000,0,199
TAAAGTAAGATCTCTT,Q3S L32S Q218V L290D K300G,0.0000,0.0000,0,199
TGTAAATAATCCTAAC,Y363F,0.0000,0.0000,0,199
ACTTCGAATGGAGTAA,,0.0000,0.0000,0,197
ACAAATGACAACCAGA,K339N,0.0000,0.0000,0,196
ACCGTATTCCAATACC,N99S,0.0000,0.0000,0,196
AGCATTACCATCACCA,G186I,0.0000,0.0000,0,196
CATCAAAAATGCCTAG,S143Q I254N,0.0000,0.0000,0,196
CATTCGGAGGTATTGA,A195S M214L,0.0000,0.0000,0,196
CCCAATTTAAAAAAGG,P275C,0.0000,0.0000,0,196
CCTGTCACATAGGAGT,R314M,0.0000,0.0000,0,196
CGAACTATCGAAGAAA,,0.0000,0.0000,0,196
TGAAGAGACAAACACA,G271D,0.0000,0.0000,0,196
TTGCATTCTTATAACC,S462G,0.0000,0.0000,0,196
TTTGTCGGAACGTTGA,A30C H374V Y393P,0.0000,0.0000,0,196
CAAGGGTTGTTGAGCA,H92N K451W,0.0000,0.0000,0,195
GTTGTCGACGCACTGG,H230M,0.0000,0.0000,0,195
ACAGGGGGTTAAAGCA,V18L,0.0000,0.0000,0,194
CATTAATAAGCCTATT,G181P R282A,0.0000,0.0000,0,194
ACCTATAATAGAGAGA,S333Y I358L,0.0000,0.0000,0,193
CGAGGCAACTAGACCC,E72K S135L Q149L Y172L R248K,0.0000,0.0000,0,193
CTATAGTATCAGAATA,K417L,0.0000,0.0000,0,193
AGAAAAAATCATGATA,A173T G260N Q335R,0.0000,0.0000,0,192
CACAATTTCAACATTA,A39T N127G,0.0000,0.0000,0,192
GTACCCCTACCCACGA,V164Y,0.0000,0.0000,0,192
TCCATATGATTACCCA,K481Q V485K,0.0000,0.0000,0,192
TTAAATAGCCTAGTAT,,0.0000,0.0000,0,192
AAAACGACAGAGCTTT,,0.0000,0.0000,0,191
CATGGCCGTTCGAAAT,L32T,0.0000,0.0000,0,191
CGGAGTTGGCAACTTA,C53V L168I I201V,0.0000,0.0000,0,191
CTACTAGTTAAAAGTA,,0.0000,0.0000,0,191
GTCCATTTACATACCA,,0.0000,0.0000,0,191
TGTGCTGATAAATCAA,,0.0000,0.0000,0,191
ATCAACCGCAAACCAC,,0.0000,0.0000,0,190
ATCTAACGACCACGCT,S163T G197Y,0.0000,0.0000,0,190
ATTATACCATACAAGC,T225L I286M L447M,0.0000,0.0000,0,190
ACAGTACCCAAGAGCA,L469M,0.0000,0.0000,0,189
ACGTCTTCCAATAAGG,A195S,0.0000,0.0000,0,189
ATCCTTAGATATCCAC,,0.0000,0.0000,0,189
TATGAATGTGTGACAT,,0.0000,0.0000,0,189
ATAGGCAGGCCTACAA,,0.0000,0.0000,0,188
CGTGAAAACTTTAAAA,E287H M472E K481C,0.0000,0.0000,0,188
CTATACCAAATGTCGC,S154N,0.0000,0.0000,0,188
CATTTAAGAATCATAC,,0.0000,0.0000,0,187
AACCAAGACTGCTAAA,,0.0000,0.0000,0,186
AGAGCCGACACAGAAA,Q9W V341A,0.0000,0.0000,0,186
ATACCACTTCCGGCCT,W196S,0.0000,0.0000,0,186
CTACGAACCATTTGAC,Q69G K417N G484S,0.0000,0.0000,0,186
GCTTTCGCCGCCAGCT,,0.0000,0.0000,0,186
AAACAACTAATTCACG,Q331R,0.0000,0.0000,0,185
ACGAAACAAACGTACT,,0.0000,0.0000,0,185
ACTCCTGAAAACCTAG,D156N,0.0000,0.0000,0,185
ATCTATTACAATCAGT,,0.0000,0.0000,0,185
TGAATATAGCGCCCAG,H354T,0.0000,0.0000,0,185
AAATGTGCTAGGCAAA,N89A V97Q N119W,0.0000,0.0000,0,184
AAGTAACTGCAGTCCA,,0.0000,0.0000,0,184
AGAATAAGTAGGACTT,S476K,0.0000,0.0000,0,184
ATTAAATAGGACACTT,G174L A407T,0.0000,0.0000,0,184
CAGACCTTTCTAGACT,,0.0000,0.0000,0,184
CAGGCGTACGTAGGGT,I15V,0.0000,0.0000,0,184
TCTGCCCTTTCACTAC,S205L S367L,0.0000,0.0000,0,184
TGAGCCAAACAGCCAT,E396P K481R,0.0000,0.0000,0,183
TTTATCGTTTAATACT,K63N L78S H179Q H230I V341M N346F M410K,0.0000,0.0000,0,183
ATGCACTCAAAAGCGG,A195G,0.0000,0.0000,0,182
CCCCTGTTCTCTAAAA,T110R S171C D273Y,0.0000,0.0000,0,182
TAAAGAATCAGTAAAA,I112L H131L I358F,0.0000,0.0000,0,182
TATAGATGTATGACTA,S389F,0.0000,0.0000,0,182
TCTTCTTGCATTTATA,,0.0000,0.0000,0,182
TGATAAACGAGTCCTG,H179V N342L,0.0000,0.0000,0,182
TGTGCTATGTTGCTAG,,0.0000,0.0000,0,182
AAACTAATTGAAATGT,Y253L T380E,0.0000,0.0000,0,181
AACAAAAACAGCAACG,F233S,0.0000,0.0000,0,181
CCGTCATGAATATTCA,I112L,0.0000,0.0000,0,181
GCGAGCTCTCTTTATC,,0.0000,0.0000,0,181
TCTAACGACTGGGCAA,M96T R193Y,0.0000,0.0000,0,181
AACAACATGACTATCT,E421Q,0.0000,0.0000,0,180
GAAAGATAACTCGAAA,,0.0000,0.0000,0,180
GATGGCACAGACAGCT,I221H,0.0000,0.0000,0,180
TACTCCAGGCGCGATA,L61Y,0.0000,0.0000,0,180
TCGGCGATACTCTAAT,C385G,0.0000,0.0000,0,180
AGGTCATGTTTAAATG,E104S F399L,0.0000,0.0000,0,179
AAACCTGGTAGAAATA,L479A,0.0000,0.0000,0,178
AAACGTCCTATACAAA,M414S,0.0000,0.0000,0,178
AGCATTAACGGGCACA,T182L,0.0000,0.0000,0,178
ATCTGCTCTGCGACAC,,0.0000,0.0000,0,178
GGGTTAAGAACTAGTG,Q189R I201V K461S,0.0000,0.0000,0,178
TACAAAAGGCTTTCGC,,0.0000,0.0000,0,178
AAACCCCCTGACTTAT,T101A L133Y N146K D175P,0.0000,0.0000,0,177
CAGAGTGACTTCTCAG,Y172W Q348L,0.0000,0.0000,0,177
AACGCTACTGTATTGG,V14L,0.0000,0.0000,0,176
ATCTGCCAAAGACAAT,S111T T182E,0.0000,0.0000,0,176
CTGATTGACAAGAGTC,N90V N319V,0.0000,0.0000,0,176
GATCCCGTGCCTTAAA,S255N,0.0000,0.0000,0,176
ATGCAATTTAAGTGTA,,0.0000,0.0000,0,175
GAAAAATAGCGCTAGG,E10R A299R L372M Q405N M414D,0.0000,0.0000,0,175
GCCTTTTCGCTAGCAC,,0.0000,0.0000,0,175
TAGGCCGACCTCCACA,,0.0000,0.0000,0,175
TGAACGGCGCATGCAA,V5T,0.0000,0.0000,0,175
ACACCCAGCCTCAAAA,M284K,0.0000,0.0000,0,174
CCTCCATATGCCATGC,K126S C231H T249Y L394I,0.0000,0.0000,0,174
CTCCCCATGTCTTTTG,V187G P453S,0.0000,0.0000,0,174
TACATCCGACGTCTGG,R256S,0.0000,0.0000,0,174
TGTGAAGTACGCCGAC,V459S,0.0000,0.0000,0,174
AGCTATCCATGCAGGT,L133T,0.0000,0.0000,0,173
CAACGAAATTACTCCA,G174C,0.0000,0.0000,0,173
GAAAGTAAACTCGCTC,P236W,0.0000,0.0000,0,173
GTTAAACATGCTGGCG,N409S,0.0000,0.0000,0,173
TTATAACTGTCATAAA,F8Y L142K S389N,0.0000,0.0000,0,173
AGTGCTTTTCAGGCAA,P83L L142R V164G V459M,0.0000,0.0000,0,172
CATCCAAACACCCAAA,,0.0000,0.0000,0,172
CCATCGGTATTAAATA,T59S N167L,0.0000,0.0000,0,172
TAACAAACTGACCTTA,,0.0000,0.0000,0,172
TTCGCAATAAACATTT,N90L T426S,0.0000,0.0000,0,171
ACTGTTCCCTTACTTA,Y150A Y172E R250G,0.0000,0.0000,0,170
GAATCATCGGGAACCC,L394*,0.0000,0.0000,0,170
GGGTCCTATAAGTTCG,L32I Q416A,0.0000,0.0000,0,170
TACATAAAGGAGAAAT,,0.0000,0.0000,0,170
AACGACAGTAACGATA,T59S K116N I136L W283M,0.0000,0.0000,0,169
AGTGGTGTCTTTGTGA,V28L K126Y N148D,0.0000,0.0000,0,169
ATAATAACATTACAAT,,0.0000,0.0000,0,169
CAGACCTGAGATAATG,L133H I252R,0.0000,0.0000,0,169
TCACATCTGGGTAGTA,T274K V298F G478R,0.0000,0.0000,0,169
TTTACGAAATACAGAT,S171Y M351F,0.0000,0.0000,0,169
CTACGCAACCTAACAA,N90H A177L N395H,0.0000,0.0000,0,168
GTACGTGCGAAGTTGT,R257K,0.0000,0.0000,0,168
TAGGAATACACAGAGC,T106S S333Y,0.0000,0.0000,0,168
TCCATGATCAGAAATA,D229F L344M,0.0000,0.0000,0,168
ATACCCAATTTAAATC,,0.0000,0.0000,0,167
CAAGCGCAGGCTTTCG,M134F Y200I G294R,0.0000,0.0000,0,167
GAGACTCCTAGTGTAG,L61S T182D,0.0000,0.0000,0,167
TAGCCACACATGTACG,N158C G429T,0.0000,0.0000,0,167
TTACCAAAATAAATAA,W196D,0.0000,0.0000,0,167
ACCAACAATTTCAACG,T40R N390M N395E,0.0000,0.0000,0,166
ATAAACTGTAGAATTT,K88R V487W,0.0000,0.0000,0,166
GACCCTTGGCACTGTC,,0.0000,0.0000,0,166
GATAATGTGATTTCTT,V183T,0.0000,0.0000,0,166
AAACAATTAAGGTACT,K272S,0.0000,0.0000,0,165
AACATGATCCCATAAA,,0.0000,0.0000,0,165
ACATTAGTGAGAATGC,Y66M I239L T263I,0.0000,0.0000,0,165
CTGGTTAATAAAGATA,T110S N158S G174V,0.0000,0.0000,0,165
TCAATCCGTAATCCGT,E100L E104D,0.0000,0.0000,0,165
TTAGAACAGATTAAAC,I252R,0.0000,0.0000,0,165
GAGTTAAAACAATCTA,M332P,0.0000,0.0000,0,164
GTAAAAAATCGAAAAA,L32K P464L,0.0000,0.0000,0,164
TCCATATGAATTCGAA,,0.0000,0.0000,0,164
AAGTATTGACTAGGCT,F140* S199R A340G W489L,0.0000,0.0000,0,163
CCGTGGCACTTGTCTT,E418A,0.0000,0.0000,0,163
ACCTGAGCAACTTAGG,,0.0000,0.0000,0,162
CTTCATTTACAGAATA,I144K T281P,0.0000,0.0000,0,162
GGCGCCGCCCTGGAGG,E228N,0.0000,0.0000,0,162
TATAAATATATGCAAG,,0.0000,0.0000,0,162
TGTAAAGCAGAATCGT,,0.0000,0.0000,0,162
AAAAGTTAAATCAAAA,A195L G260M K481Q,0.0000,0.0000,0,161
CTTGGAATAATCCGCT,Y62L S163W D175Q E287A,0.0000,0.0000,0,161
AGCTACGTGTTCCCTA,G181A K320N D408S,0.0000,0.0000,0,160
CGAAACAGACCCCATA,L382V,0.0000,0.0000,0,160
CTCAGTGGACCGGGCG,N99D I113F,0.0000,0.0000,0,160
TAGGACTAGATCTTAG,L29C,0.0000,0.0000,0,160
TATAAAAAAGGAACTC,V487I,0.0000,0.0000,0,160
TTATAATGCCGGTTTG,N209A S216V,0.0000,0.0000,0,160
CCACGAACCTATCGTC,A328W,0.0000,0.0000,0,159
GAGGGATAATGTGCCG,,0.0000,0.0000,0,159
TATATTAAATGATACA,L32M W210A A299S,0.0000,0.0000,0,159
ACAGGCAGCTCTGATT,,0.0000,0.0000,0,158
CACAGCCGTTCATATT,P275L E287Y,0.0000,0.0000,0,158
GACGTCGGTCCAGTTT,,0.0000,0.0000,0,158
ATAGATTACCTGCGCG,V28I,0.0000,0.0000,0,157
CACTTTACCCCTAGTG,,0.0000,0.0000,0,157
AATAGTCATAATGAAC,L73D S269N,0.0000,0.0000,0,156
CCAACTCCATATGGAG,N99Y D175* Y219N P466M,0.0000,0.0000,0,156
CCGTTATTAACAGATT,,0.0000,0.0000,0,156
GACCCTTATGTGCAAC,G271K,0.0000,0.0000,0,156
TAAGATTAATCCTTGC,E104Q,0.0000,0.0000,0,156
ACGAACACGCGGCCGA,T87I A173L,0.0000,0.0000,0,155
ATAACCTAAATACCTC,,0.0000,0.0000,0,155
CTAAACGTCTGAACTG,,0.0000,0.0000,0,155
CTAAATAATATAATAC,K352S,0.0000,0.0000,0,155
TAGATCTAAGAGGTAT,,0.0000,0.0000,0,155
ATATAGCGCCGCAGAG,T81I,0.0000,0.0000,0,154
TACGACCGATTGCACT,,0.0000,0.0000,0,154
TCGAACTCCCATCGGG,N342D,0.0000,0.0000,0,154
ATGAAAAGGACGGAGA,P236L K425M,0.0000,0.0000,0,153
GCGAAAGAATTAAATT,Y172N W196M D317S,0.0000,0.0000,0,153
GTTTGCGGTAGAGTAG,S234L,0.0000,0.0000,0,153
TGTGACTAGCTAACTG,F293I,0.0000,0.0000,0,153
AAACACAATTGTTAGA,A177G N209Y,0.0000,0.0000,0,152
ACGTGGACCTTGAAGT,D175L,0.0000,0.0000,0,152
ACTCCGTAGAGTCAAC,T101S N167T,0.0000,0.0000,0,152
AACCACGTAGGAAATA,A123Y F147T,0.0000,0.0000,0,151
AATAACGATTTTCCTG,Q232N,0.0000,0.0000,0,151
AATCAGGCCACGTAAT,W196T,0.0000,0.0000,0,151
GAACAAAAAAGCAATA,Q405I,0.0000,0.0000,0,151
GACCAAAAAAAAAACA,,0.0000,0.0000,0,151
TGGAGAACAGTCCTGT,,0.0000,0.0000,0,151
TTTTATATCATAAATG,N338D,0.0000,0.0000,0,151
GGCATGGTGTATGTAT,F7L,0.0000,0.0000,0,150
GTCCTGAATGTATTTC,,0.0000,0.0000,0,150
GTGTCCGATTATGGGA,,0.0000,0.0000,0,150
TCAGACTGCAATAAAA,L61Y S138M P453G,0.0000,0.0000,0,150
TCCTCTGACTTGCCAT,S111K N167I,0.0000,0.0000,0,150
TTTAAATTATGGTGAT,,0.0000,0.0000,0,150
CCAATTGGACATACTA,K425M,0.0000,0.0000,0,149
GCTAATTATATGGACT,,0.0000,0.0000,0,149
AAAGGCAAGCTACTAT,M19W,0.0000,0.0000,0,148
ACATATAAGCCCGTAA,,0.0000,0.0000,0,148
CAGAACCGAACAAAAG,Q232L,0.0000,0.0000,0,148
CCTGCACGACAATAAC,M332T,0.0000,0.0000,0,148
CGTGCACTGCAACCTA,,0.0000,0.0000,0,148
GAAGGTCCATAAAATT,C57W L105P D156N Q218G I239V V341M L349K,0.0000,0.0000,0,148
TTCTTCATAACCTTTT,K368V,0.0000,0.0000,0,148
GTATTAAGATAGGGAG,T263* R379Q,0.0000,0.0000,0,147
GTCTTTAGTCTTAGAC,S121R,0.0000,0.0000,0,147
AAATCGGATAAATGGA,M96H E151F,0.0000,0.0000,0,146
AAGCATTATAATCGAA,,0.0000,0.0000,0,146
TAATAGTAAGAGAATC,Q218K,0.0000,0.0000,0,146
TTACCAGAGCGAACAC,G174F F436T,0.0000,0.0000,0,146
AAAGAGTGTACCAGCC,N158S,0.0000,0.0000,0,145
ATAAACATGCACATCT,,0.0000,0.0000,0,145
ACAAACAATAAAACAT,D156N V164L,0.0000,0.0000,0,144
ATTGTATAATATCCTA,G186L Y200H L242E A328W D402V,0.0000,0.0000,0,144
GTCCTTCCTAGGAACA,W210S,0.0000,0.0000,0,144
GTGAAGGAATATCATT,C364W,0.0000,0.0000,0,144
TCAACCTTGCCCATAG,N158L,0.0000,0.0000,0,144
ACCGCGCTGAGGGTAA,K481Y,0.0000,0.0000,0,143
ATGGGGATACAAAATT,,0.0000,0.0000,0,143
ATTGTTGATTCGGGAT,G174K,0.0000,0.0000,0,143
TGTTTACGCAATAACT,L35A T106I D229F,0.0000,0.0000,0,143
AACTTCGCGTCACTTC,D306H Q405R M472N,0.0000,0.0000,0,142
ACGATCACATTCAAGA,F7R L51N C212G,0.0000,0.0000,0,142
TCAAACGTAACGAAAA,,0.0000,0.0000,0,142
AAAACTAGAGAGGTCG,F140I,0.0000,0.0000,0,141
AACAAAGTATATAATA,C212A R282K,0.0000,0.0000,0,141
GGCTGAGTCACGATGA,,0.0000,0.0000,0,141
GTTTTCCTGTCTCAAA,,0.0000,0.0000,0,141
AAAAGCGTAATAGGAC,L133R L168R E228L N302Y,0.0000,0.0000,0,140
ACACTCCTAACAGTTC,,0.0000,0.0000,0,140
CTATTCTCGAATAAAG,L479M,0.0000,0.0000,0,140
ACCTTATACGTAGACA,L52R C57A N89M R193D T274K H471L,0.0000,0.0000,0,139
ATATCCATAATTTTTT,K125Y,0.0000,0.0000,0,139
ATCAAGTCACCCTAGA,,0.0000,0.0000,0,139
AAGAAGTTCACAGCAT,M96L,0.0000,0.0000,0,138
CATCTAAAAGCGCCAC,G160W,0.0000,0.0000,0,138
GAAACGCATATGTCGT,E228* W264R H305V K488M,0.0000,0.0000,0,138
TACCGAACTATGTAAT,V28A V187L T281L,0.0000,0.0000,0,138
ACATCAGGCAGTGCTT,V28M,0.0000,0.0000,0,137
TAGATCTATAGAAAGC,F7* N114Y,0.0000,0.0000,0,137
AAAATAAAGACGTCAT,S163K,0.0000,0.0000,0,136
CTATATTACAATGACA,Q165L,0.0000,0.0000,0,136
GTAAACAAACATGAAA,I112K,0.0000,0.0000,0,136
TAAGAACCCCAAGACA,,0.0000,0.0000,0,136
TCGAAAATCTCAACAA,M420L,0.0000,0.0000,0,136
TTCCAAAACCCAGGAA,,0.0000,0.0000,0,136
AGAAACAGTACGATAC,G260R Y393F,0.0000,0.0000,0,135
CAGAAAACCCACGCGA,,0.0000,0.0000,0,135
GCCGCGCTTGTTGCGT,H141G F147V,0.0000,0.0000,0,135
GTTTACCTTCAGAACC,S27A,0.0000,0.0000,0,135
AAAAATTTGAGTATTT,W227F L442E,0.0000,0.0000,0,134
AAAATCTCTAAGAATA,G360T,0.0000,0.0000,0,134
CCAAAGACCTCCTTAG,F49I Y66S Y172C I201N,0.0000,0.0000,0,134
TGTGACCACAAAATTG,,0.0000,0.0000,0,134
ATCCACCCGGCGGCGA,E228S,0.0000,0.0000,0,133
CTAAGTAACCCGGCAG,H124S R314S,0.0000,0.0000,0,133
CTGCATAAACCCACAA,,0.0000,0.0000,0,133
GATGATTATGACACGA,C364E,0.0000,0.0000,0,133
GGACCCAAGCAAACGA,H398D A407L,0.0000,0.0000,0,133
GTCCTATGCTCATTCT,,0.0000,0.0000,0,133
TATGTAAAGCACAAAC,N395K,0.0000,0.0000,0,133
TTGTTTAACCGCTGTA,F233L A299S,0.0000,0.0000,0,133
AACATTCAAACCAATA,L168M,0.0000,0.0000,0,132
AATCGAAAAGGAATGA,E307V,0.0000,0.0000,0,132
AATTTACCCAGATTCA,L50Q S199L,0.0000,0.0000,0,132
CCCAGACAATTGATGG,Q335S L349M,0.0000,0.0000,0,132
GAACAATCAATTCACA,E228G E289V,0.0000,0.0000,0,132
GTAACCGTGTGTCAAG,,0.0000,0.0000,0,132
AACAGGACGCATACCA,C180R N365S,0.0000,0.0000,0,131
CCACAATTGAGTATAG,,0.0000,0.0000,0,131
CGAGATCAATAAGCAT,V44M T87R I136L,0.0000,0.0000,0,131
GATAGGGCCTCAAGAT,F8L,0.0000,0.0000,0,131
TAAAGCAAATAGCGTG,K384A,0.0000,0.0000,0,131
AATCTGCAGCACTCTG,L285E V341L,0.0000,0.0000,0,130
AGGTTAACTGCACTGA,T426L,0.0000,0.0000,0,130
ATGCAATTCGTCTCAG,L50P T87E N109W,0.0000,0.0000,0,130
CAGTAAAACATAGATA,,0.0000,0.0000,0,130
CATTGAACATCCCACT,W196L,0.0000,0.0000,0,130
CTTTAAGGTATTTGCT,S367M,0.0000,0.0000,0,130
AGCTTTAAGTAAGTTA,E76V Q165S S171H,0.0000,0.0000,0,129
ATCAAAGCTCTAAACA,T101I T106R A132D T215* Q335S P453F,0.0000,0.0000,0,129
CGAGACCCTCCCCGTT,F147L,0.0000,0.0000,0,128
GAATATTTCCAACGGA,N127S G160V D251L Q405H,0.0000,0.0000,0,128
AGACTGACGAATCAAT,E76C I254W,0.0000,0.0000,0,127
CATCCATAAACATCCC,Q324L,0.0000,0.0000,0,127
CTTTCGGTGTACGCAA,I21V Y172N D204N D229S,0.0000,0.0000,0,127
TAAACTTCGACGCCAG,,0.0000,0.0000,0,127
CCTCATCACCTTGGCA,V28S M134W A299V,0.0000,0.0000,0,126
TCGTGTCAGATGTAAC,L242V Y363* P464L,0.0000,0.0000,0,126
AAATAAACCAACTTCT,F38M Y278H,0.0000,0.0000,0,125
AGTTATAGCTACTAGA,,0.0000,0.0000,0,125
AACATTATTGTCTGAC,G484V,0.0000,0.0000,0,124
ATAAGACTGTAAGTCA,S111D K352V N365T I445H K481S,0.0000,0.0000,0,124
ATACAAACAGTGAATA,S154N A177G R193G K272H,0.0000,0.0000,0,124
ATTTTTTGCCCCACAT,S163V S389A,0.0000,0.0000,0,124
CTCCCATACAAAATCT,I24R S135P N409A,0.0000,0.0000,0,124
CTTTAAATACCGATGC,F49L C155S S234Y G360V,0.0000,0.0000,0,124
GCAAACCTCCCACTAA,N224G,0.0000,0.0000,0,124
TGTTAAAAAGGACGGG,C53G I213L,0.0000,0.0000,0,124
AGGAGATGCGAAATCT,E10F E104Q C231Y K339F,0.0000,0.0000,0,123
GGGTTTTGCTGAAATC,A195V N395M,0.0000,0.0000,0,123
TAACTCAAGAACATAA,,0.0000,0.0000,0,123
TATAATGAAATCCATT,,0.0000,0.0000,0,123
AACTAGTCGTGTGTAT,E16S K291L,0.0000,0.0000,0,122
AATAAATGTATTATAA,R325C,0.0000,0.0000,0,122
ACTTACCGCACCTCAT,A328W,0.0000,0.0000,0,122
ACTTATGGGATTGAAA,G98A F293H S389A,0.0000,0.0000,0,122
CCCAAACATAGCGACG,,0.0000,0.0000,0,122
CCGACGCTCTTCCGTA,Q3A C364W,0.0000,0.0000,0,122
GATTGTTAAAACGAAA,C53N S205I,0.0000,0.0000,0,122
ATCGGAAGGTACCTAC,T101S Y363N,0.0000,0.0000,0,121
CAATATGAAGTCTCAG,L430F,0.0000,0.0000,0,121
CAGCGCTACGTACATT,Q69K A173L H398V K481T,0.0000,0.0000,0,121
TTTAAATACACAAACG,,0.0000,0.0000,0,121
AAAATCATCTGAATAA,K125N M153S,0.0000,0.0000,0,120
CGCTTAGAATACTCAT,G424T,0.0000,0.0000,0,120
CTAAGACTTCACTGAA,E16L H471A,0.0000,0.0000,0,120
GCAGATAATGTAACAG,P145L S163T C231V Y253I,0.0000,0.0000,0,120
TCACGATTCGCTCTAT,R325E,0.0000,0.0000,0,120
TCCTAAACCTAACTAA,,0.0000,0.0000,0,120
TTGAAAACTGTTAATG,T182A C231F Y241I,0.0000,0.0000,0,120
AATAGCAGAGAATCTC,L469D,0.0000,0.0000,0,119
ACAGAATGTGCGTAGT,D156R C292Y S400R,0.0000,0.0000,0,119
CTAACAAGCGATATTC,,0.0000,0.0000,0,119
GCGTATATAACACAAT,,0.0000,0.0000,0,119
GGCATCATGATCCAGC,V5H V97H,0.0000,0.0000,0,119
TAACTACCTTAACAAT,,0.0000,0.0000,0,119
TACGAGCGATCACATT,E76R T101H C364Y,0.0000,0.0000,0,119
AGCTAATCGAACTGGA,T215S E289P L442R,0.0000,0.0000,0,118
ATTATTTAATATAGGA,N90Y,0.0000,0.0000,0,118
TAAGTAATTGGGCCGA,W196S,0.0000,0.0000,0,118
TAGAAAAGATTAAAAA,L142D F318W T375E T412S W489S,0.0000,0.0000,0,118
TTGTAACTTCCCCATA,D175G Y200M S205F Y366W,0.0000,0.0000,0,118
AGAAAGACCGATGCGT,C41S Y150A G174N,0.0000,0.0000,0,117
CCGTCAAAGTAATGAA,P12V,0.0000,0.0000,0,117
CTAGAAGAGGAAAGAT,D317Q,0.0000,0.0000,0,117
GAGCGCACTTATTATG,M284A,0.0000,0.0000,0,117
TAACTTAAAACGCCTT,L315H P427R,0.0000,0.0000,0,117
TAGCACAACAGTCTAG,Y129N S135F L142S,0.0000,0.0000,0,117
AAATTATGCGTTGTCT,T375N,0.0000,0.0000,0,116
AGACGCAGAACAATCT,S216T L344I,0.0000,0.0000,0,116
AGCCATTAGAACGTGC,I4V Y66C S269N,0.0000,0.0000,0,116
ATATCGGGACATCAGT,N89R K300S I443F,0.0000,0.0000,0,116
CAAAATTCTAACTAGA,T139Y,0.0000,0.0000,0,116
CCATACGACACCCTAA,G98D,0.0000,0.0000,0,116
CTATGAAGTACCGACT,F8S G45D R456G,0.0000,0.0000,0,116
GACATGAAACGAGTAT,M134V R491E,0.0000,0.0000,0,116
GAGGACGGACACCTAA,F117Y L133V Q405P,0.0000,0.0000,0,116
TTCTCAATCGTGTGTC,G98S A173V,0.0000,0.0000,0,116
AAAAAAACTATTAAAT,S60R,0.0000,0.0000,0,115
AATCATGAGGAACACC,T77K K320N H448N K481H,0.0000,0.0000,0,115
ACCACGAGTCTTACAG,,0.0000,0.0000,0,115
AGAAGGACGAACCCTG,M1A,0.0000,0.0000,0,115
AGTTGGTTACAGATCC,S400Y,0.0000,0.0000,0,115
CTCTCCGAAAAGGCAT,,0.0000,0.0000,0,115
GACAAAACATCGGTCA,Y94L,0.0000,0.0000,0,115
GATCAACTTCTAGACA,,0.0000,0.0000,0,115
TCATTACACGTTTATC,,0.0000,0.0000,0,115
AGGCGCAGATAGAACA,Y66H L344R N470R,0.0000,0.0000,0,114
CCGACTTCTGAAAAAT,I144H K272R I286N F399L S437N,0.0000,0.0000,0,114
CCTGGACGAGGTACAC,G206I A328L K417V,0.0000,0.0000,0,114
CGTTTCAAAAGGTACG,S367R,0.0000,0.0000,0,114
ACAAGCGCAGAGTAAT,A25S G42K,0.0000,0.0000,0,113
ACTCATTAACGTAGCT,H170L,0.0000,0.0000,0,113
ATAGTGAACCAACGGA,C53N V388A K481E,0.0000,0.0000,0,113
ATATTACACAGCCGCC,H179F,0.0000,0.0000,0,113
ATGATGGTTTGGACAA,L50P V65A,0.0000,0.0000,0,113
CAATGGGACGCTTTGG,T58G A177*,0.0000,0.0000,0,113
CGGATTCAACGATGAT,Q247R,0.0000,0.0000,0,113
GAAAGTTGTATCCAAT,I136K,0.0000,0.0000,0,113
GACCATTGAAAGGCAG,E67D L68I H141W S199N,0.0000,0.0000,0,113
GACGACCATCGTCAAT,H179Q W210Y T296Q,0.0000,0.0000,0,113
GATCAAATCCTTTCTA,A25D I162R,0.0000,0.0000,0,113
GATGCGTTAGTAAATT,Y172L,0.0000,0.0000,0,113
GGGATTAGCTACGATG,L394R,0.0000,0.0000,0,113
GGGTATCATGAACGAT,H124I S205N T225V G484Y,0.0000,0.0000,0,113
GGTATTCGCAGAATGT,T40V L242T Y393N,0.0000,0.0000,0,113
GTAGACACACATAACG,G276C,0.0000,0.0000,0,113
AAACTAGGGCAAACCT,,0.0000,0.0000,0,112
ACTGACAATATCCCTC,,0.0000,0.0000,0,112
CGAAACTACCGACATA,H131W Y200M W210S,0.0000,0.0000,0,112
GAATGATTTAAATACT,L84N T249F,0.0000,0.0000,0,112
GGTTACTTGATTCTAA,Y150F A177M K481S,0.0000,0.0000,0,112
TACAAAAGAGTAACGT,D156S Y200A,0.0000,0.0000,0,112
TACATCATAAATTTTA,S205C I286G,0.0000,0.0000,0,112
TGGCATTAAAACGATA,E76Y R257K T263S K339D,0.0000,0.0000,0,112
TTACACCAGGACCAAC,Y94F I201N,0.0000,0.0000,0,112
TTAGGTATTACACAGC,M153T A184R,0.0000,0.0000,0,112
ACAGAAATAGAACATA,T81L S269M Y366*,0.0000,0.0000,0,111
ACTAATTCACTAAAGA,A152S,0.0000,0.0000,0,111
AGATTAAGAACGACCG,I323L S444G,0.0000,0.0000,0,111
CAAGATGGTAAAATAT,T263I I474Q,0.0000,0.0000,0,111
CACCTGACACTACTTC,F147P N338G,0.0000,0.0000,0,111
CATCTTCACGTTTTTA,M75R,0.0000,0.0000,0,111
CCCATAACAAACAAGA,T40V C57Y W196*,0.0000,0.0000,0,111
CCCTATAAGTACACAT,N167A,0.0000,0.0000,0,111
CCTATTGCACTTCCGG,I221N,0.0000,0.0000,0,111
CGCAAAATTACCATTC,N319H,0.0000,0.0000,0,111
GAACATTCAATTATAA,M312P Y393I P464W,0.0000,0.0000,0,111
GACGGTGCACTTCTAC,E228N G240Y G276Y,0.0000,0.0000,0,111
GATATAACCAAAGTAA,N319A K451P,0.0000,0.0000,0,111
TCAATACGGAGGATGT,L32F F157Y A173L R248S,0.0000,0.0000,0,111
TGTGAATTTTAGAACT,N409P,0.0000,0.0000,0,111
TTGGACTTAATTTACA,P236L,0.0000,0.0000,0,111
AAGTGACCACATCCAC,K481V,0.0000,0.0000,0,110
ACATAAAAATTCAACA,S56T S171C A407C,0.0000,0.0000,0,110
ACCTGCTATTGAGAGA,N178Y A202G F436L P486V,0.0000,0.0000,0,110
CACCACACACATTTGC,E151A,0.0000,0.0000,0,110
CCGTAAAAGAATTCTA,T87Y D432L,0.0000,0.0000,0,110
CTTCCGAATGAAACTT,L32H W370V,0.0000,0.0000,0,110
GATCACACAAACATAC,,0.0000,0.0000,0,110
GCATTGAACATTTACC,L51D W196Q N319R,0.0000,0.0000,0,110
GGACACTTCGACTAGG,,0.0000,0.0000,0,110
GTAAATAAATAGTAGC,N409I,0.0000,0.0000,0,110
TATAGATCAAACCCGG,I162M L259G,0.0000,0.0000,0,110
TTCAGCCATCAGGAGT,D211A T225Y S333R Y366S,0.0000,0.0000,0,110
TTCTGCGTTACCGTCA,,0.0000,0.0000,0,110
ACCGGCAATAGCATAA,W489R,0.0000,0.0000,0,109
ACCTGTTAAGAGGAAT,C155H Y172N T225V R257C D306S,0.0000,0.0000,0,109
CCCCAATTGTTACATC,,0.0000,0.0000,0,109
CCTTAACCACATATCA,,0.0000,0.0000,0,109
GATAGTTGTTGGAAAC,F7I,0.0000,0.0000,0,109
GTTTACCAGGACAAGG,C385V,0.0000,0.0000,0,109
TACTCGTAATTCCCGT,S60N F233D,0.0000,0.0000,0,109
TGCAGACCATACACAT,G98S D175Y,0.0000,0.0000,0,109
CTGAACGTAAAAGCTG,D273H,0.0000,0.0000,0,108
CTTGTTAGATTCAATC,N373F,0.0000,0.0000,0,108
GAAAAGACGATTCAGA,W210V,0.0000,0.0000,0,108
GGGAAACACAGAACGA,N470*,0.0000,0.0000,0,108
AAGACATAATCACGAT,W227G,0.0000,0.0000,0,107
AATTAAACAACTTCGC,Y66V T70L A184S C279L K451P,0.0000,0.0000,0,107
ATGAAGTGAAAGAGAA,T106V E329R,0.0000,0.0000,0,107
CGACTCCTATGATCAC,L78F E228S S444H,0.0000,0.0000,0,107
GAAACCCTAATCCACG,T215S L336D,0.0000,0.0000,0,107
GATAGTCCCCCAAATC,W264L Y419M,0.0000,0.0000,0,107
GTGTAAAGAGGCAAAC,M414I,0.0000,0.0000,0,107
GTTAAGTTCTATGCCA,F147R P275R A340F T377S,0.0000,0.0000,0,107
TAGTATGCCGAAGTAT,E67L F446D,0.0000,0.0000,0,107
TATTACGTAAACATAC,N109S,0.0000,0.0000,0,107
TGATCGAACTAAAGAA,S56N G159H N209L T397I S444N,0.0000,0.0000,0,107
TGCGATGACCCGAACA,Y200N S267H,0.0000,0.0000,0,107
TTAAGCCCGGCCTTAT,,0.0000,0.0000,0,107
TTACACAGATGAGAGG,S163L N178F,0.0000,0.0000,0,107
ATATTTATGTCCGCTA,C279I F434K,0.0000,0.0000,0,106
ATTTTGTGCTATATAT,G174L,0.0000,0.0000,0,106
CACAGTCGCTACCGCA,Y172T A176C,0.0000,0.0000,0,106
CCATAGGGCACGTGTA,,0.0000,0.0000,0,106
GATTTAGAGCTCATAT,,0.0000,0.0000,0,106
GGGGAGGATATGAGCA,E100V N109* L120* S246Y,0.0000,0.0000,0,106
TATCGCCATATCAACT,L142G R256I,0.0000,0.0000,0,106
AACATTAGTAGAATTT,N224D F434M,0.0000,0.0000,0,105
CGCTTAAAAAACTATT,S234A Y371V,0.0000,0.0000,0,105
CTGTTATTACCTACCA,Q232M N470K,0.0000,0.0000,0,105
GAGAATGGTTAGAATC,Q3V M472T,0.0000,0.0000,0,105
GTTGTGGCTCGAGGTA,E151Y D311Y,0.0000,0.0000,0,105
TAGTCAACTCATCAAT,N185L T215S S216I Q335T A343V Y371C S444K,0.0000,0.0000,0,105
TATAGGTAGAAGAATA,C310T,0.0000,0.0000,0,105
TCTGCCTTCGCAATCA,L32S T108H Q223T R356M,0.0000,0.0000,0,105
TGACAGATTGGAGCTT,S138G Y172* M312S S333K,0.0000,0.0000,0,105
TGGAAGACTCTATACG,P483H,0.0000,0.0000,0,105
TTACAATTTAAGAAAA,,0.0000,0.0000,0,105
TTACCTATATAACATT,V388S,0.0000,0.0000,0,105
AAATCAGACTCAAATT,S143G R356L,0.0000,0.0000,0,104
AACCCAAATATTAACT,M75E,0.0000,0.0000,0,104
ACAGCATACTGGATTG,V5Y Q189S Y441F,0.0000,0.0000,0,104
ACGGCTAAATATATCC,W264* Q335R S389R G424T,0.0000,0.0000,0,104
ACTACAAAAGAATGAG,N99L,0.0000,0.0000,0,104
AGCCATCCACCGCTCC,N99* L242N D273S,0.0000,0.0000,0,104
ATACATGATAATAAAC,A152V N319S,0.0000,0.0000,0,104
ATTGAGATATACTCAT,,0.0000,0.0000,0,104
GCACCCTTATGTAATA,L23F,0.0000,0.0000,0,104
GCATCGGTCGATTCGT,M420V,0.0000,0.0000,0,104
GGTAATGATTTGAATA,I445L,0.0000,0.0000,0,104
TAAAAGAATATTTAGT,N90Y T215*,0.0000,0.0000,0,104
TTCACATATCATTAAG,E228A L326G,0.0000,0.0000,0,104
TTCCTCGAACCGCAGG,T263Y,0.0000,0.0000,0,104
AAAGACCGATCAAAGT,,0.0000,0.0000,0,103
AACCACTTCGCAATAG,G2S H455M,0.0000,0.0000,0,103
ACTAAACATAACAGAG,T77E M96C Y217R E228S N338K,0.0000,0.0000,0,103
AGAAAGCCTATCCAAG,M19R N148A K161F Q165H S400W K461M,0.0000,0.0000,0,103
AGACAGACACCGTAAA,E270M,0.0000,0.0000,0,103
ATACGAGATCTGAATG,,0.0000,0.0000,0,103
ATTGATACAAGGATTT,,0.0000,0.0000,0,103
CACTGGAAAAGCGGGG,A328V K481L,0.0000,0.0000,0,103
CGACTATTATCCCCGT,L61A,0.0000,0.0000,0,103
CGCATGTAGAGGGGAG,A176T,0.0000,0.0000,0,103
CGTTATGGTGTGACAT,W227S K352I,0.0000,0.0000,0,103
GAGAACATAGCATCGA,Y62T D251N,0.0000,0.0000,0,103
GGACCTGCAGTTGGCA,A177R,0.0000,0.0000,0,103
GTAAGTGCATTAGCCA,L120V F140L G159D G186I Q223G,0.0000,0.0000,0,103
GTATGAGTAAGAGGGT,M80K D408Y,0.0000,0.0000,0,103
TAAAAGAAACCAGTAA,,0.0000,0.0000,0,103
TAGCAACTGCGACACT,C385L,0.0000,0.0000,0,103
TAGTTTAGGATCTTTG,T182D,0.0000,0.0000,0,103
TCGATGTTGATACCCA,L61G M214S,0.0000,0.0000,0,103
AAGATGAGTTTAATCC,L51A L78I,0.0000,0.0000,0,102
ACTATCAAGTGTATGA,A297Y,0.0000,0.0000,0,102
AGCTGATCAGCCAAAC,F140G V187D A340F Q482L,0.0000,0.0000,0,102
AGTCCATGAAGGACCT,G181R K352S,0.0000,0.0000,0,102
GCTGGCTGATGCAGCT,V5I S143R T274N,0.0000,0.0000,0,102
GTAAGCAACTTAAGTG,,0.0000,0.0000,0,102
TACTATAGTAAGCGTA,M134* D311A,0.0000,0.0000,0,102
TTAACATAGAACTGTT,I144T K352D M410F,0.0000,0.0000,0,102
AAAATGAACATTACCT,G197P S392G,0.0000,0.0000,0,101
AACATAGTTCGACATC,M192K E228*,0.0000,0.0000,0,101
AAGGCCGTCAAAGATG,E151Y G198M,0.0000,0.0000,0,101
AGCTCTACTAAAAGAC,S199P L326P,0.0000,0.0000,0,101
ATAGTTGTTAACGAAT,T48L,0.0000,0.0000,0,101
CACCAGGAGTACTGTG,L50A I337S,0.0000,0.0000,0,101
CAGTCTAAATTAATAC,,0.0000,0.0000,0,101
CTAAACTGCCCTTTCA,A177R,0.0000,0.0000,0,101
CTATACTGACATACAA,A195T Q406G,0.0000,0.0000,0,101
CTCGCAACAAGCCAAC,N185S E287Y,0.0000,0.0000,0,101
GACGTAAACAATTAAC,Q232I N302D Q335*,0.0000,0.0000,0,101
GATTGAAAAAACCATA,,0.0000,0.0000,0,101
TAGCTCACGCACTGGC,K327F,0.0000,0.0000,0,101
TGATAAGTGATAACTA,G276T A288D,0.0000,0.0000,0,101
AAGATATACGTTGCAA,,0.0000,0.0000,0,100
AAGCAACCATAGTCCA,N148G C385L,0.0000,0.0000,0,100
ACAAGCGATAGATCTG,,0.0000,0.0000,0,100
ACACCTACCATCCCTC,M284E,0.0000,0.0000,0,100
ACGTTGGCAAATGTGA,V44S Q324I,0.0000,0.0000,0,100
ACTCCCTCATGCATAC,N119D,0.0000,0.0000,0,100
AGGGAACAAAGGAAAC,S169I,0.0000,0.0000,0,100
ATTAAGAGATTACAGG,L78V,0.0000,0.0000,0,100
ATTCAGGGTGAAAGAT,T101M S267T I334V,0.0000,0.0000,0,100
CACAGAAGGTTGAGAT,A173N T296R Y369P,0.0000,0.0000,0,100
CAGATAAGACCGATTT,,0.0000,0.0000,0,100
CCCGAAATTTAATACG,F117Q,0.0000,0.0000,0,100
CTAGACACCTAAAAAG,G54S,0.0000,0.0000,0,100
CTCTAATTAATGACCA,V11E,0.0000,0.0000,0,100
CTGTAAATAAAGTACG,,0.0000,0.0000,0,100
GAACTTACATAACCAA,N79H T108D,0.0000,0.0000,0,100
GGACGTGATAATGATC,T59D G391F,0.0000,0.0000,0,100
TAATTAGTTGTTGATA,P238H,0.0000,0.0000,0,100
TCAGTATTATAATTCT,,0.0000,0.0000,0,100
TCTCTCTAGACCACAA,G42S,0.0000,0.0000,0,100
TGAGCCCAACTGAACT,A202L,0.0000,0.0000,0,100
AACAGTCGCATTAAAT,S135F G159Y W196R V388E,0.0000,0.0000,0,99
AATCTAGGTACCAAAA,K88N Y129Q H467L,0.0000,0.0000,0,99
ATATATGATACAGATT,T81A I222G L280Y,0.0000,0.0000,0,99
CACGCTAAGCTATTTC,N99Q G360L,0.0000,0.0000,0,99
CACTAACTAATCTTTA,L120Q,0.0000,0.0000,0,99
CATAAATTGGATACGA,T106G A328W,0.0000,0.0000,0,99
CCCTAGAAAAATTAAT,A152Y F262S F309I N338E,0.0000,0.0000,0,99
CGGAGTGTATCCCTCT,,0.0000,0.0000,0,99
GCTACGCAGCTTAGCC,T101L Q218C Q321K,0.0000,0.0000,0,99
GTCGTAAAAACCTACT,L29P S269G G460V P483R,0.0000,0.0000,0,99
TAGACCCCGACACCCG,,0.0000,0.0000,0,99
TGTATACAAATGCATC,,0.0000,0.0000,0,99
ATGAGAAGACGCTGAT,G260R,0.0000,0.0000,0,98
CGAAGATTCCCTGTAC,K327P F434N P453S,0.0000,0.0000,0,98
TCGAGAGGGACGTATA,M80K I201V W227A,0.0000,0.0000,0,98
TTTCAGCATACTCCGT,Q331N,0.0000,0.0000,0,98
AAGGTGCATCTCTGAA,V11C D175L L220D S381R,0.0000,0.0000,0,97
ACACCGAAGAACCACC,F7L G197F N373T W489T,0.0000,0.0000,0,97
ACTAACGACACATATT,,0.0000,0.0000,0,97
ACTTCTCCGCTCAGAC,C155V,0.0000,0.0000,0,97
AGTAGTGTGGCTCAGA,C53T L266S,0.0000,0.0000,0,97
ATCCCAAAGTACAACC,E307P A340V,0.0000,0.0000,0,97
CCGCACCTTACTGTTC,G45I L259K P275L A297Y T426*,0.0000,0.0000,0,97
GAAGGAAATTTTAATT,I254L,0.0000,0.0000,0,97
GAGACAGACCTGATAC,E67Q,0.0000,0.0000,0,97
GAGACTAAAAATAAAA,C57Y S199T,0.0000,0.0000,0,97
GATCCCCACTGACTTA,H230Q K300R,0.0000,0.0000,0,97
GTTGAACGACCACGAA,L61Y E72Y I213L T377G M414Q,0.0000,0.0000,0,97
TATCCTACCTGTTACA,A39G K161V T215L K368G H471S,0.0000,0.0000,0,97
ACCCGAGATTAGCCTA,N109F F233R T265E,0.0000,0.0000,0,96
ACGTTTCTATCCAAAT,,0.0000,0.0000,0,96
AGAAACCAAAGTGCCA,M359V,0.0000,0.0000,0,96
AGAACTGAACAGGCCT,,0.0000,0.0000,0,96
ATACCTCTCGATAAAC,,0.0000,0.0000,0,96
ATCCACATCACATGAG,V97G N119K K125R D347V,0.0000,0.0000,0,96
ATTCTTGTGCCAGTTT,V47F,0.0000,0.0000,0,96
CAACACGTACGATCGT,L29Q H92N G360H,0.0000,0.0000,0,96
CAGAAAAAAAATCTAG,Q3R P236I,0.0000,0.0000,0,96
CCATATTTAATTCTAC,Y172* K352L K488M,0.0000,0.0000,0,96
CGGATTGAAACAACTA,G45T W227S I254V S269T,0.0000,0.0000,0,96
GAGCTACAACACAATT,K63H L285I E396D I474V,0.0000,0.0000,0,96
TATAAGAGTTAGGGAA,T190S,0.0000,0.0000,0,96
TATCCTCCAATAGGCA,H124S K327S K488E,0.0000,0.0000,0,96
TCACATTTCAACTACA,M194R I254F,0.0000,0.0000,0,96
TCCGCAGCTGGCAACA,A132F P145D,0.0000,0.0000,0,96
TGCCTCTATAAGGTCC,N90E N295Q,0.0000,0.0000,0,96
TTCCATACGTTCCCAT,S143L,0.0000,0.0000,0,96
AAGTCGCCAAGCAACA,,0.0000,0.0000,0,95
AATCATGAAAAACCAA,I24F,0.0000,0.0000,0,95
AATTCTAAAGTTACAA,C86F R456Q,0.0000,0.0000,0,95
AGAATTAAACCTGAGT,S163Y A328M T375R,0.0000,0.0000,0,95
AGATGCGAGACATCTT,L258S A288I F440P,0.0000,0.0000,0,95
AGTGAGAACTCTACCT,C231L L428Q,0.0000,0.0000,0,95
ATGTCCAGTCACCACA,T110S K352S,0.0000,0.0000,0,95
CGAGTATAATCGGCCT,D130P,0.0000,0.0000,0,95
CTAAGAAAACCCGCAT,T225K,0.0000,0.0000,0,95
GAAAACAATTTAGCGC,K116P C279R Y366S,0.0000,0.0000,0,95
GATCGATACAATACAG,I4V F140G,0.0000,0.0000,0,95
GCAACAATATCTCTAG,Q405R K465N,0.0000,0.0000,0,95
GCTAGGTGCGCCGGGA,E67S M82A S205V A330D T412I L433M,0.0000,0.0000,0,95
TACACCACAATTAACC,S171V,0.0000,0.0000,0,95
TAGCTCGAACGGCGAC,G54Y Q223L,0.0000,0.0000,0,95
TAGTGTAGCTAATACG,R193D,0.0000,0.0000,0,95
TATCGAGTTACCAACC,S163Y N342Q,0.0000,0.0000,0,95
TTAGACGGTTAACAAA,M134R G484I,0.0000,0.0000,0,95
TTCATAATTCCAGCTG,V183M D357N Q405E,0.0000,0.0000,0,95
AAACGTCCGTTCCAAA,E76C Q149L N373L,0.0000,0.0000,0,94
AAGGAAAGCAGATGAG,G240*,0.0000,0.0000,0,94
AATAGCGTATGTAAGT,V459A,0.0000,0.0000,0,94
AATATTTTGTTACTAA,G208L P486Y,0.0000,0.0000,0,94
AGATCTTGCAACAACA,F157M,0.0000,0.0000,0,94
AGTAGGATTAACAATA,D229E,0.0000,0.0000,0,94
ATAAACGAGGAGAAGA,E396T,0.0000,0.0000,0,94
ATCTCAAATTCGTTTT,S163G R256L R356*,0.0000,0.0000,0,94
CAAAGGACGAATTAAC,S143N A176V,0.0000,0.0000,0,94
CCATATAATACGGATA,M134* T377C,0.0000,0.0000,0,94
CGTCAAAGTTTTAACC,D211T,0.0000,0.0000,0,94
CGTGAAAAGGCCCACA,I112G Y363W I474L,0.0000,0.0000,0,94
CTTCATATAGCACTAA,N178G N209A,0.0000,0.0000,0,94
CTTTGGAGACATCAAC,S171F,0.0000,0.0000,0,94
GACACCGAAATAATAT,T106C H230Q,0.0000,0.0000,0,94
GACTGCCACATTACAC,Q218T T454W,0.0000,0.0000,0,94
TGAAATAGCCTAATAT,K272H W283E G391D,0.0000,0.0000,0,94
AAACAACACGGATATA,,0.0000,0.0000,0,93
AACGTGTATAAATGAT,W227* T274Q I445M K488V,0.0000,0.0000,0,93
ACTTGTAAAAAATATA,,0.0000,0.0000,0,93
AGCCTCGGTGCCATCA,I144P D175T T182N K272N N353P,0.0000,0.0000,0,93
ATGAAACCGTCATGAT,D402T,0.0000,0.0000,0,93
ATGGAGACCAAAAAAA,K63P,0.0000,0.0000,0,93
CAACTTCCACAGTGCA,H93L,0.0000,0.0000,0,93
CCAGATGTGCAATAAC,T397L,0.0000,0.0000,0,93
CCCGAAATTTTGTCTG,G34I V44L V487W,0.0000,0.0000,0,93
CGATGTTTGGTAGATA,G102E,0.0000,0.0000,0,93
CTGTAGTTCTTAGTGC,G478T,0.0000,0.0000,0,93
GGTATCCAACCTTATA,K339R,0.0000,0.0000,0,93
TACTATAGAATGCAAG,V450C,0.0000,0.0000,0,93
TCAGCCCTTTTTCGCA,L120M Y366F,0.0000,0.0000,0,93
AAAAAATCAGATAAAT,P483V,0.0000,0.0000,0,92
AAAAATACCCTACAGT,I136W N146Y R256L C301E D306L K368L,0.0000,0.0000,0,92
AAATAACTCCTAAATG,N89R N319H,0.0000,0.0000,0,92
AACTGATATCACGAAC,I112N,0.0000,0.0000,0,92
AATACGTGTACTCATG,Q3D E270P,0.0000,0.0000,0,92
ACTAGCACCTGGGAAC,R235H N342R P486R,0.0000,0.0000,0,92
AGTCTTCCACGCCCAT,,0.0000,0.0000,0,92
ATTTAAAGGGACTGGA,L203V R257T Q321K,0.0000,0.0000,0,92
CATCGTTCCAAAATAT,V388*,0.0000,0.0000,0,92
CCCGATCAATTAAGGC,T215L,0.0000,0.0000,0,92
CGACCTTGCCCCTACT,E67A G98W T380G S389* Q405V,0.0000,0.0000,0,92
CTTAGATGATTGTAAC,C475V,0.0000,0.0000,0,92
GAGCTACGAAACACTA,K88S N185M I213Q,0.0000,0.0000,0,92
GCGAAAAGTCGCTTCG,F157G Y166T I222T T454I,0.0000,0.0000,0,92
TACACGATGACCAAAA,Y129L H354R,0.0000,0.0000,0,92
TACGCTACGAAGGAGA,A184S,0.0000,0.0000,0,92
TAGACTGTATGCTACA,G2R Q189T L259A P466Y,0.0000,0.0000,0,92
TTAGACCCTACACACT,W210E Y217A L258V T274E,0.0000,0.0000,0,92
TTCTAACAAGGCTTAT,E228Q,0.0000,0.0000,0,92
TTTATGGTCGCGACAG,L78N G181W,0.0000,0.0000,0,92
AAACGAGATTCAAACC,G276S,0.0000,0.0000,0,91
AAGATCAACCATAATA,M359L,0.0000,0.0000,0,91
AAGCACGTCTAAATAA,,0.0000,0.0000,0,91
AAGTATAGCGAATTAC,A30K S85R,0.0000,0.0000,0,91
ACGTCTTCATAAAGCC,L73R L120T,0.0000,0.0000,0,91
ATTGACAAGGAATAGG,R207T R250V S400P,0.0000,0.0000,0,91
CTACGAACATAAATAC,N185R L313R,0.0000,0.0000,0,91
GTTTTGTTTCAGGCAA,G391S,0.0000,0.0000,0,91
TAAATTAAATGGAGCG,L258M F440P Q482L,0.0000,0.0000,0,91
TATAATTAAACCCGAC,S205Y G260F,0.0000,0.0000,0,91
TATTGGTAGATACGGA,S111C A328D,0.0000,0.0000,0,91
TTCCATGAATGATTAA,E76V R207S K327C,0.0000,0.0000,0,91
TTGAGTTTGCGTGATC,M1S E67Y E104P C364L T376I,0.0000,0.0000,0,91
TTGCACACATTTTGCA,S91N,0.0000,0.0000,0,91
TTTAGATTTCGATATG,G206L,0.0000,0.0000,0,91
AAAAAGATATACTTAT,,0.0000,0.0000,0,90
AAACACTCACGTTAAG,H230S S246V,0.0000,0.0000,0,90
AACACTGAACTAAAAG,L415E P453N,0.0000,0.0000,0,90
AACCGGAAATTATGAG,F7A S143P Y200L,0.0000,0.0000,0,90
ACAGCATATAATACCG,L105D N209G I337A,0.0000,0.0000,0,90
CATCGGGAGAAATGGG,,0.0000,0.0000,0,90
CGGCATAATCGTATAG,S56R A132V L326P K481L,0.0000,0.0000,0,90
CGTCCTCATCTACGAT,G34V K161Q G197R L220I W264L C477K,0.0000,0.0000,0,90
CTTGACCACTTTAATT,M80* G174M,0.0000,0.0000,0,90
GACTCGAGGACCGTTA,L355F I458V,0.0000,0.0000,0,90
GAGCCATATCAATTGA,M82* T139S F316N,0.0000,0.0000,0,90
GATTCTGCAAAATGCA,F8A C86Y N90L L128W N209E Q232* H471T,0.0000,0.0000,0,90
GCTAAAAATATGAAAC,K88L S216M,0.0000,0.0000,0,90
GCTCTCCTACAGACTC,G2D T87L E228K,0.0000,0.0000,0,90
GGATACACAAAATCTC,G64M H170K,0.0000,0.0000,0,90
GTGCCTAACCCGTTTG,,0.0000,0.0000,0,90
TAAACAAAATGATTCT,I24L Q232P,0.0000,0.0000,0,90
TATGGTTATGTAAAAA,,0.0000,0.0000,0,90
TCACAAAGGCTTAACA,K63A N74L W196M,0.0000,0.0000,0,90
TCAGTTCCGACGATAT,S135V C155W C385R,0.0000,0.0000,0,90
TCTTTTATGTAGGAAT,F117I K368C L394E P464Y,0.0000,0.0000,0,90
AACATTAAGCTAGTTA,D130S R207Y L344K,0.0000,0.0000,0,89
AACTCCGCTGACGAGT,M80L G277T L290H,0.0000,0.0000,0,89
AGACGAAAAAATCAGT,L313P Q324T,0.0000,0.0000,0,89
AGTTGCATATATAATG,A39I P383S F446P,0.0000,0.0000,0,89
ATACGACCCTAGACAA,T40F F399L D408S,0.0000,0.0000,0,89
ATAGACACAACAGAAA,S27F L168W,0.0000,0.0000,0,89
CTCTCCCAGACCGTAA,A173I A202M V459H G478V,0.0000,0.0000,0,89
TAGCTGCAGATTCACC,M75T K481L,0.0000,0.0000,0,89
TCTACCAAAATTGGAC,Y62N L73R Q223K W227L M414H,0.0000,0.0000,0,89
TCTCATAACTGCCGAC,A123F G271V,0.0000,0.0000,0,89
TGAACAGCATACTAGA,K352L F446L,0.0000,0.0000,0,89
TGCTGTCGCGAACGTA,G208R C477F,0.0000,0.0000,0,89
TTATTTAATTAACTCA,K63L T101A T190H S437K,0.0000,0.0000,0,89
AAGAGCCATACCTGTA,L120M S437I,0.0000,0.0000,0,88
ACTTAAGCAGCCCATG,A25R K339F P362S,0.0000,0.0000,0,88
AGACATCATTTACCAT,I144R E404Y,0.0000,0.0000,0,88
AGGGTATCCTAGTTGG,S154G A195L A407S,0.0000,0.0000,0,88
ATAATGAATAGTGCTA,T263R,0.0000,0.0000,0,88
CAATAGGAGATTCAAA,G276D,0.0000,0.0000,0,88
CAGCTCACGATCGGTA,,0.0000,0.0000,0,88
CCGAGCTCCATACTTT,N224D M472V,0.0000,0.0000,0,88
GAACCTCAACAGGACT,T106C S246N,0.0000,0.0000,0,88
GAAGAGTTTGACGGTA,T110* I252M,0.0000,0.0000,0,88
GCCGAAGTAAATTACG,F191W N470R,0.0000,0.0000,0,88
TATTCAAAAAAGGAAG,,0.0000,0.0000,0,88
TCCAAAAACGACAGAT,N178V R207H R235W L242I,0.0000,0.0000,0,88
TGGACGTTCCAGGTCC,A288N Y393H,0.0000,0.0000,0,88
TTAATCAACTTCACGC,S154R R193M Q331L,0.0000,0.0000,0,88
AAACGACTGCTGAGGT,,0.0000,0.0000,0,87
AATCAAATCCTTTGTT,S255T,0.0000,0.0000,0,87
AATCTCAGGTGTTGTT,I136D L382F,0.0000,0.0000,0,87
ATAAAAGCGTTCCAGA,I213M G294R L336D L415Q E421G,0.0000,0.0000,0,87
ATCCGCTCGAACCAAT,D317F D357S,0.0000,0.0000,0,87
CACAACTGTCCACAAT,,0.0000,0.0000,0,87
CACTCTCATAGCATTC,,0.0000,0.0000,0,87
CATTCTCTCATTGATG,A30W T59L T101R D122H Y129S D204V I443S,0.0000,0.0000,0,87
CGAAAAATTAATGATA,L51I N390F,0.0000,0.0000,0,87
GAATCACCTTCCCTAA,N209R F233S T249A,0.0000,0.0000,0,87
GACCTGTATGAATATA,V5I H13R M75A P236C D273C E289P K368W L415Q,0.0000,0.0000,0,87
GACTGAACTAACCGCA,H93K I254T K425I,0.0000,0.0000,0,87
GCAAACATAGTAACAA,K417W,0.0000,0.0000,0,87
GCCAGCATGATTCCTA,L142E I162H G360Y E404R,0.0000,0.0000,0,87
GTCTGTACATACGACC,N99F M153R,0.0000,0.0000,0,87
TCATTAATGGATAAGC,L68W C155L Y200S,0.0000,0.0000,0,87
TGGTATTTCCTAGATG,Y66W E100K G208C,0.0000,0.0000,0,87
TTAATGTTTTTAACAT,N185F,0.0000,0.0000,0,87
TTGGTACGTCACAATA,L142G,0.0000,0.0000,0,87
TTTAAACTCACAATAC,,0.0000,0.0000,0,87
ACATGCTGTTGTGACT,L259Q I337* S389D,0.0000,0.0000,0,86
ACCGTTACAGCAAATA,G34* T108N,0.0000,0.0000,0,86
ACTGCACGTTTGCATA,A407T,0.0000,0.0000,0,86
AGACTAGTGACTAAAA,F140S M194F W386* K465E,0.0000,0.0000,0,86
AGCAACATGTCATTGC,G391I,0.0000,0.0000,0,86
ATATACTGCTAGGGGA,L103P W283R L433*,0.0000,0.0000,0,86
ATCCGAAAGTGAGGTA,,0.0000,0.0000,0,86
ATGACGATAGCTCATC,L51F,0.0000,0.0000,0,86
CACATCACTGATAGCA,N99K W196M D268M,0.0000,0.0000,0,86
CGGACTCGATGAATAA,K116N G160K N409C,0.0000,0.0000,0,86
CGGCGTAGACCCAAAC,N90T W264G,0.0000,0.0000,0,86
CTCCAAACTAACTCGA,V14M,0.0000,0.0000,0,86
CTCGATGTGTCGGACC,T48* E72K A202T C364S,0.0000,0.0000,0,86
GAGCTAACGTACAAAC,,0.0000,0.0000,0,86
GATATGAAATAAGATG,S205N,0.0000,0.0000,0,86
TAAACGGAAGATTAAT,F157D G181F Q406C,0.0000,0.0000,0,86
TAAATTCACTTAGGAG,I24C Y200N A288H W370L,0.0000,0.0000,0,86
TACATAGTAATAACTG,L43T L52G,0.0000,0.0000,0,86
TGTCACCTTGCGATTA,T225R A297I,0.0000,0.0000,0,86
TTCACGTCGTAAGCAG,D268K N319R E421Y,0.0000,0.0000,0,86
AAATGGCGCAATTCAC,Q165S C463T P483L,0.0000,0.0000,0,85
AACGTTAATTGCAAAG,A173P Q232K Q482N,0.0000,0.0000,0,85
AATGAGAAGTAAAACA,K488L,0.0000,0.0000,0,85
ACCTTCCACGGCGCGT,H398I,0.0000,0.0000,0,85
ATCAAGAGCAATACGA,,0.0000,0.0000,0,85
ATCCTGGCCCAAAAGA,N74A F157M,0.0000,0.0000,0,85
ATCTAAATATCTGCTG,T438C,0.0000,0.0000,0,85
CAAAACTCTTTCTACA,M1A V431T,0.0000,0.0000,0,85
CAAGCCAATACTTGAC,K465L,0.0000,0.0000,0,85
CAGTAAATTTCATGGT,,0.0000,0.0000,0,85
CTTCATTGAAATTAAC,G271H,0.0000,0.0000,0,85
GAAGTCTGTGAACCTG,K417V,0.0000,0.0000,0,85
GATCAACCGACGCCTA,T226D D311S,0.0000,0.0000,0,85
GATGAAACGACTGGAT,L245G T261F R282A,0.0000,0.0000,0,85
GCTCGGGTCTAATGAA,K339C,0.0000,0.0000,0,85
TATGGGCATGAAGAAA,Q232R,0.0000,0.0000,0,85
TTATACATCCGAAATA,H13L,0.0000,0.0000,0,85
AAAAAGAAGCCTACAG,Q321*,0.0000,0.0000,0,84
AAACGCGCGAGGGAAA,G271H,0.0000,0.0000,0,84
ACGACGTTCTACCTGT,D130I D175T,0.0000,0.0000,0,84
AGTTTTAAAGAACAAA,S389N,0.0000,0.0000,0,84
CCCAAATCAAATTGTT,,0.0000,0.0000,0,84
CTACAGATTGATTAAC,A152R,0.0000,0.0000,0,84
GAATAAAACTTGAGAT,,0.0000,0.0000,0,84
GCCGAGACTTCTTGCC,M96I K126R,0.0000,0.0000,0,84
GGAATCGCTAGTAGAA,,0.0000,0.0000,0,84
GTGTTTAATAGGAATA,L73H V164Q,0.0000,0.0000,0,84
TGACATTAGCATCAAC,M351I,0.0000,0.0000,0,84
TTACCATTAGCTGGTA,F316S C364L V459N,0.0000,0.0000,0,84
ACATAGAAGCTGAATC,,0.0000,0.0000,0,83
ATTGAAGAAAAAATTC,R207K T261K,0.0000,0.0000,0,83
CACTAATTAAAATAAC,,0.0000,0.0000,0,83
CATACACCTGTCAAAC,G34F C53K G277C,0.0000,0.0000,0,83
GAAAAAAAACCGACAA,F117R V435W,0.0000,0.0000,0,83
GAAACTCAAGAGCTCA,L382N,0.0000,0.0000,0,83
GACCAAAACAATACCT,Q9* W210S K417* K465F,0.0000,0.0000,0,83
GAGGACGCCTAGATAA,L61S T225C,0.0000,0.0000,0,83
GATCCTTATAGAGTGC,Y200N,0.0000,0.0000,0,83
GGACCATTAATCTGAC,K304* H354T,0.0000,0.0000,0,83
TAAACAGACAAAGGGT,H179K,0.0000,0.0000,0,83
TCATGCGAAGAAACGT,N302K,0.0000,0.0000,0,83
TCTATAACACAAAATT,G260T,0.0000,0.0000,0,83
TGATACGTTGTATCAA,N109G P483T,0.0000,0.0000,0,83
TTAATATGCATAACAA,W283M S381* W489G,0.0000,0.0000,0,83
AATGTAAACAAAACTG,F157T F318I F440M,0.0000,0.0000,0,82
ACAATACAAATTTAAA,M1G R491K,0.0000,0.0000,0,82
ACTGTTGGGTTACCGG,H354A I361L,0.0000,0.0000,0,82
AGAGATCTCAACAAGG,A132H D347E K352T,0.0000,0.0000,0,82
ATTAGTTCAAAATAAA,,0.0000,0.0000,0,82
ATTTTGGATCGGACCA,L46D L168T Y219C M284* L394F,0.0000,0.0000,0,82
CAGGAGATTAACAATC,,0.0000,0.0000,0,82
CTGAAAACCAATAAAA,S121L I137N,0.0000,0.0000,0,82
GAAGCGAACTTGTAAT,R193E R250E,0.0000,0.0000,0,82
GATTAACAAGTGATAA,F293Y,0.0000,0.0000,0,82
GTCATAGACAACTTTT,S163Y D273Y H305Y,0.0000,0.0000,0,82
TAACTACACTGAATAA,W264S C279S Y371R,0.0000,0.0000,0,82
TATGTAAAAACCAAGA,R379*,0.0000,0.0000,0,82
TATTGGCATATCAAGA,,0.0000,0.0000,0,82
TCGGACAAGGCTGTTG,Q423S,0.0000,0.0000,0,82
ACGAAATGATGATTGA,Q406K N409S,0.0000,0.0000,0,81
CAGTCAAATGTAAATT,,0.0000,0.0000,0,81
CATACAAATATGTCTT,F233K L394W,0.0000,0.0000,0,81
CCCACCCGGAAAGACA,K425V,0.0000,0.0000,0,81
CCGACGATATATCAGA,T101V K465P,0.0000,0.0000,0,81
CGCGTATACACAAATT,G102K V485*,0.0000,0.0000,0,81
GAAATACTTTCTAGAA,,0.0000,0.0000,0,81
GAACATAAACTAGTAT,I112F,0.0000,0.0000,0,81
GCTATTATACGAGTCG,E100N Y150V S205T Q335S,0.0000,0.0000,0,81
TCAACATACCTAAACC,,0.0000,0.0000,0,81
TTAAACCCTAAACCTA,I136T E287Y,0.0000,0.0000,0,81
TTGCCCGGAATCAGGC,E67R E100G G208S F262S,0.0000,0.0000,0,81
AAAAATCTGAATATTA,,0.0000,0.0000,0,80
ATAGCCTTAGTGTCAA,H179S Y200W,0.0000,0.0000,0,80
CAGATAAAGAAAAATA,,0.0000,0.0000,0,80
CAGCCAAAATCCGAGC,F7S T48K,0.0000,0.0000,0,80
CAGTAGGTCACTGAGA,R356M,0.0000,0.0000,0,80
GAGAATAAAAGGCAGC,E151W T182K,0.0000,0.0000,0,80
GCAGAATTTGGACGCA,,0.0000,0.0000,0,80
TGATAGAGGACGGCGG,N409R,0.0000,0.0000,0,80
TGCTAGACGTCAAATG,,0.0000,0.0000,0,80
TTAAGATGCATATACA,T58W L433K,0.0000,0.0000,0,80
TTGGTAGCGGACAACA,H230S L285I S476R,0.0000,0.0000,0,80
TTTCTCAGCTACCGGT,L35T R314S K384I,0.0000,0.0000,0,80
AAAAATTCATTAACTT,D273S Y393V,0.0000,0.0000,0,79
AAATGGTTTAATTGGA,N295S,0.0000,0.0000,0,79
AAATTACAGTAAAAAG,L51K T87S Q247V,0.0000,0.0000,0,79
ACAACGGCGCAGGAGC,C301Y C385I L415M,0.0000,0.0000,0,79
ACAATACCCCGAAGGT,,0.0000,0.0000,0,79
ACCGTCAAACTAGTAC,,0.0000,0.0000,0,79
ATAATATCAATTGACA,,0.0000,0.0000,0,79
ATTGGCGACCTATGTA,,0.0000,0.0000,0,79
GCAAGAATCCATATAC,S171I,0.0000,0.0000,0,79
GCAGTAAACCATAGTG,,0.0000,0.0000,0,79
TCATGATTTCCAGTCT,,0.0000,0.0000,0,79
TGACGGCTCCTTCCTG,I201L,0.0000,0.0000,0,79
ACTATCACAGAAAATT,K116N S255K L259H,0.0000,0.0000,0,78
AGATGCTGTTAAGATT,S143C,0.0000,0.0000,0,78
CACAGCCACGGTCAAG,N74G H124I N148Y,0.0000,0.0000,0,78
CCCATTCAAAGACGGG,I4P I21Y L105R K461Q I474L,0.0000,0.0000,0,78
CCTGATCCCGGATGGT,T226L W283V T377H,0.0000,0.0000,0,78
GACCGAGTAGTTTTCT,S138A D357V,0.0000,0.0000,0,78
GCATCCCTACACACTC,L415M,0.0000,0.0000,0,78
TCTCACTGTAGGGTGC,V28L L258V A299G F316L,0.0000,0.0000,0,78
TGATGGCTTAATTCAA,T58* E100V Y369L,0.0000,0.0000,0,78
TGGTGATTTACATTCA,W283L,0.0000,0.0000,0,78
AAAATTATTTAGGAAA,R55V Q165* S400N C463N,0.0000,0.0000,0,77
AATGTATTATCACTTG,V485T,0.0000,0.0000,0,77
ATGGGTAATTAGCAAA,F191A S437I,0.0000,0.0000,0,77
CACTTTTTGGCACTCG,K125F P238M,0.0000,0.0000,0,77
CCGCGTACATTCAATG,G198S,0.0000,0.0000,0,77
CGCCACCCTCTCCTGG,L32V L78K K339Y,0.0000,0.0000,0,77
CTGTAACCGTAAAGTA,A39P Y166* S171N S255L,0.0000,0.0000,0,77
GCAGAGTGAGGAAGTC,K291R L382V H457*,0.0000,0.0000,0,77
GTAAGTTTCTTGTGTC,K417L,0.0000,0.0000,0,77
GTATGCTCATTCCCGA,S205M P362L T380K G473I,0.0000,0.0000,0,77
TGGATGCTAATCAAAA,A299N,0.0000,0.0000,0,77
AAAAACAGTCCAGCAA,,0.0000,0.0000,0,76
CCAAAAGATAACTAGA,T6L A173D T438F,0.0000,0.0000,0,76
CCGCTTACCATTAATT,A195W N390Y,0.0000,0.0000,0,76
CGAACACGCAATGGTG,C41E,0.0000,0.0000,0,76
CGACCGAGAAACAAAT,G174A C180H K291R L313E,0.0000,0.0000,0,76
CTGTGATATGCCGATC,T249Q K352E H398Y,0.0000,0.0000,0,76
TGTGCCTTACAAAAGA,I445A,0.0000,0.0000,0,76
AAAACCCCTTACGGCT,M82G,0.0000,0.0000,0,75
AAAATAACCCGATATG,W386T,0.0000,0.0000,0,75
AACTCCTTGGGATAAA,C57F,0.0000,0.0000,0,75
ATTTGAACGATACCGC,G45V C310R G484S,0.0000,0.0000,0,75
CAAATACAATATTTTT,M284K R325G S439G,0.0000,0.0000,0,75
CCAGTATAAAAAGGGC,I137C,0.0000,0.0000,0,75
CGAACTACTGTTCATA,C155R L349M,0.0000,0.0000,0,75
CTGCAAACTAAACAGC,,0.0000,0.0000,0,75
GACATCACCTGGCTTC,,0.0000,0.0000,0,75
GACGAACATTATTCAA,A39G H230F,0.0000,0.0000,0,75
GCACGCGTAACCAATT,P12Y T58E D311S,0.0000,0.0000,0,75
GCCTTGCCAATATACA,T48W Y62F N390L,0.0000,0.0000,0,75
GGTTGGAAATGCAAAA,S199T R356L H467V,0.0000,0.0000,0,75
GTCGATAGCCTCAGGA,V22C D251S H471F,0.0000,0.0000,0,75
TACCTATGAAAAAATA,W264V,0.0000,0.0000,0,75
TCCACAACAAAGAGAC,D317C,0.0000,0.0000,0,75
TTTCGAGCTTTCGCTT,D156Y I221G,0.0000,0.0000,0,75
AAACACAAACTGACGA,T375Q,0.0000,0.0000,0,74
AAATTGGGACAACAAA,Q149P,0.0000,0.0000,0,74
ATAAAGGCTAGCGTTG,C41I T59W I221Y G271I Y278* G424*,0.0000,0.0000,0,74
ATAGGGAGTTAGACCC,C385Y,0.0000,0.0000,0,74
CAAAAGTGGACTTGAA,,0.0000,0.0000,0,74
CATAAACATTAGCTGG,S135P,0.0000,0.0000,0,74
CCCGTTCAGCATCACT,I252R K417D,0.0000,0.0000,0,74
CTTCTGATGAGTTAGT,E17G T48L E100V G186*,0.0000,0.0000,0,74
GAAAACTAACCAACAC,L107* I358R I452F S462A,0.0000,0.0000,0,74
GCCCTCCGAGGAGTCC,K63L F233R T377I,0.0000,0.0000,0,74
GGTCGTAAGACGGGGG,Y129H N178Y N365T W489L,0.0000,0.0000,0,74
GTGTCACGCGAGAGTC,Q149K C463Y,0.0000,0.0000,0,74
TAAACCTGTTATTATC,L50A A343V S367T,0.0000,0.0000,0,74
TAGAACAAAATGAAAC,L61Y Y278* M312R Y369W,0.0000,0.0000,0,74
TCGCGAAAAGTCCATG,F49E C57Q D268S K272V T281Y A322W,0.0000,0.0000,0,74
AAAAAACAAAAACTCC,Y66S,0.0000,0.0000,0,73
AAAAATGACGAGCGAT,V187Q M359G,0.0000,0.0000,0,73
AATGAATTGTAATGAC,I144S V164H K451Q,0.0000,0.0000,0,73
ACGAGCTGAGCAACCA,A39S,0.0000,0.0000,0,73
ACGGAACTAGAGAGTA,I213S,0.0000,0.0000,0,73
AGTGTCTCACCAAAAA,G98W W370*,0.0000,0.0000,0,73
CTTTAGCGTAGATCTC,T225G L242Q,0.0000,0.0000,0,73
GAGCTAATGTGTAAAA,Y200F T249S N353* L394N,0.0000,0.0000,0,73
GTTGAAATGCCATACT,S121P M472V,0.0000,0.0000,0,73
TCTTTTACGATCAAGG,H13A V450I,0.0000,0.0000,0,73
AAGCCAAAATTAAGAT,T58G Q223* K461N S462C K488E,0.0000,0.0000,0,72
AGACAAACCCCATATA,Y94N W264N F318Y,0.0000,0.0000,0,72
AGCTAGAACCAGACCT,,0.0000,0.0000,0,72
CAATACGATATCACAA,M1W L52T,0.0000,0.0000,0,72
CACCTCCATAAAAAAC,T40Y S476F,0.0000,0.0000,0,72
TATTATTATCAAATCC,T225I K461T,0.0000,0.0000,0,72
TGCAAGAACGAACTAG,,0.0000,0.0000,0,72
TTAAACCCAAAAGCAG,N338M,0.0000,0.0000,0,72
AACATTCTACTCGATA,H354E,0.0000,0.0000,0,71
ACTCGGTTATATAATT,D273H,0.0000,0.0000,0,71
ATGACGCACTAATATT,Y200L,0.0000,0.0000,0,71
ATTCTTCTATTACAAA,Y62F S121T K126T,0.0000,0.0000,0,71
CGGAATATACGGCTAG,A195S K481I,0.0000,0.0000,0,71
GAATCCCGCGTATTAT,,0.0000,0.0000,0,71
GAGGCCCGAATCCAAA,P83A G186F Y217* N302A S400L K490M,0.0000,0.0000,0,71
GCCATTGAATAATACA,N148H R193E L442H,0.0000,0.0000,0,71
GTACCCCTATGCAGAT,L447C L479K,0.0000,0.0000,0,71
TGGTACAGGGGCTAGA,L29V M192W A202T,0.0000,0.0000,0,71
TTAATTATAATAATGT,Y129S M153C L220P,0.0000,0.0000,0,71
AAAAAAATCATCTTTT,Y172L,0.0000,0.0000,0,70
AAATAAATAAATCATA,H124R N224Q,0.0000,0.0000,0,70
AACACAAAAAAGACCA,,0.0000,0.0000,0,70
AACTTGGCAGACCTTA,T108N R207N Y217I,0.0000,0.0000,0,70
AAGGCAATTATTTGTT,,0.0000,0.0000,0,70
ACACAACTATGGTACA,D408Y,0.0000,0.0000,0,70
CCATAACTACGACTAA,,0.0000,0.0000,0,70
CTAACATCGAGAGCAC,M75F K352R,0.0000,0.0000,0,70
CTTATACACTAGTTTT,,0.0000,0.0000,0,70
CTTGGGCTATATTACC,G243D,0.0000,0.0000,0,70
GATAAGGTGCAAGATC,,0.0000,0.0000,0,70
GCCCAACGCCGAACAC,Q321R,0.0000,0.0000,0,70
GCCTATAGCCAACAAT,L52W I254K,0.0000,0.0000,0,70
GCTCCCTGGCATATAT,P238T,0.0000,0.0000,0,70
GTCCATGCTAAGCACA,C212L K461L,0.0000,0.0000,0,70
TCCCTTATAATCAAAC,,0.0000,0.0000,0,70
TTAGCATTACTCCATC,I334F P362R G484P,0.0000,0.0000,0,70
TTCCCATTGTACAAAT,E17V L220C,0.0000,0.0000,0,70
TTCTGAGCGAGTATAA,M96K K161V G174Y D273Y C310R,0.0000,0.0000,0,70
TTGAAACCTAATATCA,F7Y Y219F,0.0000,0.0000,0,70
ACCTAAATAACAAGGA,,0.0000,0.0000,0,69
AGCTTTCGTTGTACTA,E104R E228D T377L,0.0000,0.0000,0,69
CAACGGTCGATCGTGC,Q218R Q348W,0.0000,0.0000,0,69
CAGCGCGAGAAAAAAA,Y66K S135M L285M,0.0000,0.0000,0,69
CGGCTCCGAGTTCACT,L107R N395S D401F L433G,0.0000,0.0000,0,69
CTTTACCCACATCAAA,M1G A123T S392L V435M,0.0000,0.0000,0,69
GCGATCCCGACAATAG,R248P G276F L449M H457L,0.0000,0.0000,0,69
GCGTTATTCCTAACAG,W370F S389*,0.0000,0.0000,0,69
GGGAAGATTGTGAAAA,D156G,0.0000,0.0000,0,69
GTAGGTGAGCAGGATA,K161V L259M,0.0000,0.0000,0,69
TAAATTACTCATCCAT,,0.0000,0.0000,0,69
TATCAAAAATGCCATC,G159F W227T,0.0000,0.0000,0,69
TGACGCCCGTGCTGTC,C53I L245N Y441V,0.0000,0.0000,0,69
TGCGATATGAAATCAG,S135T T182A,0.0000,0.0000,0,69
AAACATCGTCTATTGG,L133* N178Y P427N,0.0000,0.0000,0,68
ACAATAAATAGTCGAC,V28E,0.0000,0.0000,0,68
AGCGTGAGTGAGGAGG,Q223S D306A K320V,0.0000,0.0000,0,68
AGGCTCATATAAACGG,N90D A173T W283R N373P S444R,0.0000,0.0000,0,68
ATCGTCAACAAGACCT,,0.0000,0.0000,0,68
CAGAGAAAAACATCTA,W283L T375H,0.0000,0.0000,0,68
GCCATTGCATCGTCAA,N178P S199Y H457M,0.0000,0.0000,0,68
GCGTTGTTAAATCTCA,V44K V164W,0.0000,0.0000,0,68
GTCCGAAGAGCTAATG,W196Y,0.0000,0.0000,0,68
TAGAGATTTTAAAAAT,K272Q Y278H,0.0000,0.0000,0,68
AAAAACTATTAATAAT,E76N S389C,0.0000,0.0000,0,67
AAAATCATAACCATGC,M194R H230R I254W H398P,0.0000,0.0000,0,67
AGAGAATAAACTCTGA,G64S,0.0000,0.0000,0,67
AGGTGACTTAGCGAAC,S60P,0.0000,0.0000,0,67
ATTACAAACACTTCAA,,0.0000,0.0000,0,67
CAGAATCGCAATATAA,,0.0000,0.0000,0,67
CATTCTTACAAACTCC,G198D T377H,0.0000,0.0000,0,67
CCTTGGAAGCCGACCA,T263N S333A,0.0000,0.0000,0,67
GAAATAGTGTCAGGGA,N99Y,0.0000,0.0000,0,67
GCGCTATGTACCAACA,Q3G,0.0000,0.0000,0,67
GCTTACAATTGTACTA,Q149* A195L,0.0000,0.0000,0,67
GGACGCACAGCTACTC,,0.0000,0.0000,0,67
GGGCAAACCGGGAAAG,P362T R491K,0.0000,0.0000,0,67
TCTCATTCAAACAGAA,E67M L78M A195F S267P I334L,0.0000,0.0000,0,67
TGGAATCACTCCGTCC,A177W,0.0000,0.0000,0,67
AATGTAACAAATGCTG,H471I,0.0000,0.0000,0,66
ACAAACAAATACAAAC,L285A,0.0000,0.0000,0,66
ACACACAATGCTACAA,E270A,0.0000,0.0000,0,66
AGAGTAACCCATCTTT,V187I R235N,0.0000,0.0000,0,66
AGTAATCAACCAGCTT,T81N L285D Y369F H374Y,0.0000,0.0000,0,66
CCATGGAAGATATACA,F7Y T438*,0.0000,0.0000,0,66
CGCTCACGTCGTGGAA,N158Y,0.0000,0.0000,0,66
GCGCGCAACAATGTGT,N302S V450S P483S,0.0000,0.0000,0,66
AAAGTAGTCCTAAAAT,N209K,0.0000,0.0000,0,65
AAATGGCACCCTCCAA,I15R A152K T261R N395I H455G,0.0000,0.0000,0,65
AATTGCCCCTGAAAAA,T261D N302K,0.0000,0.0000,0,65
ACACGATCCCTAAGGC,,0.0000,0.0000,0,65
ACCTACCTCATAGAGA,C475R,0.0000,0.0000,0,65
AGTGCCGAGGTGACGT,E104D,0.0000,0.0000,0,65
ATCTTTGAGCTTGTCG,S216T A299S A328P L344*,0.0000,0.0000,0,65
CCCTCAACCTATAAAA,T225G H354R,0.0000,0.0000,0,65
GAGATACGTGCCCCTT,Q165* S389A Y393L C475T,0.0000,0.0000,0,65
GCGTCAGTCCGTATAA,,0.0000,0.0000,0,65
GTCGCCATAATATACG,T106D Y172H I458M,0.0000,0.0000,0,65
TAGAAGCTCTCCGCCA,H92Y N224D V435L,0.0000,0.0000,0,65
AAAACATCCTATGAGA,G208R,0.0000,0.0000,0,64
ATAAGTGGTGTTAGAG,Q335T C477D,0.0000,0.0000,0,64
ATTTCTAGACTCATAC,,0.0000,0.0000,0,64
GAAAATACCTAAGATA,N319T,0.0000,0.0000,0,64
GCCGCGAACTCAAGAA,,0.0000,0.0000,0,64
TAAATTGATATGGTCA,,0.0000,0.0000,0,64
TAGCATCTTAATAGAA,N99P G159T R379H,0.0000,0.0000,0,64
TCACTGGAATAAAAAA,I21V N89C,0.0000,0.0000,0,64
TGTGACGTTCCTAGAA,Q3D H170F,0.0000,0.0000,0,64
AATAGGTACTGATAGA,Q416K,0.0000,0.0000,0,63
ATGTCCAACAACGAGA,D432C,0.0000,0.0000,0,63
CTCTGTCATCTAACCC,S237F I337R G360A Y366F,0.0000,0.0000,0,63
GCAAATCCGAGACAGA,I361F,0.0000,0.0000,0,63
TGGTGTAAGAATTCTA,M1T E104Y,0.0000,0.0000,0,63
TTTAAGATTAACAAAC,A288L M420I,0.0000,0.0000,0,63
AAACTAAAAGTCAATA,P12T A25S I221S,0.0000,0.0000,0,62
ATGACGAATAACTAAG,F7Y,0.0000,0.0000,0,62
CAAAGCAAAAAAGCCA,F147* Y172A I201L P275L G378D,0.0000,0.0000,0,62
GCACGCCTATCTAATG,Q149K I254R N353*,0.0000,0.0000,0,62
GTTAAACAGCCGGCCA,C86F H374E N395L K488T,0.0000,0.0000,0,62
TACAACATCACTATAG,I358* H448S P466L,0.0000,0.0000,0,62
AAACGTTTAACCTTTG,D130P G159Y D273G,0.0000,0.0000,0,61
AATGAATCCACATTTC,M1L G2V K161G L220P,0.0000,0.0000,0,61
ACCCCCCCGGGAATTC,S163D W210I Q335P,0.0000,0.0000,0,61
AGAAATCATCCAAACG,S121D D229M,0.0000,0.0000,0,61
CCACCACTATCCAAAA,S135F,0.0000,0.0000,0,61
CCACTTACTATGTTAT,M134E,0.0000,0.0000,0,61
CTAACCTCAGGCTGCC,,0.0000,0.0000,0,61
GATAAATGTACAAGAA,V28I E104Y Q232*,0.0000,0.0000,0,61
GCACAAGAACTAACGT,P464R H471Y,0.0000,0.0000,0,61
TCAAACTGAGCGTCCA,L103D S135R Q335A,0.0000,0.0000,0,61
TGCAACTCCCAGGATA,E303L,0.0000,0.0000,0,61
AAACCCCAACCACCAC,S85C L220C I286T,0.0000,0.0000,0,60
ACAAAATGTACCAACC,Y62N E67S I239C,0.0000,0.0000,0,60
ACACGTATAACATCGT,G271C,0.0000,0.0000,0,60
ATAAAGATACCATAAC,M1Q,0.0000,0.0000,0,60
CGTAGCATGAGTTTTT,L428A,0.0000,0.0000,0,60
GACTCGAACGTACACA,N74D,0.0000,0.0000,0,60
TAAGTATAAATACAAA,A173T L220G S476E,0.0000,0.0000,0,60
TAATAGTATAGACTTT,T190H I201M Q223P P464V,0.0000,0.0000,0,60
TCGAAAAATCGAGCGC,M1L Q9F I15L N302M Q482F,0.0000,0.0000,0,60
TCTAATTAAATAACAA,,0.0000,0.0000,0,60
TGCAATCTAAAAACAA,D268I M410Q,0.0000,0.0000,0,60
TTTTAAAAGATCACCC,H92L S171T E228K D408H,0.0000,0.0000,0,60
AAACCATGAACCCAAG,S27I T377G F399P,0.0000,0.0000,0,59
AAACGGTTGTAGAGAA,,0.0000,0.0000,0,59
AAACTCATGAGTCCAC,Q416L,0.0000,0.0000,0,59
AAGGTGAAACGTCAAA,P12N M82L,0.0000,0.0000,0,59
ACTCTCCAAAAGGACC,G2L L26C R256E,0.0000,0.0000,0,59
ATATCGGAGATGCCAA,Q223S S381L G391T,0.0000,0.0000,0,59
CAAACGCTTATATTGG,G260D S476L,0.0000,0.0000,0,59
CGGAGAAGTCCTGAGC,I334Y R468I,0.0000,0.0000,0,59
CTCATGCAATTTTTGT,H115D S135P,0.0000,0.0000,0,59
TGAGAGGGTTCACCAA,F147D W264F N409G F446S,0.0000,0.0000,0,59
AAAACACTGTTAGCTC,L52W M82S,0.0000,0.0000,0,58
AAGATATAATCTATAC,L336M K481S,0.0000,0.0000,0,58
AATGGTCCGCGTAACG,,0.0000,0.0000,0,58
AGCCGCCAAAAATGCA,L50H T87N,0.0000,0.0000,0,58
ATTTCCAAGAACGATA,P145T,0.0000,0.0000,0,58
CAAAACACTGAGCTGG,T106V R248K,0.0000,0.0000,0,58
CAAACAAATATCGAGA,F140H W264V,0.0000,0.0000,0,58
CTTAATCTCAAACGGA,,0.0000,0.0000,0,58
GATGGCCGTGGTAACC,N158T,0.0000,0.0000,0,58
AATTCGCAGCTCATAT,I24D V164G G197C,0.0000,0.0000,0,57
ACGACTGCAAATATAA,,0.0000,0.0000,0,57
AGATATAAACAGGTAA,G45V,0.0000,0.0000,0,57
CACGGCCTACATTCAT,V44L,0.0000,0.0000,0,57
CACGTAAACAAAGAAA,K33D K300S E396*,0.0000,0.0000,0,57
GGCCTACCAAACCAGA,G2L V28P,0.0000,0.0000,0,57
TTTGAGTCATAGAAAA,N79F,0.0000,0.0000,0,57
AAAAGCCAATGTACTT,,0.0000,0.0000,0,56
AAAAGTAAACACGACA,I213F N346D,0.0000,0.0000,0,56
ACAAGGTGTCCAGCAT,V97E S138A I334R G478E,0.0000,0.0000,0,56
ATCATAAAATACAGAA,T48S S169V T377S,0.0000,0.0000,0,56
CTACTTTAGGCAGGCG,N395Y,0.0000,0.0000,0,56
GACGCAAAATAAACAA,A173N Q331M K488M,0.0000,0.0000,0,56
GAGCCCTCACAGCCAA,E67L S135N S169V V187F,0.0000,0.0000,0,56
GCGACTTGTGTAAGAA,D204E T215C,0.0000,0.0000,0,56
GGACCTAACATCCTAT,M19T,0.0000,0.0000,0,56
TACGATAACAACTTTT,Q9R,0.0000,0.0000,0,56
AAACTTAACGTAGAGC,S163T,0.0000,0.0000,0,55
ACCGGTTAGTCAAAGA,,0.0000,0.0000,0,55
CCGATATGATACATCA,L479G,0.0000,0.0000,0,55
CGATCGTAGACAACAT,M410I W489*,0.0000,0.0000,0,55
TAGTTTAAATAACTTC,I286L N409F,0.0000,0.0000,0,55
TTAGGTATACGCCTAG,S60A V65* F309L,0.0000,0.0000,0,55
TTCCATAAAATGATCG,N295K N346Y T375M,0.0000,0.0000,0,55
AACATAGGTACCAGTA,K63P N74S I113M,0.0000,0.0000,0,54
ACTACAAAATAACCAC,A176K L188N D251S,0.0000,0.0000,0,54
GAAACTAATCCAAATT,M82R G197P,0.0000,0.0000,0,54
GTAGACCGGAGTTAGA,E76R M214I P427S,0.0000,0.0000,0,54
ATCGATACCGGTCCGG,I221G,0.0000,0.0000,0,53
TCCTCTTAACAATCGA,G271W G276M K481R,0.0000,0.0000,0,53
TGTTCAATTATACTGG,K451C,0.0000,0.0000,0,53
AAAATTCACCAAAAAA,T101H,0.0000,0.0000,0,52
AAACGGACCTTTTGAG,L68I E270S,0.0000,0.0000,0,52
AAGATTCTTGTACTCT,L290P V435M,0.0000,0.0000,0,52
ACGAAAGCAAACTCCA,I136T S154F Q406F,0.0000,0.0000,0,52
AGTACACAGTGGAGAA,L68K T106S L336V N390S N395I,0.0000,0.0000,0,52
CACGAACTCGAAAAAA,Y94T S381R L430I,0.0000,0.0000,0,52
CGTACAGAGAGTGGCT,M75R,0.0000,0.0000,0,52
CTTGACATCGTGCATA,,0.0000,0.0000,0,52
GTTTGAAGCGAAGAGA,V450N,0.0000,0.0000,0,52
TAAACTGAATCAGTGC,N224* L242C,0.0000,0.0000,0,52
TCAAAACTAGAATACT,S27K S135* L142Y T225M Y371*,0.0000,0.0000,0,52
AATGGCCAGCTCCAGT,L415S,0.0000,0.0000,0,51
ATGATCAGGGCGATTG,A288S F316L D401T,0.0000,0.0000,0,51
CCTGCCACAGATTTTG,L258I Q335F,0.0000,0.0000,0,51
CGGATATTCCGGAGAC,F7R G240V I286E,0.0000,0.0000,0,51
GTCCAATACGTTAATT,L35A S60R S169K W386M,0.0000,0.0000,0,51
TGGAAGCAATTTTACT,Y172P L428I,0.0000,0.0000,0,51
AAACCTTTAGTTTATA,G2A F8S S143I S154* S171F,0.0000,0.0000,0,50
ATCTAAATTGCCAATT,Y217K,0.0000,0.0000,0,50
ATCTCATATACTTTGT,G45L N109P L355R T375W,0.0000,0.0000,0,50
CTATCACAAACAAAAA,I15R K88N G159L,0.0000,0.0000,0,50
GAACACAAATATCTTT,L372V,0.0000,0.0000,0,50
GACGAACTAATCATAA,T48C,0.0000,0.0000,0,50
TAAACCCAAACACTCT,L29- A30- V31- E67L,0.0000,0.0000,0,50
TTTTCCTTATCGAACT,N127* G198D,0.0000,0.0000,0,50
AAACATTTAATAAACA,K126V T225H D432Q,0.0000,0.0000,0,49
AAACTAAAGGGGACTA,T81F K126S,0.0000,0.0000,0,49
AAATCAGACTCTACTG,S163* G260S S444N,0.0000,0.0000,0,49
AAAGACATAAACTAGC,Y36S A152L Q165I I474L,0.0000,0.0000,0,48
AAATTTCCAAGAGAAA,N89S Y166* T215R E287A,0.0000,0.0000,0,48
ACTTCACGCATCAGTT,G277L M351*,0.0000,0.0000,0,48
AGATGACCAATCAAAC,S246I,0.0000,0.0000,0,48
CTACAATTTTGATTAT,Q324R S333N,0.0000,0.0000,0,48
GAGAACGAGCAATTAT,L372F L449W,0.0000,0.0000,0,48
GTATAGCAAACTCAAG,Y200V H230N K490V,0.0000,0.0000,0,48
TCTCAGCTAACAGAAC,L128T S444C R491S,0.0000,0.0000,0,48
TGGCTTCCTCATTGTA,V187A S255H,0.0000,0.0000,0,48
AGGCCTTAGAGAAACC,,0.0000,0.0000,0,47
ATGTCGCTCCTACGAT,A39F A132T,0.0000,0.0000,0,47
CACGGCGAACTCACAG,N79S S121L I201F D273N S400N G473*,0.0000,0.0000,0,47
CATTTTAATGTTGACT,E287P C475F,0.0000,0.0000,0,47
GGTGGACGGCCGGGCC,I15M S205* W489F,0.0000,0.0000,0,47
TAGAACAATAAACACT,S56R T58* Y94K S199K Y217F N224Q T438K N470F,0.0000,0.0000,0,47
AATTCTATCCAGTCAA,S216R,0.0000,0.0000,0,46
AAGAGATACCACGTTC,,0.0000,0.0000,0,45
AATCTCTGCAGGACAA,L103V G159E H179N E303K,0.0000,0.0000,0,45
CAATTTACATATTAAT,V97F F157Q Y166S D347R C364R E418L,0.0000,0.0000,0,45
CCACCATACGACAGGG,A195V,0.0000,0.0000,0,45
TAACGAACCTAGATTA,H170K A176E R235C T377P,0.0000,0.0000,0,45
TCCATGTACTCTTCTT,N74Y N89L,0.0000,0.0000,0,45
AAAACTCGCAAGAACA,Y369T,0.0000,0.0000,0,44
ACGATCTCCAATTACC,C301G Y441T,0.0000,0.0000,0,44
ATCCCTGACCAAAGTA,T380S Q482K,0.0000,0.0000,0,44
CGGTTGATACCTAGTA,G206W,0.0000,0.0000,0,44
TAAAGATTATCTATTT,N185S Q218L,0.0000,0.0000,0,44
AAACAGAAATTATGAA,T215L I445M,0.0000,0.0000,0,43
AACTTCCAAACGGAAT,L68V G197R C364G,0.0000,0.0000,0,43
AATCATTCCACAACAC,,0.0000,0.0000,0,43
ACAATATTACGAAAAC,L61N,0.0000,0.0000,0,43
ATAGGTAGAATAGATA,E104Y A152V G159N W264M,0.0000,0.0000,0,43
CAAACTAATAAGACGT,V5F Y62D S392Y C463N,0.0000,0.0000,0,43
GCTAGAAGAGGTACCG,F293I,0.0000,0.0000,0,43
TAAACCAACACTACCA,G174L,0.0000,0.0000,0,43
AACCAACTTTAATTGA,Q335R,0.0000,0.0000,0,42
AATTTAGTCGTCCATC,I221N,0.0000,0.0000,0,42
ATCATTTGGTATATCA,F316I S444I,0.0000,0.0000,0,42
GCATGTGTCAAACTCT,S199N V298L K488Q,0.0000,0.0000,0,42
AAACAGAGTCAAATAA,Y62D K88I,0.0000,0.0000,0,41
AAAGTGAATTTAACCA,G391S,0.0000,0.0000,0,41
AGTTTATCAAAATCTA,N148* I201L T263L,0.0000,0.0000,0,41
GTTGAACCTAGGTGAC,C477V,0.0000,0.0000,0,41
TATAAATATCTCACAA,L469T,0.0000,0.0000,0,41
TGGGGCTTTGACCTTC,M134V Y393C K451Q,0.0000,0.0000,0,41
AAGAGCTTACTTCTAC,S163H M420S,0.0000,0.0000,0,40
ATACCTGGCATAAAAA,R55F,0.0000,0.0000,0,40
GGACCTCGGAACTTAT,T81E T215F M351*,0.0000,0.0000,0,40
GTAAACCTAACAAGAC,,0.0000,0.0000,0,40
GTATCAGTTCAAACTA,,0.0000,0.0000,0,40
TAGTATCTTAAACTGG,L168E,0.0000,0.0000,0,40
AAACGACCAATATATA,S121L,0.0000,0.0000,0,39
CATTCCCTATGCAATC,G181N Y200Q D306W,0.0000,0.0000,0,39
CGTCACACCCTTATTA,T263M A299I K451F I474L,0.0000,0.0000,0,39
CTTGCATTTCACACAC,V97W K272P D311L,0.0000,0.0000,0,39
GAAATAGTACGCTGAG,Y200L T281*,0.0000,0.0000,0,39
GATAATCGTAAAGGCA,N127P E413W,0.0000,0.0000,0,39
AAACATACCGGGCTAA,F233Q,0.0000,0.0000,0,38
AAACGACTGGGGAGAT,F7G L68A M312F,0.0000,0.0000,0,38
ATCGATGAGGTGAGAT,L105K L128I,0.0000,0.0000,0,38
GTTATCCAAGACCCAT,L61S M153E I254S N395F D401N P486H,0.0000,0.0000,0,38
TGCAGCCGAGCACGAA,K63P,0.0000,0.0000,0,38
TGCATTTTTTACGGCA,Y66L S267T K304Q V388K N395R,0.0000,0.0000,0,38
AAACGAAGGTCTTAAG,A132T,0.0000,0.0000,0,37
ACTACCTTCCGGGACT,,0.0000,0.0000,0,37
CGACAAACGAATAGAA,H305L L430P,0.0000,0.0000,0,37
GTACCAAAGAGATCAT,L46I E67S I144L G378Y,0.0000,0.0000,0,37
TAGAAATCGTACTAAG,L142F M153F,0.0000,0.0000,0,37
ACGTAACAGACGCATT,S143Y Y200L,0.0000,0.0000,0,36
CAAACTCAAAAACTAA,E270T C475A,0.0000,0.0000,0,36
CCCATGGCATGCCACC,,0.0000,0.0000,0,36
GTAAACTGGATCAAAA,K465Q,0.0000,0.0000,0,36
TAAAATTGGAAAACCT,T263Q,0.0000,0.0000,0,36
TAGAATGGCAAACAGT,S171W,0.0000,0.0000,0,36
TGGCTTCATGTGTTCA,K88F T215R C292R T296K N365D,0.0000,0.0000,0,36
AGCCTACGTCAAACTG,,0.0000,0.0000,0,35
CATTCAAAATACACAC,G174T L285S,0.0000,0.0000,0,35
TTTCCATAAACCAAAA,M82W L415V,0.0000,0.0000,0,35
ATGAGTTCCAGTACCA,,0.0000,0.0000,0,34
GAAATACAAACGGATA,V65L N90T,0.0000,0.0000,0,34
CCTAACACCAAAAACA,F8P S400G N470I,0.0000,0.0000,0,33
TAATATCGCTGGAAAG,,0.0000,0.0000,0,33
TATGTTCATAAACGCA,T48P C53* L430Y,0.0000,0.0000,0,33
TCAAACAGTAACTGAC,L142V M192T R248W,0.0000,0.0000,0,33
AAACTTATTGAAATTG,,0.0000,0.0000,0,32
CCAGTTCCCCTCACGT,S27N L61T Q232L V435T,0.0000,0.0000,0,32
TTAAGAATATACTCGG,V44W,0.0000,0.0000,0,32
AACAGATTCTATCCTC,S85A R193L E307R I345S,0.0000,0.0000,0,31
CAAACATCGTAAAGCA,C118S S237F,0.0000,0.0000,0,31
CACAAACCACAAAACA,G54S,0.0000,0.0000,0,31
AACTTGTGAGTGTCAG,,0.0000,0.0000,0,30
ATAAACGCCTAAACAT,F157W I403* H457T,0.0000,0.0000,0,30
CGTAAATACGACGAAT,S171I Y200G R325K A328S S333N,0.0000,0.0000,0,30
TCCTTTAATCTACGGT,,0.0000,0.0000,0,30
AAACCAAACTTGAGGT,N319P,0.0000,0.0000,0,29
AAACGCACAAACCTTG,Q223W V485I,0.0000,0.0000,0,29
CAACGGCATAATGCTG,I213P A322E E413Y P427C,0.0000,0.0000,0,29
CCAAGGAGCCGCTATA,G34S L78S S333C,0.0000,0.0000,0,29
TTAAACCATAAATCAG,N99F L285M,0.0000,0.0000,0,29
CTAGTGAAGAACATTA,E104* L449S,0.0000,0.0000,0,28
AACAAGCGCTGGTCCA,L84K K116S L280P,0.0000,0.0000,0,27
ACTTGTTGGCAAGAAC,L128W S199Y,0.0000,0.0000,0,27
CACGGGCGACGAGAAA,S205N,0.0000,0.0000,0,26
CATTGCACTTACATCG,D156S T226A N409V,0.0000,0.0000,0,26
GGCCCGATTAAAATGT,K451A,0.0000,0.0000,0,26
CTAACTTCTGAAGCGA,L349Q T377P,0.0000,0.0000,0,25
GGATTAAACAACAAAC,H170V L280* N302K,0.0000,0.0000,0,25
AAACTGGATGAGGAAG,T375A,0.0000,0.0000,0,24
ACCTATGATCCACCAC,A152Q G198C,0.0000,0.0000,0,24
CACTGCACTGACATTG,M80E,0.0000,0.0000,0,24
CAAACAGAGGGAGAAA,G2V I21S E151K C231S R282T V388L K490R,0.0000,0.0000,0,23
AAACTAAAAAACGTTT,N90L G174A L447I,0.0000,0.0000,0,21
CAAGAAATTGGCCAAA,G243N,0.0000,0.0000,0,21
GACTAACCCTTTCAAT,H13T,0.0000,0.0000,0,21
TACCCTTCCGTGGGGT,,0.0000,0.0000,0,21
TAGGACAACTACAAAC,,0.0000,0.0000,0,19
TTTTATGGACGCAGAT,Y129F K161I H179Q I201E G206N G391L F446L P483C,0.0000,0.0000,0,19
AACTTGAGTTAATCAA,C41F G160F F316L,0.0000,0.0000,0,18
GTCGTGAAACTTCCGA,,0.0000,0.0000,0,18
TGCCCTTCCTTCGTGG,,0.0000,0.0000,0,18
AAAATCCAGTTAACGC,F293M,0.0000,0.0000,0,17
ATCCTGTCGGGAAGCC,I144N M192P I411M,0.0000,0.0000,0,16
GAATGTTAAAACCAAA,Q348F,0.0000,0.0000,0,16
GCATTCTTCGGACTTT,L188Y D229S C292F F436L,0.0000,0.0000,0,16
GGTAGACGACGTTCGA,L387M T454Y G460I L479N,0.0000,0.0000,0,16
TAAACTAATGTAACTA,A25V L43T S267T,0.0000,0.0000,0,16
TAAACTAGTCGCTAGA,W227T I239R D401V,0.0000,0.0000,0,16
GAATTGGATTAAAGTA,L336* L394V,0.0000,0.0000,0,15
GTTTCTTCAAGCGGCC,V47F S255M,0.0000,0.0000,0,15
CAAATACCCGTACAGA,Y172R C180M,0.0000,0.0000,0,14
TCAAAGCTTGATGTGC,D229N N470F,0.0000,0.0000,0,13
CCCACTGGGCCTCTAC,L51R K327T M332K Y371V S400K,0.0000,0.0000,0,12
GGACATGGAGTTAACA,C364G,0.0000,0.0000,0,12
ATTCCGTGTGGTCTTT,I95M T376A,0.0000,0.0000,0,11
GAACATTAGTCTATGC,Q149I,0.0000,0.0000,0,11
TGTCCTACGCTCGATA,A39C H131P,0.0000,0.0000,0,11
AAATTAAGATGACGCC,N178A I403W Y441I,0.0000,0.0000,0,10
GACTAGAGCAAGCTCG,,0.0000,0.0000,0,10
GCCCAAAACCTCTTTT,L266Y Q335W Q348I,0.0000,0.0000,0,10
ACTTCGTACTTAAAGT,,0.0000,0.0000,0,9
CCCTGCCTGGAAAGTT,K161R,0.0000,0.0000,0,9
TATGTGATGCGGTTAT,Y94S N373G,0.0000,0.0000,0,9
AATAGTACGTACGCTC,G2D I334K Y366R M410L,0.0000,0.0000,0,8
GAAGTTCTCATTAACA,N99*,0.0000,0.0000,0,8
AAGTCCATCACTCAGT,,0.0000,0.0000,0,7
AATTTTATGCATCCGC,I4F G102V N209S V435S T454S G478Q,0.0000,0.0000,0,7
ACACAAACTAAACTTG,W196D K488F,0.0000,0.0000,0,7
ATCAAGAACTTTACTA,G159R M214W I443D W489S,0.0000,0.0000,0,7
CACCCAAAGCTACCTA,M414L,0.0000,0.0000,0,7
CCAAAGTCGCATCACT,V47R K384L D402L K417* I443M,0.0000,0.0000,0,7
GGCGCAAATGAGACGA,L103F T426F L428I,0.0000,0.0000,0,7
AGTGGCTATGCCACAT,K125N E151L D156E Q223V H467L,0.0000,0.0000,0,6
ATCGACAGGCCTTCAT,T101R L120R C212P H374M S389N K481L,0.0000,0.0000,0,6
ATCTAAGGTAATCCCA,,0.0000,0.0000,0,6
ATGCTACCTGATTATT,H13F N89H Y366W,0.0000,0.0000,0,6
GATTACAGGGGTAGGT,I113L C385M E413L,0.0000,0.0000,0,6
GCCCAACGCTCCGTAT,R55L C279Y,0.0000,0.0000,0,6
GCGCTAATTCCAGCCA,,0.0000,0.0000,0,6
GTAGACCAAAGAGTCT,E418A,0.0000,0.0000,0,6
TAATAATTCGTATGAA,Y129V I162K,0.0000,0.0000,0,6
TCTTTAAAACACAATT,K339S T375G L479A,0.0000,0.0000,0,6
TGAATTAACTAAAAAT,I112H D130F L220T W386R,0.0000,0.0000,0,6
TGAGAACTGTTCCAAG,V5G M414R,0.0000,0.0000,0,6
AAAACTCTTTCTGCTG,G98S K425E,0.0000,0.0000,0,5
AAAATAAGATAATCAC,T110F Y278F F309M S400G,0.0000,0.0000,0,5
AAGAGCTAAAAATAAT,I15N G159M D251G C364V H457Q,0.0000,0.0000,0,5
AATGAGGAACTTACAA,V164T,0.0000,0.0000,0,5
ACATAAACCCTTAAAA,A288P W489K,0.0000,0.0000,0,5
ATAGTTATGTGACAAA,K125P C231V,0.0000,0.0000,0,5
ATTATACGCACGTACT,Y36P C180K N295H A407T,0.0000,0.0000,0,5
CGATCAGCCCTTCGGG,L280Q L344R,0.0000,0.0000,0,5
CGCCCGCTCACTGCAT,C301M,0.0000,0.0000,0,5
CGGTTTCGTTACGTAT,D130M I144S A152L L315S,0.0000,0.0000,0,5
CTCTGTTCCGCATCCT,R207*,0.0000,0.0000,0,5
GACCAGTGTTCTTTCC,E67G T87P N119L N295V I337A K451Y,0.0000,0.0000,0,5
GACTTCCCCAATAACT,Q3M L29R H93I T263N F293L G484Q,0.0000,0.0000,0,5
TAACCAAACGCAGAAA,Q3R G294T,0.0000,0.0000,0,5
TAGTATTAGTGGGGGC,D175T L245S L336V L479N,0.0000,0.0000,0,5
TGAGTATATCATACCA,C212A D229M A343Y N470S H471Y,0.0000,0.0000,0,5
TTTACAACAACACCTT,D432K,0.0000,0.0000,0,5
TTTACCAGACTTTCGC,A25D,0.0000,0.0000,0,5
AAATCATTCGGAAGAC,L394P,0.0000,0.0000,0,4
AAATTAATAAATAAAT,H179L D229K Y371S,0.0000,0.0000,0,4
AAGATGGTGACGGTGT,L71Y I337T,0.0000,0.0000,0,4
AAGGAAATATCAATGC,H230P C477M,0.0000,0.0000,0,4
AAGGACCACAAAATAA,I136E L430M V435R,0.0000,0.0000,0,4
ACTGGAGTTTGCTCAA,D211R G240A Y393S,0.0000,0.0000,0,4
AGTATAACTAGATCGC,L84D Q223P V450A M472*,0.0000,0.0000,0,4
ATCCTTTGTTGGCATA,G2V S246P,0.0000,0.0000,0,4
ATTCCAGTCCAAAATA,Q149P,0.0000,0.0000,0,4
ATTCGTTTAAGTACTC,W264*,0.0000,0.0000,0,4
CACAAGAATTCTAGAT,I239F R250L S255P M312I,0.0000,0.0000,0,4
CATACTAGAAAACATA,G45R C155M,0.0000,0.0000,0,4
CATGTCTCTAAACGAA,H354T I443F,0.0000,0.0000,0,4
CCCGAAATCGCGTTTG,L73K K481Y,0.0000,0.0000,0,4
CCCGCCGTTTAACCTA,A132R V388*,0.0000,0.0000,0,4
CCCTAAATATACACAC,S333R W489S,0.0000,0.0000,0,4
CCCTTCATGAGACCTA,H124G G260F P466A,0.0000,0.0000,0,4
CCGGCAACACTATTCG,N295S K339V,0.0000,0.0000,0,4
CCTGCACGATACACTT,D175H Q189V K384Y Y419C,0.0000,0.0000,0,4
CGTCTAGTATCAATGT,L103E S199W T375A,0.0000,0.0000,0,4
CGTTGAAAGAAAATGA,D408R,0.0000,0.0000,0,4
CTGAACATAAAACCAG,E104R S135V L188N E396D,0.0000,0.0000,0,4
CTGCATCCCGTTAAGC,P83Q L242F E287M,0.0000,0.0000,0,4
CTGTCTGAATGCTAAA,,0.0000,0.0000,0,4
CTTAGGGAAGCGAGCC,Q9M Y166T,0.0000,0.0000,0,4
GAAAAGAAGGACAACG,L142* M194L L285M,0.0000,0.0000,0,4
GAGAAGCGCAGCTTCC,P83H Y200S E418S L433I,0.0000,0.0000,0,4
GCATAAGATAATCTCT,G42D C231Y,0.0000,0.0000,0,4
GCCACAACACCTTCAT,D357* P483D,0.0000,0.0000,0,4
GCCATACGGCACAGTG,I403T R491K,0.0000,0.0000,0,4
GCTAAAATGCCAGAAG,T274G K352*,0.0000,0.0000,0,4
GCTAAACTCCTAACAC,L442F R468F,0.0000,0.0000,0,4
GGATTTGCCGCACATC,M1T G159F N319*,0.0000,0.0000,0,4
GGGAAGAGGCGTGGGA,V28H C231K I361S,0.0000,0.0000,0,4
GTAAAGTAATACTCCT,A177W E307A E396A,0.0000,0.0000,0,4
GTAAGATTTATACATG,L103K D156Y H354L,0.0000,0.0000,0,4
GTACAATAGTGACTAC,K291N,0.0000,0.0000,0,4
GTACTGCCACGAAAAA,T215S S267T C279A,0.0000,0.0000,0,4
GTCAGACCGCATAACA,F157L G197M L245F N302R,0.0000,0.0000,0,4
GTCCTAAAAATAGATT,E17R C41L Y150I C155K T182K L442I P486S,0.0000,0.0000,0,4
TAACATAAATCGGTAC,Y62F I144M C231L S389G,0.0000,0.0000,0,4
TAAGACGTCACCCTAT,C118D N209D R235S L336P,0.0000,0.0000,0,4
TAGACCTAGGATTCAT,H170F Y441D,0.0000,0.0000,0,4
TAGGGTCGCTAGTAGA,T139V A173N W210* I334Q F440L,0.0000,0.0000,0,4
TATCATAACCCTTAAT,V97H S111G T182C,0.0000,0.0000,0,4
TATTCTGGCACACAAA,Y219H L442F P466L,0.0000,0.0000,0,4
TCCTCCGCACGTTTAC,D130I I222N E270D,0.0000,0.0000,0,4
TCTACCTAAACCCCCC,E308K,0.0000,0.0000,0,4
TCTGAGTCAGTATTCC,M80K G240P T249R W264P L313I I345F,0.0000,0.0000,0,4
TGATCGCCAGTCTAGA,,0.0000,0.0000,0,4
TGCGAGTATGACCTGC,F140H G160R,0.0000,0.0000,0,4
TTAAACATAACGTCCA,S135G L168Q N302T,0.0000,0.0000,0,4
TTAGTCGCGGACGTAG,C86Y M134* W264I,0.0000,0.0000,0,4
TTGACGAACCGCTTCA,E100D T139A Q165P,0.0000,0.0000,0,4
AAAAAGTATTATTGAG,A299N S392C,0.0000,0.0000,0,3
AAAAATATTCTAAAAT,N109* D273S,0.0000,0.0000,0,3
AAAAGCCGGCTAGGAC,H141R G206D I361S,0.0000,0.0000,0,3
AAAATTCGACCATTAA,D402Y P464N,0.0000,0.0000,0,3
AAAGACGATTGCTGGT,G2V K320Y K490N,0.0000,0.0000,0,3
AAAGGAATCTATCCTT,T110*,0.0000,0.0000,0,3
AAATACATGAAGACGA,F8K,0.0000,0.0000,0,3
AACCCAAAATCTTAGC,S143I I252S E270D,0.0000,0.0000,0,3
AACCTAGATGCAATTC,L220P S269L C463L,0.0000,0.0000,0,3
AACGAGCCGAAGAATC,N390H C477G V485L,0.0000,0.0000,0,3
AACGGTACCAACCATA,T226L N470V,0.0000,0.0000,0,3
AACTAGCTGAATTTAT,Q149N H230* R456W C477F,0.0000,0.0000,0,3
AACTAGGTGTGTTTAA,Q3S Q324S H467Q,0.0000,0.0000,0,3
AAGCCGATGCCCCCGT,Y166V C212H R314* N390Y I445C C477I,0.0000,0.0000,0,3
AAGTATAAGGAGTACT,S154P G294R,0.0000,0.0000,0,3
AAGTTGGACCAAACGA,S205L R468T,0.0000,0.0000,0,3
AATAGCCCATGGACAG,S255* Y371*,0.0000,0.0000,0,3
AATCCATCAATGTACT,L26V L35H W264A,0.0000,0.0000,0,3
AATCGATGCTGTATTT,S367N,0.0000,0.0000,0,3
AATGACAACGCCAACA,S85M S234* H457N,0.0000,0.0000,0,3
AATGCGCATTCTCTTG,G260A S439L,0.0000,0.0000,0,3
ACAACGGTCTGGGCTG,T59K T101I N158S M284L L336P S444G,0.0000,0.0000,0,3
ACAACTGGAAGGAAAA,A39S H230Y L258K,0.0000,0.0000,0,3
ACAATTTTGAAGTGGG,K63R G391R M414A,0.0000,0.0000,0,3
ACACAATATAGAATAA,Y62I Y129L T182N V187G,0.0000,0.0000,0,3
ACACGAACCAAGCTAA,W210L L259V,0.0000,0.0000,0,3
ACATCATTATAAATAT,W196*,0.0000,0.0000,0,3
ACCACCATCCAAGGAA,L336Q C385P,0.0000,0.0000,0,3
ACCAGACACCATAATG,H398P,0.0000,0.0000,0,3
ACCTTGCTACAATGAA,Y66V F140D G391S,0.0000,0.0000,0,3
ACTACAATAAATTTGA,,0.0000,0.0000,0,3
ACTACTACTGAACAGC,,0.0000,0.0000,0,3
AGACCCTGACTTTCGC,N185R Q223L,0.0000,0.0000,0,3
AGATACAGAAGGATTA,A322S K327F S462M L469V,0.0000,0.0000,0,3
AGCATTAACCACTAAT,Q3G C364G,0.0000,0.0000,0,3
AGCCTTACCAAGCGCA,Y129N S392G C475*,0.0000,0.0000,0,3
AGGAAAACTCCAGACA,T48P S154P,0.0000,0.0000,0,3
AGGTTACCTTATTAAG,W264K,0.0000,0.0000,0,3
ATAAATATTAATATCA,R282S,0.0000,0.0000,0,3
ATAAGCAAATTGGGAT,L242E L344R,0.0000,0.0000,0,3
ATAATAAACCAAACAC,I144P,0.0000,0.0000,0,3
ATAATTAATGGAACTT,,0.0000,0.0000,0,3
ATATAAGATCGTGTAA,L133A Y363P L415M,0.0000,0.0000,0,3
ATATGCATCGGCATAA,H467K,0.0000,0.0000,0,3
ATATGTTTACAGGATA,E17V L394M,0.0000,0.0000,0,3
ATCTATGACACCGTGG,N158F R235H N338W,0.0000,0.0000,0,3
ATGACACACTGTATGC,N20* L52E I213Q S439N,0.0000,0.0000,0,3
ATGACTGGGGCAGACT,F436R,0.0000,0.0000,0,3
ATTATAGTACAAACGG,S27G A176L K368Q,0.0000,0.0000,0,3
ATTCAGTATAACATTC,Y62R Y150S,0.0000,0.0000,0,3
ATTGAGACGTAAAGGC,D130* F157T M410D,0.0000,0.0000,0,3
CAAAAAACAACAACCA,L51K I239*,0.0000,0.0000,0,3
CAAAAGTCACGAGACT,N302Y E307M E404Q V459E,0.0000,0.0000,0,3
CACAAAACTTTTGGCA,Q223A K417D C463H,0.0000,0.0000,0,3
CACCAGCGAAAATAAC,I213K L344S,0.0000,0.0000,0,3
CACGGACTTAAAAAGT,S135H I445Y,0.0000,0.0000,0,3
CACTAAAGAACTATTA,S163C L479E,0.0000,0.0000,0,3
CACTGCAACAAAAACC,S85C L133N,0.0000,0.0000,0,3
CACTGCTCGATTTTGA,L50K C231Y,0.0000,0.0000,0,3
CACTGTCGAAATGTAG,Y166L F191L R356Q,0.0000,0.0000,0,3
CAGAGGTGCAAATTGA,F157V S216A S333L C463S,0.0000,0.0000,0,3
CATATGGTTTATAGTG,I144H L344T,0.0000,0.0000,0,3
CATCAGGTCAAATTTC,M312R,0.0000,0.0000,0,3
CATTATAGCATCGGGA,I213E H230R A343L S392Q K465S,0.0000,0.0000,0,3
CATTATTACCTACAGT,T77L L168M R257V T263N H374N,0.0000,0.0000,0,3
CCAACTGCAGGTTAGC,V65M D229Q T376*,0.0000,0.0000,0,3
CCACAGCGAATCTAAG,L52* N390Y,0.0000,0.0000,0,3
CCCAAATCGACCTAAC,G54F F436C,0.0000,0.0000,0,3
CCCGGGTGAAGTCAAA,A25T S389K G460V,0.0000,0.0000,0,3
CCCTATATGAACTGGA,A176T P464G,0.0000,0.0000,0,3
CCCTCGATCGCAGTAA,G186V D306R,0.0000,0.0000,0,3
CCGGTATCATTCGTTG,T6P L51R E270Y,0.0000,0.0000,0,3
CCGTAAATTCAGAGAC,D317V K490T,0.0000,0.0000,0,3
CCTAGGATGACTAGCG,C463W L479A,0.0000,0.0000,0,3
CCTTCCAATTATAACG,T101W Y200K L258K T376P S381M,0.0000,0.0000,0,3
CGAACCTTTCTGTGAA,P464Q,0.0000,0.0000,0,3
CGATAAAGAAGGGCAC,S199R,0.0000,0.0000,0,3
CGATGAATACGAATTT,V341*,0.0000,0.0000,0,3
CGCAAGATTTTTTGGT,L68S I144F,0.0000,0.0000,0,3
CGCCACAGACATGGTC,T101N,0.0000,0.0000,0,3
CGCGATCTGGGACACA,E16V G64A S121I I162D N167L I201C K291V,0.0000,0.0000,0,3
CGGATACTGAGTTAAA,V44D I201R S269T,0.0000,0.0000,0,3
CTAAAACTATATACAA,,0.0000,0.0000,0,3
CTACCGTTGATTGAAA,E16H A25D T58M S143P,0.0000,0.0000,0,3
CTATAGTTTTAATAGA,H93A K161L,0.0000,0.0000,0,3
CTATCAATGCAATCTA,G64D C180- G181R E270S,0.0000,0.0000,0,3
CTATTAGAGTACGATG,I286N Y419D,0.0000,0.0000,0,3
CTCACTAATCATAACA,D156R D311Y,0.0000,0.0000,0,3
CTCTCGAAAAGACTGA,F157D A407M Y441H G473F,0.0000,0.0000,0,3
CTGTGAAACAGACAGA,V5L G34F C292V,0.0000,0.0000,0,3
CTTAGGTTACGGACCT,K63W V164A,0.0000,0.0000,0,3
GAAAACGAAATGAGAC,V14L T40P L133F,0.0000,0.0000,0,3
GAAACAAACACCGAAC,V14E,0.0000,0.0000,0,3
GAAGTAAACTATACAT,G34T G240D L430M,0.0000,0.0000,0,3
GAAGTTTCAAGAACCC,A39E N99D S143W S269Y G277H,0.0000,0.0000,0,3
GACCCTCAATTGATTG,T101N L128W S269R E308A,0.0000,0.0000,0,3
GAGACGCCTATACCCA,E421R,0.0000,0.0000,0,3
GAGCTCCATCAGAACT,R282A L415N M472V,0.0000,0.0000,0,3
GATAGCTCTAACAGAT,V164T S169D C180Y,0.0000,0.0000,0,3
GATGAGCAAAATTATG,K490*,0.0000,0.0000,0,3
GCGTAAGAAAACCAGA,D401S,0.0000,0.0000,0,3
GCGTCTAAACGACCAC,C231P,0.0000,0.0000,0,3
GGCGATTGTCCATAAG,N89R S169L S199W G206D C364M C463S P483L,0.0000,0.0000,0,3
GTACGGAGTACCGAGG,D156N A343K,0.0000,0.0000,0,3
GTATAAAAACTAAGAC,H13V W264A N470L,0.0000,0.0000,0,3
GTATTTACTAACTCTA,W196D D408S,0.0000,0.0000,0,3
GTTACTATCTAACTAA,N90V A132R G243V,0.0000,0.0000,0,3
GTTATAATGCTTTGAA,L285S,0.0000,0.0000,0,3
GTTCAACAAACCGTCC,S138Y Y363K I445H,0.0000,0.0000,0,3
GTTCCTATTTTTGGTG,M1C M414R,0.0000,0.0000,0,3
GTTGAACTGTAATTCC,T106D S163T L220Q S267G,0.0000,0.0000,0,3
GTTTACGCTTAATGTA,I112S K272S G276S I403K,0.0000,0.0000,0,3
TAATACTATGTATACA,F7C S27Y R207T S400R K488Y,0.0000,0.0000,0,3
TAATGAAGGCTCACCC,N185D L336*,0.0000,0.0000,0,3
TACATAAAACCCACAA,L449R,0.0000,0.0000,0,3
TACATACCATTGGGAA,C118N A132I H354D,0.0000,0.0000,0,3
TACCAGACACATAGGA,Y419N,0.0000,0.0000,0,3
TACTAAGAATCCGTAC,G34V N90W T215V Q331H,0.0000,0.0000,0,3
TAGACTTGCCTAATAA,I4R F293L,0.0000,0.0000,0,3
TAGATCTCAAGAGAAA,E104* H374V S462D,0.0000,0.0000,0,3
TATACGAAAAAAAAAT,C53R P427*,0.0000,0.0000,0,3
TATAGTGTGCTTTGGA,K161N A173K G277*,0.0000,0.0000,0,3
TCAAAGTCGTGTCAAA,S163Y R379Q C477I,0.0000,0.0000,0,3
TCAATAACCAAACTAG,S60W F157I Y217G,0.0000,0.0000,0,3
TCGCAAAGTAACCATG,M134V T225N C279R,0.0000,0.0000,0,3
TCGGGATGAACTCCAA,M1F S400I E421Q,0.0000,0.0000,0,3
TCGGTTTACAACGGGA,G2L I239Y K352E T376I I443C,0.0000,0.0000,0,3
TCGTTCTTTGCTCAAG,D347L H471R,0.0000,0.0000,0,3
TCTATCCAAGCTAGAG,T108P M192T D204Y D251G L415F,0.0000,0.0000,0,3
TGAGATGCGTAATAGG,P466N,0.0000,0.0000,0,3
TGAGCCCGAGCAAAGA,G54Q E72G Y217G,0.0000,0.0000,0,3
TGAGTCTAATTAACTT,L50R,0.0000,0.0000,0,3
TGCATCCCTATGAAGC,M80K P145S R193H,0.0000,0.0000,0,3
TGGCCGATAACAGGAG,G34D K417L L430N,0.0000,0.0000,0,3
TGGCGACCTAGCACTC,L103Y K125P F140D,0.0000,0.0000,0,3
TGGGCAGTATATATGT,V47A N302Q F446P,0.0000,0.0000,0,3
TGTAGGCCGAGAACCA,L35F C41M Q218L,0.0000,0.0000,0,3
TGTCGGATTAAAGACA,C155S A176T G186V,0.0000,0.0000,0,3
TTACATACAGTGAATC,,0.0000,0.0000,0,3
TTATAACACCATGTAA,C118T N395P,0.0000,0.0000,0,3
TTCTAGCACCATGAAC,N74D I162M,0.0000,0.0000,0,3
TTTTATGAGTTTATAC,Y129S H141A L242M,0.0000,0.0000,0,3
TTTTCTTTTAACTTCA,M19* N178Y,0.0000,0.0000,0,3
TTTTTGCGACCAGTAG,A177D,0.0000,0.0000,0,3
AAAAACTCATAAATAC,N79K A176T Y200L L220R F318L D357N,0.0000,0.0000,0,2
AAAAAGATAAGCATAG,E17G C155L D401A,0.0000,0.0000,0,2
AAAAAGGCTGTATTAG,M414V G473L,0.0000,0.0000,0,2
AAAAATAATCGCTCAC,A25S H92F,0.0000,0.0000,0,2
AAAAATACTATTTACT,M134E V183F Y219F Q335V A343H C385T Q405C,0.0000,0.0000,0,2
AAAACGAAATCCTTCA,L469R,0.0000,0.0000,0,2
AAAAGCTTATACGGCG,F7*,0.0000,0.0000,0,2
AAAAGTTGATAGAATG,M75R K161S L245S,0.0000,0.0000,0,2
AAAATAAGTTATATCA,S216V S246V F293L,0.0000,0.0000,0,2
AAACAAACTTTATTGC,V5R V28K Y62T,0.0000,0.0000,0,2
AAACAACTTCTAAAGA,Y200E Q348L,0.0000,0.0000,0,2
AAACATCTTTGTAGAT,G174Q S234R I239R E413M Q482L,0.0000,0.0000,0,2
AAACATTTCATCCGCG,V22T A25Y L29F E67C,0.0000,0.0000,0,2
AAACCATCAATGACCT,T139K G186L S246L,0.0000,0.0000,0,2
AAACGACAATGAGGCC,E72L H93T A202C M359H,0.0000,0.0000,0,2
AAACGCAAACCGGGCA,L78I,0.0000,0.0000,0,2
AAACGCGGAACAAACA,T59E K125* C231V M351I G484C,0.0000,0.0000,0,2
AAACGTCAATAGAACC,C364G,0.0000,0.0000,0,2
AAACTACCGTGAATTG,L73V H457A S462Y,0.0000,0.0000,0,2
AAAGACTAATACGACG,G2V I15V S111R,0.0000,0.0000,0,2
AAAGATAATTGCCTAC,M75T H115N N178E N209Y P383D,0.0000,0.0000,0,2
AAAGCGCACATGAATG,S85P N209T W370V,0.0000,0.0000,0,2
AAAGCTCCCATCACCT,M75V C212A Q232P A407Q M414E,0.0000,0.0000,0,2
AAAGCTTAAATAAAAC,T139* L479S,0.0000,0.0000,0,2
AAAGGCTCCCATGGTG,S234E,0.0000,0.0000,0,2
AAATAAGAACTGTACC,T226I A343L C385Y,0.0000,0.0000,0,2
AAATGCAGAAACGGCT,M82K N209*,0.0000,0.0000,0,2
AACACTATCTCAGACT,N409K L415* P464T,0.0000,0.0000,0,2
AACAGAAAGCAAAGTG,C231K,0.0000,0.0000,0,2
AACATAAAAGCTGAAT,,0.0000,0.0000,0,2
AACATGATAGCCAATA,C301W D432*,0.0000,0.0000,0,2
AACCCTCAAATACACG,G45F I113M A322M C477H,0.0000,0.0000,0,2
AACTTAATACACTGGG,N99V E151G W196M C212R,0.0000,0.0000,0,2
AAGAATGACTCAATCT,L61E I201L,0.0000,0.0000,0,2
AAGAGACAACTAACTA,S56N W196L D229Y K368S E418M,0.0000,0.0000,0,2
AAGATAAAGCTAGCCA,N119C I137S C180M S234R N353R S476M,0.0000,0.0000,0,2
AAGATACCTAGCGATT,M19P K116S E404P,0.0000,0.0000,0,2
AAGATAGGTTTACAGC,A25V S111V C155M I286S G294I V298P,0.0000,0.0000,0,2
AAGCCCCTTATGGGCG,I15Y Q247T,0.0000,0.0000,0,2
AAGCCGAATTTTGAAA,K88L C155R N302G A343L L442S,0.0000,0.0000,0,2
AAGCGAAACATAGATC,Q223K C279S T296L G484N,0.0000,0.0000,0,2
AAGCGATGACCGGAAA,Y200T M359*,0.0000,0.0000,0,2
AAGGAGATCTAGGGAT,C41Q,0.0000,0.0000,0,2
AAGGCCAGAAGTAACA,L84K F318A Q405G,0.0000,0.0000,0,2
AAGTAATGCGCCCCGG,L428G,0.0000,0.0000,0,2
AAGTAGAGCATAACAG,E10S V187A S199F D229G L280*,0.0000,0.0000,0,2
AAGTAGAGTTTTTGGC,L128S A297Y Y480V,0.0000,0.0000,0,2
AAGTAGGTAATCATAT,V341P,0.0000,0.0000,0,2
AATAACATGATGAGGA,G42K L46E,0.0000,0.0000,0,2
AATAAGGAAGTATACG,,0.0000,0.0000,0,2
AATAAGTTATTGCTAA,,0.0000,0.0000,0,2
AATACAATGGGGAATG,C53S H124Q,0.0000,0.0000,0,2
AATACAATTAATAGTA,T226P Y278S,0.0000,0.0000,0,2
AATACTAGTGCCGTAT,L105N A177N,0.0000,0.0000,0,2
AATAGGATCGATTGCT,H305L F316Q,0.0000,0.0000,0,2
AATAGTACGGGATGCG,L336P,0.0000,0.0000,0,2
AATATAACCCATAACA,D175Y G424W,0.0000,0.0000,0,2
AATATAGAACCCCCGT,G198* I358L,0.0000,0.0000,0,2
AATATATATAGCCAAG,N365Y F434A,0.0000,0.0000,0,2
AATATCATTTCCTTAA,L107S A152V M420Q,0.0000,0.0000,0,2
AATCAAATATCAATAA,H131L F316R,0.0000,0.0000,0,2
AATCATTATGATGCCT,L52G T81H R325T N338I L382T,0.0000,0.0000,0,2
AATCCAAATAAAGTGA,M284T T377R N470Y,0.0000,0.0000,0,2
AATCTTCAGCGAATAT,A30E T110S N409M D432P,0.0000,0.0000,0,2
AATCTTTCTGTAAACA,Q3T G45W T59* S135L N158F T225L,0.0000,0.0000,0,2
AATGCCTAAAGAGAGA,Q247L E421R,0.0000,0.0000,0,2
AATGCGTAAATGAGAA,T81V R235C D251S,0.0000,0.0000,0,2
AATGTATACCTCTCCC,P12T P236W,0.0000,0.0000,0,2
AATGTGCTTACAAGAA,L46Q S400I D432I,0.0000,0.0000,0,2
AATTTACAGAGTACGG,E287Q N346Q D408A,0.0000,0.0000,0,2
AATTTTCAGGGAACAG,S154T D268*,0.0000,0.0000,0,2
ACAACAACCTCAATAA,,0.0000,0.0000,0,2
ACAATACATATGATGT,F49L D306R,0.0000,0.0000,0,2
ACACCATTAGCCTGCC,V5C P466*,0.0000,0.0000,0,2
ACAGAATCGTAAACAA,T106H H131V Y200F H467*,0.0000,0.0000,0,2
ACAGTAGACCGGACAA,F49L E76Q E396D G460L C475E,0.0000,0.0000,0,2
ACAGTGTTAATCACCC,T182V G260F,0.0000,0.0000,0,2
ACATATCCAACAAATA,H13F P453F Y480L,0.0000,0.0000,0,2
ACCCTTTAATTATCAA,T101V N224Y G243M,0.0000,0.0000,0,2
ACCTAAAACATTTCGA,K161L,0.0000,0.0000,0,2
ACCTGTACAATACCTC,R256Y L479G,0.0000,0.0000,0,2
ACGAATTACTTTACCC,A25R,0.0000,0.0000,0,2
ACGACGATCAATATAT,E287V W489S,0.0000,0.0000,0,2
ACGAGAACAAAATGAT,H13F Y150I A173Y Y219I M410L,0.0000,0.0000,0,2
ACGCACGAATACACAG,N209Q D273W C301M,0.0000,0.0000,0,2
ACGGGAACCTTACCGA,T106G R207* L245W,0.0000,0.0000,0,2
ACTAAATAAGAAATAT,R314T,0.0000,0.0000,0,2
ACTGGGCGACGTCTCA,S135*,0.0000,0.0000,0,2
AGAACACCATGTGCTG,M194E I239D,0.0000,0.0000,0,2
AGACACAAATACTTGC,A39Y L51T T59S E100R A173Y C463F,0.0000,0.0000,0,2
AGACAGTTGTTGGAAC,L469I,0.0000,0.0000,0,2
AGACGATAACATAACA,L285* T426P,0.0000,0.0000,0,2
AGACTTGATTTATTAT,L73R I136L N346H,0.0000,0.0000,0,2
AGAGGTAATTCGGTGC,V28R L35G A195D,0.0000,0.0000,0,2
AGATGCGCGAAGGGTG,D229L R314Y T376P V487E,0.0000,0.0000,0,2
AGATTCTAATACTAAC,F38C E67I T108P I358K,0.0000,0.0000,0,2
AGCAAAACCTGTCAAA,L245W L442P,0.0000,0.0000,0,2
AGCATTAGCTGAAGAA,L103I S267C M414D,0.0000,0.0000,0,2
AGCCCGCTATAATACG,L336Q I474H,0.0000,0.0000,0,2
AGCCCTGGGGCTAGCC,C364*,0.0000,0.0000,0,2
AGCGTTAACTGGGTAG,T182D H230D K368F,0.0000,0.0000,0,2
AGGATCGTAAACCATA,G34H H92Q F140N W227S,0.0000,0.0000,0,2
AGGTGTTCCTGGGACC,S60M G98D N114F,0.0000,0.0000,0,2
AGTCTAATTAGATAGA,Y219G I337N M359*,0.0000,0.0000,0,2
AGTTTATAAGTATAGC,M82K L105R N302A A343V R379C,0.0000,0.0000,0,2
ATAAAAAATTCTGCAG,L46V T274V W283G,0.0000,0.0000,0,2
ATAACGGATCCGTATC,L35M G54A T261I Q324R G360D L382I F436W,0.0000,0.0000,0,2
ATAACGTTAAGTCCGT,R325L S437L,0.0000,0.0000,0,2
ATAACTGAAAGTAAAT,N109* C155E A173M,0.0000,0.0000,0,2
ATAAGGTTTGCCAGTC,C53N Y200E K272N L336Q,0.0000,0.0000,0,2
ATAATATATAAGGATT,E16K L61Y M134* A297N,0.0000,0.0000,0,2
ATAATCCGGTTCGACT,M1R M75E N224T F262P,0.0000,0.0000,0,2
ATACAAAAATTATGAA,Q3L S60N N373V,0.0000,0.0000,0,2
ATACATCTAGCCGATA,L105E,0.0000,0.0000,0,2
ATACCTCTCCCCGAGG,M19S,0.0000,0.0000,0,2
ATAGAGGAAAAATGGA,L61* N114T I358K H471Q,0.0000,0.0000,0,2
ATAGCCAAAAAAATCG,M312R S389C,0.0000,0.0000,0,2
ATATAATACCACTCAC,K116H H455K,0.0000,0.0000,0,2
ATATCTCCGCAGCGAT,A123L A195W G206N,0.0000,0.0000,0,2
ATCAAGTTAAGCCAAA,L78M W264T T274N,0.0000,0.0000,0,2
ATCACCCGGTAAACGG,N20K L26N S135V Q218R,0.0000,0.0000,0,2
ATCCAACCATAACAGT,T226K N365T K481S,0.0000,0.0000,0,2
ATCCCGTATGAGATCA,N89F C118R H179K Q331H,0.0000,0.0000,0,2
ATCGAATATTCCACCA,G186C F316A P427V,0.0000,0.0000,0,2
ATCTATTGAAAAGGCA,E76R E104C T182N I345L H354S F446P W489Y,0.0000,0.0000,0,2
ATCTCTATTCCTCATA,T375I Y480S,0.0000,0.0000,0,2
ATCTTATATTGAGTTT,V97T S171G C385W,0.0000,0.0000,0,2
ATGAACCAACAACGAA,C155R W489K,0.0000,0.0000,0,2
ATGTCACAGCGACCTA,Q149L N167S R456Q,0.0000,0.0000,0,2
ATTAATACATCCAAAA,S111C S135P Q423D D432N,0.0000,0.0000,0,2
ATTGCCCAAACATGAG,I337S I411Y E418K V450R,0.0000,0.0000,0,2
ATTTAAGCATAATTCA,Y62N S267H,0.0000,0.0000,0,2
ATTTGAATACCATAAA,L103F I113D L120* A132G,0.0000,0.0000,0,2
CAAAACTAATATAACA,Y480T,0.0000,0.0000,0,2
CAAAGAGAATACAAAC,T48M S111G,0.0000,0.0000,0,2
CAAAGATGTGACATTC,C155V I334E,0.0000,0.0000,0,2
CAAATACCTCCTAACA,M19K S237L L245V,0.0000,0.0000,0,2
CAAGTGCAAACAAACT,L46S A176N,0.0000,0.0000,0,2
CACAACTATATAAGCT,E72G Y166A,0.0000,0.0000,0,2
CACAATCGAAACGTAT,C86H K465G,0.0000,0.0000,0,2
CACAGTGACAAACCAT,T6C T48N S111I W283M A297L,0.0000,0.0000,0,2
CACCTCAACCGCCGCT,C57L G186* N295P,0.0000,0.0000,0,2
CACGCTGTGAAACGAC,G54W F147V L382G,0.0000,0.0000,0,2
CACTAGTAGATCGAAT,M1F L78W L394R,0.0000,0.0000,0,2
CACTCGCTTCTTTGCC,F7I F49* S205A V487*,0.0000,0.0000,0,2
CAGAAAACTGATAGGA,F8Y D211I S269G S392Y H457Q,0.0000,0.0000,0,2
CAGAAACTTTATATGA,A25T L103Y,0.0000,0.0000,0,2
CAGATACAAAAAACAA,S171V F191V M420* P464F,0.0000,0.0000,0,2
CAGATTAAAATGGGCA,T106P L479F,0.0000,0.0000,0,2
CAGCAATAAAGTAAGA,M192C G276D,0.0000,0.0000,0,2
CAGCCGAAAAAATCCA,L51I T101N G277V P464H R468K,0.0000,0.0000,0,2
CAGGGTGACTCATACT,N90K A407V C477V,0.0000,0.0000,0,2
CATAAGTAGTGATAGA,T101I A176W F233L F440*,0.0000,0.0000,0,2
CATACTGTCTCGTGTA,H13R I24C L68S H92S,0.0000,0.0000,0,2
CATCAACCATAACTAA,I24P V47H Y66C N148A Y200V E396I A407H,0.0000,0.0000,0,2
CATCAACTAACTCCCC,S171* L372N,0.0000,0.0000,0,2
CATGACTTTTGGAAAG,Y62P F262C M359*,0.0000,0.0000,0,2
CCAAAAAAGCGAGTTA,G208L,0.0000,0.0000,0,2
CCAAGCATGACTGAAT,D268E A343L T375L,0.0000,0.0000,0,2
CCACTACTAAATGTGA,A132P D156F L442G K451V,0.0000,0.0000,0,2
CCAGTATACCAATCTA,T108R Q223S,0.0000,0.0000,0,2
CCATACTACAAAAATC,I201Y C310R Q335M S437Q,0.0000,0.0000,0,2
CCCACGTCTCTTACAT,L73Q W196D E287L,0.0000,0.0000,0,2
CCCATATTCCACAATA,K88E C231P Q406D,0.0000,0.0000,0,2
CCCCCACGTCTTCCTA,L73F C155V E421Y,0.0000,0.0000,0,2
CCCCTAATAACAACTA,Y166C A176D A202M,0.0000,0.0000,0,2
CCCCTTCCACCTCCAA,D156P C212G,0.0000,0.0000,0,2
CCCGCCCACATACCTG,C231F L394Y,0.0000,0.0000,0,2
CCGAATCGATTAACGA,V341S I411M,0.0000,0.0000,0,2
CCGGTAATAGGAGGGC,H13* D156N V298I F434I,0.0000,0.0000,0,2
CCGGTATTAGAAACTC,N119I S444K,0.0000,0.0000,0,2
CCTGCATCACTCAGCG,W227* F316L,0.0000,0.0000,0,2
CCTGCGCGGTCAACCA,L52R T87F C364Y,0.0000,0.0000,0,2
CGACAACTATATAAGA,C231K C364D,0.0000,0.0000,0,2
CGAGTTAACACTTAAG,T48V L105C A123R C212P L258V,0.0000,0.0000,0,2
CGATACGACCGATTGC,S91D D130L,0.0000,0.0000,0,2
CGCACCTAATACTAGT,,0.0000,0.0000,0,2
CGCCAACCGTCTCACC,L52N S121R I144K A195L E307G E421M K451D S462V,0.0000,0.0000,0,2
CGCCATTAATGTACAG,L103S T106L C292I,0.0000,0.0000,0,2
CGTGAACACACAGGGC,V97D N209*,0.0000,0.0000,0,2
CGTTACAAATAGAGCA,S234V,0.0000,0.0000,0,2
CTAAAATGGGGATTGT,M1L S56I G186E,0.0000,0.0000,0,2
CTAAATTGCGCTTAAG,L51S,0.0000,0.0000,0,2
CTAAGGCAGGAGAGCG,N395P,0.0000,0.0000,0,2
CTACAAGACATTTAGG,I113S L447R,0.0000,0.0000,0,2
CTACAAGGTCTGACAA,S85M,0.0000,0.0000,0,2
CTACACGAAGATCTTC,L68P,0.0000,0.0000,0,2
CTACCAAAGCAACAAA,Q321P,0.0000,0.0000,0,2
CTACTAATAATCTAGT,F49R I337V,0.0000,0.0000,0,2
CTATAGATGATCTACT,G45Q Y219S H471L,0.0000,0.0000,0,2
CTCCCACTAACTCTAG,T249V R256V C364L,0.0000,0.0000,0,2
CTCCTTCCGATTTATC,G45Q D156I I213S,0.0000,0.0000,0,2
CTCGCACTGGACACTT,M134*,0.0000,0.0000,0,2
CTCGTGTTGAAAATAG,S135N Y241S,0.0000,0.0000,0,2
CTGAAGGAAACATAGG,R55M L258A L313A I345* Q423L V487Y,0.0000,0.0000,0,2
CTGCTCGAATAAGCTT,Y36V G54V,0.0000,0.0000,0,2
CTGTCCCGTGTCAACA,K88Y D130A S135R N353V,0.0000,0.0000,0,2
CTTAAAAAAAGTTGGA,C212N W227G R250S L449E,0.0000,0.0000,0,2
CTTAGTCTGGATTAGA,P427S,0.0000,0.0000,0,2
CTTCACTATAGCGCTA,Y66L N295T Y371E,0.0000,0.0000,0,2
CTTGAGGCTATACTAT,Y129I H170T F316E,0.0000,0.0000,0,2
GAAAGCTCCGAAAAGC,V65Y P427E,0.0000,0.0000,0,2
GAAATATTACCCTTAC,H230Q,0.0000,0.0000,0,2
GAACAAACCAAGTGGT,E67Q L105V A173V,0.0000,0.0000,0,2
GAACATAATCAAATAG,K300M K304V I334R,0.0000,0.0000,0,2
GAACCATTGGCTATTT,V22F,0.0000,0.0000,0,2
GAACGATAAACCAAGA,,0.0000,0.0000,0,2
GAAGAATCAATTACGC,L68* V187D Q189* Y200N G460V,0.0000,0.0000,0,2
GAAGTCACAGACACTG,F147N Q416L,0.0000,0.0000,0,2
GAATAAATACAAGTAT,H467G,0.0000,0.0000,0,2
GAATGGATAGAAGCAC,P12W L50V K126I G198D,0.0000,0.0000,0,2
GAATTCGATCCGAGCT,K88* K300M K461G,0.0000,0.0000,0,2
GACACCCAAATGGGCT,G98V G102A G277D,0.0000,0.0000,0,2
GACCAAGACTAGTAAG,T139R M214K Q247* L372I,0.0000,0.0000,0,2
GACGATCGAATTACCC,F7S A176E I213M E418L,0.0000,0.0000,0,2
GAGATCTTCCGCTCAC,F8V T281I,0.0000,0.0000,0,2
GAGCTACAGTAGGAAA,Y172K A195T N346L,0.0000,0.0000,0,2
GATCTTAATTGCAATA,T454P,0.0000,0.0000,0,2
GATTCCGTTTATGAGC,F7K N127L Y366T,0.0000,0.0000,0,2
GATTGTTCCCGCCGTA,A176F W227T,0.0000,0.0000,0,2
GCAAACGTTGATCCCA,T281L,0.0000,0.0000,0,2
GCAAACTAGAAAAAAA,N209S R325I V431L F440N H471W,0.0000,0.0000,0,2
GCAAAGCCGAACTTCT,D347Y V431L,0.0000,0.0000,0,2
GCAATCTAAACATGAA,I136R L285K,0.0000,0.0000,0,2
GCACGCCAGAAACAGT,C53T G64C A152N D175P,0.0000,0.0000,0,2
GCAGACCAGAATGCCT,V183S W283R V435A,0.0000,0.0000,0,2
GCAGCAAACTCAGGGG,T81D,0.0000,0.0000,0,2
GCAGTCCCGGTTAAGT,V22T I350L,0.0000,0.0000,0,2
GCATATGTCTCTCCTG,I15M L105K E418W,0.0000,0.0000,0,2
GCATCACAAGCCATGG,E67G T87P H141Y K451Y,0.0000,0.0000,0,2
GCATTGAACATACTTA,V97P L344G,0.0000,0.0000,0,2
GCCCGACACTTTTAAG,L258R P427*,0.0000,0.0000,0,2
GCGCGCCCATCCTTCC,F7K,0.0000,0.0000,0,2
GCGTAAACACATACGC,P83C W210V A330D P362G,0.0000,0.0000,0,2
GCTAAGCAGGCCACTG,S234P,0.0000,0.0000,0,2
GCTACCGTCGGTTCTG,M82R I136E W196R D401S,0.0000,0.0000,0,2
GCTCCCAACTAATTAT,H230A A299P,0.0000,0.0000,0,2
GCTCCCATAATATGAC,Q69R T87L E100S Y129I L142W M192T F293D,0.0000,0.0000,0,2
GCTGCCCTAGTATGTC,W489L,0.0000,0.0000,0,2
GGAAAAGACCCCGCAA,I15* L259H K368T,0.0000,0.0000,0,2
GGAAACCCTCGGTAAA,I144H R456S,0.0000,0.0000,0,2
GGAACCATACGAAGCA,T249V V298F P383V,0.0000,0.0000,0,2
GGACGCCCACTACTTC,L105V C212F E418K,0.0000,0.0000,0,2
GGAGTAAAAATAATTA,G45T E228G N395H W489*,0.0000,0.0000,0,2
GGCACCATAACTTCAG,L51S T377F,0.0000,0.0000,0,2
GGCACCGGACACCTAT,H93T N158T Q324C K327M D357K,0.0000,0.0000,0,2
GGCCAGATATAAATTA,L46* N99T R250W,0.0000,0.0000,0,2
GGCCTAGTATCAATTC,G378C H455L,0.0000,0.0000,0,2
GGTAGATACTGCAATA,L168C,0.0000,0.0000,0,2
GGTCGCCCGTAATGAT,Q69S I201V W210R Y217L,0.0000,0.0000,0,2
GGTGCGATGCGCCAAT,V47L L142Y G159Y C364R,0.0000,0.0000,0,2
GTAACAATAAATAGCT,K33Q H92S T249I S444N G484M,0.0000,0.0000,0,2
GTAATGTCACTCCATT,M19R,0.0000,0.0000,0,2
GTAATGTTGAAAACAT,T6L T70W,0.0000,0.0000,0,2
GTACATAAGTCTTCCT,L51* S111C K368L,0.0000,0.0000,0,2
GTAGTAAATTATCGGC,A195V C310P W370T,0.0000,0.0000,0,2
GTATAAGGAAAAAATT,D156R S367L R456K,0.0000,0.0000,0,2
GTATATAAGAAGCCAA,T81D E303G,0.0000,0.0000,0,2
GTATATTAACGTATGA,D357N F446V,0.0000,0.0000,0,2
GTATCTAGTGAAACGA,N127T D357S,0.0000,0.0000,0,2
GTATGAGCGGTACGAG,T87G I144T A173M Y200*,0.0000,0.0000,0,2
GTATTGCTCAATCCAC,T380G F399K Y480N,0.0000,0.0000,0,2
GTCAAGTGAATCTCAA,G34L C364L,0.0000,0.0000,0,2
GTCAGCCCGAGATCCG,V22G T139V R422T,0.0000,0.0000,0,2
GTCATAAGAACAAACG,L84R F117L E151S G159V D401S,0.0000,0.0000,0,2
GTCCCGACTGTACAGA,N319M,0.0000,0.0000,0,2
GTCCTAATCCACAAAA,F7Q T59* Y66F V431*,0.0000,0.0000,0,2
GTCCTCCCAATAAATA,E307L F318L,0.0000,0.0000,0,2
GTCTTTCTACTTCACG,L68R,0.0000,0.0000,0,2
GTGACAACATAAACAC,S60* H124F,0.0000,0.0000,0,2
GTGGAAAGACCACAAC,C475Y,0.0000,0.0000,0,2
GTTACACAATCAAAAT,N119L N185M P483N,0.0000,0.0000,0,2
GTTCCCTAAAAATCCA,L258S H305T,0.0000,0.0000,0,2
GTTTAATAATAGTTAT,M1F L71H Y200G,0.0000,0.0000,0,2
GTTTACCCACAATAAA,L50E S199L M214E L349W,0.0000,0.0000,0,2
GTTTATTTTTACATAA,T101R F446T,0.0000,0.0000,0,2
TAAAATCAAGATGCCT,T139G V435A,0.0000,0.0000,0,2
TAAAGGACGTTAACGT,,0.0000,0.0000,0,2
TAAATAGAATACCCAG,L52R M82R A123F,0.0000,0.0000,0,2
TAAATTGATGTGATAT,H93K T108L G276L N365V K451R,0.0000,0.0000,0,2
TAATCTAAAATAAAAT,V5F I337Q,0.0000,0.0000,0,2
TAATTAATGACTGAAT,T48S L84I K126W L469G,0.0000,0.0000,0,2
TAATTCAGACATGTTA,F8R,0.0000,0.0000,0,2
TACAAATTTAGCCATT,C155*,0.0000,0.0000,0,2
TACAAGCCACCTATCG,Y219M I361Y,0.0000,0.0000,0,2
TACGTCTCATACGGCC,M1* N178M W489K,0.0000,0.0000,0,2
TACGTGCTTCCCCGCA,H179* T296I F318D,0.0000,0.0000,0,2
TACTAACAATTGGAGG,L68K Y200* Y363I Y371I,0.0000,0.0000,0,2
TACTAATGCACGCAGA,G2V Y172M M351G Y441P,0.0000,0.0000,0,2
TAGACCCGCTCAGAAA,C41I R356I S400L T454Y,0.0000,0.0000,0,2
TAGAGGTCGACAGATG,C155W T225L,0.0000,0.0000,0,2
TAGAGTGATAGATAGG,E72Q I144K A177S S267E R491S,0.0000,0.0000,0,2
TAGCGATAACCGACTG,A173L K481R V487T,0.0000,0.0000,0,2
TAGCGCCATATATTAG,S121I K161* N390F N395D,0.0000,0.0000,0,2
TAGTATTGATCAAGGC,I137F E418H L479F,0.0000,0.0000,0,2
TAGTCAGACTTTGAAG,E72R S205Q,0.0000,0.0000,0,2
TAGTGACGAGACAAAT,E67G H93M H131T G186I,0.0000,0.0000,0,2
TAGTTTTACATAATGC,G2D S135T A202F Y393P V485Y,0.0000,0.0000,0,2
TATAAAAAAGTAAAGA,D122T W283R,0.0000,0.0000,0,2
TATACTTCAAAAATGT,T190R G460K W489M,0.0000,0.0000,0,2
TATATGTCCGTTTCGA,L51R L105E,0.0000,0.0000,0,2
TATCATGCACCCCGCT,L51G Y94V F399C I458S,0.0000,0.0000,0,2
TATCCATCATTGCACC,G102D A123K I334M V485C,0.0000,0.0000,0,2
TATTAGCTACAAGATA,Y62T M214K C310L Y480E,0.0000,0.0000,0,2
TATTCAAACTAATCAT,G208C A343S K488W,0.0000,0.0000,0,2
TATTGACTTATTAACA,Q324P N395D,0.0000,0.0000,0,2
TCAAAAAAACGACTAC,M19G C57I G181K M351I,0.0000,0.0000,0,2
TCAAGTTTTAAACCGC,N319L A343K G391L I403G,0.0000,0.0000,0,2
TCACAAAGGCTTGTGG,L120T S135L,0.0000,0.0000,0,2
TCATCATACTATAAGA,L133R S143N C231I L382M I452L,0.0000,0.0000,0,2
TCATTTTATTACATCT,S60P T70A S169A C475N,0.0000,0.0000,0,2
TCCAAGCGAATAGTCA,I201V I403T,0.0000,0.0000,0,2
TCCAAGTTATCGCTTC,L245H D268C,0.0000,0.0000,0,2
TCCAGCATTATGAACA,Q149D L245* L449R,0.0000,0.0000,0,2
TCCCCCACGCGTTCCT,G2H N338Q,0.0000,0.0000,0,2
TCGCTTCAGGGTCCTC,H131L Y200I T263S E307K D317N,0.0000,0.0000,0,2
TCGTCGAGCCAAATAA,L258Q,0.0000,0.0000,0,2
TCTTACGGCACATATT,T87L W370R,0.0000,0.0000,0,2
TGAAACTATAGCGCTC,L84E G424D,0.0000,0.0000,0,2
TGACCAGAACACTATA,I15F,0.0000,0.0000,0,2
TGACGGTCCATAGATG,E76R R356I,0.0000,0.0000,0,2
TGACTAATATCCCAGC,G64* L313T,0.0000,0.0000,0,2
TGAGAAGACAATCAAC,L73P Y94N S205G R250S E287T N302M,0.0000,0.0000,0,2
TGAGCCGTCCATGAGA,W264H C475R,0.0000,0.0000,0,2
TGATACTAAAATAGCG,F49R S121T,0.0000,0.0000,0,2
TGATAGCAGTGATGGA,C57V C310L I337T G460Y,0.0000,0.0000,0,2
TGATATTAAAAGGAGA,N158W H305L K327E Y393T,0.0000,0.0000,0,2
TGATTACTGCCAATGT,Y166E M194R M414I,0.0000,0.0000,0,2
TGATTCACGGGCCATC,Q165L P464S,0.0000,0.0000,0,2
TGCAAAAGCTCTACCC,K300*,0.0000,0.0000,0,2
TGCAGCCTCCACTGCT,P12H I286E S389K,0.0000,0.0000,0,2
TGGAAAGTGTACCCGG,C231R L430G S444H,0.0000,0.0000,0,2
TGGCTGCCCTAAATAA,E104R I239Q R491*,0.0000,0.0000,0,2
TGTAACATAACTCGGC,,0.0000,0.0000,0,2
TGTAACGGTTAAAAAA,A39S P383K,0.0000,0.0000,0,2
TGTCGGCAGTACACCC,M214K Y241N N295G I443S,0.0000,0.0000,0,2
TGTGAGAGCCCTAAAT,L73Q T108S N295I T375A,0.0000,0.0000,0,2
TGTTAAGACTGATCTA,,0.0000,0.0000,0,2
TGTTGCCAACAGAGAG,N178* M351S,0.0000,0.0000,0,2
TTAACTCTTAATTACA,K63R,0.0000,0.0000,0,2
TTAATATTGTAGATTT,S439* L449S,0.0000,0.0000,0,2
TTACAATTGAACACCA,L26F C53F M192L E418L,0.0000,0.0000,0,2
TTACACAAACGCAGCA,S199P Y217V,0.0000,0.0000,0,2
TTAGAAACGTCGTCTA,I137R N395L I458L,0.0000,0.0000,0,2
TTATAGAGCCCGAGGC,N185C G198D,0.0000,0.0000,0,2
TTCCAACGCATTAAAA,S143A A202Q R257K L344A,0.0000,0.0000,0,2
TTCCCTGAACACAGGA,,0.0000,0.0000,0,2
TTCCTCCGTACTGCTA,Y36L L61* K417*,0.0000,0.0000,0,2
TTCCTTCCCGTAGAAA,E72K A177R D204K,0.0000,0.0000,0,2
TTCGAATTATCGATAC,N99A I403Y,0.0000,0.0000,0,2
TTCTGAAGAAGCATGG,Y129T D229N F399A E418M,0.0000,0.0000,0,2
TTGACACGCGAAATTT,N148C F157T G174C Y363*,0.0000,0.0000,0,2
TTGACATACATAGAGG,D311W I452A,0.0000,0.0000,0,2
TTGCATGAGTTTTAGA,P83W,0.0000,0.0000,0,2
TTGCTGTAAGGAGATC,C118P Q189H Y253*,0.0000,0.0000,0,2
TTGTCTCTCGGTGAAT,A39* L50F Y217K V450M,0.0000,0.0000,0,2
TTGTGTCTGTGGCAGT,L394H,0.0000,0.0000,0,2
TTTAGACACACTTGTG,I15S C231Y,0.0000,0.0000,0,2
TTTAGTAGTGGAGAAC,T59S H131M I213E L479P,0.0000,0.0000,0,2
TTTGAATTAAAAGTTA,M134Y G159Y E303V,0.0000,0.0000,0,2
TTTTCAACGCATACGA,R207E R248V F293I V298W V388W D408V,0.0000,0.0000,0,2
TTTTTTCTTTCGAACC,S27R T87K L120Y I337P,0.0000,0.0000,0,2
AAAAAACACCGAGAAA,M194*,0.0000,0.0000,0,1
AAAAAATAACTAGTGT,V28G G42R S121N M410E P486I,0.0000,0.0000,0,1
AAAAAATTATATAACC,H13* Y150* F262G I474L,0.0000,0.0000,0,1
AAAAACACTGATCTTA,N99L H115I,0.0000,0.0000,0,1
AAAAACCTAAAATGAA,L107S,0.0000,0.0000,0,1
AAAACAAAAGAAGAAA,K126E N209T P238L K327Y,0.0000,0.0000,0,1
AAAACAGAGTTATCCC,V183K A297T,0.0000,0.0000,0,1
AAAACATTGGCGATAG,S267N S437R,0.0000,0.0000,0,1
AAAACCGAAATTTTTA,N37I L78W,0.0000,0.0000,0,1
AAAACTAACATTCTGT,A123S S135G V187Y,0.0000,0.0000,0,1
AAAACTTCCGAACTAA,V28R L52P,0.0000,0.0000,0,1
AAAAGAGCGCCTCATT,N346P,0.0000,0.0000,0,1
AAAAGGGGGAGCACCG,Y363L,0.0000,0.0000,0,1
AAAATCGATAGACCGG,C212V K327S,0.0000,0.0000,0,1
AAAATGCAAAATCACG,C57A F399I,0.0000,0.0000,0,1
AAAATTCGCCCCCTCA,L68S L105M,0.0000,0.0000,0,1
AAAATTCTCAAGAGAT,,0.0000,0.0000,0,1
AAACAACAAATCATTA,H93T L142P N148W C231T I323E,0.0000,0.0000,0,1
AAACAATAAAGTGGTC,E67M Y219H,0.0000,0.0000,0,1
AAACACATCATTAACC,T81G,0.0000,0.0000,0,1
AAACACGGGGGCTAGT,L50K,0.0000,0.0000,0,1
AAACAGATGAATTTAC,C57* S237R,0.0000,0.0000,0,1
AAACCACACTAGGGTA,T58P,0.0000,0.0000,0,1
AAACCAGATTAACCTA,M420R,0.0000,0.0000,0,1
AAACCATAACAATTAA,L120K I201* K465M,0.0000,0.0000,0,1
AAACCCTGACTAACAG,Y66L N99S,0.0000,0.0000,0,1
AAACCTAACACTACGC,R193T T215S N302K N470Q,0.0000,0.0000,0,1
AAACCTCAGATGGAGA,N209* S381A L479P,0.0000,0.0000,0,1
AAACCTTCTCGATACA,E17K S111R N224S G378C,0.0000,0.0000,0,1
AAACGAGATAACCAAC,S216F N373K R379M,0.0000,0.0000,0,1
AAACGCTAAAATGATG,V28T L50A L142S L442V,0.0000,0.0000,0,1
AAACTAGACGAAAGGA,N158H G208D T397H D432K T438A,0.0000,0.0000,0,1
AAACTAGTGGAAACGT,L32Y N127* L290P,0.0000,0.0000,0,1
AAACTAGTGTAAAACC,L84W N395C N470F,0.0000,0.0000,0,1
AAACTATTGAAACTGA,K88L F140P S163H G198Y N224C,0.0000,0.0000,0,1
AAAGCAAGTATTGCTA,M75Y S91K S367D S444Y,0.0000,0.0000,0,1
AAAGCGTTAGTTTTCA,N99K,0.0000,0.0000,0,1
AAAGGAAATTAACCCT,H93V L479Q,0.0000,0.0000,0,1
AAAGGAGTTACATAAG,T81I G102S,0.0000,0.0000,0,1
AAAGGCTGTATTAAAA,M192F,0.0000,0.0000,0,1
AAAGGGGGGGAACAAG,G42D,0.0000,0.0000,0,1
AAAGTATGTTTTGCAA,C463D,0.0000,0.0000,0,1
AAATAATTGGTAATGG,Y129N S267K N365L,0.0000,0.0000,0,1
AAATACCGAAAACACG,L326* M351T,0.0000,0.0000,0,1
AAATACCGAAGATTGT,L168S S476L,0.0000,0.0000,0,1
AAATATCATGGCAATC,C155S G240P L259W T263R,0.0000,0.0000,0,1
AAATATGCATAGCTTT,Y66M A288P,0.0000,0.0000,0,1
AAATCACTTTGACGTG,S111L L285S N302D,0.0000,0.0000,0,1
AAATCAGAGACGCTCT,V14I F157S R235C G484T,0.0000,0.0000,0,1
AAATCCATAATAGGTA,W196E M359L N390T M472I,0.0000,0.0000,0,1
AAATCCATATTGCGGA,S111V V187Y E289*,0.0000,0.0000,0,1
AAATGATAGATATTGC,L43F L107K F117S Y278I,0.0000,0.0000,0,1
AAATGCAGGCCAAATG,S163* C212V I252W,0.0000,0.0000,0,1
AAATGTCAAAGCGTGC,T59L F191R I252L M420G,0.0000,0.0000,0,1
AAATTAACCAAAGCGT,G64A G160Y I201L K300L,0.0000,0.0000,0,1
AAATTACAAAATATTA,N37T C155G T190G L242S Q247Y K417Q L430F,0.0000,0.0000,0,1
AAATTACACATTATTG,Q247K D273S L285M T438L,0.0000,0.0000,0,1
AAATTACAGATTTTAG,M1* L107R Q218L,0.0000,0.0000,0,1
AAATTCGTAACAAAGT,K161N S199Y Q247N,0.0000,0.0000,0,1
AAATTGTATAATTTGA,,0.0000,0.0000,0,1
AAATTTGTTTGACAGC,H13Y I15W N74W C212S I458H H467R,0.0000,0.0000,0,1
AACAAAATTGTAACCG,M153K L280R,0.0000,0.0000,0,1
AACAAACTGTTATAAG,M19R A173V R250L C463F,0.0000,0.0000,0,1
AACAAATAAATCCAGA,A123N G240R C279R S444N,0.0000,0.0000,0,1
AACACCGGAATGGACG,C53V F117H M134G Y200E P238M G378V,0.0000,0.0000,0,1
AACACTTATTCATATA,V11L L344G N390Q S400K,0.0000,0.0000,0,1
AACAGAAAAACCCTTA,A152G P383S,0.0000,0.0000,0,1
AACAGAACGTAACCTC,K63S G271D A343V,0.0000,0.0000,0,1
AACATCAAAGTCCAAC,Q324L G360E,0.0000,0.0000,0,1
AACATCCAGAGTAGGA,F140S G160* C231L,0.0000,0.0000,0,1
AACCAAAAGGTAATCG,K33H C86*,0.0000,0.0000,0,1
AACCAAACTACACTGA,L52*,0.0000,0.0000,0,1
AACCACAATCCAAACA,G277W L349P,0.0000,0.0000,0,1
AACCGGAACTAGTAAA,I21L F49E T58E,0.0000,0.0000,0,1
AACCGGTAACAATATC,F7* W196L S476L,0.0000,0.0000,0,1
AACCTAACAAAATACG,E67* C310K,0.0000,0.0000,0,1
AACCTTTATAAAAACC,T81E F316M,0.0000,0.0000,0,1
AACGAAGATACGTTAA,P383N S392N,0.0000,0.0000,0,1
AACTAAGTAATAATAC,E10A N319P,0.0000,0.0000,0,1
AACTACGTTACGTCAC,L244H T375F,0.0000,0.0000,0,1
AACTCATTCAAACAGA,M96* V450M,0.0000,0.0000,0,1
AACTCGAATAACAGGC,L258R,0.0000,0.0000,0,1
AACTGATCACAGCCGC,L73S K461S,0.0000,0.0000,0,1
AACTTATTTCGAGTGG,S169L F293L S333L,0.0000,0.0000,0,1
AACTTCCTTAAAACTG,M1T N20K,0.0000,0.0000,0,1
AAGAAAACTATTGAAA,L73K,0.0000,0.0000,0,1
AAGAACTTACTATTAA,A39T G174Y,0.0000,0.0000,0,1
AAGAAGTGGCTCTTCA,N319D,0.0000,0.0000,0,1
AAGACAATTCGAAGTT,L50C K300R F399S,0.0000,0.0000,0,1
AAGACCCCGACATACC,M19N,0.0000,0.0000,0,1
AAGACCGAAAATCCAC,H179N Y369L,0.0000,0.0000,0,1
AAGAGCCCTCATTACG,G64F L259G D311I,0.0000,0.0000,0,1
AAGATCCCTCAGTCGA,S27L L32N A39S,0.0000,0.0000,0,1
AAGATCTAACCTATTT,I4F K304T E421*,0.0000,0.0000,0,1
AAGATCTTGAGTAGCG,V187C,0.0000,0.0000,0,1
AAGATGTACTGCCGGC,W196R,0.0000,0.0000,0,1
AAGATTGCCCACGTCC,V22R L51N,0.0000,0.0000,0,1
AAGCAATAGTAAATTT,Q69R M194E Q331L N390E,0.0000,0.0000,0,1
AAGCAGTATCACATTT,V28A S111K,0.0000,0.0000,0,1
AAGCATACATAGAGAA,F7Q L46W S439L R491D,0.0000,0.0000,0,1
AAGCGAAAAATCATAT,S85I T87* M192* Y441I,0.0000,0.0000,0,1
AAGCGATACTTCATCG,S163G Q324P,0.0000,0.0000,0,1
AAGCTATAGTGACCCC,I286R,0.0000,0.0000,0,1
AAGCTATCGGTACGGT,V485K,0.0000,0.0000,0,1
AAGGACTAATAACGTG,N409D,0.0000,0.0000,0,1
AAGGAGTATGCACACC,,0.0000,0.0000,0,1
AAGGGAAGGCCTTCTG,T6P S56I T101I C231A K320L,0.0000,0.0000,0,1
AAGTAAAAAGATTTGG,F140A R250T T263*,0.0000,0.0000,0,1
AAGTAACAAGGAGCCG,Q165F G174P M194* V459S,0.0000,0.0000,0,1
AAGTATCAGCAAGAAA,T40Y I137R,0.0000,0.0000,0,1
AAGTGTTCACCTAGTA,A176K,0.0000,0.0000,0,1
AAGTTAGCTCCTGTCA,F8D S91L N158Y A297S,0.0000,0.0000,0,1
AAGTTTCTGCTAAAAT,E104T W283*,0.0000,0.0000,0,1
AATAAAAAAAAAGTCC,T48S S389G E418K,0.0000,0.0000,0,1
AATAAGATACTTAACG,V14M R257L E287M,0.0000,0.0000,0,1
AATAATTCCACAAAGC,L107I Y172M S199I Y253S T454F,0.0000,0.0000,0,1
AATACTATATACCCTA,L50Y R55K C155I I221S,0.0000,0.0000,0,1
AATACTCGCTTTATAT,G54V C86A N209M,0.0000,0.0000,0,1
AATAGAATATTTAAGT,V14L K33V F140G N302A N365K Y393R,0.0000,0.0000,0,1
AATAGCAGATCCAGGA,N185H G271* K368E K461S,0.0000,0.0000,0,1
AATATCCAGTTACAAA,V22E W264*,0.0000,0.0000,0,1
AATCAGTCTAAGCCAA,R207N L242N A340V,0.0000,0.0000,0,1
AATCATAAACCGTCTT,I213V C279G,0.0000,0.0000,0,1
AATCCATGAAAAGAAC,,0.0000,0.0000,0,1
AATCCGAGCCTTCCAT,G54M E307I,0.0000,0.0000,0,1
AATCCTCAACATACGA,C57R T110L N148G C180* I334W,0.0000,0.0000,0,1
AATCGAGGAGAGACAT,G54I A195Q G206N I221T N395R,0.0000,0.0000,0,1
AATCGGTCGTACCGAC,V5D L29I,0.0000,0.0000,0,1
AATCTACAAATAATCA,G34K Y129P,0.0000,0.0000,0,1
AATCTCCATATTACCG,N167I W489K,0.0000,0.0000,0,1
AATCTCGCATAAATCT,Q3P N319D,0.0000,0.0000,0,1
AATGAGACACATAGAC,H457W,0.0000,0.0000,0,1
AATGCAAACAGTAAAT,C463I,0.0000,0.0000,0,1
AATGCAGCTAGACATC,K88R H93I,0.0000,0.0000,0,1
AATGTAAATACAACTA,T101P A177C Y200V,0.0000,0.0000,0,1
AATGTTAGCAGGCACA,L46H F147H D156L S216Y Q406P S444N V485S,0.0000,0.0000,0,1
AATTATCCTCACTACT,S169A C475L,0.0000,0.0000,0,1
AATTGAGCATAAGACT,,0.0000,0.0000,0,1
AATTTGAGGGATGGGA,N365C D402E C475R,0.0000,0.0000,0,1
AATTTGTTGACAAATT,S237L,0.0000,0.0000,0,1
ACAAAATATTATATAT,L51N S199P,0.0000,0.0000,0,1
ACAAAGAGGAGACAGT,M19N I213R,0.0000,0.0000,0,1
ACAAATACGAATCATA,F38P P483A,0.0000,0.0000,0,1
ACAAATGGGCTCTACG,T58M E228T F262*,0.0000,0.0000,0,1
ACAACATAGGGGTCTC,L51R E100K T263S G294L,0.0000,0.0000,0,1
ACAACATATACATCTG,S91P L280N E418A,0.0000,0.0000,0,1
ACAACGATTTTTAAAT,L51R N99D,0.0000,0.0000,0,1
ACAAGAAAAGCTCAAG,G208S,0.0000,0.0000,0,1
ACAAGCATTAACTATC,N119M K125R D306G,0.0000,0.0000,0,1
ACAATGCCCTCCACCA,D204G M351Y P453Y,0.0000,0.0000,0,1
ACACAACCACATCGGT,G34S G198A I201V W210K Y217F,0.0000,0.0000,0,1
ACACCACCTCAATGGA,T139V G276* E303Y,0.0000,0.0000,0,1
ACACCCCCCATGGCGG,A123T K352E K465*,0.0000,0.0000,0,1
ACACTATACAACAAAC,G34Y L344S,0.0000,0.0000,0,1
ACACTCAAAGGGCGCT,W264R Y393I Q405P,0.0000,0.0000,0,1
ACACTCCCAAATTATT,F49G Y217E T375L,0.0000,0.0000,0,1
ACAGACGCAACCTAGA,G240* R257L V459D,0.0000,0.0000,0,1
ACAGACTCCTGAGGAT,L315T S444*,0.0000,0.0000,0,1
ACATAACCTCTGTGAG,M1N A30T C57L V298L,0.0000,0.0000,0,1
ACATAAGACCATACAA,S143G S237L T426L K481Q,0.0000,0.0000,0,1
ACATATACAGCCCAAT,T101E N224I G460I R491W,0.0000,0.0000,0,1
ACATATGAAGCATCCC,R257S,0.0000,0.0000,0,1
ACATGCACTAATTCCA,A25S M82T T110L I334G G360D I445V,0.0000,0.0000,0,1
ACATGCCATTACCGCG,I403Y F446L,0.0000,0.0000,0,1
ACATGTAAGACCCGGG,S135Y I361T V431P,0.0000,0.0000,0,1
ACATTAAACCTTCCTC,L52R Y200M T261Y W283A Q331E R491Y,0.0000,0.0000,0,1
ACATTACTAACCATCG,L285N,0.0000,0.0000,0,1
ACATTCTTGAGTACCA,L52T A176V L387Q I458C,0.0000,0.0000,0,1
ACATTGGCAGAATTAA,E289P,0.0000,0.0000,0,1
ACCACATTAACTCTAT,A297S I445K W489V,0.0000,0.0000,0,1
ACCACCAATCCCGCAT,Y278H,0.0000,0.0000,0,1
ACCACTCAAAAATCCC,E76T T281P S462Q,0.0000,0.0000,0,1
ACCACTCACAAGATAC,Y371L Y393C,0.0000,0.0000,0,1
ACCAGCTTTACAGGAC,M19N T281I,0.0000,0.0000,0,1
ACCAGTCGAATGCTCT,Y393L,0.0000,0.0000,0,1
ACCATGTATATTCTAG,L51K N224M P427A,0.0000,0.0000,0,1
ACCCAGGTTTAAATCT,F157M C180T T274A L349S,0.0000,0.0000,0,1
ACCCCAAAACGTCCAA,Y129D M153L,0.0000,0.0000,0,1
ACCCCGATATTCCTGA,H305* P486H,0.0000,0.0000,0,1
ACCCCGGAGACAGTTC,F293I C301V R379P,0.0000,0.0000,0,1
ACCCCTCCCGTCGTCA,N90I,0.0000,0.0000,0,1
ACCCTACATTTCATGT,A184N W196A,0.0000,0.0000,0,1
ACCGAACCGATATGGC,M194* M359F,0.0000,0.0000,0,1
ACCGCCCCTAGTTTCC,V164T N295F,0.0000,0.0000,0,1
ACCGCCTTATACGGAA,D175A C364V,0.0000,0.0000,0,1
ACCGGAGGCACGTCCA,S255N Y363I S400R Q416K,0.0000,0.0000,0,1
ACCGTAGTAAGCAGAA,Q3G Q9A A288* D402W,0.0000,0.0000,0,1
ACCTAGTTCCTTGTTT,F440H,0.0000,0.0000,0,1
ACCTGAGATGGTAACA,S135R N209C G276S,0.0000,0.0000,0,1
ACGAAAATACGAATGA,T110M R193G I222P,0.0000,0.0000,0,1
ACGAAATCTTTAAGGT,L168T G174E,0.0000,0.0000,0,1
ACGAAATGGCAAGTAG,K490*,0.0000,0.0000,0,1
ACGAACTGCAACTAGG,L23R L52V V97F L285R,0.0000,0.0000,0,1
ACGAATCTAAGCGGTT,L103R D229L,0.0000,0.0000,0,1
ACGAATGAAGATCTAA,,0.0000,0.0000,0,1
ACGACATCTCGTCCCA,C53M Y393*,0.0000,0.0000,0,1
ACGAGTAAGAATAGTA,S216Y C231V T274L,0.0000,0.0000,0,1
ACGATCTGATCGCAGT,A340Q Y363T N395L R422M,0.0000,0.0000,0,1
ACGCAGTGTTTGGACA,T40S M192K,0.0000,0.0000,0,1
ACGCTTCTAATTTGAC,E10R V28N,0.0000,0.0000,0,1
ACGGACCTAAATTCTT,T58I E72T N158I,0.0000,0.0000,0,1
ACGGTATTCATGTATC,T48S I136G V187R G260F,0.0000,0.0000,0,1
ACGTGGAAGATGTAAA,R193T N302L T380D,0.0000,0.0000,0,1
ACGTGGACAATGTCAA,L133K W264L D273H L382R,0.0000,0.0000,0,1
ACGTTATGATAGAAAA,N37R Y393A,0.0000,0.0000,0,1
ACGTTTAAAGAAAAAA,G240K E421P,0.0000,0.0000,0,1
ACTAAACCAAAAGATT,V65F R256S,0.0000,0.0000,0,1
ACTAAGATAGATGCAA,K465Y,0.0000,0.0000,0,1
ACTACACCACTGGGAT,R55T S85I N346M,0.0000,0.0000,0,1
ACTAGCGAACGATAGA,I136W H170Y R193L A288H Y366R F446H,0.0000,0.0000,0,1
ACTATTACATAAAGGA,F399N,0.0000,0.0000,0,1
ACTCAGACTTATTCAA,G54L F140H N158H I201E K352W S367G Q416V,0.0000,0.0000,0,1
ACTCCAGCTTAGACTT,L105Q,0.0000,0.0000,0,1
ACTCCTACATTTTTTA,Y200T W210R,0.0000,0.0000,0,1
ACTCTAAGCGTTTCTA,M75C S246K F293E,0.0000,0.0000,0,1
ACTTACAGCGCTTCTA,G174*,0.0000,0.0000,0,1
ACTTCAATCATACACA,D156S I201L C279Y,0.0000,0.0000,0,1
ACTTCTAAAGACCTGA,K465*,0.0000,0.0000,0,1
ACTTGTAAATAACGCT,V31I I221L S333I,0.0000,0.0000,0,1
ACTTTAAAATCAAAAT,V97S I144M L285T,0.0000,0.0000,0,1
ACTTTAGGAAATTAAT,S56V L78E M134V,0.0000,0.0000,0,1
ACTTTGTAGACGCTAC,F140Y C155R W196K,0.0000,0.0000,0,1
AGAAAAATCAATTGCC,F157S F309A,0.0000,0.0000,0,1
AGAAACTGCGGCAAAC,L61P G174R F191S S199P P464S,0.0000,0.0000,0,1
AGAAAGAGGTCCCCAA,L61V G102S T296S N390D P453L,0.0000,0.0000,0,1
AGAACTTTGGGGGTGA,H13R E72V G424L,0.0000,0.0000,0,1
AGAAGAGGCATCCAAA,S27C C155E P275L,0.0000,0.0000,0,1
AGAAGATTCTTTTTTA,I162M Q348D,0.0000,0.0000,0,1
AGAATCTTCAGCGGAC,G277R T377Y S400P L430T,0.0000,0.0000,0,1
AGACAAGATTTAATAA,,0.0000,0.0000,0,1
AGACACGCACATAGAC,Y36T T190L E308D S333G,0.0000,0.0000,0,1
AGACAGACCAACATGG,M80I H92E F140L G198F,0.0000,0.0000,0,1
AGACATATATAACCGT,I15C P83G Y200M C301W,0.0000,0.0000,0,1
AGACGTGAGAAGGTAC,L349F Q416K,0.0000,0.0000,0,1
AGACGTTTTTGGGCTC,V18A E100L L128W I239Y I445H,0.0000,0.0000,0,1
AGACTACACACAATGT,E396M,0.0000,0.0000,0,1
AGACTGCTTTTAACCT,L61G W283D,0.0000,0.0000,0,1
AGAGAAAGCTTCTACA,M1H V183N I201T,0.0000,0.0000,0,1
AGAGCAGTGACATTAA,T77P S163Y I403E,0.0000,0.0000,0,1
AGAGCCCACTTACGAG,S135* C292Y,0.0000,0.0000,0,1
AGAGCCCCATTACTAT,I24A A330Y R379G,0.0000,0.0000,0,1
AGAGGAAACAAAGTCT,L245Y T261I K272S K320* H398P,0.0000,0.0000,0,1
AGAGGCCAGCTACCAC,Y363I E421Q,0.0000,0.0000,0,1
AGAGTCCTATAAGGAA,L68G S237A Q247* T376S,0.0000,0.0000,0,1
AGAGTTAATAAATACC,V97L T108A Y129S H467*,0.0000,0.0000,0,1
AGAGTTTGCCTCACGC,L285N K320P I403*,0.0000,0.0000,0,1
AGATACCGTAAAGCGA,I222G G391*,0.0000,0.0000,0,1
AGATATGACCATGAAA,N90S R207L W370A,0.0000,0.0000,0,1
AGATCATACCAAATAG,M19E S91Y F147Y W264* T376I L430I,0.0000,0.0000,0,1
AGATCCACTATTTGTT,G181V T225F Y369S,0.0000,0.0000,0,1
AGATGCCATTCTGATA,L78C K116C S389N,0.0000,0.0000,0,1
AGATGGTCCCCTCTAC,G98A L103S L245R M312Y,0.0000,0.0000,0,1
AGATGTAGGAGACATA,G98V,0.0000,0.0000,0,1
AGATTATCAACATAAG,A123F Y166H,0.0000,0.0000,0,1
AGATTCAATTGACCAA,E104G D317V I337Q C475R,0.0000,0.0000,0,1
AGATTCATAAAAGATG,P12H M82K C231*,0.0000,0.0000,0,1
AGATTTTAGTCTGCTG,M194A S269Y,0.0000,0.0000,0,1
AGCACTATATTTACAG,A25L T263F L428D,0.0000,0.0000,0,1
AGCATACCAAAAATAG,L128V G197S L259W E307I,0.0000,0.0000,0,1
AGCCAAAACCGTATGG,L50M Y62R W264M,0.0000,0.0000,0,1
AGCCACAAATAGCAAA,T6M E303*,0.0000,0.0000,0,1
AGCCAGCACGCATTGC,T281Y V341G Y366P,0.0000,0.0000,0,1
AGCCCAAATAATAGAG,Q223M H457Q,0.0000,0.0000,0,1
AGCCCAATTATGTGGA,M1S S60* C180V L220V S400Y,0.0000,0.0000,0,1
AGCGACTCAGCTTGGA,L105P,0.0000,0.0000,0,1
AGCGTTGAGCACGAGA,G276S S381K,0.0000,0.0000,0,1
AGCTAATCGACCCCAA,W264G R468G,0.0000,0.0000,0,1
AGCTACAGTCGAGATA,A176D C231F M312T I337S I474S,0.0000,0.0000,0,1
AGCTCACCATCGCCTA,L68R S121*,0.0000,0.0000,0,1
AGCTCCCTCGTGTATG,E151L,0.0000,0.0000,0,1
AGCTTTTATCAGAACG,F147V F446G K481E,0.0000,0.0000,0,1
AGGAAAAAGATTCTGG,R193P,0.0000,0.0000,0,1
AGGACAACTTATGTGG,,0.0000,0.0000,0,1
AGGACAATAAGCGAGC,T48W Y363K,0.0000,0.0000,0,1
AGGACCTCAATTTAAA,L103K N158T R207M M410N,0.0000,0.0000,0,1
AGGATCAATGCTCCAA,V298D,0.0000,0.0000,0,1
AGGATGATCACGTTAC,P83A H170M S333Y F440I,0.0000,0.0000,0,1
AGGCAAGTTATCAAAG,L46A N185E G198S,0.0000,0.0000,0,1
AGGCGACCGACAGCCT,V183K,0.0000,0.0000,0,1
AGGGTAATTATTAGTT,G2V T87R A173D K339R S437H,0.0000,0.0000,0,1
AGGTCAAAAATAAGTC,L84T N353I Y419A,0.0000,0.0000,0,1
AGGTTTACCCTAGCAT,,0.0000,0.0000,0,1
AGTAAACGTAGCGAAA,L336K T397I I411M W489*,0.0000,0.0000,0,1
AGTAAAGTCAGGCTTA,I4W P83N A173W F233* Y480Q,0.0000,0.0000,0,1
AGTAACAACACTCTGC,T48K L259E,0.0000,0.0000,0,1
AGTAATCATCCTTCGG,F191W I286H,0.0000,0.0000,0,1
AGTACAACTAGCAGGA,E228V N395H H457P,0.0000,0.0000,0,1
AGTACATGCTGCCCCT,H93P I403T I411V,0.0000,0.0000,0,1
AGTACTAACAAACCAA,,0.0000,0.0000,0,1
AGTAGAAGACCAATAT,P83G K291R V485W,0.0000,0.0000,0,1
AGTAGGATGGATAGTA,K33M,0.0000,0.0000,0,1
AGTCAATGCGAGGGTG,T182V T225H I239F G276V K368* F434L C477F,0.0000,0.0000,0,1
AGTCACAAAAATTATT,V164S Y366R,0.0000,0.0000,0,1
AGTCACAGAATAAAAG,H230M F399I M414Q,0.0000,0.0000,0,1
AGTCCTGGTCGGACGT,M1Q A288H E413L,0.0000,0.0000,0,1
AGTCTTGGGAACTCCG,N209P,0.0000,0.0000,0,1
AGTGAACACAGAAAGC,A184L D273E Y480Q,0.0000,0.0000,0,1
AGTGATGTAATGAATC,C364W S400R,0.0000,0.0000,0,1
AGTGCATGCGCATTAC,M312W R468Q K481M,0.0000,0.0000,0,1
AGTGGAATACTTTAAT,C53I Y62V E67Y S138L S389R E421G,0.0000,0.0000,0,1
AGTTAACCGCATTAGG,V5Y S234A D347P H398Y,0.0000,0.0000,0,1
AGTTCACAACCGTCGT,S171A W210M H457R,0.0000,0.0000,0,1
AGTTGAAAACAACGGT,N178I W264*,0.0000,0.0000,0,1
AGTTGGAACTAAGGCA,R193A R207* D311E,0.0000,0.0000,0,1
AGTTTATTGATAGTAA,F147T I213L L259Q,0.0000,0.0000,0,1
ATAAAACTTACTTAAA,K291W,0.0000,0.0000,0,1
ATAAAGCTCTCTCTCC,T58* S138T I162W S267P A297V,0.0000,0.0000,0,1
ATAAATGAGTATATCA,T454V,0.0000,0.0000,0,1
ATAAATTAAACTTAGT,W264* A322D C364G,0.0000,0.0000,0,1
ATAAATTACGCCATCA,N295K,0.0000,0.0000,0,1
ATAACGCATAAAGATG,I4F G159T,0.0000,0.0000,0,1
ATAAGAGTACATTGTC,V97S C292Y,0.0000,0.0000,0,1
ATAATAATTCGAGATC,N302K,0.0000,0.0000,0,1
ATAATACCTCAAAACC,T40I T190D A299S,0.0000,0.0000,0,1
ATAATCATATATAACA,L133P N158S T182L M214V N409M,0.0000,0.0000,0,1
ATAATGTCGATTGTGG,M80* E396G,0.0000,0.0000,0,1
ATAATTGCCGCGTACT,W264G N302L,0.0000,0.0000,0,1
ATACAACAGCTCATCT,M19* Q165D S234W,0.0000,0.0000,0,1
ATACGAATGGAAAAAA,C41R F293M R314G,0.0000,0.0000,0,1
ATACTAATGAATTTGA,G64I R235H T438P,0.0000,0.0000,0,1
ATACTATATAAGGTGT,M192R S389G Y480V,0.0000,0.0000,0,1
ATACTCGATACTTTAT,F147* M414V,0.0000,0.0000,0,1
ATACTCTTTAATATAA,L266A I345L,0.0000,0.0000,0,1
ATACTGGAAACAGTCG,F191R S389T L394D,0.0000,0.0000,0,1
ATAGGCAATAAGACAA,T110M S246N M312I,0.0000,0.0000,0,1
ATAGTACAATAAGAAG,L315G,0.0000,0.0000,0,1
ATATAAATGGGAAAAG,F233* R356W,0.0000,0.0000,0,1
ATATACAAAATAATCC,N127T S154D V164R H457N S476Y,0.0000,0.0000,0,1
ATATATCGTTTTGGTC,L50E S91V F140C Q232M P383V L394S,0.0000,0.0000,0,1
ATATCAAACCAACTGG,V22F H141* G271L A288T F316S,0.0000,0.0000,0,1
ATATCAGTGATGTCGC,L61Y S169V A173T,0.0000,0.0000,0,1
ATATGATGGCCCCGGA,L344S T376N,0.0000,0.0000,0,1
ATATGCCCACTCACAA,I445N,0.0000,0.0000,0,1
ATATGTAAAGCTCAAC,Q149* A184S,0.0000,0.0000,0,1
ATATTTAATATGGGGT,G160N Q218* M359P,0.0000,0.0000,0,1
ATATTTGCTGTTAAAT,T101V Q223R N390L E396D,0.0000,0.0000,0,1
ATCAAAACCGTGACAT,F157H G460W,0.0000,0.0000,0,1
ATCAACCTAATCAAAT,Q165L G181C W264S,0.0000,0.0000,0,1
ATCAATGCCTCAGAAA,Q247L E289P F309*,0.0000,0.0000,0,1
ATCACAAAGTCTACCC,I334V P427L,0.0000,0.0000,0,1
ATCACCCCTGAAGACC,A132C H170K,0.0000,0.0000,0,1
ATCATTTAAGTATACA,E16K C118V N127R S389H,0.0000,0.0000,0,1
ATCCCTTTATAAGGTT,S269P N295L,0.0000,0.0000,0,1
ATCCGTTCATATTATG,I213L I239T K352L T375Y,0.0000,0.0000,0,1
ATCCTGACACACAGAA,G271C I474Y,0.0000,0.0000,0,1
ATCCTTAGTTCGTACC,N20M T40P F157M L428Q,0.0000,0.0000,0,1
ATCGAATATGCCAACC,L245Q D306F Q482*,0.0000,0.0000,0,1
ATCGACACCTGAATTT,D130R Y441G,0.0000,0.0000,0,1
ATCGCGAGTTCGAGTG,H13F E76* S205Y N395Y,0.0000,0.0000,0,1
ATCGCGTCGTGATCGC,V18R N148T V164*,0.0000,0.0000,0,1
ATCGGCGTACAAGTAA,Q9T L84H I323H,0.0000,0.0000,0,1
ATCGTTACTTTGTCTA,V298Q Q335G F399S,0.0000,0.0000,0,1
ATCTAGATAAGTGGTT,S205T Y219R A299T R314L C364F,0.0000,0.0000,0,1
ATCTGAATACATATTC,,0.0000,0.0000,0,1
ATCTGGGAGATTACAA,M19P T101H S121I,0.0000,0.0000,0,1
ATCTGTATAGTTCTTA,I21Q S439P,0.0000,0.0000,0,1
ATGAAAAGAATTGCAA,,0.0000,0.0000,0,1
ATGAAAGCGACGTAAC,G34V E67D N90A,0.0000,0.0000,0,1
ATGAAAGGTTTGATCA,L32Y G186S R193K L203M C310D Q335M,0.0000,0.0000,0,1
ATGAACTCGCCATGAT,N185R K368H,0.0000,0.0000,0,1
ATGAATAAGCTCTGAT,L43A E67V Q223G I286V D311L K451I,0.0000,0.0000,0,1
ATGAATTCTCCTACCA,L142F C212R D229A,0.0000,0.0000,0,1
ATGACCGTTTTAAAAA,C364R T376K,0.0000,0.0000,0,1
ATGAGCAACCGTTTGC,Y369S L428H,0.0000,0.0000,0,1
ATGATGGAAATAACAC,,0.0000,0.0000,0,1
ATGCAGACGTACACGC,T48P S91K T101M K125R G276T,0.0000,0.0000,0,1
ATGCATATTAAGTCAG,,0.0000,0.0000,0,1
ATGCTATACTCTTCTT,T190D D229S I286L T375I,0.0000,0.0000,0,1
ATGGAAGAAAAGCTAA,R235H,0.0000,0.0000,0,1
ATGGTACGCTGTAATG,G159D Y172Q C212L C310F,0.0000,0.0000,0,1
ATGTAAAAAAATACGA,Q165K L394E,0.0000,0.0000,0,1
ATGTAACTTGCCAATC,G271C S367L,0.0000,0.0000,0,1
ATGTAGTGCGATTTTG,Q223C,0.0000,0.0000,0,1
ATGTCGGTTATCCTGA,V28* F117S A132F Q247R H467M,0.0000,0.0000,0,1
ATGTTGGCCGTGTGAA,C118R Y200W,0.0000,0.0000,0,1
ATTAACATAGCCTGTA,C310Y M410L,0.0000,0.0000,0,1
ATTAATAATAAATAAT,L50A E100W C279S,0.0000,0.0000,0,1
ATTAATGATATCTAAA,,0.0000,0.0000,0,1
ATTAGAGAACCTGGCG,G2R V5T N99I G174E,0.0000,0.0000,0,1
ATTATCATTGGTAATT,F49T I162M R256S,0.0000,0.0000,0,1
ATTATGAGATCCACGG,V14L C463T,0.0000,0.0000,0,1
ATTATGTCAAAGAATA,L142R,0.0000,0.0000,0,1
ATTCAAAAGTCACTTG,N79S K88M C180I R207N R235Y,0.0000,0.0000,0,1
ATTCAGAGAAGCTCCT,M80L C86L,0.0000,0.0000,0,1
ATTCCACCCTGTAGCA,F8A G277N,0.0000,0.0000,0,1
ATTCTATACCCAAAAT,T182I L415K,0.0000,0.0000,0,1
ATTGGGAGGGCATGAC,Y217*,0.0000,0.0000,0,1
ATTGTAAACCCGGAAT,V44S G160C L258T R356W G360S,0.0000,0.0000,0,1
ATTTACTAGCGCGTCT,Y278L,0.0000,0.0000,0,1
ATTTATTTATTCCCTA,D204Y C463R,0.0000,0.0000,0,1
ATTTCAGGGTAACACC,V31*,0.0000,0.0000,0,1
ATTTCCGCACCATAAA,T215E K425Q,0.0000,0.0000,0,1
ATTTCTTAACCAATTA,E228G W386D,0.0000,0.0000,0,1
CAAAAAAAAAATCATA,I213K A297T,0.0000,0.0000,0,1
CAAAAAAATTCTAACA,G159C S389R,0.0000,0.0000,0,1
CAAAACTACTAAGCAC,V28A K33G M82L N127Q H141K S199L S269F M284E,0.0000,0.0000,0,1
CAAAAGACTTTGACCA,K417M S437I M472R,0.0000,0.0000,0,1
CAAAATTTTAACTCGT,T58* G186N D347Y Y369*,0.0000,0.0000,0,1
CAAACAAGACGTGAGT,L32M T77G N109*,0.0000,0.0000,0,1
CAAAGGAGGTTAGACG,A39T T296I C475A,0.0000,0.0000,0,1
CAAATAAGCGCTAAAA,L394D,0.0000,0.0000,0,1
CAAATACTACGCCGAG,,0.0000,0.0000,0,1
CAAATATTGCGCCCAA,S85- C86- T87- E228D K352T S439G,0.0000,0.0000,0,1
CAAATCCCCACTTCAC,P145V G197A,0.0000,0.0000,0,1
CAAATGCTATATTATA,G54Y Y94F Q232K,0.0000,0.0000,0,1
CAAATGGCCTCGATAC,Y36C T58Q R248L P275I E329R E404R,0.0000,0.0000,0,1
CAACATTATGTACACA,G45* S255Y N470R,0.0000,0.0000,0,1
CAACCCAACGACTCTA,N148F L259V E308* M414K,0.0000,0.0000,0,1
CAACCCATTTAGTCCC,S121P K352P,0.0000,0.0000,0,1
CAACCCCAAAAGCGCA,S91L Y150S T261V E307P Q348L,0.0000,0.0000,0,1
CAACTATAAAGAGAAC,L285S,0.0000,0.0000,0,1
CAACTCAACAATTAAG,I136V P383S,0.0000,0.0000,0,1
CAACTCGCAAAAAACC,I137E T397Y,0.0000,0.0000,0,1
CAAGAAAACGTGGGAA,C155L,0.0000,0.0000,0,1
CAAGAAATATATCGGC,Q3K L68F G160C,0.0000,0.0000,0,1
CAAGAACAGACACCAT,E76K Y366R,0.0000,0.0000,0,1
CAAGATTCTATCCGGT,R248T T281S F293S R356* Y419S,0.0000,0.0000,0,1
CAAGGCTTACAGGACT,N295K,0.0000,0.0000,0,1
CAAGGTAGAGAGAAAA,G2* I4D I361N,0.0000,0.0000,0,1
CAAGTGTTCAAAAAGA,S27M Y480K,0.0000,0.0000,0,1
CAATAATATTACTGTA,L242N,0.0000,0.0000,0,1
CAATACTAAAGGGAAC,V388D E421S,0.0000,0.0000,0,1
CAATCAACGAACCAAA,E100G S135P V187C L428E,0.0000,0.0000,0,1
CAATCGATCATTCACA,Y200H,0.0000,0.0000,0,1
CAATGAGAGCAGGCTC,G277R V298L,0.0000,0.0000,0,1
CAATGCAAACAGTAGA,Y94N L103P,0.0000,0.0000,0,1
CAATGCTCTTAACCTG,V44L C57S W283N L315R V487Q,0.0000,0.0000,0,1
CAATTAACACCAGAGG,G34L,0.0000,0.0000,0,1
CAATTTTTTTCGGCTT,L73D A173Y L245H,0.0000,0.0000,0,1
CACAAAAATATTCAAG,I445S,0.0000,0.0000,0,1
CACAATTAATTTGTAG,A25R N37S T59A Y62C K63R,0.0000,0.0000,0,1
CACACACAATGGCCCG,T48M Y66G F233N Y278H,0.0000,0.0000,0,1
CACACATAAACAGGCA,C364L V485R,0.0000,0.0000,0,1
CACAGAGATATTATTC,C477V,0.0000,0.0000,0,1
CACAGCAGTAGGACCC,I239Y,0.0000,0.0000,0,1
CACAGTGATATAACGT,S85* S111A F140R N148D Q149P D273I T375R T454L,0.0000,0.0000,0,1
CACATTATAAGACGAG,L107P,0.0000,0.0000,0,1
CACCAAAGGAACAACC,L120R N127Y G208S P238T,0.0000,0.0000,0,1
CACCACCAGGTCGACT,Y62D I136N H170Q T377M C463R,0.0000,0.0000,0,1
CACCATAAACCTGCAA,G276Y K384M K425P,0.0000,0.0000,0,1
CACCGAACAATGAATC,E76* H93F G102Y G378V,0.0000,0.0000,0,1
CACCGTCTGCATTCCG,I15K L46K N395L,0.0000,0.0000,0,1
CACCTATTTACTAACA,V5I H13R M75A M134V,0.0000,0.0000,0,1
CACCTGGATAAATCAG,F38R,0.0000,0.0000,0,1
CACGATCACTGCTCCT,K88N H170Y P275Y E329Q V388D,0.0000,0.0000,0,1
CACGATCGCGCCCAGG,L103W,0.0000,0.0000,0,1
CACGCAAAACGCGCGT,T87Q C118*,0.0000,0.0000,0,1
CACGTGAGTGGAGCAT,T225C H455V,0.0000,0.0000,0,1
CACTAGACCAAACTAC,G34I G45R,0.0000,0.0000,0,1
CACTCAAGCAAATCAT,I21T,0.0000,0.0000,0,1
CACTGAAGGGGGATGT,M82T M414S L428F,0.0000,0.0000,0,1
CACTGCTAGAGCAAGT,S171L Q405V,0.0000,0.0000,0,1
CACTTCATTAGCGTTG,T48M C364F I445P,0.0000,0.0000,0,1
CAGAAACTCCATCTTT,G197T L344K Q406S,0.0000,0.0000,0,1
CAGAAGCAATACTACC,G54C N99S G260C H471L,0.0000,0.0000,0,1
CAGAATACGAGGGGCA,L188T Q223L R468L,0.0000,0.0000,0,1
CAGACCTTCGCAAACT,L23F L43N V47L T77I,0.0000,0.0000,0,1
CAGAGAGTACCCAAAA,C301D L315W,0.0000,0.0000,0,1
CAGAGTGACGCGCCCC,T108R C155N W210V,0.0000,0.0000,0,1
CAGATCACCGAAGGCG,T48H H179N C231V A407F L479M P483N,0.0000,0.0000,0,1
CAGATGAAATGCCTCT,D175Y D251M D317S I337D,0.0000,0.0000,0,1
CAGATTGGCAGCTAAA,Y129R F157V N178Y D317K T375F,0.0000,0.0000,0,1
CAGATTTTTCAGACAA,I411C,0.0000,0.0000,0,1
CAGCAACCCCTACAGT,G159F I162V E228L N302L,0.0000,0.0000,0,1
CAGCGAATATACGGTC,S381V I474S,0.0000,0.0000,0,1
CAGCTAGGCAGATACC,Q9I T48R S138L S216E Y278F F436Y,0.0000,0.0000,0,1
CAGCTATAAGGAGCGC,Q3L K126L N295G,0.0000,0.0000,0,1
CAGGAACATGTCTACA,N167F D311Y S400W,0.0000,0.0000,0,1
CAGGGCTCGAAGAGAT,L51* V341C S400I,0.0000,0.0000,0,1
CAGGGTAAACCAAATA,E76I K88* C279E E289K,0.0000,0.0000,0,1
CAGGTAGGAGGCCCAG,G2S E10R I137* G186S I403M Q405V D432T V450N K481L,0.0000,0.0000,0,1
CAGTAATAAAAGATTT,Y36T R250* W264R,0.0000,0.0000,0,1
CAGTCAATTAATAAGA,,0.0000,0.0000,0,1
CAGTTCACATTGCTCT,E76C A177*,0.0000,0.0000,0,1
CAGTTCCATAAACGTT,N90I Q232M K272M M312H R422G,0.0000,0.0000,0,1
CATATAAAGCGGAGGT,C292R,0.0000,0.0000,0,1
CATATATGACTGACGC,S56N R356K M414I E418K L433T,0.0000,0.0000,0,1
CATATCTAAGATTAAT,L68E D311S,0.0000,0.0000,0,1
CATCAAATGGATACAT,L43K L103F I136Q,0.0000,0.0000,0,1
CATCACCAGATTTACA,N109S Y150S C212R,0.0000,0.0000,0,1
CATCCAAAAGGAATAA,L103N T110K R422T,0.0000,0.0000,0,1
CATCCATTATGATAAG,N90D L245P,0.0000,0.0000,0,1
CATCTTCAAAATGCAT,L203* K481*,0.0000,0.0000,0,1
CATGCAAAATGATAAA,L71H Q223S I337W,0.0000,0.0000,0,1
CATGGATATTCACATA,S111V S163* C279R,0.0000,0.0000,0,1
CATGGTTAAAAGCACT,H374A G391S,0.0000,0.0000,0,1
CATTAGAGCTAGAAAG,E16S W196K D306T,0.0000,0.0000,0,1
CATTATAGGATTAAAC,K63D Y366*,0.0000,0.0000,0,1
CATTGTAAATAGTTTG,C57M P83T V97T L133F,0.0000,0.0000,0,1
CATTGTCCCCTCGAGC,K465F,0.0000,0.0000,0,1
CATTTGAAATAACGGC,Q9R D311F V485F,0.0000,0.0000,0,1
CCAAAGGGCAAACAAC,V341N D357P,0.0000,0.0000,0,1
CCAACGGGTAAACATA,G54A Y94H I112D D347Q I358F,0.0000,0.0000,0,1
CCAATAAAAACCATGA,T48N,0.0000,0.0000,0,1
CCAATACTTGACTACT,F38C S85D,0.0000,0.0000,0,1
CCAATTCTAATCAAGC,I113L L128I V459*,0.0000,0.0000,0,1
CCACTACCGTGAACAT,Y200L,0.0000,0.0000,0,1
CCACTTCTTTACAAAG,K33S C155I L285K,0.0000,0.0000,0,1
CCAGATATCGTATGAC,D306Y,0.0000,0.0000,0,1
CCAGGTGAATATCTCT,V47G P236S P383T P464R,0.0000,0.0000,0,1
CCATAACAGGAGCAGT,K461E G473V,0.0000,0.0000,0,1
CCATACATCTAGGACA,N167V F318L N346M,0.0000,0.0000,0,1
CCATACGCACGCAGGT,D229G D402E,0.0000,0.0000,0,1
CCATAGGTGCATAACT,R422Q,0.0000,0.0000,0,1
CCATATAGTATAGTAA,V5N G102*,0.0000,0.0000,0,1
CCATCCGGCATCTTAT,E72P G378K,0.0000,0.0000,0,1
CCATGAATCAAATAAG,G260A L372E,0.0000,0.0000,0,1
CCATTTGGCTAGCTCG,F49Q,0.0000,0.0000,0,1
CCCAATGGTACCTATC,V18A S234E R256T P453A,0.0000,0.0000,0,1
CCCACAGATTATTGTA,V14P L71K Y393F,0.0000,0.0000,0,1
CCCAGTAAAAACAAAA,A39V Q405T,0.0000,0.0000,0,1
CCCCCACTAAATAACA,T81I H354S,0.0000,0.0000,0,1
CCCCCGAATTTGCAGT,T58* N90S,0.0000,0.0000,0,1
CCCCTAAACTCGTAGG,,0.0000,0.0000,0,1
CCCCTTACTCACAAGA,L103K G174R,0.0000,0.0000,0,1
CCCGACAAACGATACG,P362V,0.0000,0.0000,0,1
CCCTCCAAAGAAGCAA,T375N A407I,0.0000,0.0000,0,1
CCCTCCCCTGCTAGGG,N109L T139P,0.0000,0.0000,0,1
CCGAAATAATATTTAT,F7V Y166T L244C C301S,0.0000,0.0000,0,1
CCGAATAAATATGGAG,H179V T225P I254S T377R S389G L415C C475P,0.0000,0.0000,0,1
CCGAATTAAAGACGTT,S27E T215L,0.0000,0.0000,0,1
CCGACTTTGCGACAAG,P12I S169L L220* I361R,0.0000,0.0000,0,1
CCGATTCACAAGTAAT,L258R K490T,0.0000,0.0000,0,1
CCGCAGTTGTCCTGCA,S163F M312N Y371M,0.0000,0.0000,0,1
CCGGAACAAAAATTAT,N395G,0.0000,0.0000,0,1
CCGGTTACGTGATGAA,I458K,0.0000,0.0000,0,1
CCTACCTAAAGCCGAA,G98A M134C Q223K,0.0000,0.0000,0,1
CCTATGCAAATCAAGA,Y62E Y129*,0.0000,0.0000,0,1
CCTATGCATGAACAAC,C41I F140Y N158S,0.0000,0.0000,0,1
CCTATGGAGTAGAATT,N295K E404N,0.0000,0.0000,0,1
CCTCAGCAAGGACGTA,H131E N148* L168R E413Q,0.0000,0.0000,0,1
CCTCATTTACATCCAA,C86G,0.0000,0.0000,0,1
CCTCTAGAGCTGCACG,,0.0000,0.0000,0,1
CCTCTATAAACAGTAA,N99*,0.0000,0.0000,0,1
CCTCTTCCAGTAGTCA,L415M,0.0000,0.0000,0,1
CCTTAATAAAATGCAA,L220Y R250I,0.0000,0.0000,0,1
CCTTAGACACAGAAGA,E16S F233S R356L T438W,0.0000,0.0000,0,1
CCTTAGCTAATGAGCT,C475V,0.0000,0.0000,0,1
CCTTCCCTTATCATTA,G198*,0.0000,0.0000,0,1
CCTTCCTTAGATAAGA,D122P G240L,0.0000,0.0000,0,1
CGAAAAAACCCTGATC,L84*,0.0000,0.0000,0,1
CGAAAATCAAGACGGA,G34D V97A V164F K272N D317S,0.0000,0.0000,0,1
CGAAAGAAGCTAAATA,F140S M192* S462R,0.0000,0.0000,0,1
CGAAAGGAGTAGACAA,N146W F436Y L442R,0.0000,0.0000,0,1
CGAAATGGGTATGCAA,S85N S199C,0.0000,0.0000,0,1
CGAATAAACACTTACA,C53K H170Q,0.0000,0.0000,0,1
CGAATGAAATCAATAT,L68H A297N,0.0000,0.0000,0,1
CGAATTAGCTTGAACA,I4T V18R L52V L84G C212N T375Q,0.0000,0.0000,0,1
CGACAAAGGGACTAAA,G64S H141L,0.0000,0.0000,0,1
CGACACTGATCTACGT,F436R,0.0000,0.0000,0,1
CGACGCCTATCTCAGA,Y94* G98Y C118F Y200H,0.0000,0.0000,0,1
CGATCGCGTAAAGCTA,L52V Q69A A202W,0.0000,0.0000,0,1
CGATCTCCCTATATCA,L372F,0.0000,0.0000,0,1
CGATCTTATGCAACGA,E329R,0.0000,0.0000,0,1
CGATCTTTCTGCGCTA,G2V S135N S199Y C212Y,0.0000,0.0000,0,1
CGATGCCTTGAAAGCA,S27A Y172I A177G G186S,0.0000,0.0000,0,1
CGATTACTCAAAAGCC,S199* T215E K425N S444K P483K,0.0000,0.0000,0,1
CGATTGTCAAATCCAA,I21T M75S P464Y,0.0000,0.0000,0,1
CGCAAGAGCCTACATA,I21H Y200E L428D,0.0000,0.0000,0,1
CGCAAGTTTGAACGGT,L313P S462L P486L,0.0000,0.0000,0,1
CGCACTTGGAATGTAA,E100K L220R N395F,0.0000,0.0000,0,1
CGCAGTATTTCCAGGA,N89I G484I,0.0000,0.0000,0,1
CGCATTCTCCAGGACA,M19T L133* A152D Y217I W227L,0.0000,0.0000,0,1
CGCCGGAGGTGCTAGA,Y36L S135T V298S S333G,0.0000,0.0000,0,1
CGCGACCTTATACCAA,S60L G198P D273F L430N,0.0000,0.0000,0,1
CGCGGAAACATGCTAA,R422G,0.0000,0.0000,0,1
CGCGGTGACAAGGCAC,G64Y T110L L245S L259R,0.0000,0.0000,0,1
CGCTAAAAGGCCAATT,C231L,0.0000,0.0000,0,1
CGCTAATGAAGCAAAA,L258S A288I,0.0000,0.0000,0,1
CGCTAATGGGACGAAA,I222S,0.0000,0.0000,0,1
CGCTGAGAACGTTTGC,I445T,0.0000,0.0000,0,1
CGCTGATGAATTGAAC,K339M T377P,0.0000,0.0000,0,1
CGCTTCAATTCACAAA,M1I,0.0000,0.0000,0,1
CGCTTCACAACGTCAA,Y66S K126V A152S D317L,0.0000,0.0000,0,1
CGGAGCTTGTAATAAA,E104S L244V,0.0000,0.0000,0,1
CGGCGATGTGAAAATA,M96* L188S K327M,0.0000,0.0000,0,1
CGGCTTACTGTCGGCA,T59V C212I S333P,0.0000,0.0000,0,1
CGGTCCCACCATATAC,Y166R D175M Y393V D402S G460D,0.0000,0.0000,0,1
CGTAAACCAGCTTGCG,R250P,0.0000,0.0000,0,1
CGTAAGCCCAAATACG,N167R W196L E396N T426R,0.0000,0.0000,0,1
CGTACACTAGACGTTG,Y172N K300T E308V H354W,0.0000,0.0000,0,1
CGTAGACTCATAAACA,L73Y C155E N373M T397G,0.0000,0.0000,0,1
CGTATGTATCCGATTT,Y94W S163E,0.0000,0.0000,0,1
CGTCGTCAGTGACAAT,D432V,0.0000,0.0000,0,1
CGTCTACGTAAAGCCG,S462W,0.0000,0.0000,0,1
CGTCTCTAAAGCCCCG,S389M L469E G484H,0.0000,0.0000,0,1
CGTGTACGCTCAATAA,Y129P W196T,0.0000,0.0000,0,1
CGTTAATGGCAACTAA,N89L W264M,0.0000,0.0000,0,1
CGTTGGTTTCATACTC,H179D Y369L S444K,0.0000,0.0000,0,1
CTAAAATTAAATCGTT,D204F,0.0000,0.0000,0,1
CTAAATACCAGCACGT,N109Y F147M Y419N,0.0000,0.0000,0,1
CTAAATCGAACACTCA,A25C H467*,0.0000,0.0000,0,1
CTAACTTCGCCCCTCT,M1R S85R M192L I201F,0.0000,0.0000,0,1
CTAACTTGAGTTCAAA,D204Q Y278K,0.0000,0.0000,0,1
CTAATAGAAATTTTAT,W370H L415V M420T,0.0000,0.0000,0,1
CTAATTAAATCAACTC,S381I,0.0000,0.0000,0,1
CTAATTCACTCATAGC,N209*,0.0000,0.0000,0,1
CTACAAAGCACTTGTT,Q3S L51T I361L N390I,0.0000,0.0000,0,1
CTACGTAATAGTTAAG,Y62* T77G W227Q C475F Y480L,0.0000,0.0000,0,1
CTAGGACATTAATAGA,Y419I,0.0000,0.0000,0,1
CTAGGCCACTAAACAA,N99L E287L N353S,0.0000,0.0000,0,1
CTAGTGCTAGAAACAC,S381*,0.0000,0.0000,0,1
CTATAAACAAAGCTTA,I4P G260E Q482R,0.0000,0.0000,0,1
CTATAAACGATCACGT,F399A L479K,0.0000,0.0000,0,1
CTATCCCACAATTCTC,C155K,0.0000,0.0000,0,1
CTATCCCTAAAACTAG,C180L I334A N338R L428M,0.0000,0.0000,0,1
CTATCCTTAGAGGGAA,C155R A343E,0.0000,0.0000,0,1
CTATCTATGCACACTA,F262G,0.0000,0.0000,0,1
CTATTTATCCGATTTC,,0.0000,0.0000,0,1
CTCAAGCAGAAGCACC,I162L V450L S476L,0.0000,0.0000,0,1
CTCAATAGTTTCCCTT,F318T F440T C463T,0.0000,0.0000,0,1
CTCAATTCCCCACAGT,V47L I239H,0.0000,0.0000,0,1
CTCACTAAGACCCGGA,L285K P483G,0.0000,0.0000,0,1
CTCCACCCAAACTGTA,F7N C57Y V65F S143I,0.0000,0.0000,0,1
CTCCCAGGACCACAAC,L51I S85*,0.0000,0.0000,0,1
CTCCCCTATGAGCTGT,T58V C385Y,0.0000,0.0000,0,1
CTCCGAAACGTAAACG,R257L,0.0000,0.0000,0,1
CTCCGTAAGACTCGAT,D156L N373K,0.0000,0.0000,0,1
CTCGAATATGATAATT,T59H F140N I213F P236Q,0.0000,0.0000,0,1
CTCGTGCCAAATAAAA,G174* K384L,0.0000,0.0000,0,1
CTCTAAACACAAAATG,V5T L128K,0.0000,0.0000,0,1
CTCTTGTAGATCCATA,L188Y S255T,0.0000,0.0000,0,1
CTGAAAATAAGATACA,,0.0000,0.0000,0,1
CTGAAGAAGATCTGAA,M82S S389N R456K,0.0000,0.0000,0,1
CTGAAGAAGATTCTCC,,0.0000,0.0000,0,1
CTGAAGCTCTCGAGTC,L105D Q232V A288S L372K,0.0000,0.0000,0,1
CTGAGTCTATGAACCA,W283G Q324P P453G,0.0000,0.0000,0,1
CTGAGTTAACATCAGC,L32V A202* P486T,0.0000,0.0000,0,1
CTGAGTTACTTGAAAC,A407* V459T S476*,0.0000,0.0000,0,1
CTGCACTCGAATATCT,K425E,0.0000,0.0000,0,1
CTGCAGCGTGGCAAGT,D273Q D408Y P483*,0.0000,0.0000,0,1
CTGGAGATGATTATTA,G208K W283T N390A I445Y V459L,0.0000,0.0000,0,1
CTGGCAGGATGATGAC,M1L S163D,0.0000,0.0000,0,1
CTGGCGACTCACTCCA,K304T Y363L,0.0000,0.0000,0,1
CTGGGAGACTCAGCCA,F157Y V164S M214I N390L,0.0000,0.0000,0,1
CTGTCACCACGAACTC,H93L D156S C310S I445L,0.0000,0.0000,0,1
CTGTCGATTAAACAAA,W489*,0.0000,0.0000,0,1
CTTAAACCAGAAGTAA,N209Y C231Y S267T,0.0000,0.0000,0,1
CTTAATTGAGTGAATG,E76* D130G Q223L,0.0000,0.0000,0,1
CTTAGAACGTTGGTAC,L43M M96* N99S,0.0000,0.0000,0,1
CTTAGAGTAAATCTAT,G54V,0.0000,0.0000,0,1
CTTAGGTTCGATGGTC,K116E A195I S199K L382K,0.0000,0.0000,0,1
CTTCAAAGTGGATTAG,I213L T377L,0.0000,0.0000,0,1
CTTCGTGCTAAGTGGG,P83L Q223N K291E L433S,0.0000,0.0000,0,1
CTTCTAACATTAAGGG,G102M D229S,0.0000,0.0000,0,1
CTTCTCAGCAATACCT,S60H G98D T110L E329T S381D L469R,0.0000,0.0000,0,1
CTTCTGGCTACAACCA,G102K I113W,0.0000,0.0000,0,1
CTTTAACATGATATTA,I4M V28N,0.0000,0.0000,0,1
CTTTAAGAAACTTCGG,S163A C279S,0.0000,0.0000,0,1
CTTTGTCAAGTTTTGC,I4L T110M E418W,0.0000,0.0000,0,1
CTTTGTTTATCTCCGA,E104D,0.0000,0.0000,0,1
CTTTTAATACTAGCAT,G98I S138N F157T L245* N390I,0.0000,0.0000,0,1
GAAAAAGCCCAAAATC,L78Q R257Y,0.0000,0.0000,0,1
GAAAAATAGTAATTTC,R456F,0.0000,0.0000,0,1
GAAAACCAAAACAAAC,F8S L84S Q247R D273Y M410*,0.0000,0.0000,0,1
GAAAAGCACTAGCGTT,L84I T101K F191K Y219S S255* Q482*,0.0000,0.0000,0,1
GAAAAGTTGGAGTAAC,I21T I201L T225K F233I L336* S437P,0.0000,0.0000,0,1
GAAAATCTGAATGGCT,D311V Q335E Q482*,0.0000,0.0000,0,1
GAAACTAATGTTCGAA,G54E I286T,0.0000,0.0000,0,1
GAAACTCATAATTAGC,N127L T274R T412F P464S,0.0000,0.0000,0,1
GAAAGCATTAAATGAA,S333D K488E,0.0000,0.0000,0,1
GAAATCACTTTAACTC,A30M M192K E228* P466K,0.0000,0.0000,0,1
GAAATCCTTACAGCGA,F7L,0.0000,0.0000,0,1
GAACAACAACCGACTT,M1H T108L N346* W386F D432L,0.0000,0.0000,0,1
GAACAACAGCTTGCAA,Q482R,0.0000,0.0000,0,1
GAACAATCAAGGAACT,T87K M153L P427N,0.0000,0.0000,0,1
GAACAGACCGTAAGCA,L78G S138C F434W I445P K465Q,0.0000,0.0000,0,1
GAACAGCGTTCATGTC,G2Y A202S R256A Q416*,0.0000,0.0000,0,1
GAACCACGTTCGGGGT,E17T G34W Y62S S121M F157L G276M E404L,0.0000,0.0000,0,1
GAACCACTCGAAGACG,G2V M96H,0.0000,0.0000,0,1
GAACGCCCAATGATTA,T225Y A288I A322T H398A K461S,0.0000,0.0000,0,1
GAACGCTGTAAGGTAA,K88V R207L A297S,0.0000,0.0000,0,1
GAACGTCTCACTACAT,Q3G D211L L245F,0.0000,0.0000,0,1
GAAGAATACTAGTAAA,L280Q,0.0000,0.0000,0,1
GAAGACTATCATACAA,L103R V164M L285W K352V,0.0000,0.0000,0,1
GAAGCCACCCTTATAG,,0.0000,0.0000,0,1
GAAGTCGTGACAACAA,N470K,0.0000,0.0000,0,1
GAATACATATCGGACC,A25K,0.0000,0.0000,0,1
GAATACCATTCAATAC,Y219T K300T L344F H448T P483K,0.0000,0.0000,0,1
GAATACTCTCGCGTAA,A173I N209D C231G S246H M312L K368E,0.0000,0.0000,0,1
GAATAGCTGAGCATGG,T87D,0.0000,0.0000,0,1
GAATAGGAATTATATA,G45* N89F I323M,0.0000,0.0000,0,1
GAATATTGTTTCACCC,I15N,0.0000,0.0000,0,1
GAATCAATAAGTACTT,E228H L244A R325W,0.0000,0.0000,0,1
GAATCACAATACTAGC,S111F V450Y,0.0000,0.0000,0,1
GAATCCAACGGATATA,T87Y N302R,0.0000,0.0000,0,1
GAATCTTAGACAATTC,Y393S,0.0000,0.0000,0,1
GAATGGTTAAGATTAA,G42L R55M D130A S135W S143F A177L,0.0000,0.0000,0,1
GAATTGACGAGCATCC,L26V L61N K88E S199D,0.0000,0.0000,0,1
GAATTTGAGTCTCCTT,L68N H115N T397S,0.0000,0.0000,0,1
GACAAAATGCATGAAT,H92C I221F L242D P453T,0.0000,0.0000,0,1
GACAACCTACGTTGTT,S154H A176H D273N A297W R314M T376S K425* S476Y,0.0000,0.0000,0,1
GACAAGAAAAACAAAA,E67Y M82V C118N A288L,0.0000,0.0000,0,1
GACAAGAAACGACATG,T40Y I137R K300S,0.0000,0.0000,0,1
GACACAAAGGGACTAT,N109D L394H,0.0000,0.0000,0,1
GACATAGTGCTAGATT,Y36V,0.0000,0.0000,0,1
GACCGCAAAGTAGATT,K125E,0.0000,0.0000,0,1
GACCTAAAACAACTAT,R256L,0.0000,0.0000,0,1
GACCTGCATCACCCCC,Y62I S91A S169L C463R K488E,0.0000,0.0000,0,1
GACGAAGTCAATAAAC,I4S F49Q S143A Q335P R422D,0.0000,0.0000,0,1
GACGAGATATAAAAGT,C118R N146T,0.0000,0.0000,0,1
GACGGAAGAAGTCAGA,Q189S L258K D273N,0.0000,0.0000,0,1
GACGGTTTCCAATGCA,P466* W489L,0.0000,0.0000,0,1
GACTAATAACTGACCA,H93S N99A A173Q N209R,0.0000,0.0000,0,1
GACTAGGTATAACTAA,C475Y,0.0000,0.0000,0,1
GACTCGATCATACACA,L23M,0.0000,0.0000,0,1
GAGAAACCAACCATTG,G2R N99* G174V,0.0000,0.0000,0,1
GAGAAATCAAAGCAAA,C53R V97A H124N S163P,0.0000,0.0000,0,1
GAGACAGATAATCCCA,L84K S135L P145C K465L C477V,0.0000,0.0000,0,1
GAGACCCTCATTTTTA,L52S E151Y R207V D273A,0.0000,0.0000,0,1
GAGAGACGCAGCTAAG,S85K S163V G277A A343T H455R H467S,0.0000,0.0000,0,1
GAGAGTATACTTATAT,I21A L43H L245R,0.0000,0.0000,0,1
GAGCCAGAAACGTTCA,P12S L133K W283L,0.0000,0.0000,0,1
GAGCCATGGAACCGTT,N178*,0.0000,0.0000,0,1
GAGCGTGATATTGTCT,Y480M,0.0000,0.0000,0,1
GAGCTAAGGTAGTAAA,C118L S163N,0.0000,0.0000,0,1
GAGCTACCTTAGGCGA,G159Y T375L,0.0000,0.0000,0,1
GAGCTTGAGTGGACCT,F157Y G260H W264M,0.0000,0.0000,0,1
GAGGTCTAAAAGTTAT,T139R L220M D273M,0.0000,0.0000,0,1
GAGGTCTGCGGAGTCG,D317A S439T,0.0000,0.0000,0,1
GAGTACACTTAAGAAG,R193E R314F T380L,0.0000,0.0000,0,1
GAGTCGATAAATTAAG,A25S L220* S389K,0.0000,0.0000,0,1
GAGTGCAGGCTTGAAA,N373V,0.0000,0.0000,0,1
GAGTTAAATACAGAGA,C155S,0.0000,0.0000,0,1
GATAAATGTTTAGCAA,K327P V485M,0.0000,0.0000,0,1
GATAATAGTAAATAAA,L105R S135P Q232Y K417R,0.0000,0.0000,0,1
GATAATTAAGAAATAA,Y129M R250W,0.0000,0.0000,0,1
GATAATTATTAGAGAA,C86V L103Y C155R T225Y A288N F316G,0.0000,0.0000,0,1
GATACGATACTGATTT,L245N,0.0000,0.0000,0,1
GATAGTAGGTCCGCAT,V5T M134L N167P,0.0000,0.0000,0,1
GATATACAAACGAGTG,F157L N178K S246E N373L T377H,0.0000,0.0000,0,1
GATATGCCACGTAAAC,I254F H305S C385L,0.0000,0.0000,0,1
GATATGGGTTCATACT,A297H T375P,0.0000,0.0000,0,1
GATATTATACGTCCGG,C463F,0.0000,0.0000,0,1
GATATTCCAGCAGCAC,M82* S91F H124P,0.0000,0.0000,0,1
GATCACGGCATGACAC,F140N A173K I213R L394D,0.0000,0.0000,0,1
GATCAGGCCCCGAAGT,D251Y L313E,0.0000,0.0000,0,1
GATCCATTTAAACCTA,F140V D156H K291R M312L T397P,0.0000,0.0000,0,1
GATGACTGAGCAGCAT,L103* G360L Y480T,0.0000,0.0000,0,1
GATGAGTATTACAGAC,C180H Q331S,0.0000,0.0000,0,1
GATGCTCAAAAGAAGT,E17L C180L L315S Q348L,0.0000,0.0000,0,1
GATTATAGATATGAAT,N37K Q69P S143P N302D M312V C364R,0.0000,0.0000,0,1
GATTCGTGATACCTAC,Y62V T108C Q232* E303T,0.0000,0.0000,0,1
GATTGCACTTGGCCAG,Y66L C86K L103H,0.0000,0.0000,0,1
GATTGGAAGTAGTATA,G42* C155T D357I,0.0000,0.0000,0,1
GATTTGGCTATTTAAA,S169I,0.0000,0.0000,0,1
GATTTTAGTTAATCTG,M96K P236T S269*,0.0000,0.0000,0,1
GCAAAAATATGCTCTC,L50S Q149* G198V N295Y L415I,0.0000,0.0000,0,1
GCAAACGATGAATATC,G102A C212*,0.0000,0.0000,0,1
GCAAACTCACCCTCGG,H305Y Y366H S392C S439P,0.0000,0.0000,0,1
GCAAATCAAGAATTTT,P466Q,0.0000,0.0000,0,1
GCAACATAGCACGGAC,S85A S199P T375V G424W,0.0000,0.0000,0,1
GCAATCAAAGACGACG,E17K M134R,0.0000,0.0000,0,1
GCAATTGCACCCCGTA,V31L F436V,0.0000,0.0000,0,1
GCACACAAATTTTATG,V14L M75S C155Q,0.0000,0.0000,0,1
GCACGCCGTTCAACAA,L23P T190V S199K F262C F293I D347A P362G,0.0000,0.0000,0,1
GCACGCGCTTCATAAC,M1I T87P S154V G277K,0.0000,0.0000,0,1
GCAGCAACAAGAGGCC,L52* A152P L336T P362S,0.0000,0.0000,0,1
GCAGGAGTATGGAATA,F8I K161F S199L,0.0000,0.0000,0,1
GCATAAATGTGCATGG,N90*,0.0000,0.0000,0,1
GCATATCCACGAAAAT,K116V Q247L F436H,0.0000,0.0000,0,1
GCATGCATGTACACCC,E100V,0.0000,0.0000,0,1
GCATTAAGATCTGGTG,I15P R55G N119R I144V R256H Q416H,0.0000,0.0000,0,1
GCATTGTCTGAACGGA,T101N W210R Y253A E307T,0.0000,0.0000,0,1
GCATTTGCCAGAATTC,I15S Y363I G478I,0.0000,0.0000,0,1
GCATTTTGACTTTGTG,N89S M214Y Y393S V435R K490L,0.0000,0.0000,0,1
GCCAAAAGCTTCCAAG,T190H S439P I452L,0.0000,0.0000,0,1
GCCAACTAACCTCTAT,M82G S205H T274N,0.0000,0.0000,0,1
GCCAGATATAACCTAG,L43* T249M A343L C475L,0.0000,0.0000,0,1
GCCATAAGATGAGGGT,V14Y S27I I201F I345Y,0.0000,0.0000,0,1
GCCATAGTAATAGGTC,G159A T225L A343P,0.0000,0.0000,0,1
GCCATTATACGTAAAA,I162M Q247L,0.0000,0.0000,0,1
GCCCCCAGCCTCCCCG,Y129K R193T E228T P236H S246L,0.0000,0.0000,0,1
GCCCTAAGCTATCAAT,L258W D432N,0.0000,0.0000,0,1
GCCCTTGAACCTGGGA,N37V L128F V341M D408Y,0.0000,0.0000,0,1
GCCGACGAAATCCTCA,S143G C155T A173V L285R E396S,0.0000,0.0000,0,1
GCCGAGAACAAATTTA,L78N M96* C301K L336* Y371R,0.0000,0.0000,0,1
GCCGAGTTACTAACTG,T58* L120K K126L,0.0000,0.0000,0,1
GCCGATGACTGCAAAC,H13N V44E S138Y,0.0000,0.0000,0,1
GCCGATTCACACAACT,F147L I162M N353F,0.0000,0.0000,0,1
GCCTGATAACTACCAC,T454F,0.0000,0.0000,0,1
GCGAAAATAATCCGTT,T110* R256V,0.0000,0.0000,0,1
GCGAATAAATGAGACC,L23S N146H H467G,0.0000,0.0000,0,1
GCGACTATGATAACAT,S85T W196F,0.0000,0.0000,0,1
GCGATAGACTTTTATG,T190I S199V K451M P466G,0.0000,0.0000,0,1
GCGCAATGAATAACTA,,0.0000,0.0000,0,1
GCGGACGATTATTGAA,W210K,0.0000,0.0000,0,1
GCGTAAATTAAACACC,L52V C57E Y66M Q149T S169L,0.0000,0.0000,0,1
GCGTAACAACCGTCCA,I4A,0.0000,0.0000,0,1
GCGTAATCTTAATAAA,I144V H179I D273F K304R,0.0000,0.0000,0,1
GCGTATTACGGACTAT,L84S A288G,0.0000,0.0000,0,1
GCTACACTATGAAAAA,G45R L46* T265N,0.0000,0.0000,0,1
GCTACATACCACGACA,L128C G424D L479F K488R,0.0000,0.0000,0,1
GCTATCTCCTATTAAC,,0.0000,0.0000,0,1
GCTCCTCTCTATACGA,L103G Y172L L387V R491L,0.0000,0.0000,0,1
GCTCGACAACTCATAT,C41S H93R G186I A202N R248G N302S K425M,0.0000,0.0000,0,1
GCTCGATCCCCATGTT,G102P N346F L442C,0.0000,0.0000,0,1
GCTCTAAACGCGTATC,L245*,0.0000,0.0000,0,1
GCTGAAGAACATAATC,S135D P145H C180G P238* R256T T375V,0.0000,0.0000,0,1
GCTGCCCAATAATGTT,S476K,0.0000,0.0000,0,1
GCTGCGCAATGAAAAA,L68E S400D,0.0000,0.0000,0,1
GCTGTACCACCAATTA,,0.0000,0.0000,0,1
GCTTCACCGTACTTAG,L26N T101A,0.0000,0.0000,0,1
GCTTCCCCAACAGAGG,F38L G98A Y480M,0.0000,0.0000,0,1
GGAAAACACAAAAAGC,C310T V435L Y441D,0.0000,0.0000,0,1
GGAAAACTATATTAGA,Y129A G260I M420V L428M,0.0000,0.0000,0,1
GGAAAAGTTGAGTAAA,E72L T274A N319K I458Q P464A,0.0000,0.0000,0,1
GGAACACTTGTTCTAG,S205F S216A S333L C364K,0.0000,0.0000,0,1
GGAAGTTGATACAAAT,S169W C180* G277V L382Y G424K V485L,0.0000,0.0000,0,1
GGAAGTTTCATAAGAG,T81P G98V L280C M284I,0.0000,0.0000,0,1
GGAATGTTAGACTTTT,M75D,0.0000,0.0000,0,1
GGAATTCAAAACCAAA,T70F T182R W210Y L266N L315K,0.0000,0.0000,0,1
GGACAGAATCGATACC,P383W,0.0000,0.0000,0,1
GGACCTTCTCTGGTCA,Y66K G160S G198I L220Y S255L,0.0000,0.0000,0,1
GGACTCCGGGATCTCC,G2* K481N,0.0000,0.0000,0,1
GGAGACCACGATTGAG,L51T E307T,0.0000,0.0000,0,1
GGAGGCACTTAACGTC,M19V F49Q,0.0000,0.0000,0,1
GGAGTTCTCGATGAAT,G174Y W386*,0.0000,0.0000,0,1
GGATATACGTAACCAA,K291* N319L Y393I F440I,0.0000,0.0000,0,1
GGATTTCCCTTTGCCT,A299Q K425*,0.0000,0.0000,0,1
GGCACAGCGAAAGTCT,A173N N338D L372Y,0.0000,0.0000,0,1
GGCACGATGGTTCATT,R55W C118L Y219I,0.0000,0.0000,0,1
GGCATAGTAAGCAATA,N353F,0.0000,0.0000,0,1
GGCCACTACTATGATC,C231S,0.0000,0.0000,0,1
GGCCCCAGAAACCCAC,I361N Q405S,0.0000,0.0000,0,1
GGCGGGTCCTAATTTA,R257E N302I,0.0000,0.0000,0,1
GGCTACTGCATGAAGC,Q232S P236S V459M,0.0000,0.0000,0,1
GGGAACATCACCAGAA,F233S,0.0000,0.0000,0,1
GGGATATGTTTGTGTC,N20V Y200F L285C Y393L,0.0000,0.0000,0,1
GGGATTCGTACAGAAG,,0.0000,0.0000,0,1
GGGCCCCAGACAACGA,S60* L84M N146L A152V T454P,0.0000,0.0000,0,1
GGGCGACCGATGCGAG,E151C Y219N G240L,0.0000,0.0000,0,1
GGGTATATACAGAAAT,R235V L242Y,0.0000,0.0000,0,1
GGGTATGATCCAAACG,Q3Y V187C Y200V N319K Q348P T380E,0.0000,0.0000,0,1
GGGTCGCATGTTTTTA,D156T N302T H457N,0.0000,0.0000,0,1
GGGTCTTATTACAGGA,G98F S111F C231V,0.0000,0.0000,0,1
GGGTTCAGGATGGAAC,N209Y H230L,0.0000,0.0000,0,1
GGTAGGACCCGAAGAA,E151* L168F Y200S R256K,0.0000,0.0000,0,1
GGTAGTTTGTTAGATT,,0.0000,0.0000,0,1
GGTATAGGCGAGGTTT,L336W L355D,0.0000,0.0000,0,1
GGTATCCAACCCACCA,T48W L73S H170W I213T E307D M351L R491K,0.0000,0.0000,0,1
GGTCACGTTGATTTTA,G54C T377I,0.0000,0.0000,0,1
GGTCTAAAGACATTAA,V341G V431S,0.0000,0.0000,0,1
GGTGAGTCCAAAAAAA,I4R R257K A299S Q321F E421G,0.0000,0.0000,0,1
GGTGCCAGTAAAGCAC,S27W T281Y,0.0000,0.0000,0,1
GGTGTAAAAATTATAG,E104V A202P N224I,0.0000,0.0000,0,1
GGTGTTCACACTTAGG,L50K Q223R P236* F293Y K451R,0.0000,0.0000,0,1
GGTTCTCCGGCGCAGA,F140K F147S D311L,0.0000,0.0000,0,1
GGTTGCGATAAATAAT,N74F F140Y G276Q T426F,0.0000,0.0000,0,1
GGTTTTCTTGCCTAAA,,0.0000,0.0000,0,1
GGTTTTGTATTAACGA,Q3M N79H A123V Q232K N373* N409K,0.0000,0.0000,0,1
GTAAAGAGAGTACAGG,T281V L469W,0.0000,0.0000,0,1
GTAAATAAGCGCAGAA,C86G L133Y G271S I334F,0.0000,0.0000,0,1
GTAAGTCTGCATTTTG,N224L I239H,0.0000,0.0000,0,1
GTAATATTCAGCCTAC,T190L G391N,0.0000,0.0000,0,1
GTACAGCTTTTCGGAG,L242H D273G,0.0000,0.0000,0,1
GTACCAAGAAAGAACA,R207P,0.0000,0.0000,0,1
GTACCAGTGAGCTACT,L26V K88S G159W T263R,0.0000,0.0000,0,1
GTACGTGTTAATTTAC,K125* N167A,0.0000,0.0000,0,1
GTAGAACTTGGTTGAA,A173K T376A L449R V485M,0.0000,0.0000,0,1
GTAGGCAATTCTAAAT,C155S K465V,0.0000,0.0000,0,1
GTAGTGATGTTAAGAA,H457S,0.0000,0.0000,0,1
GTAGTTCCATTTTCTT,T110R G197L G240I,0.0000,0.0000,0,1
GTATAATTGGCCAGAT,T6Q C41V A173H,0.0000,0.0000,0,1
GTATATCATAGAAACT,G198V Q335Y,0.0000,0.0000,0,1
GTATCGACTGATGTTT,K272G C463V,0.0000,0.0000,0,1
GTATCTTGGACGAGTT,G34T S199F D204N L245H K368L K384D N390K,0.0000,0.0000,0,1
GTATGAAAGTGTAGTC,C53R S163D S392T,0.0000,0.0000,0,1
GTATGTTCCATATATG,K88E N346L,0.0000,0.0000,0,1
GTATTCGAAAAGCGTC,M19Y G240E Y419S,0.0000,0.0000,0,1
GTCACAAAAAACAGCT,L336R P383R,0.0000,0.0000,0,1
GTCACTCAACGAATCT,F140D,0.0000,0.0000,0,1
GTCAGTAAAATCCAAC,S60I Q321P S389G E413S,0.0000,0.0000,0,1
GTCATAAAATCATGTT,A132H I474Y,0.0000,0.0000,0,1
GTCATCCTATAATCGG,G159W F318T,0.0000,0.0000,0,1
GTCCAACCCGAGATAA,M420V I452S,0.0000,0.0000,0,1
GTCCACATAAAATTTG,V11L L107R,0.0000,0.0000,0,1
GTCCATGCCTGGGGAG,V5R E17Q L26P,0.0000,0.0000,0,1
GTCGAAGTTGTGTTAT,M153Y L280F H471* V487I,0.0000,0.0000,0,1
GTCGTACAACAGACTA,G2D R248G I350T,0.0000,0.0000,0,1
GTCTAACGATAAGCAA,H398Q P466T,0.0000,0.0000,0,1
GTCTACCTATACCAAC,I136* G174R D211T W264*,0.0000,0.0000,0,1
GTCTAGAGACATCCAA,C180R G198L H457S,0.0000,0.0000,0,1
GTCTCAACGTATGAGA,L133S H179R C231V M332I,0.0000,0.0000,0,1
GTCTGATAACAGTTAA,V18A A330N F440Y,0.0000,0.0000,0,1
GTGAAATCGACTATGG,W264S,0.0000,0.0000,0,1
GTGACGCTATAAATAA,V18E Y200V,0.0000,0.0000,0,1
GTGATTAATAATAGAA,G2P T101S H467L,0.0000,0.0000,0,1
GTGATTCGCTATAACG,Y62T G98D S199M G460Q,0.0000,0.0000,0,1
GTGGCATATTTCCTTT,A132K,0.0000,0.0000,0,1
GTGGCGAAATGTGTTC,K33F L71I,0.0000,0.0000,0,1
GTGTCATAACCCACAA,I112V A184N H467R,0.0000,0.0000,0,1
GTGTCATCCTGCAAAA,Y62V Y200P S267N F316S G473D,0.0000,0.0000,0,1
GTTAAAGTGATTAACT,I136W W196R R207V G240E,0.0000,0.0000,0,1
GTTACCATGAATACTG,T426H V487E,0.0000,0.0000,0,1
GTTACGGAAGAACATC,G198L L336M F436R,0.0000,0.0000,0,1
GTTATCACTTAATAAG,Y62F E329G,0.0000,0.0000,0,1
GTTATCCGTCTTTTAC,A39P,0.0000,0.0000,0,1
GTTATCGTCAGCTTTG,G2V M134G L394H,0.0000,0.0000,0,1
GTTCAAGTAACGAAAA,W264L,0.0000,0.0000,0,1
GTTCTATATCCTATTA,H131* R207A E307T,0.0000,0.0000,0,1
GTTGTAGACTCATAAA,Q3P,0.0000,0.0000,0,1
GTTTCTATAGTACTAA,I15Y H92E C155N W210T G360D,0.0000,0.0000,0,1
TAAAAAAAGAGTATTG,A25N K33R L242R,0.0000,0.0000,0,1
TAAAAAATGTGTGGGA,A195M A297S C364R N373L Q416E,0.0000,0.0000,0,1
TAAAAACACCTAAGAG,W264R,0.0000,0.0000,0,1
TAAAAGACTAAAAGGT,D156M I239T L449R,0.0000,0.0000,0,1
TAAAAGAGTGTTTTGC,N89C G240L,0.0000,0.0000,0,1
TAAAAGCGCGTATTAT,K425E,0.0000,0.0000,0,1
TAAAATATCTTTAAAA,K125A L344R Q348S P427* R456K,0.0000,0.0000,0,1
TAAAATTATTCGATTG,I4T Q9H V47F,0.0000,0.0000,0,1
TAAACCGATGAGAAAC,E67L Y200N S333R N342P,0.0000,0.0000,0,1
TAAACTAATCGAGACT,H179T L220* G260R E270S G277F K339N,0.0000,0.0000,0,1
TAAACTACACGGTTCT,R257G C364R,0.0000,0.0000,0,1
TAAAGAATAAAAGCTA,R256A,0.0000,0.0000,0,1
TAAAGACCTATAACAA,L220G,0.0000,0.0000,0,1
TAAAGCTTTTGCCATG,V47L E308N R456Q,0.0000,0.0000,0,1
TAAAGGAAGTCATAGA,C310F S400R,0.0000,0.0000,0,1
TAAAGTCTCGTTAACA,D306R,0.0000,0.0000,0,1
TAAAGTTGAATTGACA,F49G C118M A288V Y480I,0.0000,0.0000,0,1
TAAATAAAAAACCCTA,V164C D306*,0.0000,0.0000,0,1
TAAATAACCTTACCAG,F440E,0.0000,0.0000,0,1
TAAATCTTTATTCTAT,Y36R D122H E289V,0.0000,0.0000,0,1
TAAATTGCTCTTGAAA,N90Q Q189P R325C N373V,0.0000,0.0000,0,1
TAACAATAAAACTATT,T101I H170N Q416I,0.0000,0.0000,0,1
TAACAGACGCAAAAGA,D268R Y441H,0.0000,0.0000,0,1
TAACATTTTATTGCTA,P83R,0.0000,0.0000,0,1
TAACCCCTAACATTTG,H230V,0.0000,0.0000,0,1
TAAGCTCTGTAGAGCA,G2M R257K A340K K481V,0.0000,0.0000,0,1
TAAGCTTTGGACTTCA,K33E C212L E404G,0.0000,0.0000,0,1
TAAGGGCAGCACATAA,L344K,0.0000,0.0000,0,1
TAATCCGATGTGCACT,I136A C212Q,0.0000,0.0000,0,1
TAATCGCATGAAATTG,L469G,0.0000,0.0000,0,1
TAATGCCCGCGACATT,L68M T81S N158R S163H R248T N373I,0.0000,0.0000,0,1
TAATGTAGCGATGAAT,Q3D,0.0000,0.0000,0,1
TAATTAACGCTATCTT,A25R,0.0000,0.0000,0,1
TAATTGCCCTTACATC,T101D N167M K272H G478R,0.0000,0.0000,0,1
TACACTCCTCCCTCCT,Q223* K291Q,0.0000,0.0000,0,1
TACAGAGTCCCGGCAG,V5G D211A M359T,0.0000,0.0000,0,1
TACAGCACTAAATAAG,M1C L105G P383T G429S W489V,0.0000,0.0000,0,1
TACAGTTAATCGTGTG,Y363N G391I,0.0000,0.0000,0,1
TACAGTTGGGCAGCTA,L50R L71P C118G K125F I144Y,0.0000,0.0000,0,1
TACATAAACAAATTGC,T87K T263F C475A,0.0000,0.0000,0,1
TACATCTTATAATAAT,E151V C212A I222V,0.0000,0.0000,0,1
TACATGTTCCGCTAGA,M194A C231Q,0.0000,0.0000,0,1
TACATTTGCAAAACGG,F147T T215I N302K C477Y,0.0000,0.0000,0,1
TACCAGCGCTAAGAGT,G198R E413T,0.0000,0.0000,0,1
TACCATAGCTTTTTCC,Y150L H179K W210S M214S T274Q Q335*,0.0000,0.0000,0,1
TACCGACCGTATAAAA,K417L P453L I474V,0.0000,0.0000,0,1
TACCGAGTCGACCGAA,K272V A288P V341M C463Y,0.0000,0.0000,0,1
TACCGCGTCCCAAATG,,0.0000,0.0000,0,1
TACCTACTCCGTAGAA,Y129* S205H S389L,0.0000,0.0000,0,1
TACCTCGTCGCCACCA,I221H L285M T375K,0.0000,0.0000,0,1
TACGAAATTGGAGACT,C57I,0.0000,0.0000,0,1
TACGACTCCCCTTCAC,Y241F R325T L433D,0.0000,0.0000,0,1
TACGAGACAATAACAC,Y129K S400T,0.0000,0.0000,0,1
TACGAGTTCTTTTTAT,F293S,0.0000,0.0000,0,1
TACGCAGAAGACATTT,L103D I239C,0.0000,0.0000,0,1
TACGTGGAGTAGTAGT,N90L A173R N185Y,0.0000,0.0000,0,1
TAGAAGCGAATTCGCA,L258R,0.0000,0.0000,0,1
TAGAATAAATTACACC,,0.0000,0.0000,0,1
TAGAGCTCTTAGTGAA,L35A E72L H93Y C180V N373F,0.0000,0.0000,0,1
TAGATCTCTGGGGACG,L469H,0.0000,0.0000,0,1
TAGGAGATTAGCACCA,S143D S171N T182L D251W,0.0000,0.0000,0,1
TAGTAAAATGACAAAC,L61* Q149M L242I H398D,0.0000,0.0000,0,1
TAGTAAATTTTTTCAA,,0.0000,0.0000,0,1
TAGTCAACTAAAAGCA,S111D C212H E404F S476L,0.0000,0.0000,0,1
TAGTCGTCCTAGTTCT,D229Y,0.0000,0.0000,0,1
TAGTTACTTTCAAAAT,L23N M410S,0.0000,0.0000,0,1
TATAAAGGTTCCACGG,F49H T106C Y393N,0.0000,0.0000,0,1
TATAAATGCCGTCGTA,S216D S333L V459E,0.0000,0.0000,0,1
TATAACAAAACACCAC,A177C F399H,0.0000,0.0000,0,1
TATAACGGTATGACCG,C41M K384F,0.0000,0.0000,0,1
TATAAGAACAACCTAA,A299V I337M K417W E421D,0.0000,0.0000,0,1
TATAATTCATTACAAC,S27P Q69M L107S F434I,0.0000,0.0000,0,1
TATACCCGTGATAAGT,Y371T,0.0000,0.0000,0,1
TATACTATAGTTATGG,F233P T261* K461W V485E,0.0000,0.0000,0,1
TATAGAAAACGGTGAA,G64C G198H,0.0000,0.0000,0,1
TATATACAACACTGGC,L168T,0.0000,0.0000,0,1
TATATCACAAGACCTT,H92S W196* T226S L326T K368Q N409I,0.0000,0.0000,0,1
TATCGGCATGTAAGAA,W370L,0.0000,0.0000,0,1
TATGAACATTTTGAGT,G473P,0.0000,0.0000,0,1
TATGAATTATAATAAC,Q149E Q223E M312R A343R,0.0000,0.0000,0,1
TATGTCCCGTATTTTA,T6I E72N F147A,0.0000,0.0000,0,1
TATTATACTGGATAGA,F8V I239E R468I,0.0000,0.0000,0,1
TATTCTAGATGATGCG,K63Y G181E E307S Y480R,0.0000,0.0000,0,1
TATTGCTTGTCTAGTA,G391A L428*,0.0000,0.0000,0,1
TATTTAATTAGCAAGC,Y366C,0.0000,0.0000,0,1
TCAAAAATTCTATCTT,N79E M192I N224S C231T G243* R250P,0.0000,0.0000,0,1
TCAAACATATTGAATC,E308R C385S,0.0000,0.0000,0,1
TCAAACCAATATAATC,M19P L220V I239K,0.0000,0.0000,0,1
TCAAACGGAGATTGTG,I144T G260M S267G A297S,0.0000,0.0000,0,1
TCAAACGTTACTCAGA,L168W I252K C292P,0.0000,0.0000,0,1
TCAAAGCCATAATACG,G54R T215I N346D,0.0000,0.0000,0,1
TCAACAGGAAATTATG,T106R K417M,0.0000,0.0000,0,1
TCAACTACCAAATAGT,Q9M G260T G424L,0.0000,0.0000,0,1
TCAAGAGACCCTAAAC,Q3* H141K Q149E L442P H467N,0.0000,0.0000,0,1
TCAATTCAACATAGAC,G2Y D122Y T261L I458S,0.0000,0.0000,0,1
TCAATTCCCGTACCAC,M153F G159D L372Q P483I,0.0000,0.0000,0,1
TCACAAAATGATGAAC,N90D L355Y,0.0000,0.0000,0,1
TCACAACTGCAGGATC,M96Y G276W C310Y,0.0000,0.0000,0,1
TCACATAAAAACGACC,N37P G42V M82L,0.0000,0.0000,0,1
TCACCAACGATGTGGC,S255* N470I,0.0000,0.0000,0,1
TCACCGTTGTCGTGAC,M1* G45R K88S E303A,0.0000,0.0000,0,1
TCAGAGTGAACTAAAA,K161D F191L F440K G473F,0.0000,0.0000,0,1
TCAGCCGCCGTACTTA,I334N C364P P486F,0.0000,0.0000,0,1
TCAGGCGGTTTTGTAT,Y166P C310R,0.0000,0.0000,0,1
TCAGTAAACCGATACG,G98D Y200P E287T E418K,0.0000,0.0000,0,1
TCATATGAAGATTGGG,F157V L449E P464Y,0.0000,0.0000,0,1
TCATGTGATCCCAAAC,Y200*,0.0000,0.0000,0,1
TCATTACGTTGAAAAG,C212N S269C,0.0000,0.0000,0,1
TCATTGCCGTGACACA,R256L,0.0000,0.0000,0,1
TCATTTTCTAGCATAT,E10F M153V K161M F316C,0.0000,0.0000,0,1
TCCAACTCCTAAACCC,L107P F157V W227R S246L,0.0000,0.0000,0,1
TCCACTTAAATCCGTC,S169C R257T,0.0000,0.0000,0,1
TCCATCACACGGTATA,H124D H230P T377N,0.0000,0.0000,0,1
TCCATTCTAGTACTGA,P12E L103N R379S,0.0000,0.0000,0,1
TCCCGACCCGCATGTA,A173W,0.0000,0.0000,0,1
TCCGTTACCGGAGAGA,L68R D156N L245V I323L,0.0000,0.0000,0,1
TCCTATCGCTTCAGTG,H13P K272R R356* C364G L442R L447W,0.0000,0.0000,0,1
TCGAATTGACACTAAT,H13D S143H H179L R250C K300T M420W,0.0000,0.0000,0,1
TCGACACGGAAGATTG,L394F M420Y,0.0000,0.0000,0,1
TCGACCAGATGCGAGC,C53L M420*,0.0000,0.0000,0,1
TCGACCGAAAGTGCTT,L51Q C364V,0.0000,0.0000,0,1
TCGATACGAGGTTACT,L220Y,0.0000,0.0000,0,1
TCGCGGCTGGACTATC,A39V S121G G197D W264Q,0.0000,0.0000,0,1
TCGGCAGTACTGCTAG,E104L Y278L,0.0000,0.0000,0,1
TCGGTATGATCACGAA,M82E T108- N109- T110- S111- T139H,0.0000,0.0000,0,1
TCGTAAGAAACCATGA,Q149W V187P L372*,0.0000,0.0000,0,1
TCGTACAAGTCTAGTT,T59C Y480H,0.0000,0.0000,0,1
TCGTGCATTTTATCGG,T182S G271V Q406G,0.0000,0.0000,0,1
TCTAAACACCCAAGCC,Y200*,0.0000,0.0000,0,1
TCTAAACATCAAAAAC,G102C H115Q C155R S255*,0.0000,0.0000,0,1
TCTAAACGTCAAGACT,,0.0000,0.0000,0,1
TCTACGCCAGCTAAAA,S111D F233T L285G,0.0000,0.0000,0,1
TCTACTACCAGAAATT,E10P,0.0000,0.0000,0,1
TCTAGAAATGGACCCT,L285* K291E H448L,0.0000,0.0000,0,1
TCTAGGCACGCATAAA,G2N L26M E100K S381G,0.0000,0.0000,0,1
TCTAGTAGGTAATCTC,F8M L52N I458V K488L,0.0000,0.0000,0,1
TCTAGTTTCAGAGTGA,T263L K451L,0.0000,0.0000,0,1
TCTCAACATTAATCAC,V97L F434D,0.0000,0.0000,0,1
TCTCTATTGTCAAATT,F233H L285P N302K,0.0000,0.0000,0,1
TCTGAGCCCCTATACG,E151T S205F N302R V485A,0.0000,0.0000,0,1
TCTGCCCTATACCATT,L32S G102V F157L D311T,0.0000,0.0000,0,1
TCTGTCGGCTATGACC,L142A F399P,0.0000,0.0000,0,1
TCTTAAGATTTTTACG,G276T,0.0000,0.0000,0,1
TCTTCCTGGGTGTCCC,V5G W227M L433G,0.0000,0.0000,0,1
TCTTCGACCTACTGTA,G240E,0.0000,0.0000,0,1
TCTTGCAGTTAGAAAA,T40K I112T Q149S G197W,0.0000,0.0000,0,1
TCTTGTCCGCTGCGGG,L326M C385Y,0.0000,0.0000,0,1
TCTTTAGCAAAAAAAA,S91I L394*,0.0000,0.0000,0,1
TCTTTGATAAAATTGC,T225G W264G,0.0000,0.0000,0,1
TCTTTTATTTACCCAC,C86T K116F N302I V341S I345H,0.0000,0.0000,0,1
TGAAAAGCAACTGCAG,G98I G197D N470F,0.0000,0.0000,0,1
TGAAACATAAATTCTG,I221M C231M,0.0000,0.0000,0,1
TGAAAGTGGCTTTCAA,V65* L442R,0.0000,0.0000,0,1
TGAACTTTTTGTTCTA,S135* N319F,0.0000,0.0000,0,1
TGAATACCCGGGTCTG,I112L Q232W R256G K384N,0.0000,0.0000,0,1
TGAATATAGCACCGCA,V44L W283K D408K,0.0000,0.0000,0,1
TGAATTCTGTAGAGAA,G64Y L68S P383L L442G V459S,0.0000,0.0000,0,1
TGAATTTATAGGCTAC,G54M I222M G478W,0.0000,0.0000,0,1
TGACCTAACACATACT,L107K N148V G206S,0.0000,0.0000,0,1
TGACCTCAGTTTTATA,E270S N295K,0.0000,0.0000,0,1
TGACGACGGCCAGAGG,D156H T261* G277K,0.0000,0.0000,0,1
TGACTACCGTAACCTT,,0.0000,0.0000,0,1
TGAGAGCTATGTTTTA,N90F T215N E289L L349K,0.0000,0.0000,0,1
TGAGGAGATGAATCAC,A173D T215Q S246C L290V W489N,0.0000,0.0000,0,1
TGAGTTGCTATATCCA,M75I C86N G174F,0.0000,0.0000,0,1
TGATACTCGATAACGT,E104Q G186F A202C L428D,0.0000,0.0000,0,1
TGATCCATCACGAGCG,G159S D211H G271L,0.0000,0.0000,0,1
TGATTAAGTCACGACT,A177G I201S K368A,0.0000,0.0000,0,1
TGATTGACTAAAAGTA,T70W L259S I452R,0.0000,0.0000,0,1
TGCAACTAAACTAAAA,F49D C292L,0.0000,0.0000,0,1
TGCAATTATTGACACT,N295S R468F,0.0000,0.0000,0,1
TGCACAAAGCGATCCT,A25G L128I P238S L442P,0.0000,0.0000,0,1
TGCCACGAACGTAAGG,I337K,0.0000,0.0000,0,1
TGCCATAATTACATCC,T296P G360T L394G,0.0000,0.0000,0,1
TGCCTCCAGATTCAAA,A343R,0.0000,0.0000,0,1
TGCCTCTGACTTTAAA,C86Y L103V,0.0000,0.0000,0,1
TGCGGACAGATACTCA,L103S E228T,0.0000,0.0000,0,1
TGCTACGGTACCCTTG,S135L R314E,0.0000,0.0000,0,1
TGCTATCCAACCCTAG,C41I Q247F,0.0000,0.0000,0,1
TGGACCACAAACATAG,W370D N409P,0.0000,0.0000,0,1
TGGCTTATTCCGCAAC,L35G R235W N390K A407E,0.0000,0.0000,0,1
TGGGTTACGGCGAATA,E67Q I358*,0.0000,0.0000,0,1
TGGTAACGAAAAAAAG,F436L K488P,0.0000,0.0000,0,1
TGGTACTAAACTAGGA,A184R R257K K352F,0.0000,0.0000,0,1
TGGTCACCGAAGGCGT,Y200L C463S,0.0000,0.0000,0,1
TGGTTGTGAACACGGA,C231D,0.0000,0.0000,0,1
TGTAAGTGGTAGAAAA,K272R,0.0000,0.0000,0,1
TGTAATTCCTGACTTA,L128R K161P E418D,0.0000,0.0000,0,1
TGTACAGACGATACTA,A184T L258G N390K,0.0000,0.0000,0,1
TGTACCCATACATCGC,G277S F293*,0.0000,0.0000,0,1
TGTAGATTACTCGCGA,Q3F,0.0000,0.0000,0,1
TGTAGTACAGATACTC,F7K C86Y L120G C155R C477Y,0.0000,0.0000,0,1
TGTAGTGAGATCCTAA,S91A V97K L259M C310L,0.0000,0.0000,0,1
TGTCCTAGTGGAATCT,F399I,0.0000,0.0000,0,1
TGTCGGACCGCACCAC,A39P I345A N373D W386G I411E,0.0000,0.0000,0,1
TGTCTGTAACAATCAT,Y172* R356A,0.0000,0.0000,0,1
TGTCTTGAATGGCATA,W210P D317N,0.0000,0.0000,0,1
TGTGATTTATCTATAA,,0.0000,0.0000,0,1
TGTGCCTAAGCCATAG,L355D C385W,0.0000,0.0000,0,1
TGTTCAAAGCAGAATA,C57Y C118I C364W,0.0000,0.0000,0,1
TGTTCATGCAACCTTT,K320S C477L V487G,0.0000,0.0000,0,1
TGTTGCATAAATAGAA,A177G C231D,0.0000,0.0000,0,1
TGTTTATACGCAGTGG,A173E C180L M410R,0.0000,0.0000,0,1
TGTTTCATGGATTAGA,G54V T215G,0.0000,0.0000,0,1
TTAAAAAATCTAGAAT,,0.0000,0.0000,0,1
TTAAACAAAAATTCAA,N89S E228K I411R,0.0000,0.0000,0,1
TTAAACTAAAGTTCTA,V298L C301P I334Y,0.0000,0.0000,0,1
TTAAAGCTAAGCGTTA,L35Y T87M G243*,0.0000,0.0000,0,1
TTAACATAGTAATGCG,N224C E308N T377M I445F,0.0000,0.0000,0,1
TTAACCGTTAGATCAA,C212V V435L,0.0000,0.0000,0,1
TTAAGTGCACGCCAAC,S56Y A297D,0.0000,0.0000,0,1
TTAATTTGCCCGTTCA,L32E Y62S S163L T438R,0.0000,0.0000,0,1
TTACGAAATAAACTGA,T139Q M410V,0.0000,0.0000,0,1
TTACGCACCAAAGTTT,L105* W489L,0.0000,0.0000,0,1
TTACGTTAAGAGTAGA,G2D D175L G260K P483I,0.0000,0.0000,0,1
TTAGAAAGCAGTTGTC,N90L C155T,0.0000,0.0000,0,1
TTAGAATCACTGTGAG,C155R,0.0000,0.0000,0,1
TTAGAGACTAAAACTA,G42F G197V Q223Y,0.0000,0.0000,0,1
TTAGGAACCACCGAGC,Y200D G360F,0.0000,0.0000,0,1
TTAGTAACAACGTCTA,G240K M284I,0.0000,0.0000,0,1
TTAGTTGAAAAAAAAA,G160S L285W,0.0000,0.0000,0,1
TTATCAACCTTCCGTA,Q3C G198E,0.0000,0.0000,0,1
TTATCCCCAGCTATAA,Q9A L50I I112F A177* M192* A340L,0.0000,0.0000,0,1
TTATTAACCGTGTAAC,,0.0000,0.0000,0,1
TTATTTGATACAAACC,N148H H455G,0.0000,0.0000,0,1
TTCACGGGATTACACG,N224Q S255V C279F,0.0000,0.0000,0,1
TTCAGAAAACTATTTT,N167Y,0.0000,0.0000,0,1
TTCAGTTAAACGAACT,C86E Q149R V459R,0.0000,0.0000,0,1
TTCATAGCCTAATTAC,F191P S199R C212R R248C F309N H354W K451G W489R,0.0000,0.0000,0,1
TTCCACATCGCCAAAG,Y172S F446R,0.0000,0.0000,0,1
TTCCAGCTAAGTCTAA,L258T,0.0000,0.0000,0,1
TTCCATGCCTCTGGAC,Q3Y M472W,0.0000,0.0000,0,1
TTCCCGCTAAGCACTT,L107E M332S T397K,0.0000,0.0000,0,1
TTCCGACTGCTAGAGG,F140K A173K A343T,0.0000,0.0000,0,1
TTCGGAGAAACATCCC,W227* L449A,0.0000,0.0000,0,1
TTCTCGCACGATAACG,T59M L68* A123G G174C G197K T215N,0.0000,0.0000,0,1
TTCTCTTACCGGGAAA,G64H,0.0000,0.0000,0,1
TTCTGAAATGCTTCTC,L68M R257G,0.0000,0.0000,0,1
TTCTTTATCGCGAGAA,I21T M134W F446E,0.0000,0.0000,0,1
TTGACGACATCGAGTT,M1S L103Y,0.0000,0.0000,0,1
TTGAGAACGTAAAAAT,L61G E270* M410D,0.0000,0.0000,0,1
TTGAGTAATACTCTAT,T108P R235M,0.0000,0.0000,0,1
TTGATTAAATGCACAA,L259I K300T,0.0000,0.0000,0,1
TTGCACAAATTCTATG,T87E C155M E421Q,0.0000,0.0000,0,1
TTGGCCAGTCAGGAAT,R207K Q324S G391S P453Y,0.0000,0.0000,0,1
TTGGTGAAAAACCCGA,S333F N373L Q416V,0.0000,0.0000,0,1
TTGTAAGATTGTTACC,C155H R250S,0.0000,0.0000,0,1
TTGTAATATAGTAACA,C41W G243T,0.0000,0.0000,0,1
TTGTACCTTGCAGAGG,S91* F140T M312*,0.0000,0.0000,0,1
TTGTCGCAAAATCTTC,M1F S169G C364I,0.0000,0.0000,0,1
TTTAACAATTTGCTAA,H467R,0.0000,0.0000,0,1
TTTACCAGTGAACACG,P383V,0.0000,0.0000,0,1
TTTAGCGATATAGTAT,L50I S154E G240L P483I R491K,0.0000,0.0000,0,1
TTTATGTGGATGAAGC,G2T N319R H374V K465F,0.0000,0.0000,0,1
TTTCAAAAATTACACT,S27L I136Q Q247S L449P,0.0000,0.0000,0,1
TTTCATAAAAACTAAT,C477S,0.0000,0.0000,0,1
TTTCGCTTCTAAAGTC,I113K R456F C475G,0.0000,0.0000,0,1
TTTCTTTGATTTACAC,W196S L220N,0.0000,0.0000,0,1
TTTGCAAATATACTTT,F440L P486L W489*,0.0000,0.0000,0,1
TTTGCGTACCAAATAT,I136V N224Y W489V,0.0000,0.0000,0,1
TTTTAAAGATAAGAAA,E151*,0.0000,0.0000,0,1
TTTTAACGAACCTATG,G159R A177R I221R L479S,0.0000,0.0000,0,1
TTTTACCGACATGCCA,H13L G174T F318H,0.0000,0.0000,0,1
TTTTATACAGTCATCC,S163*,0.0000,0.0000,0,1
TTTTGAATCAAGAGTA,W196L H374F G378S,0.0000,0.0000,0,1
TTTTGAGTATTGCTTG,L78V C180T F399M,0.0000,0.0000,0,1
TTTTTCACTAAAGGAC,F117G T261E N302*,0.0000,0.0000,0,1
AAAAAAAAAAAGCAAG,C53L E270A P275L T296L,nan,nan,0,0
AAAAAAAAAAATCATA,I213K A297T,nan,nan,0,0
AAAAAAAATTACAAGT,M134W I201H P238I N395R A407T,nan,nan,0,0
AAAAAAACAAAAACAG,T59Y E72L G181E Q247M S476A,nan,nan,0,0
AAAAAAATGATTTGTC,V65C D432Y L433F,nan,nan,0,0
AAAAAACACACGAGTT,R356P,nan,nan,0,0
AAAAAACACCATTTGA,V18A,nan,nan,0,0
AAAAAACCACCCATCC,I15S S85K A173V I254S F262L S389Y,nan,nan,0,0
AAAAAACGCTTACACA,L78N A152L D402Y Q416V P464R,nan,nan,0,0
AAAAAAGCAAGCACAA,E100Y R256W,nan,nan,0,0
AAAAAAGTTTCATCCG,K63I Y253N E396H,nan,nan,0,0
AAAAAATAAATAGGGG,L120T Q232K C364R,nan,nan,0,0
AAAAAATACCATTATA,K125S W489P,nan,nan,0,0
AAAAAATGAGAAGATG,I144V Y166P I201S G208T L428V C477G,nan,nan,0,0
AAAAAATTAACTATCA,D229N F440M,nan,nan,0,0
AAAAAATTCCCTATCA,Y62R S163V I213P L280H G391Y,nan,nan,0,0
AAAAAATTCCTATATG,I113* H131R Y217G Y363Q,nan,nan,0,0
AAAAACAAATGACTCA,T48K F157I G160D H457A,nan,nan,0,0
AAAAACAATAATGGAA,K63S G159L Q218K D306R A322S H471L,nan,nan,0,0
AAAAACACGTCTTACA,Q69R G159I S234R,nan,nan,0,0
AAAAACACTAAGAAGG,N146D R257G T281D G460V,nan,nan,0,0
AAAAACCAAAAGATCA,D273G F399* V459K G473M,nan,nan,0,0
AAAAACCGTAAAAAAT,S27* T101G C477S,nan,nan,0,0
AAAAACTGCATACGAA,S56*,nan,nan,0,0
AAAAACTGGACTAGTG,,nan,nan,0,0
AAAAAGACAAATGTGA,,nan,nan,0,0
AAAAAGATCTATACTA,L51P D408L,nan,nan,0,0
AAAAAGGAGTCATATA,S60I E228M D347V W489T,nan,nan,0,0
AAAAAGTAAATTGCTA,,nan,nan,0,0
AAAAATAAGCTGTAAC,T48S L103R N146L T215I,nan,nan,0,0
AAAAATAATATATAAC,K461*,nan,nan,0,0
AAAAATAATTCTAATC,F140H N158H S199F T225I,nan,nan,0,0
AAAAATCCCTTGAGAC,K33S E104D,nan,nan,0,0
AAAAATCGTAGATTTT,K63V T412Y,nan,nan,0,0
AAAAATGACTAAAAAC,A176V Y200D N319T,nan,nan,0,0
AAAAATGGTGATTCCT,Y66W R235H,nan,nan,0,0
AAAAATTAGATTTAGA,I15F K320V,nan,nan,0,0
AAAAATTCACTTACAA,T81C H131T,nan,nan,0,0
AAAAATTGGGCTGCAA,Q3K M134I L244E,nan,nan,0,0
AAAACAAACATATTCT,A39G H141F H230S G243V L315M,nan,nan,0,0
AAAACAAAGGAAGATA,G160S T226*,nan,nan,0,0
AAAACAAATAATGTCT,S169L C231F T397C,nan,nan,0,0
AAAACAACAGCAATGT,L52P A173G L188Y,nan,nan,0,0
AAAACAATAAGCAGAT,N119K T426L,nan,nan,0,0
AAAACAATACTGCCAC,M1L G460C,nan,nan,0,0
AAAACAATGGACTTCC,H179F,nan,nan,0,0
AAAACAATTCCGCTAT,A152S S269A P427S,nan,nan,0,0
AAAACACAAGTACTAA,L46R I137P,nan,nan,0,0
AAAACACAATTACAAA,M19I H179P A288P,nan,nan,0,0
AAAACACACAACCTTA,L105A H131G G240V,nan,nan,0,0
AAAACACACATTAAAT,A30Q K300T,nan,nan,0,0
AAAACACTAAAAACTC,L242I,nan,nan,0,0
AAAACACTGCGTAAAA,S389G E421M C477N,nan,nan,0,0
AAAACAGATCTTACAA,S169W N295M,nan,nan,0,0
AAAACAGCAAAAGAGA,N148L Y393S,nan,nan,0,0
AAAACAGTTGACGACG,F157T L285* S392K P483V,nan,nan,0,0
AAAACATATGTAATAC,K291L C364L N373G,nan,nan,0,0
AAAACCAATAGCGAAC,V97M G277F,nan,nan,0,0
AAAACCTGTAAAAAGA,Q69F G102F,nan,nan,0,0
AAAACGACCAGCAAAT,G206H T296P M414S,nan,nan,0,0
AAAACGACCGGAAAAA,Q9* G197T,nan,nan,0,0
AAAACGATACAATTCT,V164K,nan,nan,0,0
AAAACTAAACAAATTA,F7R I474A,nan,nan,0,0
AAAACTACAACAGCCA,V28T L120I K304T,nan,nan,0,0
AAAACTAGAAGTGTAC,Y62V C180Y Q406P,nan,nan,0,0
AAAACTCCCATCACCT,M75V C212A Q232P A407Q M414E,nan,nan,0,0
AAAAGAAAAAAATTAG,I213* G277N I345A,nan,nan,0,0
AAAAGAACTTACGTAT,V5N,nan,nan,0,0
AAAAGAATGTCTGCAT,T40Q M134E,nan,nan,0,0
AAAAGACCCCGGACAT,Q165* Y241C Q416T L433S,nan,nan,0,0
AAAAGACTCGGGTCAT,,nan,nan,0,0
AAAAGAGCATAATAAA,L394T S439L,nan,nan,0,0
AAAAGATAAGAGTTTG,M312T M410R I474M,nan,nan,0,0
AAAAGATTAGGGAGCA,S392*,nan,nan,0,0
AAAAGCACTGTCAGAG,S60W,nan,nan,0,0
AAAAGGAAAAATTATG,S163E Q482*,nan,nan,0,0
AAAAGGACAGTGAAAT,S199N T274K L336F N365Y,nan,nan,0,0
AAAAGGACGTAGGAAA,M75V S255G L449Y,nan,nan,0,0
AAAAGGGGTAGTGTAT,F147E G160R P238C,nan,nan,0,0
AAAAGTAAATACTCCT,,nan,nan,0,0
AAAAGTATTAGTTGAC,M19L A39* E100F,nan,nan,0,0
AAAAGTCAGCTTGAGT,T215S T412K I445F,nan,nan,0,0
AAAATAAACGACAAGT,A177C,nan,nan,0,0
AAAATAAAGACATAAA,C364G W489*,nan,nan,0,0
AAAATAACCTTGAAGA,S169I I361H,nan,nan,0,0
AAAATAAGGCCACATT,N127E A176Y,nan,nan,0,0
AAAATACAAAAAATTT,H179R G186R T249*,nan,nan,0,0
AAAATACATAAATATA,C118Y L266H,nan,nan,0,0
AAAATACTGGAAACCC,G159H I286N,nan,nan,0,0
AAAATAGGATTACGAC,N365* F436L L449Y,nan,nan,0,0
AAAATAGTACAACTAG,A297T H457S,nan,nan,0,0
AAAATATAACATTAAA,K339H C477P,nan,nan,0,0
AAAATATGGAATGCAG,T48* K88I M134H N346R K465L C475T,nan,nan,0,0
AAAATCCTGGGAAGAA,L259N E287R Q335H,nan,nan,0,0
AAAATCGCCACTTAAA,N302Q L382N,nan,nan,0,0
AAAATCGTCCAACAGC,A123H I201M H230S,nan,nan,0,0
AAAATGACGGCTATGT,N99R R193W,nan,nan,0,0
AAAATGATAACCTAAT,N167F S255C M284*,nan,nan,0,0
AAAATGATCCGCACAT,D175S A184L M194* N209S W264* Y441N,nan,nan,0,0
AAAATGTAAATTGGAC,V5L M312L L394Y,nan,nan,0,0
AAAATTACCGAACTGC,V22R M96I A177T R235G,nan,nan,0,0
AAAATTAGTAGTCATA,Q321T H374*,nan,nan,0,0
AAAATTCAAGAATGAA,V459M,nan,nan,0,0
AAAATTCAGAATCTGT,S27N F49* N89W,nan,nan,0,0
AAAATTCAGCTTAGCG,V164S Y278C T375W Y393N,nan,nan,0,0
AAAATTGAAAAATTTC,D156G A195T V388M,nan,nan,0,0
AAAATTGAGAGATCCA,R257L K417E R456P,nan,nan,0,0
AAAATTGGAGAATCCA,V14K L68S G260A K339V E396G,nan,nan,0,0
AAAATTTGTGGAAACG,S171M R193T I221A H467N,nan,nan,0,0
AAACAAACCTAAATAT,S56G M312G S333M L447G,nan,nan,0,0
AAACAAACTCGCTATA,N20M C86Y Y200M,nan,nan,0,0
AAACAAAGTATGCACC,Q3* V164Q H305M,nan,nan,0,0
AAACAAATACAGCAAT,L51*,nan,nan,0,0
AAACAACAAAGCTTTA,S171I E396G,nan,nan,0,0
AAACAATACGATCTAG,Q165* V450S,nan,nan,0,0
AAACAATACGGCACTC,S437P I458Y,nan,nan,0,0
AAACAATCAGCATGAA,S143R,nan,nan,0,0
AAACAATTCGCAGAAA,T48* C86A D402L,nan,nan,0,0
AAACACATAATGGAGC,N158K,nan,nan,0,0
AAACACCCCTAGTCGG,Y62V Y150* A322G Y366N,nan,nan,0,0
AAACACCGAGATTAAA,G174R M332V,nan,nan,0,0
AAACACTCCGGAGATT,C57V T81H M214T L258Q N470S,nan,nan,0,0
AAACACTGAGCCATAT,K88L D229*,nan,nan,0,0
AAACAGAGTCTAAAAG,R314F E421F Y441R,nan,nan,0,0
AAACAGATTTATGTAA,V22E S171R,nan,nan,0,0
AAACAGGATGTAATCT,G484S,nan,nan,0,0
AAACAGGGACTCGAAC,S56F F117N,nan,nan,0,0
AAACAGTTAAAGAGTT,I213G L394N,nan,nan,0,0
AAACATAGAATAGCAA,G64L I144S S205P,nan,nan,0,0
AAACATCAAAAGCTAA,T48W C477F,nan,nan,0,0
AAACATCTAGTATAAA,N74M G198R I345Y,nan,nan,0,0
AAACATCTCCAATTTG,,nan,nan,0,0
AAACATGTATCCTTGA,A30T E308W Q482S,nan,nan,0,0
AAACCAACCTTTATCA,Q223S W386R,nan,nan,0,0
AAACCAATATGAACTT,M82* D156* G174V P275K,nan,nan,0,0
AAACCAATTACTAAAC,T139D V341I S389L,nan,nan,0,0
AAACCACCCCAAGCCC,,nan,nan,0,0
AAACCACTACTATTCA,M194* K339G,nan,nan,0,0
AAACCACTGTTTGAGG,M19D K63V G277E,nan,nan,0,0
AAACCAGATCCAAGAT,M75V L103I,nan,nan,0,0
AAACCATCGGGGATAG,M1E S143P C475H K481L,nan,nan,0,0
AAACCCAAAGACGCCA,C155L F434L,nan,nan,0,0
AAACCCCTAGAGAATA,N185V,nan,nan,0,0
AAACCCGAATTGAAAA,S400I G429S,nan,nan,0,0
AAACCCGTTTAAGTTT,M19A V47L V65S M410K,nan,nan,0,0
AAACCCTGACCACTAA,L84F,nan,nan,0,0
AAACCCTTCAAAAGCC,G2P F191E Q348D P427S,nan,nan,0,0
AAACCGATCCGTATGT,V65M,nan,nan,0,0
AAACCGCTATGACAAA,R282Q C364Y,nan,nan,0,0
AAACCGGATTATACGA,Y66R N90L V164D F191M,nan,nan,0,0
AAACCGGCAGGTGGAC,G34N V47* S367G N470V,nan,nan,0,0
AAACCGGGTGAGAGGA,L73I K417P W489L,nan,nan,0,0
AAACCGTTATAAGTTC,T139N K272N S333N,nan,nan,0,0
AAACCTAAGCGGCGAA,F49H L107M,nan,nan,0,0
AAACCTTACAGTCAGA,G54F L280P T412L,nan,nan,0,0
AAACCTTGACATTAAC,S216*,nan,nan,0,0
AAACGAAAAGCTTCAC,V5E D317T N338V,nan,nan,0,0
AAACGAACACAGCATT,L71G A195T W210L A299D C364W,nan,nan,0,0
AAACGACAGAGGACCC,Q232P Y393K,nan,nan,0,0
AAACGACCGTTCGGAA,G34R,nan,nan,0,0
AAACGACGCTGGATTT,T70G,nan,nan,0,0
AAACGAGATGGCCTCA,G34V H354A F440M,nan,nan,0,0
AAACGAGGCGATTGGC,T106F L107F I403T,nan,nan,0,0
AAACGATAGAAGCATC,C86S I136G F399M,nan,nan,0,0
AAACGATCGCGCTAGA,S163V N185R F293A C463E,nan,nan,0,0
AAACGATTCTCCACTG,V11M N146G,nan,nan,0,0
AAACGCAAGAAGTCTC,R257L,nan,nan,0,0
AAACGCAATACTTGTG,G54C A173S A202T N302D Q482D,nan,nan,0,0
AAACGCAGGTACTCTG,,nan,nan,0,0
AAACGCGACCTATCCG,F399V,nan,nan,0,0
AAACGGACCAAAGCAC,T81D T106S N119*,nan,nan,0,0
AAACGTACACAACCTC,Y94S A195V C364D,nan,nan,0,0
AAACGTCTATAAAGTG,T58A W264L,nan,nan,0,0
AAACGTGGACTGCCTA,G2F L259M,nan,nan,0,0
AAACTAAATAACCAAC,M19L N167V S171L Y441N H455W,nan,nan,0,0
AAACTAAATCAAACGT,N99S L220F K465D,nan,nan,0,0
AAACTACACCTCGTCT,F7K H124* N353R,nan,nan,0,0
AAACTACGGTAATAGA,G102V S111I K481C,nan,nan,0,0
AAACTAGGAAGAACAA,F191Y,nan,nan,0,0
AAACTATCAACGAAAA,N99R W196S,nan,nan,0,0
AAACTATTCTGACCAA,E67* L290S,nan,nan,0,0
AAACTATTGCGTTTGA,R282F N409K,nan,nan,0,0
AAACTCAAAACAAGAA,S56T Q69R C86R T263F I452V,nan,nan,0,0
AAACTCAACACTTTAA,C41F,nan,nan,0,0
AAACTCACATTACTCT,S462R,nan,nan,0,0
AAACTCCCAAAATGTC,V44M,nan,nan,0,0
AAACTCCGATAAGAGT,G2Y,nan,nan,0,0
AAACTCTAACATTATT,Q232S L259K,nan,nan,0,0
AAACTCTATTTCATGG,L68V Y129L,nan,nan,0,0
AAACTCTCAAGACCGA,M1W N20V W196* S267Q L387*,nan,nan,0,0
AAACTCTTTTCCATTC,N148* N158L G240L C292V K417N,nan,nan,0,0
AAACTGATTAAGACTG,S171T I452H W489M,nan,nan,0,0
AAACTGCTCCACAAAT,M82Q L220S,nan,nan,0,0
AAACTGTAAAAAATCT,K126V L259S A343F C477P,nan,nan,0,0
AAACTGTCAACCCGGG,T261K,nan,nan,0,0
AAACTTCAAACCATAA,K339N,nan,nan,0,0
AAACTTCACTGCACTT,M214L Y253C P427S,nan,nan,0,0
AAACTTCCTAGAGCCA,I136K E303W I474G,nan,nan,0,0
AAACTTCGTACACTTA,T58K G98D,nan,nan,0,0
AAACTTGGGGAGACCG,N89T R207S G294R,nan,nan,0,0
AAAGAAAGCTGTATAA,L46K L50R D402M,nan,nan,0,0
AAAGAAATACCCTTAA,G174Q C180Y,nan,nan,0,0
AAAGAACAGAGTCTTC,G159P T190S,nan,nan,0,0
AAAGAACTACTGGTTA,M82A F140N M153H E228Y E287F P483A,nan,nan,0,0
AAAGAATGGGGCGCTA,T226S N395L V485*,nan,nan,0,0
AAAGAATTGGGACAAT,D156S I334M K339V,nan,nan,0,0
AAAGACAGCCTTCCGA,T48N T139F,nan,nan,0,0
AAAGACCGTCATGATA,K339S,nan,nan,0,0
AAAGAGATCCGATAAA,W210H,nan,nan,0,0
AAAGAGCAATAATTGC,S85Y G181L,nan,nan,0,0
AAAGAGCGAATACTGA,,nan,nan,0,0
AAAGAGGAGAAGGTGC,T139P A176F,nan,nan,0,0
AAAGAGGGAAGTGATA,H448A G473R,nan,nan,0,0
AAAGATAGACCGAACA,Q3I M134S,nan,nan,0,0
AAAGATATGACAATAC,Y278W,nan,nan,0,0
AAAGATCCACGGACCC,V65Q I443Q,nan,nan,0,0
AAAGATGACCATGCAT,C57G K63M M134Y S199F,nan,nan,0,0
AAAGATGTTAAAACTA,W264L T377P,nan,nan,0,0
AAAGCAAAGACAAGTT,M19R L103V,nan,nan,0,0
AAAGCAATGATCATGA,A25R L51* S437R,nan,nan,0,0
AAAGCACGAAATACCT,S169M T190F H354M N390K,nan,nan,0,0
AAAGCAGACGGTAATC,C155* K161W Y278C E413*,nan,nan,0,0
AAAGCATCCAACCCAA,R256Q,nan,nan,0,0
AAAGCATGCCCTTTAA,K481*,nan,nan,0,0
AAAGCCAAGCCTCCGC,M1F S199P N365F T454N,nan,nan,0,0
AAAGCCACAATTTATG,Y172R E289M Y419T,nan,nan,0,0
AAAGCCAGGATCATAA,Y36D Y129H L142T H179P Q331L,nan,nan,0,0
AAAGCCCTAAGAAATG,P83W D130L K465L,nan,nan,0,0
AAAGCCTAGTAATCTG,S135D Q149* C475N,nan,nan,0,0
AAAGCGGTTGGACTAG,T48L S400F,nan,nan,0,0
AAAGCTAATCCACATA,T296Q,nan,nan,0,0
AAAGCTCATAAAAAAG,L23* N89V,nan,nan,0,0
AAAGCTTATGAGATAC,V28K S205* L290I A340V L382S,nan,nan,0,0
AAAGGACAAGCCGAAG,I15G Q189M D306M,nan,nan,0,0
AAAGGACGATATTTAA,I136S,nan,nan,0,0
AAAGGAGATAATGACG,T87L L349* Y366M,nan,nan,0,0
AAAGGCCTCTCGCCGA,A173K E287K,nan,nan,0,0
AAAGGCTACAAGATTT,A152K K272Q,nan,nan,0,0
AAAGGGTGAACAAATG,A330L Q423R,nan,nan,0,0
AAAGGTCACATGTGAA,T139V K300G,nan,nan,0,0
AAAGTAACTTCGGTAC,T139R N167S R282W G378L L442A,nan,nan,0,0
AAAGTATAATTCTAAG,G198V C231S,nan,nan,0,0
AAAGTATAATTTATGA,V97E Y419D,nan,nan,0,0
AAAGTATACCGGTATT,P236L E307* H374M S392C,nan,nan,0,0
AAAGTATGAATTAGCA,P383*,nan,nan,0,0
AAAGTATGGGAAAATA,S60R S246M N390H,nan,nan,0,0
AAAGTCACGTCAGCAA,P236S,nan,nan,0,0
AAAGTCAGAATATCTG,L220K,nan,nan,0,0
AAAGTCCAAAAAAAAA,F7T L50I,nan,nan,0,0
AAAGTCCAGGCGAAGC,S56L R193T T274P I361F K488Q,nan,nan,0,0
AAAGTCCATTGGTAAC,I15N W264L,nan,nan,0,0
AAAGTCCCAATCTTCG,Q223N M472D,nan,nan,0,0
AAAGTCGTTAAGACCA,L133P G159C Y480L,nan,nan,0,0
AAAGTCTCGTGCGATC,C86D D268N,nan,nan,0,0
AAAGTGAAAGTTGATA,S27C C155E E413C S476*,nan,nan,0,0
AAAGTGATGTAGCGTT,G2M D156* S216T S246R C310R P383Y R456V,nan,nan,0,0
AAAGTGGGCTCAGAAA,Y278A N395K N409V,nan,nan,0,0
AAATAAAGAAGGCAAT,E17K C301G,nan,nan,0,0
AAATAAATCTGCCTTT,W370L L430N V485L,nan,nan,0,0
AAATAAATGAATTACG,G208F I337P,nan,nan,0,0
AAATAAATTTGTTCAA,F38N N319G Y419*,nan,nan,0,0
AAATAACTCAGTAGTA,N99S A195S H305E,nan,nan,0,0
AAATAACTGCCCTTAA,M194P,nan,nan,0,0
AAATAAGCACCCTTTC,E10V M75Q I162M A202E,nan,nan,0,0
AAATAAGCTAGTTGAG,S171N G271L M284P K481*,nan,nan,0,0
AAATAAGGTCCGAGGC,C57M H131L W227L,nan,nan,0,0
AAATAATGCAGCAGAC,S169*,nan,nan,0,0
AAATAATTTAAACACA,K300L P466*,nan,nan,0,0
AAATACATACCACAAC,E16K G54V,nan,nan,0,0
AAATACCTCGTAAATA,A39T G186F N319I,nan,nan,0,0
AAATACGTAGAGCATA,S27N F49L T70P N74D F140I Q149A Y253*,nan,nan,0,0
AAATACGTTGGACCCC,Y129I D156I E404Y,nan,nan,0,0
AAATACTAGGATAATG,G54N Q223K T263A,nan,nan,0,0
AAATACTTAGGTATTG,L428C R468V,nan,nan,0,0
AAATACTTCATTGAAT,S85N L344G F399L Q416L,nan,nan,0,0
AAATAGAAATTAATAG,Y172* I474Y,nan,nan,0,0
AAATAGCAGCGAGGGA,V97W I162Y P464S,nan,nan,0,0
AAATAGCCAAATCAGA,P145K S216L Y369P,nan,nan,0,0
AAATAGCTTTCGACGA,N37F K63S E72T T108R A184V,nan,nan,0,0
AAATAGGACGCCTCGG,V5D C364R P464L,nan,nan,0,0
AAATATATTTATTCAG,T87Q E287F N346L S444P,nan,nan,0,0
AAATATCTAAGAGACA,M359A,nan,nan,0,0
AAATATGCGACGTATT,E151N K272N Y441N I458* K461E K481P,nan,nan,0,0
AAATATTGATCTTATT,G206W D306N D311R,nan,nan,0,0
AAATATTGCCTTCAAT,V14S Q247L I334P L469F,nan,nan,0,0
AAATCAAGAGACGCTA,P464R,nan,nan,0,0
AAATCAAGTCTCTATA,A184S,nan,nan,0,0
AAATCACAGAGAAGAA,Q165* I361Q I403*,nan,nan,0,0
AAATCCAAAACATTCA,C86F L188H C212R,nan,nan,0,0
AAATCCTAACCTATAC,M192* S199I G240T L387H K465S,nan,nan,0,0
AAATCCTTAAATATAA,E72C K126L T139S C292G,nan,nan,0,0
AAATCGAAGAATCAAA,S143P L259M L415V,nan,nan,0,0
AAATCGCAGTTGACCC,I15S G45Q S171N,nan,nan,0,0
AAATCTAAAGAGTATT,G181N G378N,nan,nan,0,0
AAATCTACGAGGTAGG,K339E C477T,nan,nan,0,0
AAATCTAGCTAATATG,K33* T40* G159T,nan,nan,0,0
AAATGAAAATCTAAAA,G160C E303L,nan,nan,0,0
AAATGAAACGGTTAGT,L51S R356T P362R L372I,nan,nan,0,0
AAATGAAATGCCTCAG,V183D Q247P,nan,nan,0,0
AAATGAACATGATGAT,C118R Q321H N395Y,nan,nan,0,0
AAATGAACGCGATCAA,E67Y G260M K352* P453L,nan,nan,0,0
AAATGAAGATGCGCTC,S163P P486L,nan,nan,0,0
AAATGAATAGCAAGGC,I15V L244H G378A,nan,nan,0,0
AAATGAATATATGATA,Y94P K488S,nan,nan,0,0
AAATGACCCTACTAAG,E104A A195K Y363P,nan,nan,0,0
AAATGATAAAGGAGGA,C155L I252Y N365L,nan,nan,0,0
AAATGATCCGCAACCC,E104P N127R,nan,nan,0,0
AAATGCGTCCGTAATA,L68I,nan,nan,0,0
AAATGCTCGCAAACGC,L35A Y393A,nan,nan,0,0
AAATGGACCATAACTG,A343T,nan,nan,0,0
AAATGGCCGATACGAT,G160C I254T T375L,nan,nan,0,0
AAATGGCGCCCTATCA,Q3R T48H A184L T426P,nan,nan,0,0
AAATGTAACCTTATTC,L61K C477Y,nan,nan,0,0
AAATGTCCCATTGACA,S439R,nan,nan,0,0
AAATGTTATCCCCCTG,K63M Y200L C231A C301T K451E,nan,nan,0,0
AAATTAAACGAGGATA,H305N L372* S392R,nan,nan,0,0
AAATTACAGAAATGAA,R257Q Q416*,nan,nan,0,0
AAATTACGTTGCAATC,L382Y,nan,nan,0,0
AAATTATGACTAGCTT,N185E L315M,nan,nan,0,0
AAATTATGCATGCCTC,N99S D156I N224*,nan,nan,0,0
AAATTCATCGATCGCA,K161R V187S W370* P483I,nan,nan,0,0
AAATTCCTGTTTAAAG,K481M,nan,nan,0,0
AAATTCGAAGCTTATA,V18I D130C D211H M284F S381N,nan,nan,0,0
AAATTCTACTAAGGAA,H115G L259R,nan,nan,0,0
AAATTGAAACATATGA,C86Y M134Y,nan,nan,0,0
AAATTGAAAGATGTTC,Y278H,nan,nan,0,0
AAATTGGGGTGAGAGT,Y369* S389I,nan,nan,0,0
AAATTGTTTATCTTAA,V18* S60C V183M,nan,nan,0,0
AAATTTAAAAAACAGC,L78Q D432S,nan,nan,0,0
AAATTTAAGAAAACAG,E104L T426G,nan,nan,0,0
AAATTTAAGCGATATG,A173I R193M M332N L433* V485M,nan,nan,0,0
AAATTTAATATGACCC,L23* T101N,nan,nan,0,0
AAATTTATAAGTTTAA,M1* L46C Q348L,nan,nan,0,0
AAATTTCACATCGGTC,Y66* E287M W370T,nan,nan,0,0
AACAAAAAATAAGAAC,R491V,nan,nan,0,0
AACAAAAATCCTCTGA,S163P,nan,nan,0,0
AACAAAACGGACATGA,H179P,nan,nan,0,0
AACAAAATTAGAAATA,Q232R E396R,nan,nan,0,0
AACAAACATGGTTGAT,S60P S267R I361S R379L,nan,nan,0,0
AACAAACTACAACAAC,A184* S367H,nan,nan,0,0
AACAAAGAGTGAACAG,V47S C57Y,nan,nan,0,0
AACAAAGCTAGCCCGA,,nan,nan,0,0
AACAAAGTAGTTTCCT,A177S,nan,nan,0,0
AACAAATGTCTACTAA,L61F A132G Y200Q,nan,nan,0,0
AACAACAAAAGGTAAA,L133Q I222C,nan,nan,0,0
AACAACAAATCAAGCC,H141R,nan,nan,0,0
AACAACGGGAGAATAC,I323R L336K,nan,nan,0,0
AACAACTATGACAGAA,Q3R Y363N P466S,nan,nan,0,0
AACAACTCAAAAAGGA,N74D K88N G473L,nan,nan,0,0
AACAAGAACAGGGAGA,Q149K Q232N G484E,nan,nan,0,0
AACAAGACGTGTTAAT,V47P S381K V485Q,nan,nan,0,0
AACAAGTATTTAACGG,K88G K327R L430A S462Q,nan,nan,0,0
AACAATATACACACAG,H354K P362* G473D,nan,nan,0,0
AACAATCCCATCAATA,L107C C118D,nan,nan,0,0
AACAATCTTGGTTGGC,S121A,nan,nan,0,0
AACAATTCAGTCCCAA,N90L A173R N185Y,nan,nan,0,0
AACAATTGATACCTTA,L50S S199Q H230Y,nan,nan,0,0
AACAATTTCTGTACAC,D273S S444G,nan,nan,0,0
AACACAAAGTTCCATA,L71A A195L M284S A299M I361L,nan,nan,0,0
AACACAAATCATATAT,L50M L128I C155R,nan,nan,0,0
AACACAACAGAAATCA,G276H T376A,nan,nan,0,0
AACACAAGATAATGAT,G64K I144Y S199Q,nan,nan,0,0
AACACAATATACGCAC,E303L,nan,nan,0,0
AACACAATGTATTGGA,G198* V298R Q331V H471S,nan,nan,0,0
AACACAGACCAATCTC,L105E I137G L382F,nan,nan,0,0
AACACCAGATTAAACT,C118V T274H H374D,nan,nan,0,0
AACACCCAGTAAAGCA,V164R G360D S381P,nan,nan,0,0
AACACCCATACATTAA,,nan,nan,0,0
AACACCGGCAATGACG,I21L L128F L188K R248W P427N,nan,nan,0,0
AACACCTAGCAGATGT,L142D W264* E289W,nan,nan,0,0
AACACCTTTGCGAGAC,C212N S392F T426Q,nan,nan,0,0
AACACGAACTGAATTA,C155D M214Y D311E,nan,nan,0,0
AACACGATTTTTTAGA,G2N L142D Y172T,nan,nan,0,0
AACACGCCCATGAAAG,T110F R193K T263M,nan,nan,0,0
AACACTAAACTAACGT,L105Q,nan,nan,0,0
AACACTCCCATTTCAA,K352N,nan,nan,0,0
AACACTCCTGACAGAA,N178K,nan,nan,0,0
AACACTGAGATGAGAA,G54C,nan,nan,0,0
AACACTTCACTACATC,G159K V164K,nan,nan,0,0
AACAGAGACCAGTATT,T87R L142* D156E G271D H305* R456*,nan,nan,0,0
AACAGAGTCGTGGAAA,M194K L428*,nan,nan,0,0
AACAGATCACTTAACA,L35S M192V,nan,nan,0,0
AACAGGACGTTGCTCA,T375E,nan,nan,0,0
AACAGTAGCAGCTAAT,C57G N89Y T263P H457F,nan,nan,0,0
AACATAAAAAACGCAT,S135C Q223V W227*,nan,nan,0,0
AACATAAACAAATAAT,S400R P453E G484N,nan,nan,0,0
AACATAAGGATGGCTT,A39G D311R S462A,nan,nan,0,0
AACATAATAGCAATGC,L23P Q165S I221N,nan,nan,0,0
AACATACCTATGCAAT,C86Y,nan,nan,0,0
AACATATGCTGCACTA,G2Y M153C W196S T265* K320R,nan,nan,0,0
AACATATTCCCTAACC,M194V N209R A328I L344S,nan,nan,0,0
AACATCCTAGCCGTGA,I24E T110M E404Q,nan,nan,0,0
AACATCGCATTAATTA,N127V S135F G277T,nan,nan,0,0
AACATCGGACAACTCG,,nan,nan,0,0
AACATGCCCACTAACT,I15T A25P S135Y L168V R356P C364R I474K,nan,nan,0,0
AACATGTCACCATTTA,A343Y L387V P486*,nan,nan,0,0
AACATGTCACCGACTT,S216N G360P,nan,nan,0,0
AACATGTCTCCGATAA,S121Y E396P,nan,nan,0,0
AACATTAGATGCTGGT,K33N Q331P I411S,nan,nan,0,0
AACATTTCTGCCCTCC,V47I F157G A288R,nan,nan,0,0
AACCAAAAATGTGAGT,E10R H141R A176T C231Q D408M C477I,nan,nan,0,0
AACCAACACAGTACCA,H467T,nan,nan,0,0
AACCAACCACTACGTC,T58V V65L K451L,nan,nan,0,0
AACCAACGGAATTGAA,L50S I334P,nan,nan,0,0
AACCAAGAAATCCGGG,S27N T190C K352L,nan,nan,0,0
AACCAAGAGAAACCAT,T58L L128T Q189R G260S,nan,nan,0,0
AACCAATTAAAGACTG,K352G P483F,nan,nan,0,0
AACCACTCACTTCATA,L26I L105R S135P I221L,nan,nan,0,0
AACCAGAAATTGTGAC,I136A C212Q,nan,nan,0,0
AACCAGAATACATACT,,nan,nan,0,0
AACCAGAATATGAGAA,R282Y Q348G,nan,nan,0,0
AACCAGCTAAGAAGCA,W386R D401T,nan,nan,0,0
AACCAGTCTTAACCCC,D273S,nan,nan,0,0
AACCATAAAAAACTCA,T265E,nan,nan,0,0
AACCATCGGTAATAAA,N224I,nan,nan,0,0
AACCCACAAGAAATGA,M96D,nan,nan,0,0
AACCCCCAACACCGTT,D156F I222T Q232S,nan,nan,0,0
AACCCCGCAGTTATAT,A202G,nan,nan,0,0
AACCCCGGTTTGACGA,G64D G102A G186I C212R Y219L,nan,nan,0,0
AACCCCGTGGCAGCAC,E270W K425P,nan,nan,0,0
AACCCGGATCGAGTGA,Q69L N178Q I213L I252N R256E,nan,nan,0,0
AACCCTAAGCTTTAGA,S56F D306G,nan,nan,0,0
AACCCTATAGTCCATC,E67K N74* R256L,nan,nan,0,0
AACCCTATCCTGGAAC,G98Y D156F C301H,nan,nan,0,0
AACCGAGCGTCAATTA,M332C S400T R422P,nan,nan,0,0
AACCGGCGTACAACTG,E100W V183M L258R W283G,nan,nan,0,0
AACCGGCTTCCACTCA,I21N E270N,nan,nan,0,0
AACCTAAAGATTTAGG,M153I Q165* W283Y T454V,nan,nan,0,0
AACCTAATAAAACAAT,G102A A177C,nan,nan,0,0
AACCTCATGTAAATCT,H179L T296H P362L,nan,nan,0,0
AACCTGATTATCTGTG,T77I C364L,nan,nan,0,0
AACCTTAACCTCACGA,L168E P362S,nan,nan,0,0
AACCTTCGTTGCTACG,I4M P275S,nan,nan,0,0
AACCTTGATATATGTA,C86R,nan,nan,0,0
AACGAAAAGATCTGTA,E104* Y129K W227Y A330F G391F,nan,nan,0,0
AACGAACACTCACACA,V31N S121T F147L,nan,nan,0,0
AACGACAGTTATAATA,C53A Y219R,nan,nan,0,0
AACGACTTCAACCAGT,Y369M,nan,nan,0,0
AACGATATCACATAAA,Y94N V97R Q218I,nan,nan,0,0
AACGATCCAGACGTAA,V18M H124F A202E,nan,nan,0,0
AACGCAAACCCGACTA,T70V F262V L430Y,nan,nan,0,0
AACGCCAGATAATATA,G260I D408E,nan,nan,0,0
AACGCGCACCTAACAA,,nan,nan,0,0
AACGCTACTGGTTCCC,S234L T412S,nan,nan,0,0
AACGGGCGAATGAGGA,S27L G174R T225* L280R I452N,nan,nan,0,0
AACGTAATATCTTTGT,V97E L142I N158H Y200L S367T,nan,nan,0,0
AACGTACCCTAGGACT,V187N R257T,nan,nan,0,0
AACGTAGCTGGCTAAA,A177*,nan,nan,0,0
AACGTCGACTCGTCCT,V14L S85I K161* F399Y,nan,nan,0,0
AACGTCTGCAAGAGAC,G197H L259M Y363R,nan,nan,0,0
AACGTCTTGAGTATTT,G34L T182R A297K S367N,nan,nan,0,0
AACGTGTGATATGTAG,H457L,nan,nan,0,0
AACGTGTGATCTAGTC,N114R I345Q K490W,nan,nan,0,0
AACGTTATTAACGCTT,W386R,nan,nan,0,0
AACTAAAACCAGAATG,E76Q P362S,nan,nan,0,0
AACTAAAAGCGCGATA,S143V I254* K291P G378E T426L T438R,nan,nan,0,0
AACTAAACTGAGAAAG,V47R G54Y L280Y L355D,nan,nan,0,0
AACTAAGAATGCAGAT,G160C D401N H457Q,nan,nan,0,0
AACTACAATATAACAT,K33L L84F S143R,nan,nan,0,0
AACTACACACATAAAG,V28L E151N,nan,nan,0,0
AACTACATATCAACCA,V28C,nan,nan,0,0
AACTACATTAAAGTAC,N89E C180F G198L A299I H467V,nan,nan,0,0
AACTACGTAAGATATT,,nan,nan,0,0
AACTACGTCTGCGAAG,,nan,nan,0,0
AACTACTAGCAAAGTT,F7E T106A M214K S269*,nan,nan,0,0
AACTAGAGTTTTAAGC,H230N S267V L290C K300M G429S,nan,nan,0,0
AACTATGAGACAGACC,P427S K481F,nan,nan,0,0
AACTATGGCATTCGTG,A123P M194*,nan,nan,0,0
AACTATTAACACCACG,L52* R250E,nan,nan,0,0
AACTATTACAATTCAA,Q321N,nan,nan,0,0
AACTCAAAGGACTTTC,F49V G460V,nan,nan,0,0
AACTCAAAGTAGAAGT,G174* R422M,nan,nan,0,0
AACTCATGAGCAATTA,N114Y Q218W N224S L315T,nan,nan,0,0
AACTCCACTCAAGATA,L220H,nan,nan,0,0
AACTCCCCCTGTTTTT,T70V,nan,nan,0,0
AACTCTAAACCTATCT,F7Q T182R E303Q,nan,nan,0,0
AACTCTAAATGTGTAT,K33V,nan,nan,0,0
AACTCTATTAAACAAG,H457V,nan,nan,0,0
AACTCTTACATTTAGA,L258F F262S A407R V431M,nan,nan,0,0
AACTCTTTATCTCGAT,C155S L188Y C279R,nan,nan,0,0
AACTGAACTGCCCAAT,L23Q K161S,nan,nan,0,0
AACTGAATACCAGGTT,L61A E100F W196S Y253Q,nan,nan,0,0
AACTGACCATAACACT,F7I L259F,nan,nan,0,0
AACTGACGGAGACACT,I254Q F436M,nan,nan,0,0
AACTGATTAAATTGAT,P383D P483M,nan,nan,0,0
AACTGCAAACCGGTTT,S27Y L32Y,nan,nan,0,0
AACTGCACTATGGGGG,M1C N20F H179R G473L,nan,nan,0,0
AACTGTGATCCCGAGA,V31I E287G,nan,nan,0,0
AACTGTGCCAAGTTCC,G271I C301V P466S,nan,nan,0,0
AACTTACAAACAAATT,C118F,nan,nan,0,0
AACTTACATTAGGCTA,M82S N99P Y480W,nan,nan,0,0
AACTTAGAAGCACTAA,S56G T454L S462D,nan,nan,0,0
AACTTGCTCACATGTA,V22L A30S G391K,nan,nan,0,0
AACTTTAAGAACCCAC,R207Y C212F G294E F309I,nan,nan,0,0
AACTTTGATTAGGCAT,L103H,nan,nan,0,0
AAGAAAAAGCCTTGAG,S199T E228L I254G K384V,nan,nan,0,0
AAGAAAACAACCATAT,,nan,nan,0,0
AAGAAAATACATAGAT,S60L C310I K339W R356V,nan,nan,0,0
AAGAAACAACCTCTAT,Q223R,nan,nan,0,0
AAGAAATATATAAAAA,S171N L349R Y480E,nan,nan,0,0
AAGAAATGGTAATGTA,F8T Q406S,nan,nan,0,0
AAGAAATTCGGGTCCA,T190D,nan,nan,0,0
AAGAACCCCTTCAACT,A202L S389L,nan,nan,0,0
AAGAACTGGAAACACT,D229N I361A,nan,nan,0,0
AAGAAGAACCAACGGC,C41I T426S,nan,nan,0,0
AAGAATATGCTTTTTG,S111V P427I I443K C463I R491L,nan,nan,0,0
AAGAATCAAGCATGGT,Q416P,nan,nan,0,0
AAGAATCCTTTCGCAA,L168P L355M,nan,nan,0,0
AAGACAGTCTCTGCTA,T101Y K161M Q218T E418*,nan,nan,0,0
AAGACATAAAAATAAT,N89T H305L,nan,nan,0,0
AAGACATGAGCCACCC,G34* K88F,nan,nan,0,0
AAGACCCAAAGTGAGT,A25D S56T G174Q,nan,nan,0,0
AAGACCCACGTGCCCC,D156G C231N,nan,nan,0,0
AAGACCCTTATCCGCC,R491L,nan,nan,0,0
AAGACGAATTTCTTAT,H13D S60L Y217W S255C,nan,nan,0,0
AAGACTAAGAGAAAGA,T225Q N353T,nan,nan,0,0
AAGAGAAGTATACGCC,L46Q P83S N90S Q331K I361R,nan,nan,0,0
AAGAGACCTACCTACT,F49N R207D,nan,nan,0,0
AAGAGACTGAGATTAA,Q3S F157Q V164A L315*,nan,nan,0,0
AAGAGATCTTATTTTA,A173K E228I S269N V388F L394T,nan,nan,0,0
AAGAGATGGAACTAAA,E151V K272N,nan,nan,0,0
AAGAGCAAAGCACCTT,S143G D156L,nan,nan,0,0
AAGAGCAAGTGGACTA,S56Q E67K I213A V485T,nan,nan,0,0
AAGAGCGATGAGTAGA,Q149L A297P C364R,nan,nan,0,0
AAGAGCTATCACATCA,,nan,nan,0,0
AAGAGTATACGAAGAT,,nan,nan,0,0
AAGATAAAAAACAGAA,K125V I136F Y241R F309M,nan,nan,0,0
AAGATAAAAAATCCAA,,nan,nan,0,0
AAGATACACTACATTC,G240V Y441*,nan,nan,0,0
AAGATCAACGTAAACT,L51V P383I,nan,nan,0,0
AAGATCACCGATACAT,E100S C292V E404Q,nan,nan,0,0
AAGATGAGGAATAGTG,P12E S476H,nan,nan,0,0
AAGATGTTTACCTTTA,V47D Y129Q L168R M472L,nan,nan,0,0
AAGATTTTAACAATCT,C57F W196T E308K I474T,nan,nan,0,0
AAGCAAACACACTAGA,G98E V341I,nan,nan,0,0
AAGCAAACTTTAACAC,R55C Y62G E100C S255T M351I,nan,nan,0,0
AAGCAACCGTTCCTAA,A123F Y129A L245V Q324G,nan,nan,0,0
AAGCAACTTCAAGAAT,A322E T438N,nan,nan,0,0
AAGCAAGAGACCGTTT,L68N,nan,nan,0,0
AAGCAATCAAAAAACA,,nan,nan,0,0
AAGCACATTTTAGAGT,L220W G276R,nan,nan,0,0
AAGCACGTTGATGCAG,L105Y R379H D432S P483L,nan,nan,0,0
AAGCCCATGGCGGATA,L52K N90P S462R,nan,nan,0,0
AAGCCTTTGAACTTCA,L23S L105W S154F,nan,nan,0,0
AAGCGAAGAACGGAAA,N20T G34H S91G E100* S138L L266G T375A K481E,nan,nan,0,0
AAGCGAGAAACTATTA,T182N L387F Q482K,nan,nan,0,0
AAGCGCTAATACCTTA,I95A M194R K339T,nan,nan,0,0
AAGCGGTAACTTATAG,C57A L244S,nan,nan,0,0
AAGCGTGTGGAACCGC,N185C L349Y L449K,nan,nan,0,0
AAGCTACTCCGATATT,N178P S255L P483D,nan,nan,0,0
AAGCTGAAACGACACC,S91L,nan,nan,0,0
AAGCTTATAATACACC,L344R,nan,nan,0,0
AAGCTTGGTGGTTAAT,K291L,nan,nan,0,0
AAGCTTTCATGAAGAA,S267L N302V L387S,nan,nan,0,0
AAGCTTTTTATATAAT,V97E Q165* W210Y,nan,nan,0,0
AAGGAACAGGCCTGTA,Y62S N74F Y94N M192L H374K,nan,nan,0,0
AAGGAAGAATATTAGC,L105R I239S F440N L449G P464G,nan,nan,0,0
AAGGACAAATCAAATT,L78A N209L R257S,nan,nan,0,0
AAGGACCATGTTAAAC,F262P,nan,nan,0,0
AAGGACCTTCTAGTCG,S154N N224R F446L,nan,nan,0,0
AAGGACTCAATCTAAG,N37T T412G S476L,nan,nan,0,0
AAGGAGCGCAAATTCC,S91D K451W,nan,nan,0,0
AAGGAGTATTCATTCC,N185P L280C,nan,nan,0,0
AAGGATAAACCGAATG,L336E L372F S389K T438C P486S,nan,nan,0,0
AAGGATAGTCTTAGAG,E16* M414Y,nan,nan,0,0
AAGGATGTGGAAGGCT,K368A,nan,nan,0,0
AAGGATTATAAACTAT,C118I L469Y,nan,nan,0,0
AAGGCATTAAAAAACT,S163Q,nan,nan,0,0
AAGGCCACTTTACATA,W283V,nan,nan,0,0
AAGGCCGCTCAAAAGA,I15C A39T I136K G174S Q232I G378* N409I C463S,nan,nan,0,0
AAGGCGCCGTTGGAAT,E10L N185R,nan,nan,0,0
AAGGGAGAAAATCTTT,L394T,nan,nan,0,0
AAGGGATAGGTCAAAC,S333T,nan,nan,0,0
AAGGGTAAATAATTAT,I144R,nan,nan,0,0
AAGGTAGACTGACTTA,G159V T190C L280G F399A K425Q V485A W489*,nan,nan,0,0
AAGGTCGACTAGACGC,Q69L Y393S G484L,nan,nan,0,0
AAGGTGAAGAATGGTG,V44T D268F,nan,nan,0,0
AAGGTGCGGTTTATCC,L78T G429Q,nan,nan,0,0
AAGTAAGCAAATCACT,L78W S205P,nan,nan,0,0
AAGTAATCCTCTTTAG,S56Q E67C L244K,nan,nan,0,0
AAGTACATCTAAGGTT,I136L N302Y R491K,nan,nan,0,0
AAGTACCGCTTCGTGT,S60* Y441C P466L,nan,nan,0,0
AAGTACCTAAGACCCT,C310D T380W V435L S444T,nan,nan,0,0
AAGTACTAGATGGGGA,,nan,nan,0,0
AAGTACTCGAACAAGG,E72K T139A I221F T226S,nan,nan,0,0
AAGTATAATACATTTA,E104R I334Y I358Y,nan,nan,0,0
AAGTATTCTGACAATT,I24V G64C I144T V485E,nan,nan,0,0
AAGTATTGAGATCAAT,A25I G54R L349Q R379H G391S,nan,nan,0,0
AAGTATTGGAGGCTCC,,nan,nan,0,0
AAGTCAACCGTTGAAA,F7S M80V S269Q,nan,nan,0,0
AAGTCACTTACAATAA,T274A Y371N F399G L449R,nan,nan,0,0
AAGTCTACCTGCGGAA,L68R E228N W264*,nan,nan,0,0
AAGTCTATTATTGGTA,S163Y,nan,nan,0,0
AAGTGACATGCTAACA,K451G,nan,nan,0,0
AAGTGATAAAGTAATC,K481G,nan,nan,0,0
AAGTGCCACCAACAAG,D156N,nan,nan,0,0
AAGTGCCACTAACGGT,T101Y D156I,nan,nan,0,0
AAGTGGGAAGGTAATG,Y36R V47R G181K S199T L344S,nan,nan,0,0
AAGTGGTTAGGAGACT,L103S V164R F293Q,nan,nan,0,0
AAGTTAGATTCGAACG,Y36* E396*,nan,nan,0,0
AAGTTGATAAAGATCA,T108I I222M,nan,nan,0,0
AAGTTTTACTACAATC,L107T G197R S400A,nan,nan,0,0
AATAAAAAAAAAAACA,Q223A G391D F446L,nan,nan,0,0
AATAAAAAAATGTTTG,P83* M96A C231W,nan,nan,0,0
AATAAAAAAATTGAAC,R325S K352W R379H,nan,nan,0,0
AATAAACCATGATCTA,F8V L120P S135V A152W N158Q,nan,nan,0,0
AATAAAGAGAGCAGCG,H471*,nan,nan,0,0
AATAAAGGTTGGCAAA,Q69E I222T,nan,nan,0,0
AATAAATCCCGGTGTA,L46V G360I,nan,nan,0,0
AATAAATCTAACCAGA,G240Y I443D,nan,nan,0,0
AATAACAAAACCCAGT,N119L G208Y C385L,nan,nan,0,0
AATAACACTCCATACC,Y129C S154G S163F N167L G174C Q348T Y366V P466T,nan,nan,0,0
AATAACCATATAATCC,M312P G478F,nan,nan,0,0
AATAACGAATATCGAA,V5K G160I,nan,nan,0,0
AATAACGTGACATGTG,Y66L K126F,nan,nan,0,0
AATAACTCCAATCTCT,L26S H230R D268G,nan,nan,0,0
AATAAGCACAAACATT,,nan,nan,0,0
AATAAGGGGAAACACT,F7M T281N,nan,nan,0,0
AATAAGTACGATGGTC,L61N Y66Q G102R L313A M414I,nan,nan,0,0
AATAAGTGTGGGGCGA,L32P,nan,nan,0,0
AATAAGTTACAAAAAC,C41F W264K,nan,nan,0,0
AATAATACAAAACTGT,C86R P236W C301T Q324M F434L,nan,nan,0,0
AATAATATAATGTTAT,M75D Q165* L372E D401N L428G T454E,nan,nan,0,0
AATAATGCTGCTCGAC,D156K V183M C231F,nan,nan,0,0
AATAATTTGAACAAAA,N178I V450Y H455W N470G,nan,nan,0,0
AATAATTTGTATTACG,V5N T87Q E303L N353L L449M,nan,nan,0,0
AATACAACCAGACTAT,Y66*,nan,nan,0,0
AATACAAGTGTGATCA,L50P,nan,nan,0,0
AATACACACTCTACAT,Y36S Y363V,nan,nan,0,0
AATACATCTTGTACTG,F7* P83V L168Q M194H Y217L T249M,nan,nan,0,0
AATACCTATTGACAAC,L313K G484V,nan,nan,0,0
AATACCTCTTTGCCGC,L52V G240E,nan,nan,0,0
AATACTTATTCATCAT,A330C I411F P466*,nan,nan,0,0
AATACTTCAGGGCTAA,Q149A E308R K417Q,nan,nan,0,0
AATAGAAGAGATAAAA,L68P N148W,nan,nan,0,0
AATAGAAGTAGTAAAC,S205V,nan,nan,0,0
AATAGACTAATGGCAA,F233H,nan,nan,0,0
AATAGACTTTGAGAAA,T225A D251I K272W,nan,nan,0,0
AATAGAGAGAGTCACA,Y172T K291S L344M N390Y M410L,nan,nan,0,0
AATAGAGCCAATTCTA,Y200H E289K,nan,nan,0,0
AATAGCCACCGCACAA,H93I C385S V388S L428S,nan,nan,0,0
AATAGGTGGAAAATTG,K116H G174S V183S C364V L387E G424T,nan,nan,0,0
AATAGTAGCAGCGAGA,,nan,nan,0,0
AATAGTTCCACGCAAC,V47S K161Q C475T,nan,nan,0,0
AATATAAACACAATAT,H179L C212H C231G P483V,nan,nan,0,0
AATATAAGTAGACATA,A173F Q189R T249R D273I T376E S392C,nan,nan,0,0
AATATAAGTATCAATT,N158H V341R I361L,nan,nan,0,0
AATATAATAAATAACT,M19L C180R L220I S389H,nan,nan,0,0
AATATACAAGAGCCCA,Y66L F233L,nan,nan,0,0
AATATACCGTCAACTT,V5G T375W C475N,nan,nan,0,0
AATATAGTACTGACAG,M82T N302L,nan,nan,0,0
AATATATAAAAATATT,N89V D156S,nan,nan,0,0
AATATATTTTGAAGCA,N148M,nan,nan,0,0
AATATCCAAGGTGAAA,D175W N365S E396F L479P,nan,nan,0,0
AATATCCGTTAATTAA,T190N T261Y H467N K488E,nan,nan,0,0
AATATCGGTCATTACA,L52K,nan,nan,0,0
AATATCTATACAAGCC,M153D G181Y,nan,nan,0,0
AATATGATTTACCCGT,N346R V485*,nan,nan,0,0
AATATGCCAAAATTGC,L68M E104M N127V S199L I337S I358L,nan,nan,0,0
AATATGGACGACAAAT,N74I Y200R T226V G260D E308*,nan,nan,0,0
AATATGGCTGTGCGTT,F7*,nan,nan,0,0
AATATTCTTACCGTAT,F8S C41I S135M W227* K272N L394T C475G,nan,nan,0,0
AATATTGTCCATCCGT,N302K,nan,nan,0,0
AATCAAAGACATCTAC,E100A,nan,nan,0,0
AATCAAATTGAATTGC,L68D E307G C385L D432T,nan,nan,0,0
AATCAACCTGCCTAGC,S269N L469Q,nan,nan,0,0
AATCAACGGCGATGAT,V183* R314C,nan,nan,0,0
AATCACAGAAGTCCAA,L103H E287G,nan,nan,0,0
AATCACCTAACATATG,N89Y A195V N353T S439V,nan,nan,0,0
AATCACGAAACGCTAT,Q223W T412S,nan,nan,0,0
AATCACTTCATAAAAA,H13S G160S P236C,nan,nan,0,0
AATCAGGGAATATTGA,K465T,nan,nan,0,0
AATCATAAGCATAAGG,S169G D311N S333F H471K,nan,nan,0,0
AATCATATTCAAAACT,H305C P464T,nan,nan,0,0
AATCATCATGAATTTA,,nan,nan,0,0
AATCCATAATTAAAAG,,nan,nan,0,0
AATCCATCACCTAGTG,,nan,nan,0,0
AATCCATTAGAGTGAT,,nan,nan,0,0
AATCCCAGAGTGACCT,N109K I445V,nan,nan,0,0
AATCCCAGTAAAATAA,Q69H N148S,nan,nan,0,0
AATCCGAGGATGAAGA,G174N,nan,nan,0,0
AATCCTCGCCCAAACA,S143R T375P,nan,nan,0,0
AATCCTGATTGTAAGC,S237F G478V,nan,nan,0,0
AATCCTTCACAGCCGT,L68V V97P T397F Q405R,nan,nan,0,0
AATCGAAAATAAACTC,C180K R248A M312N G391L,nan,nan,0,0
AATCGAATTCCGTGTT,Q232G D268K N302L,nan,nan,0,0
AATCGATAAAGTAGTT,,nan,nan,0,0
AATCGATCTGTTCGTT,T106Y T438H,nan,nan,0,0
AATCGCAACTCACGGA,E76* Y172W H305P G429R,nan,nan,0,0
AATCGCGCAGCAAACA,E104Y,nan,nan,0,0
AATCGGTAAGATTAGC,P238T N409D V431L K481L,nan,nan,0,0
AATCGGTTACTGAGAA,Q3R M82W Y172L A195F G243K L258S,nan,nan,0,0
AATCTATAGGCGACGC,C463F S476R,nan,nan,0,0
AATCTATATGCCATCC,Y393I,nan,nan,0,0
AATCTATCTGATTGAA,H92P E228Y C475W,nan,nan,0,0
AATCTCGAAGGTAACA,L43I T81H S135L V459P,nan,nan,0,0
AATCTCGAATGCCATA,G277L T397* S476L,nan,nan,0,0
AATCTGAGTATTGACG,I222K L242T,nan,nan,0,0
AATCTGGAATACAGTT,T101I H131Y A176H,nan,nan,0,0
AATCTTAAGGCAAGCT,,nan,nan,0,0
AATCTTTAAGACAATC,Q247*,nan,nan,0,0
AATGAACTCAGAAATC,N319*,nan,nan,0,0
AATGAAGTAAGCACAA,K481S,nan,nan,0,0
AATGAATTGCATTGCA,C231T N295S,nan,nan,0,0
AATGACAACCGAAAAT,S111P S199V I213M T226S G429F,nan,nan,0,0
AATGACCGCAGAAGAA,H131S K300P,nan,nan,0,0
AATGAGAACAAGAGGA,F440K,nan,nan,0,0
AATGAGCCTGCCTGAT,H131Y G276V Y369L Y441H,nan,nan,0,0
AATGAGTCGAACCCGA,,nan,nan,0,0
AATGATATAGATGTGG,L51R,nan,nan,0,0
AATGATCTCTTGAAAT,W489M,nan,nan,0,0
AATGATCTTTCTTAGA,Y200R T263* K291H L326P,nan,nan,0,0
AATGCAAAAATCCAAT,V97L C463I,nan,nan,0,0
AATGCAGTATGTCATC,F434V,nan,nan,0,0
AATGCATGACCGTTGA,V5I,nan,nan,0,0
AATGCCGTTGAGAGAC,I239Y S392M,nan,nan,0,0
AATGCCTTAAACATAA,K88W C475R,nan,nan,0,0
AATGCTATGATATTTA,S121K K126F S135N I334L P486S,nan,nan,0,0
AATGCTCAAAGTGAGC,N89K T375L I474H,nan,nan,0,0
AATGCTTAAGCCCCCG,,nan,nan,0,0
AATGGACTAAATTTAA,N79I I254K,nan,nan,0,0
AATGGATCAATATCCA,M1R,nan,nan,0,0
AATGGCATCCGCCCAG,T81L G208W V459K,nan,nan,0,0
AATGGGCATACTCAGA,V485W,nan,nan,0,0
AATGGGCGATGTCTAT,S439L S462P,nan,nan,0,0
AATGGTAACATAGTAA,N109T D311G,nan,nan,0,0
AATGTAACTAAATAAT,H131V I221A K352L I452T,nan,nan,0,0
AATGTAACTGAAGATC,,nan,nan,0,0
AATGTCAATAAGTCCT,N99C L128D I213G L394N,nan,nan,0,0
AATGTTAAGGGTGAAC,L103F I252P G271S I337A,nan,nan,0,0
AATGTTCATGGTCGCT,Y129P S135I G424T R491W,nan,nan,0,0
AATGTTGGTTTTACGT,F440G,nan,nan,0,0
AATGTTGTCCAGCAAT,Y166F T225Y S246F D402E C477Y,nan,nan,0,0
AATGTTTGAAGGTGCG,T40W H354L,nan,nan,0,0
AATTAAAAGACCATAC,L84Y V388*,nan,nan,0,0
AATTAAAGACTAACCG,E72N E287*,nan,nan,0,0
AATTAACTGAATACAA,L51M Y241S T412A,nan,nan,0,0
AATTAATCTAATTCCT,M82K,nan,nan,0,0
AATTAATTAATGACTA,K63S L84S,nan,nan,0,0
AATTACAAACAATGAT,R235W F440A,nan,nan,0,0
AATTACAAGATGTACA,C53L S60P H230E,nan,nan,0,0
AATTACCGCAAAGTGT,N74T L78P S85L,nan,nan,0,0
AATTAGATAAAAACGC,A25E N167S Y369S,nan,nan,0,0
AATTAGATTAGCTGAC,C463H,nan,nan,0,0
AATTAGCGGATATTTA,V22M I162W Y366K,nan,nan,0,0
AATTAGCTCTGAGGGA,G45E G429D,nan,nan,0,0
AATTATCTCCATTCAG,V65L N146S Y200G,nan,nan,0,0
AATTATCTTACCAGAT,Q3M L84R C180I,nan,nan,0,0
AATTATGTCGGCCCCA,L29G M134A R207M K339N R468S C475Y,nan,nan,0,0
AATTCAACGTCCCCGG,T296P F316*,nan,nan,0,0
AATTCCCTAAGTCATG,I4E G45S T87H C301F P464L,nan,nan,0,0
AATTCCGCATCACAAT,F140E,nan,nan,0,0
AATTCGATGACAATTA,Y219V S269M Y278L M351C,nan,nan,0,0
AATTCTGGACCAAATA,R207L M420P V450C R491K,nan,nan,0,0
AATTGAAATCAACACC,K33L S135C A176V E287H M420A,nan,nan,0,0
AATTGAACCATTAGAA,N79L M420E,nan,nan,0,0
AATTGATCTAGTAATT,Y66* S171R,nan,nan,0,0
AATTGTATAAAACGGA,I15N,nan,nan,0,0
AATTGTTCAGTAAGTG,R193* L258A,nan,nan,0,0
AATTTAGATCAAGCCC,V388P,nan,nan,0,0
AATTTAGCAAACCGGA,S60W N127D Y129C I137V N146S N148G K161G Y166C R207G N209D Y217C N224S Q232R I239V Y241C I252V I254V S269G E270G K272R T274A Y278C T281A I286V K291R N295G K300G N302S K304R E307G N319G K327R K352R L355*,nan,nan,0,0
AATTTCAATACCCTCT,L313T S333R,nan,nan,0,0
AATTTCCGGGGTGGCT,D156L A184L C231N P486R,nan,nan,0,0
AATTTGCGTAATATAA,E67I S121R D306L,nan,nan,0,0
AATTTGCTAGATCGTC,E17P G42S A152M N373*,nan,nan,0,0
AATTTGGAAAAAGATG,L220P M410*,nan,nan,0,0
AATTTTAGAGAATGAA,F262G T377S,nan,nan,0,0
AATTTTAGCTAAATTT,L142D A343N T377R R456Y,nan,nan,0,0
AATTTTAGTCAAAATA,G98E,nan,nan,0,0
AATTTTCAGTTCCTTT,R207G A288G D432G H457A,nan,nan,0,0
ACAAAAAAAAGTGCAT,C53V E100K,nan,nan,0,0
ACAAAAAACTAACCAA,C118F T190A C310F,nan,nan,0,0
ACAAAAATATCATGAG,T375S D432S,nan,nan,0,0
ACAAAACCTGCTAAAT,S60P G102S G277T,nan,nan,0,0
ACAAAAGGATCTCGAA,V47P M153* N224*,nan,nan,0,0
ACAAAAGTGGCAAAGA,I136L D268K A297Y V388M,nan,nan,0,0
ACAAAATCAAAGAATA,G102N T380G V431Q,nan,nan,0,0
ACAAAATGTCGTAACA,F140S H230V,nan,nan,0,0
ACAAACAAATACCGAA,L32F N295*,nan,nan,0,0
ACAAACCTTAAAAAGG,N158Y A299G,nan,nan,0,0
ACAAACTCCAAATAAG,H93I T101F A177V A322T,nan,nan,0,0
ACAAACTTCCCTAATT,F49K V341S F399N,nan,nan,0,0
ACAAAGATAAAGTGAA,G54A D130W C475A,nan,nan,0,0
ACAAAGCAGGATAATT,E67R N109Q L133C D156N C364R,nan,nan,0,0
ACAAAGGTATAAATCT,V97M T274E P383S,nan,nan,0,0
ACAAATATTGTCGAGG,G160P L355E,nan,nan,0,0
ACAACACAACAGTTCA,Y200N C475S,nan,nan,0,0
ACAACACGAAAAAATA,,nan,nan,0,0
ACAACAGGAGCTTTAG,I4V I144N E151M D251S K304I P486G,nan,nan,0,0
ACAACATGAATTATCG,A343*,nan,nan,0,0
ACAACCAAAGGAACCA,K272W Y480R,nan,nan,0,0
ACAACCCGCCAATGCC,G34Y M153* I358H,nan,nan,0,0
ACAACCTACTTGCAAT,D357Y,nan,nan,0,0
ACAACGAAACGGTCTA,T6A Q331P,nan,nan,0,0
ACAACGATTCCGAATC,V14* K88R I112P P236A,nan,nan,0,0
ACAACGGTTCCACCTG,S205P C475P,nan,nan,0,0
ACAACGTATTACGAGA,Q165* D268S W283N E404G,nan,nan,0,0
ACAACGTTAATTCAAC,F38Y Q149W C475R,nan,nan,0,0
ACAACGTTACAAAGGT,N373H,nan,nan,0,0
ACAAGAATCTGACCAG,Q165C S171C I254S N390D,nan,nan,0,0
ACAAGAATGAGTCTGT,I15* E421G,nan,nan,0,0
ACAAGAGATGACAGCT,H124F,nan,nan,0,0
ACAAGATAAACAATTA,D357A E418K,nan,nan,0,0
ACAAGCTACAAAGGTA,Y94N N148H S199T,nan,nan,0,0
ACAAGCTATCATTAAC,H179I,nan,nan,0,0
ACAAGGATTGAAGCCA,Q189E S205C S246*,nan,nan,0,0
ACAAGGCTGGAGCTCA,S143N F318R,nan,nan,0,0
ACAAGGTTCTCAAGTC,M75* P466I R491M,nan,nan,0,0
ACAAGTACGCTAACAA,S91R G98M S121N N409I,nan,nan,0,0
ACAAGTATTAGCGCAT,V164F W489*,nan,nan,0,0
ACAAGTATTCTGTGAA,E10W M134V Y219Q T377H T426S,nan,nan,0,0
ACAATAATATCGGTCG,Q69N,nan,nan,0,0
ACAATAGGAAGCCAAT,Y371I R379N,nan,nan,0,0
ACAATATGTCCCCATA,T58M,nan,nan,0,0
ACAATATTGGTTGGCC,E104V Y150W Q165T L442F,nan,nan,0,0
ACAATCACCGCTTACG,N178I I286K E308A F316I,nan,nan,0,0
ACAATCATGAACCGGG,A30D D268M,nan,nan,0,0
ACAATCGAAGATTACG,N373E L428H,nan,nan,0,0
ACAATCTTGATATAAT,,nan,nan,0,0
ACAATGATTGCATACG,E396*,nan,nan,0,0
ACAATGCCCGATAAGA,Q232R V431N L479Y,nan,nan,0,0
ACAATTATAGAACCTA,S199* L394G C475*,nan,nan,0,0
ACAATTATTAAGACCT,F49C C155Y C212P D229T G260A S437M,nan,nan,0,0
ACAATTTGAAACTGCG,T261R R422P S462V,nan,nan,0,0
ACACAAATCCCGCCCA,V11* H354M,nan,nan,0,0
ACACAAATTATTGGGA,K352*,nan,nan,0,0
ACACAAGAACCGAGAG,Q247* T426H,nan,nan,0,0
ACACAATAAGAAAGGG,V97P T190Y S246T T274G,nan,nan,0,0
ACACACACAAGATTGT,K161C F293L,nan,nan,0,0
ACACACGATAAAGTCT,F157N,nan,nan,0,0
ACACACTACCTAAATG,N89M Y200S P483S,nan,nan,0,0
ACACACTCTTGCTGAC,R55H V485F,nan,nan,0,0
ACACAGAACGAGTAGC,G198T,nan,nan,0,0
ACACAGTAAGCGTGTT,N74L M82L D432T,nan,nan,0,0
ACACAGTCTGAACGGA,I4M L280P F309R A343K T438R,nan,nan,0,0
ACACATACTCCACCGG,H230R,nan,nan,0,0
ACACCAAAAAGAAACA,E151K Y200C S237Q F316S A330E,nan,nan,0,0
ACACCATGGCCCCCAG,G159V N470L,nan,nan,0,0
ACACCCAAAAAAAAGA,G478E,nan,nan,0,0
ACACCCCTTTTATACA,T87S R207I C212Y T226R,nan,nan,0,0
ACACCCGAACCTCTAG,Q165Y G360S,nan,nan,0,0
ACACCCGACATATGCA,Q348S,nan,nan,0,0
ACACCCTCAACAACAC,Q69S T190V T215* H230N H471S,nan,nan,0,0
ACACCGAGTGCACGCA,Y66M L142K E287L,nan,nan,0,0
ACACCGGCAACTGTAA,N148E G174V D408K,nan,nan,0,0
ACACCGTAAATATATT,G98D F117D G197V G206S R257L K451N,nan,nan,0,0
ACACCTTGAAGTCTTA,L220F F316K,nan,nan,0,0
ACACGAATGAAGGTCG,Q335F,nan,nan,0,0
ACACGAGACGTTCCTG,T110Y,nan,nan,0,0
ACACGAGCGGCTCACA,S246V K327C S400E,nan,nan,0,0
ACACGGACAACACGCG,L315G,nan,nan,0,0
ACACGTGTTACTCAAT,S216I D268L E404H L442R,nan,nan,0,0
ACACTATGGAATAAAC,M19T Y253*,nan,nan,0,0
ACACTCAGAGGCTGAG,S135Y L245N P427K,nan,nan,0,0
ACACTCCCTATGGTAT,M214E,nan,nan,0,0
ACACTGAGAGGAATTT,P362W,nan,nan,0,0
ACACTGCTAACATCAA,S85I M414S,nan,nan,0,0
ACACTGCTTGTCGGAA,G102* S267K N302K,nan,nan,0,0
ACACTTACTCAACTGT,L51S G276L E287L V431H,nan,nan,0,0
ACACTTTAAACGATAG,L105P F309Y P427I,nan,nan,0,0
ACAGAAATTATGTTAA,I4A L23M K126S W196S I411*,nan,nan,0,0
ACAGAACCTACCAGCG,K88N Q348*,nan,nan,0,0
ACAGAAGTCAACATCA,L46R L442T,nan,nan,0,0
ACAGAATTTTGGTAAA,T101P C477L,nan,nan,0,0
ACAGCAAATGCCGCCA,I137L L168K G276S K481S,nan,nan,0,0
ACAGCCCACCACTTAT,A297H L313G S476T W489*,nan,nan,0,0
ACAGCCTAGGGTCAGT,,nan,nan,0,0
ACAGCGGGTACCAAAG,V341K L430T S444L,nan,nan,0,0
ACAGCGTTAAAAACAA,I452K,nan,nan,0,0
ACAGGACTGTCTCTAT,F38T K417I,nan,nan,0,0
ACAGGAGAACCAATGA,L103A Y166*,nan,nan,0,0
ACAGGAGCATGATTGC,V487H,nan,nan,0,0
ACAGGCATGATAACCT,A39* G98L,nan,nan,0,0
ACAGGCTAAAGGCATC,I24R P238* W489D,nan,nan,0,0
ACAGGGCCAGGCCAGC,T48R D317E Y419T,nan,nan,0,0
ACAGGGGTACCCTTGC,H93L V450K G478*,nan,nan,0,0
ACAGGTAAGGCTGCAA,N185R Y200E,nan,nan,0,0
ACAGGTATCCAATACG,L168P G208T T215I D229S,nan,nan,0,0
ACAGGTGCTATACAAG,E151K F191T K272R L449C,nan,nan,0,0
ACAGGTTGTGCTTAGA,F7L S163T L355S P427L,nan,nan,0,0
ACAGTACAGTAGAAAG,V65D G174Y,nan,nan,0,0
ACAGTCTGTTCAGTAA,N209K Y217A F309V,nan,nan,0,0
ACAGTGACAACCGAAT,S85C,nan,nan,0,0
ACAGTGAGAGATGGCT,G198K G260P,nan,nan,0,0
ACAGTGCCTGAAGTAA,A173W D347Y S367F T377H,nan,nan,0,0
ACAGTTAATGTTCACG,D156L N295H S437F,nan,nan,0,0
ACAGTTAATTATAAAC,D306W,nan,nan,0,0
ACAGTTACGAAAAAAG,N395P,nan,nan,0,0
ACAGTTGAATCCGTTC,I24R L103Q G198M K304L,nan,nan,0,0
ACATAAAACACCGCTT,C155V G260Q,nan,nan,0,0
ACATAAAAGATAGTGC,E151T V183L,nan,nan,0,0
ACATAAAATATATATG,G276T,nan,nan,0,0
ACATAAATTATCGGAA,G181S R379L N390Y H457L,nan,nan,0,0
ACATAACTGATTGACT,I213V,nan,nan,0,0
ACATAAGTGACAGCTT,G98C V164M F434Y,nan,nan,0,0
ACATAATCCTACCTTT,F262S F399Y L442F,nan,nan,0,0
ACATACAACTATTAAC,Q3G A123D S135R,nan,nan,0,0
ACATACAGTTTGTTCA,,nan,nan,0,0
ACATACTGTAATTAAT,N99R,nan,nan,0,0
ACATAGCTAAACTGCA,G240D V298L F434V G484T,nan,nan,0,0
ACATAGGGACAGCACT,,nan,nan,0,0
ACATATAGATGTCCAA,C212A K384T,nan,nan,0,0
ACATCAAGCCAGACTA,E418I,nan,nan,0,0
ACATCAGGGTGTAAAT,K116N S143C C364I Q482L,nan,nan,0,0
ACATCCGATGACTATG,C118Y Q331M A340N V388*,nan,nan,0,0
ACATCCGTGGGAGACC,N119K,nan,nan,0,0
ACATCCTGTAAAGGCC,I24F G45P T58L Y129D I136F D357V M410R,nan,nan,0,0
ACATCGAGGCCACAAA,N224D A343*,nan,nan,0,0
ACATCGCAAATTCCTC,L168G,nan,nan,0,0
ACATCTAGAGTAAGCC,,nan,nan,0,0
ACATCTAGCATAGACT,C385Y M472I,nan,nan,0,0
ACATCTGACATAGAAA,G174Y,nan,nan,0,0
ACATCTTCCATAGACA,G102M,nan,nan,0,0
ACATGACAGTCTGGAG,M96*,nan,nan,0,0
ACATGATATAAAAAAA,V22*,nan,nan,0,0
ACATGATTGTGAGATT,H92Y L355N S389K P483N W489E,nan,nan,0,0
ACATGCATCAAAATAA,E396M,nan,nan,0,0
ACATGCCATAGGTTAT,F399L,nan,nan,0,0
ACATGCGTAAATACAA,Y36R W227L N395L I403F,nan,nan,0,0
ACATGGATGCAAGACG,T77K G160F N373Y E396V,nan,nan,0,0
ACATGGCAGCTTTTCT,L71G S121H C212S L259* C279R W489C,nan,nan,0,0
ACATGGCAGGGTAGAA,A176T C475V,nan,nan,0,0
ACATGTATAGAACCAT,A39Y K272S N295* W370T K417Y Q423L H471P,nan,nan,0,0
ACATTAAAAACGAACG,L285S C475L,nan,nan,0,0
ACATTAACATATTTCA,C57L D156G T225P,nan,nan,0,0
ACATTACTCGAGCCAA,L220N G424L,nan,nan,0,0
ACATTATAAATTACAG,H13I Y363* G391W Y419F,nan,nan,0,0
ACATTATGACCCATTA,V5D R257L Q331G,nan,nan,0,0
ACATTATTAAGACTCC,,nan,nan,0,0
ACATTCAACTACCAGG,N302*,nan,nan,0,0
ACATTCCAGCCATTGC,L35V G174S,nan,nan,0,0
ACATTCCAGGGGAATA,I4F V485C,nan,nan,0,0
ACATTCTAAGTGTACT,G277A V485R,nan,nan,0,0
ACATTTATACCCCTCT,L133Y Y219L Q232T N365V W489A,nan,nan,0,0
ACATTTCCATAGGTGG,S234L L242I,nan,nan,0,0
ACATTTGACATTCATG,N346P G360T,nan,nan,0,0
ACATTTTTCATGATGT,L220R,nan,nan,0,0
ACCAAAAACATGCACC,Y200L I452S,nan,nan,0,0
ACCAAAAAGCCATCGC,L43V K161L D306K S367Q,nan,nan,0,0
ACCAAACCACAAAGAC,H179A,nan,nan,0,0
ACCAAAGACAGATTTT,L285* S400N,nan,nan,0,0
ACCAAAGCTGCTATGC,S111P C310R R456Q,nan,nan,0,0
ACCAACAATGACTGAT,E270R,nan,nan,0,0
ACCAACACTGTCAGAA,I162M C463D,nan,nan,0,0
ACCAACCGCACTTACC,Y62L T296R F316L S389N T426Y,nan,nan,0,0
ACCAACTCAATGAAGT,M194K D211S W264R,nan,nan,0,0
ACCAAGAACAATTCCA,V14A Y94R T377H,nan,nan,0,0
ACCAAGACAGCGTTAA,Y166T,nan,nan,0,0
ACCAAGTACATCCACG,E228L,nan,nan,0,0
ACCAAGTCATATAGGA,D122Y Q331L Q406W,nan,nan,0,0
ACCACAACCCAATACC,K33L,nan,nan,0,0
ACCACATAATATATCT,Y62H V164M P383K M420S Y441N,nan,nan,0,0
ACCACGAAAGGATAAT,Y369I E404R,nan,nan,0,0
ACCACGCGCATGTTTG,H13R N114S G484A,nan,nan,0,0
ACCAGCTCAATGAAAT,Q69P E270S K300V K488R,nan,nan,0,0
ACCAGGTTTTCTGCCA,,nan,nan,0,0
ACCATAACCGACAATA,I221N E287*,nan,nan,0,0
ACCATAGACCACGCCG,S444L R456G,nan,nan,0,0
ACCATAGCCCTCAACA,G64S I201A H374*,nan,nan,0,0
ACCATCACAGACGGGA,L133T K161* M414C D432H,nan,nan,0,0
ACCATCAGCGGGTTAT,G174V,nan,nan,0,0
ACCATCATCGGCATGG,L61Y I337E,nan,nan,0,0
ACCATCCTATACTGGT,F117N G197T S205K D211V Q416K P427V,nan,nan,0,0
ACCATCGGGACAAAAC,F49* S199G K272M A328S M332T K488V,nan,nan,0,0
ACCATCTCAACTGCGT,Q3T L188S,nan,nan,0,0
ACCATCTGACATCAAG,,nan,nan,0,0
ACCATGGTATGAGAGA,M1C G54F V187R N295Q,nan,nan,0,0
ACCATTATGTGTCAAG,A25K,nan,nan,0,0
ACCATTATTGCATTAA,Y66M G276R G294V K488A,nan,nan,0,0
ACCATTGCTCCCGAAT,I144C,nan,nan,0,0
ACCATTTACAGTCGAT,T412I,nan,nan,0,0
ACCCAAATTAATATGA,Q189H M359R L442V,nan,nan,0,0
ACCCAAGGTAATACAA,F233* L242N T274S A328S I403L,nan,nan,0,0
ACCCAATCGAAAGTTG,T375W,nan,nan,0,0
ACCCACCGACATATAC,S216T E418V,nan,nan,0,0
ACCCACGATCCACCAT,G208S,nan,nan,0,0
ACCCACGGAGAATGAA,M75* Y129T E228T V341W D402R P483S,nan,nan,0,0
ACCCAGAAAAAAAAAC,C475Q,nan,nan,0,0
ACCCAGTAACCCCTAT,F262Y S400L R456Y,nan,nan,0,0
ACCCATACTGTAACTG,A195S G277I I337V,nan,nan,0,0
ACCCATGTATCCCTAC,C53W K125* N158K,nan,nan,0,0
ACCCCAGATTGGGCCG,L51H,nan,nan,0,0
ACCCCCCCCACCGGCT,S85K S216*,nan,nan,0,0
ACCCCCGACGTCGCAA,L61D N146R L372A,nan,nan,0,0
ACCCCTCTTCAATACG,V22R E104* I334F M359R,nan,nan,0,0
ACCCCTGATATATGTT,N127H G174T Q232L A343P,nan,nan,0,0
ACCCGACGAAAGAACC,,nan,nan,0,0
ACCCGAGCGTCATGAA,T215L V485R,nan,nan,0,0
ACCCGTAATCGAGCTC,T59G Y166I W196I D401*,nan,nan,0,0
ACCCTAATGTATATGT,C86R A173P S367I,nan,nan,0,0
ACCCTACTAGCGAAAA,C53P M75R N114F H455L,nan,nan,0,0
ACCCTCAAACTCCCAG,I403Y,nan,nan,0,0
ACCCTCACCCTCGCGC,E67A E270C,nan,nan,0,0
ACCCTGCAGAGTAGAA,G54S V97R,nan,nan,0,0
ACCGAAAGCATCGATG,I15G I95D M134* G181* K291Q,nan,nan,0,0
ACCGAAAGGAACACTA,K425M,nan,nan,0,0
ACCGAAATTTTCAGCG,D229P K291S,nan,nan,0,0
ACCGAAGAAGGCATAT,Y94L Q165V G243V Y419V P427S,nan,nan,0,0
ACCGAATAATAACTAT,N146M L259Q E418M,nan,nan,0,0
ACCGAATCATGCAGTG,Y166S V183K,nan,nan,0,0
ACCGAATCCATCCAGC,V450S S476E,nan,nan,0,0
ACCGACTGAATAAGAT,L61T K88M E228G T274N P383S,nan,nan,0,0
ACCGAGAAAAACTAAG,Q3E G186V T274E,nan,nan,0,0
ACCGAGAGACAACTGT,K272*,nan,nan,0,0
ACCGATGCTCCCAAGT,Q3M V65L M192I N209S I239V Y241C I254V S389M Y393C N395D,nan,nan,0,0
ACCGATGCTTTAGATC,L61R,nan,nan,0,0
ACCGATTTCCCTATAA,L84S A173L Y363S,nan,nan,0,0
ACCGCAAAACCCAAAA,C53V H124V P362R,nan,nan,0,0
ACCGCCACATGCGGTG,L449*,nan,nan,0,0
ACCGCTAGAGCGAGAG,I112Y G159K Y363D,nan,nan,0,0
ACCGCTCGATCGGTTT,P12R V47F V65P V298M I474R,nan,nan,0,0
ACCGGAAACAGTGGAG,H179V Y217* N319*,nan,nan,0,0
ACCGGAAGCTCAATCT,R256D N302S,nan,nan,0,0
ACCGGCTCAACGCAGT,L50V Y219T E303M H457K,nan,nan,0,0
ACCGGCTTACAGGAGT,F8N,nan,nan,0,0
ACCGGTAAAAAAGCAT,V485P,nan,nan,0,0
ACCGGTGTTAAGAGTA,S27W,nan,nan,0,0
ACCGGTTCCCAACATT,M134L H141S T249C E307R G360R H471S,nan,nan,0,0
ACCGTAGAAAACAATT,L128E T376L,nan,nan,0,0
ACCGTCTTACATGCGT,V22R K461P,nan,nan,0,0
ACCTAAACTTGTACTG,S60M C86Y K88E N109F G198S G260M T375K,nan,nan,0,0
ACCTAATTATTTAAAC,C86L E151* S199* H471G,nan,nan,0,0
ACCTACGTCGCAAATA,E104W G174K G271V L469H,nan,nan,0,0
ACCTACTCAACATAGA,P236S L315M,nan,nan,0,0
ACCTAGCTTATTTCAC,P464*,nan,nan,0,0
ACCTAGGTACTGTTAT,Y166Q,nan,nan,0,0
ACCTAGTCTGACTATA,Q3L E100V G102E Q416A R422K,nan,nan,0,0
ACCTATATGTGGCATT,L32Q K63G,nan,nan,0,0
ACCTATATTTAGCAAA,,nan,nan,0,0
ACCTCACTAGTCGATG,I252D,nan,nan,0,0
ACCTCAGTCTCTACGA,H179P K490H,nan,nan,0,0
ACCTCATGTATGGTGT,H374C Y393T I403S,nan,nan,0,0
ACCTCCGTTAATAGTT,D311E V435S C463M,nan,nan,0,0
ACCTGACAACACGATC,W210M D408S,nan,nan,0,0
ACCTGAGGATATCTAA,M153G P483*,nan,nan,0,0
ACCTGGGTCACATTAA,G34L,nan,nan,0,0
ACCTTAACAAATAATT,S60R C212L R356S V485Y,nan,nan,0,0
ACCTTATACTCACACT,I4W S60N L336*,nan,nan,0,0
ACCTTCCCCTACCATC,P12E S27N N109S A176L N395S,nan,nan,0,0
ACCTTGAGGAGACAAG,N178D G260Y,nan,nan,0,0
ACGAAATCCTGCAAGT,E16G P427*,nan,nan,0,0
ACGAAGACAGAAGCTA,Q223A H230W Q321H,nan,nan,0,0
ACGAAGACCCTTGACT,E104Q I213R T281R D347V I443G I452T,nan,nan,0,0
ACGAAGCGATTACAGC,D268S S392C L415W,nan,nan,0,0
ACGAAGCTTATTAGTT,Q3L L32D N185I R325N E418G,nan,nan,0,0
ACGAAGGGATAAAACC,G160D Y172* Q247K C279N,nan,nan,0,0
ACGAATAACCACACGC,I162E,nan,nan,0,0
ACGACAAAATAGTTGG,I323K G484H,nan,nan,0,0
ACGACATAGGCTGAAT,L51H S60F A195D D251L T375C,nan,nan,0,0
ACGACATCTCTGATCC,Q149P G294V M332I,nan,nan,0,0
ACGACTGATCACGCGC,R282* I474Y,nan,nan,0,0
ACGAGACAGTCTCTGA,G206M,nan,nan,0,0
ACGAGATATTCTGAAA,L73E,nan,nan,0,0
ACGAGATTCGAAAACT,Y129L L244M T261E G360E,nan,nan,0,0
ACGAGCATACCAGCCC,P83I K126S E308H K320S,nan,nan,0,0
ACGATAAGATCCGACG,C364S,nan,nan,0,0
ACGATAAGGAATTTAA,L103N K126Y D357V A407L,nan,nan,0,0
ACGATACTACTTAATC,E67D K116V P236S N295L I458F,nan,nan,0,0
ACGATAGCCATGCTGG,P236A S476W,nan,nan,0,0
ACGATATGATGGAGAT,T81R L336C D357S T376M,nan,nan,0,0
ACGATCAAACAAAGGG,E104T Q416R,nan,nan,0,0
ACGATCAAACTATTAA,G186V G198D,nan,nan,0,0
ACGATGCAGGTATATC,T106I C463V,nan,nan,0,0
ACGATGGAAGCAGATG,E228I I286H,nan,nan,0,0
ACGATGGAAGTGACCA,,nan,nan,0,0
ACGATGGTAGTTAATT,F49S S143P V183I,nan,nan,0,0
ACGATTAGAATCAAGA,N185M Q218A Y253I,nan,nan,0,0
ACGCAAATAAACCATC,F8E Y62F H179K W210K A299V T426Q,nan,nan,0,0
ACGCAACGAACGTTAC,H179N K461*,nan,nan,0,0
ACGCATTCACCAAACG,E76I,nan,nan,0,0
ACGCCACCAAAGATAT,N37S T412D,nan,nan,0,0
ACGCCTATGGCGTACA,F7M T81S T110Y W489M,nan,nan,0,0
ACGCCTGAAGCCGCAT,N178L A202R G260* G277S I345S,nan,nan,0,0
ACGCGAACGTATCTAG,Q165* I403D,nan,nan,0,0
ACGCGGCCGTCGTATA,D175N Y217T,nan,nan,0,0
ACGCGTTAACGCTCAA,A173D Q331G,nan,nan,0,0
ACGCTCTCATCACCAA,Y172N Q232K T438V,nan,nan,0,0
ACGGAAACACTATACA,G54I V65S A173D C310L V435S,nan,nan,0,0
ACGGACATCGGCTAAA,D311L A340T,nan,nan,0,0
ACGGACGTATAAGATA,M1F F309H,nan,nan,0,0
ACGGACTCTCAGCTCC,,nan,nan,0,0
ACGGATGGTCATCAAC,Y166S K352L,nan,nan,0,0
ACGGATTTTGACCATA,C279Y E421Y F446I,nan,nan,0,0
ACGGCAAAATAAGATA,E421A P427K K481L,nan,nan,0,0
ACGGCCATAGCAAATG,L336E,nan,nan,0,0
ACGGCCATTTTGATGG,T101H F440V,nan,nan,0,0
ACGGGACTACATCCAA,F7T,nan,nan,0,0
ACGGGATATCTCATAT,R193M E287Y,nan,nan,0,0
ACGGGATGTAAATCTG,E104P S121I L128Q L442Q L469F Y480F,nan,nan,0,0
ACGGGCATGTGACAGA,L415E H471Q,nan,nan,0,0
ACGGGCCTGAATAAAA,L51Q G102C W196D S269V L447P,nan,nan,0,0
ACGGGGAACAATTGGG,K126R M192L P486W,nan,nan,0,0
ACGGGTAAACTAAAAT,I286S I445K V459C,nan,nan,0,0
ACGGTATATCGCGTGC,Y166C E228L R248E,nan,nan,0,0
ACGGTTATACCGCCAC,E307S,nan,nan,0,0
ACGTAATCCGTCCTTG,L35H T215R M414C,nan,nan,0,0
ACGTATAAAAGTATGG,H13M S135P A184F K272M F399L,nan,nan,0,0
ACGTATAAATCAAGTC,L52* N146F K300*,nan,nan,0,0
ACGTCATAATGAATAG,I252F E396* L433W,nan,nan,0,0
ACGTCCAGAGCGCGTT,R257M S269I Y363*,nan,nan,0,0
ACGTCCGCATTACGGG,F318D T375A,nan,nan,0,0
ACGTCCGGCACAAAGT,A184E C364T R379H,nan,nan,0,0
ACGTCGAGATAACAAA,N338D L428P G484S,nan,nan,0,0
ACGTCTTCATGAAGAA,P145V G160L G277A H467R,nan,nan,0,0
ACGTGGGTTAAAGATC,Q3M,nan,nan,0,0
ACGTGTAAACTGGCCC,Y66L I452K C477Y,nan,nan,0,0
ACGTGTTGTGCAGCGA,L120E T375E V459C,nan,nan,0,0
ACGTTAACATAAGTAC,T6S D251V L315E R422S,nan,nan,0,0
ACGTTAATAACGAATC,H467N,nan,nan,0,0
ACGTTAGTACCAATAC,D311T P383F Y441T,nan,nan,0,0
ACGTTATATGGCCAAA,K125N Y172I L428G,nan,nan,0,0
ACGTTCTTAAGGCAGG,Q232T,nan,nan,0,0
ACTAAACAAATGATTC,,nan,nan,0,0
ACTAAACACCTATACA,I201* E307G P483I,nan,nan,0,0
ACTAAACTCGGTGTGG,G2D,nan,nan,0,0
ACTAAATGCGGCAAAC,Q218D,nan,nan,0,0
ACTAAATTCATGATCA,C41M I252C V450R,nan,nan,0,0
ACTAACCCAAGAGTTC,E287N I443E,nan,nan,0,0
ACTAAGAGGCGACGAA,L26I S138W I201*,nan,nan,0,0
ACTAAGAGTAAGCCAA,Y200* T426I I445F,nan,nan,0,0
ACTAAGCTTGGAACCA,,nan,nan,0,0
ACTAAGGTCGACAACA,N178R V435L I452W,nan,nan,0,0
ACTAATAAACTAACAA,Y129L D273G V459L,nan,nan,0,0
ACTAATCCACAATGCG,H131Y Y217L S400P,nan,nan,0,0
ACTAATGAACTTTCAA,L428N,nan,nan,0,0
ACTACACAATTAAACA,N89T H398Q,nan,nan,0,0
ACTACACGAACGATCT,C57R,nan,nan,0,0
ACTACATTAGACAAGC,D156T W196L K481E,nan,nan,0,0
ACTACCAAAAACATTT,I112F N390R C475W,nan,nan,0,0
ACTACCAGCACCCAAT,S85T S91* N185E M194G C212L V435G,nan,nan,0,0
ACTACCATAATAGTTT,L73E Q324L Y363S P383A,nan,nan,0,0
ACTACCATATAAATAT,H93N E329P,nan,nan,0,0
ACTACCGAATTAAAGG,F140R G206Y,nan,nan,0,0
ACTACCTGCACTCTCA,C231Y,nan,nan,0,0
ACTACGCACATTCTGT,V22P Y129V A297H C475L,nan,nan,0,0
ACTACGCTAAAAAACT,C212V N319R,nan,nan,0,0
ACTACTCCAATTGATC,V44P L220N K291R,nan,nan,0,0
ACTACTCCCTTTAGCA,F157Y I334M E418G P427*,nan,nan,0,0
ACTACTGACCATCAAA,M134D G208D P275T,nan,nan,0,0
ACTACTTGAATAATAG,L61W,nan,nan,0,0
ACTAGACGGTGGAATG,I239S,nan,nan,0,0
ACTAGCAATACAGAAC,T110M S163H W210R M214K A288V,nan,nan,0,0
ACTAGCCATCAGAACC,I21C H230S L355H P486L,nan,nan,0,0
ACTAGCTAACCTCTTT,G54V N295G P486H,nan,nan,0,0
ACTAGTGTCCCATCAT,S121* I201D A407H,nan,nan,0,0
ACTATAACACGTACTT,T6R L61A H92K,nan,nan,0,0
ACTATAATGTTATCCC,C57G K88N N158Y,nan,nan,0,0
ACTATATTGACACCAA,A173F K272L C475V,nan,nan,0,0
ACTATGATTTATATAA,Y94D T296V,nan,nan,0,0
ACTATTACGAACAAAT,,nan,nan,0,0
ACTATTGCTAAATATA,L258P A299S V435T,nan,nan,0,0
ACTATTTACAATACTT,Y253V G294C T454S,nan,nan,0,0
ACTCAAAGTTATAGAC,N158Y T375L D402V,nan,nan,0,0
ACTCAATTTTCGATTA,Q165H G240P L245Q L285V K352* H354Y L428A,nan,nan,0,0
ACTCACATTCTCAGAC,L26R D156F Y200F F233S L280D M351L,nan,nan,0,0
ACTCAGTACGATATAG,V65T V164R R256D D401R,nan,nan,0,0
ACTCATGGAATAAAAC,G45W E104T N365I G473R,nan,nan,0,0
ACTCATTTTATTTAGA,T59R G198N G478R W489S,nan,nan,0,0
ACTCCAACACAAAATA,L433K K490S,nan,nan,0,0
ACTCCAGTTGTCCAGC,F7V F316L P383L,nan,nan,0,0
ACTCCCCATATAGATT,S169N I286P P464L,nan,nan,0,0
ACTCCTCGAATTGCCA,H131L F316R,nan,nan,0,0
ACTCGACCTGAAAATG,S135P R491G,nan,nan,0,0
ACTCGGTCGTGATTCC,S234F,nan,nan,0,0
ACTCTACCATAAAAGC,C155*,nan,nan,0,0
ACTCTATGAACACCTT,N79Q Q324D,nan,nan,0,0
ACTCTGTTTGACAAGC,K125V,nan,nan,0,0
ACTCTTTAGTCAGGAT,L73V,nan,nan,0,0
ACTCTTTATGAACAAG,D311Y,nan,nan,0,0
ACTGAAAACTCCTTTC,Y66L L142Y,nan,nan,0,0
ACTGAAACATCATGCC,D317N,nan,nan,0,0
ACTGAAGACAGAGCCG,N20K F309W,nan,nan,0,0
ACTGAAGATTTTACAC,H170N D311S L336Q,nan,nan,0,0
ACTGAATCAGTGACAC,L71C N127S S267T L315M M332E N338S Y369A S462A,nan,nan,0,0
ACTGAATCATAAATCA,T48V G64H A152L I239S E289G,nan,nan,0,0
ACTGACATGCGAATAG,R468I,nan,nan,0,0
ACTGAGACCTAGTAAG,Y129P D273V,nan,nan,0,0
ACTGAGGCCCTAAAAG,E16F E67R V187I Q223L L372P G478S,nan,nan,0,0
ACTGAGTTAGACTAGA,R257Q D268I,nan,nan,0,0
ACTGATACACCCATGC,E404T L442P,nan,nan,0,0
ACTGATGTATCTGCTC,F233L T261L Y278* D347M,nan,nan,0,0
ACTGCAAAACCTCAAT,S381Y,nan,nan,0,0
ACTGCCCTGAGATTAT,I15S K33T D311N D347Y L382C,nan,nan,0,0
ACTGCCTGTTACGACG,T58Y N127S F140N F446N,nan,nan,0,0
ACTGCGACACACCTAC,C155L W227L E270S,nan,nan,0,0
ACTGCGAGGATGGAAT,L313F I337T,nan,nan,0,0
ACTGGAAATATCATAG,T296D,nan,nan,0,0
ACTGGACGTTACTTTA,D175N P464F,nan,nan,0,0
ACTGGTATATTATAAC,F140I,nan,nan,0,0
ACTGTCAATATGGACC,C57E R248T,nan,nan,0,0
ACTGTCTCACTATAAA,L35A M359R V435M,nan,nan,0,0
ACTGTGGGTCCCATCT,L26S D347T,nan,nan,0,0
ACTGTTGGCAATCCTG,T6C A177V D347W,nan,nan,0,0
ACTTAACTATTCGAAT,M1V H93R M153I I254S,nan,nan,0,0
ACTTAATCAAATTTAA,M194S L242R N353S S392V,nan,nan,0,0
ACTTATCAGAGAAAAC,S400I V431*,nan,nan,0,0
ACTTATCGGCTAGAAA,F49Y G260S V341M N470Y,nan,nan,0,0
ACTTCAATCGAACAAT,Y66* S205T M214E,nan,nan,0,0
ACTTCATATTCGGAGC,S163N C180F I411H,nan,nan,0,0
ACTTCATGCGCCCAAT,T6C N99T,nan,nan,0,0
ACTTCCAACATGGCAA,Y217V Y441L,nan,nan,0,0
ACTTGAACTTTTATAA,E72S S267M,nan,nan,0,0
ACTTGCACCATGAGTC,S154R W210R M284I I345D,nan,nan,0,0
ACTTGCTCACATCGCA,F49Q,nan,nan,0,0
ACTTTAAAGGTTAACA,P464Q,nan,nan,0,0
ACTTTAGTATGTGCTA,A25L S135N I213R,nan,nan,0,0
ACTTTATGAGCACGGA,M1V A25V K33F S169L C212L,nan,nan,0,0
ACTTTCAACCCAAAGT,D175K S216K I337G T426W L447E,nan,nan,0,0
ACTTTGTCGTGCAAGT,,nan,nan,0,0
ACTTTTGCTTAAATGA,A322P N395Y,nan,nan,0,0
AGAAAAACACGATCGC,S111Y S163G,nan,nan,0,0
AGAAAAACCCCCTGTT,K461D,nan,nan,0,0
AGAAAACAAGTGTGTT,A132G I411N,nan,nan,0,0
AGAAAACTAACCACGG,,nan,nan,0,0
AGAAAACTATATAAAC,G159V F434G,nan,nan,0,0
AGAAAAGATCATTCAA,A202F R207A I286*,nan,nan,0,0
AGAAACAAAAAAAATT,E100Y T249S,nan,nan,0,0
AGAAACCGAAGGATAC,K291P D408A,nan,nan,0,0
AGAAACCGATACGCTT,L46C E67Q H179T,nan,nan,0,0
AGAAACCTTAGAACTT,G277P D306L T438L,nan,nan,0,0
AGAAACTAAAAGAAGC,T58K C463Y,nan,nan,0,0
AGAAAGAAAACAAACT,M1I L52* W196*,nan,nan,0,0
AGAAAGACGAGTACTG,,nan,nan,0,0
AGAAAGCAACAGTATA,L107K M414S,nan,nan,0,0
AGAAAGGATGCAACAA,G98Y N338I,nan,nan,0,0
AGAAAGTAAGATATCA,V487Q,nan,nan,0,0
AGAAAGTTATCACCAA,T377L,nan,nan,0,0
AGAAATAAACGGAGGG,M96A E100W H354L,nan,nan,0,0
AGAAATACACAACCAT,M1S C118P N158K,nan,nan,0,0
AGAAATACTACAAAGG,T58R Y66K E104L L133R Q247* S476F,nan,nan,0,0
AGAAATCAATTGTTAC,P145E Y217S,nan,nan,0,0
AGAAATCGATAGCATC,M134D,nan,nan,0,0
AGAAATGCGTGATAAG,S234P,nan,nan,0,0
AGAACAAAAGGTAATA,Y62* Y66S,nan,nan,0,0
AGAACAAATAGTGACG,R256S,nan,nan,0,0
AGAACAGAACCACATG,Y36V T81Y R491C,nan,nan,0,0
AGAACCAATGACCCAC,D211V,nan,nan,0,0
AGAACCGCTACAGCAA,C231N,nan,nan,0,0
AGAACGAACCAAGTCC,C41Q N127T Y366K L442*,nan,nan,0,0
AGAACGTCATACATGT,G98L T263S I403S,nan,nan,0,0
AGAACTTCATTGCGGA,Y241H K304L,nan,nan,0,0
AGAACTTGAACTCGTG,K88Q T261I,nan,nan,0,0
AGAAGAATCACTCAAA,G98I S169L,nan,nan,0,0
AGAAGCAATATTCCCC,T40P G54V M82V E287N M332P,nan,nan,0,0
AGAAGGGAGTGCAAGA,K63E Q149Y Q423P,nan,nan,0,0
AGAAGTCGGCATAAAA,C53P S60E M75W L469G,nan,nan,0,0
AGAAGTGCGACACTAA,C118D,nan,nan,0,0
AGAATAAGGCCTCCAA,S56T N302C,nan,nan,0,0
AGAATAGATAACACAG,D156L L326P I452P,nan,nan,0,0
AGAATAGCATGCACTG,K161L S392R N409K L449R V487K,nan,nan,0,0
AGAATATTATAAGAGT,N178*,nan,nan,0,0
AGAATGCAGAACAAAA,K291W A330V E396L,nan,nan,0,0
AGAATTAGTGCGTTAT,L120S G294R,nan,nan,0,0
AGAATTTAAATAGTGG,M19I N390I,nan,nan,0,0
AGAATTTAAGTGGAGG,S60D W386R P486H,nan,nan,0,0
AGACAAAGTTGAGACA,,nan,nan,0,0
AGACAATACAACAAAT,D211N F309K V435Y,nan,nan,0,0
AGACAATGGAATGTTT,M75S S143R G197D,nan,nan,0,0
AGACACGAAGCGGCTA,I162* E289M,nan,nan,0,0
AGACACTATATCACTA,Y166L M194* L259S L449W,nan,nan,0,0
AGACAGAAACCCGAAT,L26F Q149T S267Y,nan,nan,0,0
AGACATAAGTGCAAAT,Y363I,nan,nan,0,0
AGACCCTACTGTGGAC,H115R Y219F,nan,nan,0,0
AGACGACTCCTCATCA,M96* T110R H398M,nan,nan,0,0
AGACGCCTAGGCTTTG,G271H A297I,nan,nan,0,0
AGACGGAGGAAAGAAC,N99C L120Q Q223G,nan,nan,0,0
AGACGTGGTCATTTAC,C53E L220S Q348G,nan,nan,0,0
AGACGTTCAGATCGTT,A176N,nan,nan,0,0
AGACGTTCGAAGCACA,L142I L433* F440Q,nan,nan,0,0
AGACTATTAAACAGGC,G98P L428D K488S,nan,nan,0,0
AGACTCATTACCATAT,,nan,nan,0,0
AGACTCCATCCCCGTA,R282E,nan,nan,0,0
AGACTTACTTAGAGAT,T182P,nan,nan,0,0
AGAGAATTTCCTGCAA,Q223C H398Y,nan,nan,0,0
AGAGACAAAATAAATA,V487N,nan,nan,0,0
AGAGACACAGAACACG,C155K C231V Q416*,nan,nan,0,0
AGAGACATTACTCAGC,,nan,nan,0,0
AGAGACCTGTAGCAAT,P275S,nan,nan,0,0
AGAGACTAAGTAAAAA,C53K W264Y G294T,nan,nan,0,0
AGAGAGACGTGTCCAA,C41V V97A,nan,nan,0,0
AGAGAGAGCTGGATGC,R456A,nan,nan,0,0
AGAGATAAATAAGAAC,S60K H374N S476T,nan,nan,0,0
AGAGCAATAAAGCCGA,Q149R N209Y R248P,nan,nan,0,0
AGAGCCACAGCCGAAA,L51I A173N M194* I350S,nan,nan,0,0
AGAGCGAGACACATAA,C155P Q335S D402N,nan,nan,0,0
AGAGCGATTAAAAACT,V65G I334F,nan,nan,0,0
AGAGCTCTGGACGTGC,K63W G98C F117V E287N I443*,nan,nan,0,0
AGAGCTGCAGGACGTA,E104W V164E L280P C463R,nan,nan,0,0
AGAGGAAGTTTGATGC,,nan,nan,0,0
AGAGGGCAGTCAAGAA,F49Y N89L,nan,nan,0,0
AGAGGGGGGATAAAGA,K33E,nan,nan,0,0
AGAGGTCTACACTACT,L23N C53* L78E N119L D156N,nan,nan,0,0
AGAGTCTGCTAACTTA,N20Q L258R,nan,nan,0,0
AGAGTTACAACGCGTA,Y393C,nan,nan,0,0
AGAGTTTAGAGGACTA,E104N,nan,nan,0,0
AGAGTTTAGGCAACCC,G174K,nan,nan,0,0
AGATAAATAACACAAA,L50R,nan,nan,0,0
AGATAACATCTGACCC,Y200Q Y219* Q232D,nan,nan,0,0
AGATAACTCTACATCC,K291P C364Y,nan,nan,0,0
AGATAGATCATTTACG,N90G,nan,nan,0,0
AGATATCTTTGAATCA,N90H D229G N295I K490L,nan,nan,0,0
AGATCAACCCTGATTG,E16F,nan,nan,0,0
AGATCAGCTTTCATTA,L120K I136F S169V L344* F440D,nan,nan,0,0
AGATCATTAAAGTGTG,,nan,nan,0,0
AGATCCCCAAAGACCC,G240R,nan,nan,0,0
AGATCCGGCGGCAATT,G42Q S111L N395C,nan,nan,0,0
AGATCCTCTAAATTAT,I112Y S205Y F262L N409*,nan,nan,0,0
AGATCTAGAAGAAGGT,C279N P453T,nan,nan,0,0
AGATGCGTTGCACTTT,V97* S205K,nan,nan,0,0
AGATGCTACATTTGTT,L52G N90K,nan,nan,0,0
AGATGTTAAAGAGAAA,F147A C301E E396* M410K H471V,nan,nan,0,0
AGATTAGATCGTGCGA,S400T L479P,nan,nan,0,0
AGATTCAGCACTTTTA,V47M L120M Y278I K451S,nan,nan,0,0
AGATTCATTACAACTG,L68S A152M N158C G240*,nan,nan,0,0
AGATTGACTAAATCTA,S138P S199F K291Q T376Q,nan,nan,0,0
AGATTGATAAGGGGGA,T87H N146L N158D N178S K272T,nan,nan,0,0
AGATTTAGGACATAAA,K33R E396K M472*,nan,nan,0,0
AGATTTATGCAGGTTC,G45L C212M T380H C385H,nan,nan,0,0
AGATTTGGTGACTAGG,T48W T438L Q482L,nan,nan,0,0
AGATTTTGAGCTTCCC,Y200* S476N,nan,nan,0,0
AGCAAAACTGTATAAA,S199E S255L,nan,nan,0,0
AGCAAAAGCGCTACCA,H467W,nan,nan,0,0
AGCAACAAAGCATACT,V31H I337Y E404A V450Q,nan,nan,0,0
AGCACAAAAATAGGAC,G34Y T87S D311R M332C,nan,nan,0,0
AGCACACATTAACCCA,C41T A177T L245R L315Y V388E G391N S392N A407P L428F,nan,nan,0,0
AGCACATAATAAGGTG,M19I G45E G186R A195R D211N M214I G240E D268N D306N E308K D317N M332I M351I D408N M410I E413K L415G D432N R468K W489* R491K,nan,nan,0,0
AGCACCACACATTCTA,A123V,nan,nan,0,0
AGCACTAAACGTAGAA,E10N,nan,nan,0,0
AGCACTGTCTACCAGG,E76M F434I,nan,nan,0,0
AGCAGAAGTAACCCAG,V44F T110Y I201L N209K K425N P486T,nan,nan,0,0
AGCAGACGCTACCCCA,D268C,nan,nan,0,0
AGCAGCAGTAATCATC,M19W,nan,nan,0,0
AGCAGGGACAAAGTTG,,nan,nan,0,0
AGCAGTTCTTCCCATC,Q3K V14M H93P F117L L245P K304S T412A,nan,nan,0,0
AGCATAAGTTTCTGTT,C57P Y172* P236T Q247C,nan,nan,0,0
AGCATACCTAAGTTAT,V459I G473C,nan,nan,0,0
AGCATACTTATTACGG,F434Y,nan,nan,0,0
AGCATATCAATTAAAC,W196T L245K F262I,nan,nan,0,0
AGCATGTAAAAAACGA,G2K N390G,nan,nan,0,0
AGCATTTGAACTCGTA,T110R C155R L326P,nan,nan,0,0
AGCATTTGGGACAATA,V28S T110G T263P,nan,nan,0,0
AGCCAAAAGATTTCAC,,nan,nan,0,0
AGCCAAAATCCCGAAG,P145E L336P W489R,nan,nan,0,0
AGCCACCAAAGAGAGG,H179L G424W,nan,nan,0,0
AGCCACTATCATCAAA,E10I C86*,nan,nan,0,0
AGCCACTGAAGGTTCC,S91R,nan,nan,0,0
AGCCATACCCTCCTGT,N109* A173T,nan,nan,0,0
AGCCCACTCCGTCATG,S163Y G197R,nan,nan,0,0
AGCCCATCAGTAATTT,H131R S255A D317V,nan,nan,0,0
AGCCCCAAGGTTAACC,R356K T426N,nan,nan,0,0
AGCCCTAGGAGTCAGC,N20K L428*,nan,nan,0,0
AGCCGTCGACGTTCTG,V5S G208L,nan,nan,0,0
AGCCTTCACAAGATCC,Q218V W264*,nan,nan,0,0
AGCGAAAAAAAAAAAG,S267K T274S A340R,nan,nan,0,0
AGCGAAAGACTAATTT,L26I Y129C D268N,nan,nan,0,0
AGCGAACGGACAAACC,E10C C53N N346Y,nan,nan,0,0
AGCGAATTACATTCCA,G34S S255P F316R V485M,nan,nan,0,0
AGCGAGGACTCCTTGC,W210P P466A,nan,nan,0,0
AGCGATAGGATTTTTC,,nan,nan,0,0
AGCGATTTCCAGACCC,T110C N119S S246Q L344R,nan,nan,0,0
AGCGCTGTAGACAAAC,Y166H A195F S199* I239F A322T,nan,nan,0,0
AGCGGAAGAAAAAGCT,V47S L78T L107Q M414W,nan,nan,0,0
AGCGTGAAGAAAGTCA,M414Q,nan,nan,0,0
AGCGTTATGAGGTTCA,A328S S389T L415S,nan,nan,0,0
AGCTAAAATTATCCGT,K126Q Y166Q H179P S389L K425N,nan,nan,0,0
AGCTAAATAAATATGA,I221F,nan,nan,0,0
AGCTAAGTGCTCAACA,C310R,nan,nan,0,0
AGCTACCTAAAGCGTA,L73C,nan,nan,0,0
AGCTAGAGATTGGAAC,V31Y H398W,nan,nan,0,0
AGCTATAGGGATCTAC,T59M E72F H170R E303P,nan,nan,0,0
AGCTATAGTCGATGTA,Y253M Y371S,nan,nan,0,0
AGCTCATTTTTGCAAA,K88M S216A R491F,nan,nan,0,0
AGCTCCCCAGGCAATT,M134K R456T,nan,nan,0,0
AGCTCTGGAAAATGAA,V18* Y393L,nan,nan,0,0
AGCTGAGAACTATTGA,C212H K327T,nan,nan,0,0
AGCTTCATAATACAAA,T110*,nan,nan,0,0
AGCTTCCCCCAACTAA,T106R G391Q M410L,nan,nan,0,0
AGGAAACCAAACCATT,K125T A288S P427V,nan,nan,0,0
AGGAAACGAACATTAT,A30V R379I,nan,nan,0,0
AGGAAATCTACGAAGA,Q149F H179*,nan,nan,0,0
AGGAACCTCCGTAAAA,,nan,nan,0,0
AGGAACGATAAGATTC,S56E L103P,nan,nan,0,0
AGGAACTCAACCTCCT,Q324A,nan,nan,0,0
AGGAAGGCAGCTGTCA,G198N,nan,nan,0,0
AGGAAGGTGCCCACCG,L73M G277K E329* S444N,nan,nan,0,0
AGGAATTGTTGAGTAC,L61S C180I,nan,nan,0,0
AGGACACTTTGAACCG,T40V V388Y Q405R,nan,nan,0,0
AGGACATACCGCCTTA,W489*,nan,nan,0,0
AGGACATGTACAATTG,N20F T139W R193W L242H R282H,nan,nan,0,0
AGGACGACCTAAACCA,A39C R248L,nan,nan,0,0
AGGACGTATTTTTCTC,T87I T281L,nan,nan,0,0
AGGACTTGGATAGGGA,A173K D306*,nan,nan,0,0
AGGAGATGCGCATTAC,T110L,nan,nan,0,0
AGGAGGACCAAATAGA,V31Y L52T S143D Q149L,nan,nan,0,0
AGGAGGTTCGGAGTGC,N319K I458S P466S,nan,nan,0,0
AGGATAATCGAGCTCA,L107* T438Y,nan,nan,0,0
AGGATACCTTCGAATA,L73K Y200S,nan,nan,0,0
AGGATCAATTATGCGG,A202C A328R,nan,nan,0,0
AGGATGATAAATAGTA,W370D,nan,nan,0,0
AGGATTAATAAAATCA,I252F T265P,nan,nan,0,0
AGGCACTAGATCGACG,E104N,nan,nan,0,0
AGGCATGGGCCATAAT,F157N A202T H374M K490Y,nan,nan,0,0
AGGCCAATGCTAAACC,C155K S199T,nan,nan,0,0
AGGCCCCCCTAAAAAG,M96I Y150S S237A Y253N D432C,nan,nan,0,0
AGGCCGACATTACAAC,G2N,nan,nan,0,0
AGGCGAATAGAAGAGA,V31G S444*,nan,nan,0,0
AGGCGACACAAAAGTG,Y94* W210M H457D,nan,nan,0,0
AGGCGCCCAAACGTTA,A173T,nan,nan,0,0
AGGCGCCCTCCCGGGT,L78I A176T,nan,nan,0,0
AGGCTATGAACGAGCG,A132H,nan,nan,0,0
AGGCTCTTGAACTCAA,V97F Q223C W227R I337S N346R,nan,nan,0,0
AGGCTGAAATCCCAAG,L51G T380A Q416A,nan,nan,0,0
AGGGAATCATACAAAG,I136L H179Y A202C,nan,nan,0,0
AGGGACTACGAAACAT,K327T V431* S462D,nan,nan,0,0
AGGGATTCATGGCCAT,C57V N148R,nan,nan,0,0
AGGGCCATAAAAATAA,,nan,nan,0,0
AGGGCGTCCATACGTA,M82H I213P G240R T274G N295V E329A R379V,nan,nan,0,0
AGGGCTTAATAAATAT,I112L G181L,nan,nan,0,0
AGGGGGGTCAAAGCAA,S199T L258D,nan,nan,0,0
AGGGTAACTCACAAAA,N99H Q149N F309S S462R,nan,nan,0,0
AGGGTACAACAGCAAA,V28S G34S G42V,nan,nan,0,0
AGGGTACATTTGGTAA,T397Y,nan,nan,0,0
AGGGTAGCAAATAGAA,C57L Q69F A123Q E308R Q482V,nan,nan,0,0
AGGGTCCCTGGGATTG,L336E K465S K488L,nan,nan,0,0
AGGGTCTGCAAATTCC,D311Y,nan,nan,0,0
AGGGTGACCAATCTGA,V22K T77L Y219* I403K,nan,nan,0,0
AGGTAAATGCCAATCA,N89T,nan,nan,0,0
AGGTAATGCCAGGAAC,I4F M332T,nan,nan,0,0
AGGTAGGGTGATGGCC,T40R,nan,nan,0,0
AGGTCAACGTTAAGGT,T101S,nan,nan,0,0
AGGTCAGGACACATGG,L29Q L479T,nan,nan,0,0
AGGTCAGTCGTACGAA,V28* N224D,nan,nan,0,0
AGGTCGCAAGAAATGA,V164S C231L Y393R,nan,nan,0,0
AGGTTCACTTGGTCAA,S367*,nan,nan,0,0
AGGTTCATTGGGAGAA,V65* Y200L A330M,nan,nan,0,0
AGTAAAAAAAATGACC,T110S N209F M214T,nan,nan,0,0
AGTAAAATATTTCGGA,V44C F140E I443M,nan,nan,0,0
AGTAAAATGGGCAGGA,W386R,nan,nan,0,0
AGTAAGAAAATCGCAT,F318G R356L,nan,nan,0,0
AGTAATACGATAGCCC,C155F F293V,nan,nan,0,0
AGTAATGTACGAAACT,L51P K125T I221N,nan,nan,0,0
AGTAATTGGTATATAA,K33Q E151F,nan,nan,0,0
AGTAATTTCAGTACTT,G2N,nan,nan,0,0
AGTACAAAGGATTTGA,Y172L N178I R207W C231T I239N,nan,nan,0,0
AGTACAAGAACTATGA,K33T Q482P,nan,nan,0,0
AGTACAGACCTAAAAG,E10V D401T,nan,nan,0,0
AGTACATATCTTAATG,F7K S143R,nan,nan,0,0
AGTACCAGTTACATTA,S143* I222F K320D,nan,nan,0,0
AGTACCCTAGAATGAT,A195K,nan,nan,0,0
AGTACTGTAGCGTACT,F147R S246R,nan,nan,0,0
AGTAGCCTTTCCCTTA,L50T H230D T261Q Y369Q,nan,nan,0,0
AGTAGCTATTCAGAAA,K88L W196R A343I S367C L372C K425L P483F,nan,nan,0,0
AGTAGTACTCTGCCTC,R282H,nan,nan,0,0
AGTAGTATTGTCCATG,Q149P Q405S H457N,nan,nan,0,0
AGTAGTCATCGGGAGG,S205L,nan,nan,0,0
AGTATACCAAGAGTAA,C53I H93M T190Y L285C I345L,nan,nan,0,0
AGTATACTCAATAATG,S154H E307K M312T Q321G,nan,nan,0,0
AGTATATAAAATAAAA,N109Q,nan,nan,0,0
AGTATATAGGAATCGC,P83H S169E D347F,nan,nan,0,0
AGTATATTGTTTATAG,F49V Y480L,nan,nan,0,0
AGTATCCTGTACTAGG,L107G F318S D432S,nan,nan,0,0
AGTATGAAAAGCGTAC,K33T P238H G294R Q416S,nan,nan,0,0
AGTATTCACATGGGAT,M19L I162*,nan,nan,0,0
AGTATTTCAGCTCAAA,S121L K272M I445S L447P P466N,nan,nan,0,0
AGTCACAAACTACTAC,S85Y T375S Q405K,nan,nan,0,0
AGTCACGGTTCAGCCT,,nan,nan,0,0
AGTCACTATAGATTCA,F233S,nan,nan,0,0
AGTCAGCGCGTTAAAT,T101G L107* I411D,nan,nan,0,0
AGTCATCTCAACAATT,Q69S,nan,nan,0,0
AGTCATTAGTGCAACC,A173L Y200* C212T T261M,nan,nan,0,0
AGTCATTTGAAAACTA,E17V H179I K384W,nan,nan,0,0
AGTCATTTTAACGCTA,,nan,nan,0,0
AGTCCAAGGTCATTAC,S205Y L242H D251Y L280F H457I,nan,nan,0,0
AGTCCCATGGACACGC,T48* Q218R F309L,nan,nan,0,0
AGTCCGAGGTCTAACC,S60Y Q482P,nan,nan,0,0
AGTCCTATGCAAAGTT,D130I N148P G159D T226L,nan,nan,0,0
AGTCGGTACAATAACA,I162* N167D,nan,nan,0,0
AGTCGTATAAGTTTAG,A173Q W227A D251I L258K M332C S476Y,nan,nan,0,0
AGTCGTTCAATCATGA,L78S,nan,nan,0,0
AGTCTACATGGATGGC,S171I Q247G E308H G391A,nan,nan,0,0
AGTCTGGTCCCTGATG,R55D S85T,nan,nan,0,0
AGTCTTCACTATGAAT,H170L G277D,nan,nan,0,0
AGTCTTGCACCTCTAT,Q3Y K88D H115V G198T E329A,nan,nan,0,0
AGTGAAAAAACAGTAA,I474*,nan,nan,0,0
AGTGAACTTATGACAC,N90R,nan,nan,0,0
AGTGAATGTGATTAAA,Y94R,nan,nan,0,0
AGTGATACTCCTGAAT,I21Y I254K,nan,nan,0,0
AGTGATTGTCTAACCC,I334F,nan,nan,0,0
AGTGCAAAATTCACAG,L73R L259K,nan,nan,0,0
AGTGCAGCTCCACCAA,,nan,nan,0,0
AGTGCCAAATGAGCAC,,nan,nan,0,0
AGTGCCTGGATCGCCA,I95S H115Y,nan,nan,0,0
AGTGCCTTAATACCTT,F38R T48M L280F F436C K488N,nan,nan,0,0
AGTGTTGATATACGAT,T106R V164L,nan,nan,0,0
AGTTAAAATACCTGTA,S60H A202G G260Y W264S,nan,nan,0,0
AGTTAACTTATATCCT,,nan,nan,0,0
AGTTAATGCCTATTAA,L344G D401V,nan,nan,0,0
AGTTACACGCTAATAA,W227* D311G,nan,nan,0,0
AGTTAGAAAACTCGCA,K490M,nan,nan,0,0
AGTTATAAAGGTCGTA,T87F T108L,nan,nan,0,0
AGTTATACCACAGGCC,T226L D306* F318P Y363P H448*,nan,nan,0,0
AGTTATAGACTGAAAA,F157*,nan,nan,0,0
AGTTATAGTTTTAAAC,L336G M472C,nan,nan,0,0
AGTTATCTATCGTCTT,F293N C301I,nan,nan,0,0
AGTTATGACATATTAA,C86K Y393K P464S,nan,nan,0,0
AGTTATTCGCCAGACA,V298M,nan,nan,0,0
AGTTATTTTCAACTCT,L46R,nan,nan,0,0
AGTTCACATTCGTTTC,D156F L259P G260M Q482F,nan,nan,0,0
AGTTCCAAGAGTGTCA,E303Y P362S,nan,nan,0,0
AGTTCCCAAAAGTATC,Y36I P275V P466S,nan,nan,0,0
AGTTCCTGTCGCCGCC,G34S D156H C180N T397I,nan,nan,0,0
AGTTCTCAGGCCGGGC,E396I,nan,nan,0,0
AGTTGAACATCCATAT,T101R E151N,nan,nan,0,0
AGTTGACCAGTAAAAA,S255* F316L Y369F,nan,nan,0,0
AGTTGGTGGCTATGCC,N167V I458Y,nan,nan,0,0
AGTTTACTTGTCTGGT,G206Y I334T S389L,nan,nan,0,0
AGTTTCAAAAGGCGCC,R207Y,nan,nan,0,0
AGTTTGCATTTCTACA,M19H M332H,nan,nan,0,0
AGTTTTATGAGCGAAG,E104F E404T L428R,nan,nan,0,0
ATAAAAAAAAGACATA,T58H Y217P C231S N338K W489R,nan,nan,0,0
ATAAAAAAGTTAACAG,G2Y N89T Y419N,nan,nan,0,0
ATAAAAACAGAAAAGT,C385R,nan,nan,0,0
ATAAAAACATACAACC,I15Y C53A A328P T376F,nan,nan,0,0
ATAAAAATTAATCACA,L428W,nan,nan,0,0
ATAAAACAAATACTGG,Q321D S389E,nan,nan,0,0
ATAAAACACGAGCCTA,L242S,nan,nan,0,0
ATAAAAGTACCAAAAT,M1L I15A D311V H457L,nan,nan,0,0
ATAAAAGTTATTCCAA,R207D N346F,nan,nan,0,0
ATAAAATAACCTATAA,A173* L258R G360Y,nan,nan,0,0
ATAAAATAATAGTATG,L52Q V164R N409I,nan,nan,0,0
ATAAACAAAATGGTCT,F140G G160C S171N G174K,nan,nan,0,0
ATAAACGAGTTACAGT,E228A K352* Y441V,nan,nan,0,0
ATAAACGCAATAATGA,N346V,nan,nan,0,0
ATAAACGCTCTATTAC,N302I,nan,nan,0,0
ATAAACTACATAAATC,I221L T375H C385F,nan,nan,0,0
ATAAACTGAGCCAATT,K465R,nan,nan,0,0
ATAAAGATTGATGCTA,F436R W489V,nan,nan,0,0
ATAAAGGTAAGTAAGA,A184L D273E,nan,nan,0,0
ATAAAGGTATTATCCA,A328N,nan,nan,0,0
ATAAAGTCTCTAGCAG,G64V,nan,nan,0,0
ATAAATATTTGAGACT,Q165S,nan,nan,0,0
ATAAATCGAGCTAACT,L285R R468H,nan,nan,0,0
ATAAATCGATATCCAA,Y172T T375L P427S,nan,nan,0,0
ATAAATCTGAAATTAC,H305T V341M S476P,nan,nan,0,0
ATAACACGGCCTATGT,F399R,nan,nan,0,0
ATAACAGTGTGTTCGG,M1* H230I,nan,nan,0,0
ATAACAGTTAGGAACG,K88T H131F,nan,nan,0,0
ATAACATACGAACTAT,C477E,nan,nan,0,0
ATAACATAGGTGGGCT,F309Y K488*,nan,nan,0,0
ATAACCAATAACACCC,Q3L S27P,nan,nan,0,0
ATAACCCTCTGGGTGA,D122Y Q416K,nan,nan,0,0
ATAACCGACATGGTTC,E10F N90R C279M,nan,nan,0,0
ATAACGAAATTGATGT,T377S P383V P466L,nan,nan,0,0
ATAACGACCAGCCGAT,N302A,nan,nan,0,0
ATAACGTGAATAAGTC,H179Y Q223L,nan,nan,0,0
ATAACGTTAGACCATA,T40L,nan,nan,0,0
ATAACTAAATTGATAA,T40D A328P,nan,nan,0,0
ATAAGACAATGAAAAA,T226N A299V D432K,nan,nan,0,0
ATAAGACACTCCATAC,,nan,nan,0,0
ATAAGACGGTGGTATA,S85N N319Y,nan,nan,0,0
ATAAGATTTATAGAAA,,nan,nan,0,0
ATAAGCCTTCATAAAT,V14M L258T,nan,nan,0,0
ATAAGCTATTAGATAT,L50H R55E T380N,nan,nan,0,0
ATAAGGCAGTACTAGG,C57L G64M N114D,nan,nan,0,0
ATAAGTAAAACTATGA,I137P,nan,nan,0,0
ATAAGTAGCGGAATGT,N295Y H305V L355M,nan,nan,0,0
ATAAGTAGGTTCCCAC,D130S L203G,nan,nan,0,0
ATAATAAAGTTAATAC,Y166N A328P F399T G484D,nan,nan,0,0
ATAATACAAACTAGAA,F38A K125R S138G C155* W210R,nan,nan,0,0
ATAATACGACTCGACA,K352G T426R,nan,nan,0,0
ATAATAGCTATGACCA,N302R C310F W370L,nan,nan,0,0
ATAATATGCAAGAAGC,E104Y I136S Q149G S163P I254E,nan,nan,0,0
ATAATCAATTAGTTGT,Y241S M414K,nan,nan,0,0
ATAATCATGGGAACTC,S60M L433M L479P,nan,nan,0,0
ATAATCGTGGAGAGAT,L71I,nan,nan,0,0
ATAATCTACTATCCGA,T101M Y150L S444R,nan,nan,0,0
ATAATGCAGTCTAGTT,C57S F157H,nan,nan,0,0
ATAATTAAACCGAGAT,E17R N390P,nan,nan,0,0
ATAATTACATCGGTAT,N390R,nan,nan,0,0
ATAATTACTTTCCCTT,E76S R193S D347N Q348H I445H,nan,nan,0,0
ATAATTATACCAACGT,S91G T376N K384N I452F,nan,nan,0,0
ATAATTCCCGAAACAA,G45Y L107S G181S I323V C385G V450S,nan,nan,0,0
ATAATTTTCTAACACG,Q223L W283C A343V K481R V487T,nan,nan,0,0
ATACAAAATGACAAAA,T281L,nan,nan,0,0
ATACAAATTAATTGAG,M19H T58H N127S P145H L168P,nan,nan,0,0
ATACACACGAGGACCA,L142D,nan,nan,0,0
ATACACAGAGCCGTAC,S85R N99L L103N F147L L242C N295H P486D,nan,nan,0,0
ATACACCAGTTATAAC,G34C A299T,nan,nan,0,0
ATACACTAAACAGAGA,C57G T108A N409E I458S,nan,nan,0,0
ATACACTCAATAGCGT,M1* E10M,nan,nan,0,0
ATACACTTTAGTATAT,G271D,nan,nan,0,0
ATACATACCCTACGTC,D204R,nan,nan,0,0
ATACATACGAATCTTA,G243E S333D K481I,nan,nan,0,0
ATACATTCATAAGTAT,M82G M96S A173V G260R,nan,nan,0,0
ATACCAAAAAGTGGGT,C118V V298E V388E D402L,nan,nan,0,0
ATACCAAGAATTCAAA,S171W,nan,nan,0,0
ATACCAATAGCATTAC,S462E C475G,nan,nan,0,0
ATACCAGAACAAATAA,F140K N178Q,nan,nan,0,0
ATACCATTAAATAAAG,N89T I254F K272P,nan,nan,0,0
ATACCCAAATATAGTC,I162E L242H P486L,nan,nan,0,0
ATACCTTGACATTTAA,N409W,nan,nan,0,0
ATACGAGTTGAATCAA,L68A R468V,nan,nan,0,0
ATACGCATCTACAGTC,S135C,nan,nan,0,0
ATACGGTAAAAGTTCA,T81G N158S S269* F399* N409R,nan,nan,0,0
ATACGGTACGTATAAG,P275N L285V H305N,nan,nan,0,0
ATACGTTACGTAATTA,S171I R356T E418*,nan,nan,0,0
ATACGTTTATACATAA,H179* A328P,nan,nan,0,0
ATACTAAAGCAAACAA,I113Q N224S C310S D347T,nan,nan,0,0
ATACTAAAGGATGACA,,nan,nan,0,0
ATACTACAGTAAATCA,G277S,nan,nan,0,0
ATACTACTAGCCAAAT,K33N D156V G197V L349S,nan,nan,0,0
ATACTACTCCATTCCC,A177D C212D N319P L394M,nan,nan,0,0
ATACTAGACAATAGGT,G181K I403R,nan,nan,0,0
ATACTATATTGAAAGA,V47R G102F G181Q T375G,nan,nan,0,0
ATACTCGATAAGCTTA,,nan,nan,0,0
ATACTGAAAAGCTTGT,H13K V47I I403D V485M,nan,nan,0,0
ATACTGAGCCTGAATC,,nan,nan,0,0
ATACTGCTATAAGCAT,E76L G473V,nan,nan,0,0
ATACTGGAGTACGACC,L387G,nan,nan,0,0
ATACTGTATAAATTTC,C310* K461L,nan,nan,0,0
ATACTTATAAGCTTCT,T58E A173*,nan,nan,0,0
ATACTTGGCATAATGC,C53Y Y150* G208* F309R,nan,nan,0,0
ATAGAAAAATACGCTG,T101H Y150W,nan,nan,0,0
ATAGAAAATCAACCGC,L61F S169N M359A,nan,nan,0,0
ATAGAAACTATATAAA,R235C L280C S400P,nan,nan,0,0
ATAGACCACCGAACCG,N178F G186- V187- L188- Q189- T190- F191- S267G,nan,nan,0,0
ATAGACGTTAAAGAAG,S437R,nan,nan,0,0
ATAGAGCTATTATGCA,,nan,nan,0,0
ATAGAGTGACCAAAGT,M19V C41Y S400I,nan,nan,0,0
ATAGATAAACGATCGC,G54R K384I D432L K481G,nan,nan,0,0
ATAGATTGGTGCCACG,I144L N365P,nan,nan,0,0
ATAGCAGAAACATGTA,L52C L84D Y217P,nan,nan,0,0
ATAGCCAGCCACTCAT,L35Y Q165R C180L,nan,nan,0,0
ATAGCGATGGTCATAG,M192* T296S I334A,nan,nan,0,0
ATAGCTCCTCGACAAA,S60W G102S D175K H179W H230V I474L,nan,nan,0,0
ATAGGACACACGAACA,W370G G460S,nan,nan,0,0
ATAGGCCATGCGTTAC,W196K,nan,nan,0,0
ATAGGGCACTGCCTCG,Y62* L280I,nan,nan,0,0
ATAGGTTCGCGAAACT,G198L I334N Y366T,nan,nan,0,0
ATAGTAAACCACCATG,N89L I112R Q405F,nan,nan,0,0
ATAGTAATTGGTTCGA,Y253S I337T C385L,nan,nan,0,0
ATAGTCTGCGGTCCTC,I21C S237D D251S G277W Y441L,nan,nan,0,0
ATAGTGGACACGCGCA,L43V C57W E100* T375K L442E,nan,nan,0,0
ATATAAACGAGATCCT,S56W N90L L415G,nan,nan,0,0
ATATAACAAATACACC,T296P,nan,nan,0,0
ATATAACCAACTTTAA,Y371L D432A,nan,nan,0,0
ATATAACCTAAGATTC,E228L R256H P464S,nan,nan,0,0
ATATAACCTCAAGTTA,F262K L382F K461F H467S,nan,nan,0,0
ATATAATTAAAGAATC,K461A,nan,nan,0,0
ATATAATTTATATATT,G54C T377D P464V,nan,nan,0,0
ATATACTTATCACACA,H305*,nan,nan,0,0
ATATAGAAGGGGAATG,,nan,nan,0,0
ATATAGGTTAGAGTTC,C301S D357E T380F L394Y,nan,nan,0,0
ATATATCCGTTTCAAA,,nan,nan,0,0
ATATATGATATCATAT,A25D I222N,nan,nan,0,0
ATATCACGTACTCATT,Q3T K352*,nan,nan,0,0
ATATCAGCCAGAAAGA,M19* D317L,nan,nan,0,0
ATATCCGGTCAAAAGA,V44L W386P,nan,nan,0,0
ATATCGCGACGCATTT,G98L F117S R256L M284* T376K E421K,nan,nan,0,0
ATATCTGTCCTCACTA,S154R N158S,nan,nan,0,0
ATATGAACTCGAATCG,,nan,nan,0,0
ATATGAGCAAATACCG,G271V L469F,nan,nan,0,0
ATATGATGTAGAAACG,C385S F440L,nan,nan,0,0
ATATGCCAAGAAATTA,E104R S135K K481N,nan,nan,0,0
ATATGCGTCGCTCTCG,D273L P466W,nan,nan,0,0
ATATGCGTGATTCGTG,Y129N A297P H374R,nan,nan,0,0
ATATGGGCAAAGTCGC,T40R H93V G271E,nan,nan,0,0
ATATTAAAGAGATAGT,N20V S91* Y441I,nan,nan,0,0
ATATTAAAGTCTGCGT,,nan,nan,0,0
ATATTAACTCCTAGCA,I21C C53W H179S V298R Y480*,nan,nan,0,0
ATATTAGACTATGTTC,W227Y,nan,nan,0,0
ATATTATATAAATTGA,D432L,nan,nan,0,0
ATATTCACGACAGACA,E287Y T377N,nan,nan,0,0
ATATTCCATGTTATTC,R235L V450N,nan,nan,0,0
ATATTCCATTACAAGA,L35T N90S I201Y,nan,nan,0,0
ATATTCTAAGGAAGCT,G102S D130L I137L P236R Q405S,nan,nan,0,0
ATATTCTTCTGTGAGA,M1* E228R,nan,nan,0,0
ATATTGACCGGGTAAA,I254Y I445N R456G P466L,nan,nan,0,0
ATATTGACTTAAGGTG,G102Y T139M G208R,nan,nan,0,0
ATATTGCACACCTGAT,L32Q E404L,nan,nan,0,0
ATATTGCATCGGACCC,I443Q C475F P486S,nan,nan,0,0
ATATTGCCTAGAACGC,L105V,nan,nan,0,0
ATATTGTAAAACCTAA,V97*,nan,nan,0,0
ATATTGTGTGTAAACA,H354T C463M,nan,nan,0,0
ATATTTCATAATGACA,G2V,nan,nan,0,0
ATATTTGAAATAAAGG,K291L T375Y D401L,nan,nan,0,0
ATATTTGGATTGGCCA,S169Q I443R,nan,nan,0,0
ATATTTGTAACAGTCA,T226G T261V V485S,nan,nan,0,0
ATCAAAACACGGACTA,T412C,nan,nan,0,0
ATCAACAGACCAACCC,V47M A288W E396F T426S,nan,nan,0,0
ATCAACAGACTCATTA,I361M,nan,nan,0,0
ATCAACGAAGAACCCT,M75K I113T N158K,nan,nan,0,0
ATCAAGAAATTCTATG,S267Q,nan,nan,0,0
ATCAAGCATCTTCTGT,S91L,nan,nan,0,0
ATCAATACGTATAAAC,V28G,nan,nan,0,0
ATCAATACTCATCCAA,S91N Y393E,nan,nan,0,0
ATCAATAGGGTACCTT,G197M S437Q,nan,nan,0,0
ATCAATCTTGCACTCC,Y366D,nan,nan,0,0
ATCACAGGAATCTTAC,A132N L168P,nan,nan,0,0
ATCACATAGCTTGAAA,T110R W196N H457N,nan,nan,0,0
ATCACATCATATCCTA,V14H I144R N224T,nan,nan,0,0
ATCACCCGTCCTCTCG,Y363V,nan,nan,0,0
ATCACCTAAAAGAAAA,M82A K161F D175A,nan,nan,0,0
ATCACTACGAGAACAC,W489M,nan,nan,0,0
ATCACTATCTATGACA,M134T C155D A173Q,nan,nan,0,0
ATCAGAATCAAGTAGT,I162R S199E W264E,nan,nan,0,0
ATCAGCAATATTCGGT,I4L P464E,nan,nan,0,0
ATCATAACAACAAGAG,S85L T426R,nan,nan,0,0
ATCATAACAGAAAAAC,Q3Y K425M,nan,nan,0,0
ATCATACCTACGGGAC,E308N K339E,nan,nan,0,0
ATCATAGCTAATTTAC,H230Y R325* H467A,nan,nan,0,0
ATCATGACAATCAACT,E418K,nan,nan,0,0
ATCATGCAGTTCGGAA,M153V I323H I334N,nan,nan,0,0
ATCATGCATGAGATAC,M19R S476G,nan,nan,0,0
ATCATTAAAATAAGCA,F8R I162* I201L,nan,nan,0,0
ATCATTGACGAATCGC,E16K E76R G484S,nan,nan,0,0
ATCATTTTCTCATATG,A202C,nan,nan,0,0
ATCCAAAAACAATGAA,A184S,nan,nan,0,0
ATCCAAAACTGGAACA,M1* V31Q G260L K481P,nan,nan,0,0
ATCCAATAGCGCTCTA,I137L I252W P466S,nan,nan,0,0
ATCCAATTTTAGCCGT,F7I M153K V183A S400G G429L,nan,nan,0,0
ATCCACATATGACACG,Y278*,nan,nan,0,0
ATCCACATTCTAATAA,N209K R256H W264N Y371K,nan,nan,0,0
ATCCACCAGAATCCCG,S121R L242H Q247L V487Y,nan,nan,0,0
ATCCAGATCCAACGAC,L51W G197S M214K,nan,nan,0,0
ATCCATATGTTAATTG,E270T,nan,nan,0,0
ATCCCAAGGAACAACG,T87R L103G I411V,nan,nan,0,0
ATCCCAGTCAACCACT,S199L V388R,nan,nan,0,0
ATCCCCCATGTCAGCC,S56N G197K G484S,nan,nan,0,0
ATCCCCCTCACTAGTT,L52R A177P L449T,nan,nan,0,0
ATCCCGTAGGCAATCA,G2N A173K,nan,nan,0,0
ATCCCGTTACGAGTTA,T77P W264L F318H L449K,nan,nan,0,0
ATCCGAATTTAAAGTT,G2* F399L,nan,nan,0,0
ATCCGACCCGTGATGC,L52R V183D N365W G378E,nan,nan,0,0
ATCCGAGAAATAGGCC,C212F K272I I337S T426*,nan,nan,0,0
ATCCGAGTTGCTTACA,T249G T412Y,nan,nan,0,0
ATCCGCATACAAAACG,N109T S135T A297D A343K,nan,nan,0,0
ATCCGCCAATCGGATA,C212M H230F F446T,nan,nan,0,0
ATCCGGTTACAATTGG,N167G S216R I337H,nan,nan,0,0
ATCCTTAAAAAAAAGA,Q335P,nan,nan,0,0
ATCCTTCGAAACACGT,C155A R248F H471F,nan,nan,0,0
ATCGAAAGCCACATTA,Q69N A297I I358L,nan,nan,0,0
ATCGAAGCATCTATAT,D229L P483K,nan,nan,0,0
ATCGACAATATGTGTC,V5F H93G M214V L244*,nan,nan,0,0
ATCGATATATTTTTAG,N395M K465W,nan,nan,0,0
ATCGATGCTGATAATA,S121I I252H G271K H354M E413A,nan,nan,0,0
ATCGCAATGCAGCCAG,G160D L245R H457L,nan,nan,0,0
ATCGCATGACATTATG,C41R L71I L142Y D273I V435C,nan,nan,0,0
ATCGCGAGCCAAACTC,L52V Y66R S199W,nan,nan,0,0
ATCGCGATCATGAACA,M284R A343Q,nan,nan,0,0
ATCGCTGGTATTTAAG,H92L P275R A322N Q482T,nan,nan,0,0
ATCGGAAAAAAAAAAC,R193C D306M,nan,nan,0,0
ATCGGAACATGAGATC,F147W I201D,nan,nan,0,0
ATCGGTCTAAAAAAAA,A407L,nan,nan,0,0
ATCGGTGCTGCTCAAG,H230S I254R Q348H,nan,nan,0,0
ATCGTGTGCTACCCTC,L26Y C475E,nan,nan,0,0
ATCGTTGCTTGTGGGG,F8A,nan,nan,0,0
ATCTAAAACCTAAAGA,L103A T249P D432V,nan,nan,0,0
ATCTAACCTTGTATAT,Y217G Y371D,nan,nan,0,0
ATCTAAGAAACACTCT,Y36E G64C A407N,nan,nan,0,0
ATCTAGATGATGAGAC,F38R H374R P383F,nan,nan,0,0
ATCTAGCCTGAATACG,H457P M472D L479A,nan,nan,0,0
ATCTAGGGATACCCGT,D156A I286* I361L L469Y,nan,nan,0,0
ATCTATAAGGAGCTCA,R207L,nan,nan,0,0
ATCTATACTACAGTGG,T215R,nan,nan,0,0
ATCTATCGGATTTGAA,L78S C155* Y219H,nan,nan,0,0
ATCTATCTAAATTATG,Y371S K425*,nan,nan,0,0
ATCTATGTCAAATAAC,I254S V431* Y441W,nan,nan,0,0
ATCTATTCAATTATTT,E404T L428R,nan,nan,0,0
ATCTCAAACAACAAAT,L382N,nan,nan,0,0
ATCTCAAGAACAAGAT,Y62P H141L N346T C364S S389*,nan,nan,0,0
ATCTCAATAAACGCCT,L103R D204I A299Y,nan,nan,0,0
ATCTCGTATTGGACGC,F7V G64* C155D W489E,nan,nan,0,0
ATCTCTAGATAAACGG,Q3M G186R L285R,nan,nan,0,0
ATCTGCTGGCAAGATG,G2Q M82* E151T,nan,nan,0,0
ATCTGGGAAAAAAAAC,,nan,nan,0,0
ATCTGGTAATACGAAG,D156N A176T S199N L285Q I337L M420K,nan,nan,0,0
ATCTGTTCTGGTATGA,E100L,nan,nan,0,0
ATCTTAGATAACCAAT,T215K,nan,nan,0,0
ATCTTATTTACTGGAT,C57L P453N,nan,nan,0,0
ATCTTCGAAAAGCTAA,N167W F293R N470G P483R,nan,nan,0,0
ATCTTGGCCAGAATAT,G160W R207G R248F L259R K291A L394H P486L,nan,nan,0,0
ATCTTTGACACAGTGT,I345G,nan,nan,0,0
ATGAAAAAATAACTTA,G45K S333C,nan,nan,0,0
ATGAAAAACGGCAATA,L133K Y253Q,nan,nan,0,0
ATGAAAACAGGAGGAC,,nan,nan,0,0
ATGAAAACTAAAGACT,T412*,nan,nan,0,0
ATGAAATACTGATGGT,T6F,nan,nan,0,0
ATGAAATATCCACACC,D130* I361V I443N,nan,nan,0,0
ATGAACAACAGCTCAC,,nan,nan,0,0
ATGAACTATATTTATG,L52M S171M E287F Q335E,nan,nan,0,0
ATGAACTTTGTAAACT,C155S V341L R456L,nan,nan,0,0
ATGAAGAATGAGCCTG,,nan,nan,0,0
ATGAAGATAGTTAAGT,Y150* I162L L168T,nan,nan,0,0
ATGAAGCAGAGAGTCA,,nan,nan,0,0
ATGAATCAAGCACCGA,L23P M82* S199Y,nan,nan,0,0
ATGAATCAATTGGTAC,G160S T182R S400P T438*,nan,nan,0,0
ATGAATGCAGTTCCAA,G198T E303L H374R N409S,nan,nan,0,0
ATGAATTATCAATTCT,Y94F M214E Q223S S234A,nan,nan,0,0
ATGACCAAACCGCCGA,S199C E329K I345N N353T G391D Q405M,nan,nan,0,0
ATGACCAATTCTCCAA,E76K G174W R256G,nan,nan,0,0
ATGACCATCTGTACGC,C57Y,nan,nan,0,0
ATGACGTCCATAACCC,E76L L394V G473D V487M,nan,nan,0,0
ATGACTGAGAACTTAA,L258* K417V,nan,nan,0,0
ATGACTTACTACTGGA,I21E G181P R250Q A299K,nan,nan,0,0
ATGAGACTAGTAAAAA,K63I S163V K339M R422F G424S,nan,nan,0,0
ATGAGCAAACAACCCC,N185L G360P,nan,nan,0,0
ATGAGGCGCGCCCATC,Y200N W227K K272I,nan,nan,0,0
ATGAGGGAGAAAACTC,,nan,nan,0,0
ATGAGTATAGAACGTA,R55C S163I G271S V450P,nan,nan,0,0
ATGAGTTATACGCGCG,L61T D317Y F434I K488F,nan,nan,0,0
ATGATAAAATAGTAGA,L103N R422K,nan,nan,0,0
ATGATAAATAATTACC,Y62S V435L,nan,nan,0,0
ATGATAAGACCAAGTT,D175E M312F,nan,nan,0,0
ATGATAATATGAGAGG,I21* V298C,nan,nan,0,0
ATGATAGATAAAATGT,E16V Q149M S437L,nan,nan,0,0
ATGATATCCGAATATC,G45V L50R H179K H230R L442F,nan,nan,0,0
ATGATCAAAAAAAAAC,E17L,nan,nan,0,0
ATGATCAGAAATCCAG,L32V T48I H179C L387D,nan,nan,0,0
ATGATGACGAACAGGG,E289V N295Q,nan,nan,0,0
ATGATGGGATGTGCGC,G98L G197C T274S V341F,nan,nan,0,0
ATGATGGTTCGTTGGT,V11S D156S L372R,nan,nan,0,0
ATGATTGTTAACTGGT,M19R E72* G174V M410L,nan,nan,0,0
ATGCAAAGTAAAAGTA,I4V N353S C364I,nan,nan,0,0
ATGCAAAGTAGTCACC,V18K S143K N148R G206A L479V,nan,nan,0,0
ATGCAAATCCCTAGAC,T101V M312H L382V,nan,nan,0,0
ATGCAACGGCAGATCT,K88R R257L,nan,nan,0,0
ATGCAAGAATTATAAG,M192E,nan,nan,0,0
ATGCAAGTATGAACAA,F117Q G181L S381L,nan,nan,0,0
ATGCACGACGGACTGG,L32N L51P Q232M,nan,nan,0,0
ATGCACTCGACACCAA,L168D,nan,nan,0,0
ATGCATCTAGGCAAGA,R55K,nan,nan,0,0
ATGCATGAGGAGAGTA,T190E G243V S267L N295P K300C,nan,nan,0,0
ATGCATTTTTAGGAGT,I15* F191E,nan,nan,0,0
ATGCCACCATGAACTG,,nan,nan,0,0
ATGCCAGCTCCATGTC,G198T I254* G271L M284I S444G,nan,nan,0,0
ATGCCCTGAACGCGAG,C86Y Q232L,nan,nan,0,0
ATGCCTTGGTCTATCC,S234M G473N,nan,nan,0,0
ATGCGCGAGCGATTCT,E67T,nan,nan,0,0
ATGCGCTGAGCCTGTG,G34N T110L S169D I334L,nan,nan,0,0
ATGCGTGCATTATATC,S163F H467M,nan,nan,0,0
ATGCTAGATGACAACT,V28T C477A,nan,nan,0,0
ATGCTCCGGGTAGATG,E76Q I144Q F399A S476K,nan,nan,0,0
ATGGAAAGGTAAGTGT,L344E,nan,nan,0,0
ATGGAAATACCATGAG,E17M D156G I162N,nan,nan,0,0
ATGGAGCAAGCGACTT,A195V,nan,nan,0,0
ATGGAGGCGGAACTCG,D130P Q405V,nan,nan,0,0
ATGGATATTCTTGCTC,S237G D268F L285P,nan,nan,0,0
ATGGATCGAAAAAATA,T58Q D229H Q247K G378V,nan,nan,0,0
ATGGCACCGCCCGGGT,N20I K63R G64F A173*,nan,nan,0,0
ATGGCCAACAACCCCA,Q232F F316L C385L,nan,nan,0,0
ATGGGAGGTGTTTAAC,L73F,nan,nan,0,0
ATGGGATAAATCTGAG,Q232Y R282G V487A,nan,nan,0,0
ATGGGCATCAACCAGT,,nan,nan,0,0
ATGGGGTATTTGAAAG,S60Y Y66E G98F,nan,nan,0,0
ATGGTACAGCTTTTCT,M75G C155Y N224M D251A Q348S T380M S389M,nan,nan,0,0
ATGGTCACAAGTAAAA,R257T K327W W386V,nan,nan,0,0
ATGGTGCGACTTTTCA,L71Q G186L,nan,nan,0,0
ATGGTTCAAGCTTGTA,E67P L84W N409F,nan,nan,0,0
ATGTAAAAAGTCCTTG,M75E L285R C475P W489A,nan,nan,0,0
ATGTAAACCCCAGTAT,A25V I95F,nan,nan,0,0
ATGTAACAATTGCCCC,S216T E396K,nan,nan,0,0
ATGTAAGTCACATGAA,C155L L168S Q321L,nan,nan,0,0
ATGTACGGATAAGCAC,S91M Y129Q Y217N,nan,nan,0,0
ATGTACGGCAGAAATC,E104R A173T G276D,nan,nan,0,0
ATGTACTTATGGCAGA,I254R E307S,nan,nan,0,0
ATGTAGCAACCAAGAA,,nan,nan,0,0
ATGTAGTTCAATCAGC,M134R K161E Y219V F293P,nan,nan,0,0
ATGTATTCTCCTAGAA,K116Y K272R E307G Y371L,nan,nan,0,0
ATGTCAAGATGGTACG,H131E L242S E303L N338K,nan,nan,0,0
ATGTCACCTAATACAT,M82V T263R P427* Y480D,nan,nan,0,0
ATGTCATGTCAACATA,A30S,nan,nan,0,0
ATGTCCAACAGGGAAA,C86Y E100R,nan,nan,0,0
ATGTCCCAAACATGTC,A184D I201* D401Y,nan,nan,0,0
ATGTCGTAGTCAAGTC,G54C T296F V341Q,nan,nan,0,0
ATGTGCACTAATTAAC,Q3T Y94F G186N K272* Y480V,nan,nan,0,0
ATGTGCGTTCCTGAGG,,nan,nan,0,0
ATGTGTATTTGCTTCA,L315C N390S S400G H467R,nan,nan,0,0
ATGTTAAGGCCACCAT,R55S G260A G277T,nan,nan,0,0
ATGTTAGATTCGTTCT,I15A S85M L188*,nan,nan,0,0
ATGTTATGCGTGATAT,S85D L315S G378F S389V,nan,nan,0,0
ATTAAAAAAAAGAATA,I144Q,nan,nan,0,0
ATTAAACTAAACAAGC,L73M S400M G424D,nan,nan,0,0
ATTAACATGACCATGC,S216I,nan,nan,0,0
ATTAACCAGAAATCGC,I4C S154K N185M,nan,nan,0,0
ATTAACGGATGCTATA,V341M T377I L447S P464G,nan,nan,0,0
ATTAACGTGACGCGCC,V28A M359L,nan,nan,0,0
ATTAAGATGACAAGTG,N158F W196* G424S,nan,nan,0,0
ATTAAGATTTAATTTT,G198R R207M D251F,nan,nan,0,0
ATTAAGATTTCAACTG,N119S P145N I323L S400H,nan,nan,0,0
ATTAAGCCGAGCGCAA,L78Q P236F,nan,nan,0,0
ATTAAGCTCAGTAATC,I4N F157L D268*,nan,nan,0,0
ATTAAGTTACGAGTAT,E10K N89F,nan,nan,0,0
ATTAATAATCTATGTC,T58R R193* G198F H305Y,nan,nan,0,0
ATTAATCACCTAAAGA,L46* R356A,nan,nan,0,0
ATTAATCTCATATTGA,T48Q S199F C212S C463R,nan,nan,0,0
ATTAATTTATGAAGTA,C310R N409K P427R N470Y,nan,nan,0,0
ATTACAATAAGGGACC,S111Q S154H Y217W S367T,nan,nan,0,0
ATTACGAAACCCTAAC,P12F M414Y,nan,nan,0,0
ATTACGGTGACACAAT,Y62T S199F T226N,nan,nan,0,0
ATTACTAAATCAAAAA,,nan,nan,0,0
ATTACTCTGTCTTTAG,,nan,nan,0,0
ATTAGAAGTACCGAAT,V18R F293L D317H,nan,nan,0,0
ATTAGGGAGAATAATA,L103N F147R K320M,nan,nan,0,0
ATTAGGTCTAATACGC,L430T L449R,nan,nan,0,0
ATTAGTCTTAGGAACC,L71I F293V,nan,nan,0,0
ATTATACGCGGATGCT,L313E,nan,nan,0,0
ATTATAGGTCTAATTT,N109K S333L E396S I443C,nan,nan,0,0
ATTATCGTGTATTTAC,A25K D130N D175R K300P,nan,nan,0,0
ATTATCTGAGCCGCCA,M192W,nan,nan,0,0
ATTATGCCAAACATAA,C475Q,nan,nan,0,0
ATTATGGATCAAACGA,L52W V183I E287N P466Q,nan,nan,0,0
ATTATTGTACCCTTAC,V187L Y253G L349A,nan,nan,0,0
ATTCAACGACTCCAGG,C155* K461M,nan,nan,0,0
ATTCACAATGTATTTG,G2P G45L G208K T261N D432L,nan,nan,0,0
ATTCACCGTATTATAG,Y419E,nan,nan,0,0
ATTCATAGTGATTACT,S85L Y217L M359T H467S,nan,nan,0,0
ATTCCAGAAACGACGA,C53M K116F A288E E421S,nan,nan,0,0
ATTCCAGGCACTTTCA,I24T L78K L220G T225V C279K,nan,nan,0,0
ATTCCATGCCATACAG,E287S Q348* H398I,nan,nan,0,0
ATTCCCACGAAGCGAA,M1E Y94I S135L T274R L285S L382R C475K,nan,nan,0,0
ATTCCCATATATATGG,,nan,nan,0,0
ATTCCCTGACAACATA,L46R F157I A195T,nan,nan,0,0
ATTCCTCATGCCCTCA,E104Y I136S Q149G S163P I254E,nan,nan,0,0
ATTCCTGTATACCCAC,G271F S476*,nan,nan,0,0
ATTCCTTAATGCCAAA,L442D G478E,nan,nan,0,0
ATTCGCCATTAAACCC,V97R M134G N158H F436K,nan,nan,0,0
ATTCGCGTAAAATTGT,C212M C231A G277C K481L,nan,nan,0,0
ATTCGGCACACTCCTT,L220E,nan,nan,0,0
ATTCTAAGAACTAATG,T48S H115D K272T,nan,nan,0,0
ATTCTAGTTGTGAAAA,C41Y L382F,nan,nan,0,0
ATTCTCTGACCAACAA,I252D F309E,nan,nan,0,0
ATTCTGGAAAGATAGA,F157*,nan,nan,0,0
ATTGAAAATATATCTT,N409R,nan,nan,0,0
ATTGAAAATTGTCCGG,D211N I350F,nan,nan,0,0
ATTGAAACAGCCTGCA,F309A N353P,nan,nan,0,0
ATTGAATTGACTCGAT,H179L S199K I213F M332Y K465S,nan,nan,0,0
ATTGACAAACAGCATA,T87R T438N,nan,nan,0,0
ATTGACTTTATGGAGT,L68Y,nan,nan,0,0
ATTGATAAACATCAAG,V5D L103M Q247L,nan,nan,0,0
ATTGATCTGCCATCCG,T182H Q232W L442W,nan,nan,0,0
ATTGATGTAATGAACC,C301L K327V R491F,nan,nan,0,0
ATTGATTGCTGTCCTG,I337Q,nan,nan,0,0
ATTGCACGAGGGTTGG,N365P K490S,nan,nan,0,0
ATTGCATTAATTATAG,K88N Y129Q T454*,nan,nan,0,0
ATTGCCAGAAGAACCT,G206D I239H,nan,nan,0,0
ATTGCGCTGGGAGATG,,nan,nan,0,0
ATTGCTATTATTAAGA,S171H E270* D402N,nan,nan,0,0
ATTGCTGACATACGTT,I15T M82K,nan,nan,0,0
ATTGGAAGAATGGATT,R235T Y480K,nan,nan,0,0
ATTGGCCGACCCAAGT,G42S A177G C364V Q482*,nan,nan,0,0
ATTGTAAGTTATAAAA,L120N D311Y L433V I443N,nan,nan,0,0
ATTGTCGTGATCACCG,G102R E228H,nan,nan,0,0
ATTGTCTGTAAAGCTT,L73M G181R C231*,nan,nan,0,0
ATTGTTCCTAAGGCGG,E396V,nan,nan,0,0
ATTGTTCTAACTAATG,E72L H230R G484P V487I,nan,nan,0,0
ATTTAAACTACCTACA,F7S N74P M134Y C155H H230M,nan,nan,0,0
ATTTAAAGATGGTCTT,Q223K G240M N302K,nan,nan,0,0
ATTTAAGAATGTTAAA,V11R L242T G460L P466S,nan,nan,0,0
ATTTAAGGAACTTGGT,K320A,nan,nan,0,0
ATTTAAGTTATTTCTA,C155W,nan,nan,0,0
ATTTAAGTTTTGGCAA,S255Y R256T,nan,nan,0,0
ATTTACCAACCATCAG,,nan,nan,0,0
ATTTACCACTGATAAC,Q9R L133T W283R,nan,nan,0,0
ATTTACCTAAATCATG,T59P K272N H374T,nan,nan,0,0
ATTTACTTCATGTGAC,S154N Q165H,nan,nan,0,0
ATTTAGAGCTACGGGT,F316H N342W C385T,nan,nan,0,0
ATTTATAGAGGTGACA,L259E E287F G473M,nan,nan,0,0
ATTTATCACCATTGAT,Y66R E287I,nan,nan,0,0
ATTTATTATGGTCAAC,C279N A288*,nan,nan,0,0
ATTTCGCAGCCTCCTA,C180T,nan,nan,0,0
ATTTCGCAGTCAATGT,T58S T225S S267G L336A,nan,nan,0,0
ATTTCTAAAATTATAG,I113A R248F S333V,nan,nan,0,0
ATTTCTTAATTAAAAC,I112*,nan,nan,0,0
ATTTGGAATGAAAATG,,nan,nan,0,0
ATTTGGTCTAGACTAA,E76Y S135Y M284P,nan,nan,0,0
ATTTGGTGACCAGGAG,G34D T397I I443R,nan,nan,0,0
ATTTGTCAATACCTGT,S216V,nan,nan,0,0
ATTTTAACTTAGAACT,L107S W196D A322V,nan,nan,0,0
ATTTTAAGCGTTAAGT,Y129A C463R C475L,nan,nan,0,0
ATTTTCAAAGAAAATT,,nan,nan,0,0
ATTTTCGAATCATTAA,T58K I337S,nan,nan,0,0
ATTTTCGGCAACACAG,Y363I L387T S439Y,nan,nan,0,0
ATTTTTAACCGTGGGT,I201K L449S,nan,nan,0,0
ATTTTTAACTGTGCGA,L35Y T59R K320T V341*,nan,nan,0,0
ATTTTTCCGCGAACGT,L315G K384N N470Q,nan,nan,0,0
ATTTTTCTAGTCACCC,L50S H92R N209T G243R T375R,nan,nan,0,0
ATTTTTGACGCCACAT,V47P,nan,nan,0,0
CAAAAAAGACTGTGAG,V97Y Y200E C231P L313N C364F Y480S,nan,nan,0,0
CAAAAAAGTTTATAAA,F7D L105R V183* G260N T261S,nan,nan,0,0
CAAAAAATAAAAAATT,I112D V164* C212R,nan,nan,0,0
CAAAAAATCCCTGCTC,I474H,nan,nan,0,0
CAAAAAATTAAACGAA,T215I,nan,nan,0,0
CAAAAACAGAGAGTTA,K488H,nan,nan,0,0
CAAAAACCTAACACTA,A176N,nan,nan,0,0
CAAAAACTCATTAGAT,Y129V C212* M332R E404*,nan,nan,0,0
CAAAAAGTGCGTCCCC,L51A A184G D408H,nan,nan,0,0
CAAAAATACAACTTAA,F7* P275T N353I,nan,nan,0,0
CAAAAATACTTTGTTT,K33M H230F,nan,nan,0,0
CAAAACACCACTCGTA,S171N T182N S205V,nan,nan,0,0
CAAAACACGCAAGAGT,T225R,nan,nan,0,0
CAAAACACTTCCACCA,S255L I334V Q348L M351I P453G,nan,nan,0,0
CAAAACATTCTTTGAC,N20I Y217I R325L Q335T G429P,nan,nan,0,0
CAAAACCAATAATAAA,G2N,nan,nan,0,0
CAAAACCCCCTAAACT,M134L M153G A343L G478K,nan,nan,0,0
CAAAACGATATGATGG,I201L E404F G424C,nan,nan,0,0
CAAAACGGCAAGCGAC,L52F I113H L168R L245Y G460I,nan,nan,0,0
CAAAACTAATCACTTG,M214C F399I P466R,nan,nan,0,0
CAAAAGAATCCCCAGA,I361N,nan,nan,0,0
CAAAAGACCCGGGCGA,P362E T375V,nan,nan,0,0
CAAAAGACGGTCTTCA,,nan,nan,0,0
CAAAAGAGACTTGTGC,C155I S205F,nan,nan,0,0
CAAAAGCACATTGAAA,S205G S234* M332V Y363Q S400L,nan,nan,0,0
CAAAATAAACCATCCG,V65F F191D,nan,nan,0,0
CAAAATAAATTTAAGA,M284S,nan,nan,0,0
CAAAATCAAGAACTAA,C57T L259S R491W,nan,nan,0,0
CAAAATCTGTATATAA,C53R F140T L203K E421N V485L,nan,nan,0,0
CAAAATTATAGACTGT,H93I,nan,nan,0,0
CAAAATTCCTGTCGAG,H131L I358*,nan,nan,0,0
CAAAATTGCGCATTAT,S199H L259R,nan,nan,0,0
CAAACACCAACATCTA,V5W E151S D306E P464* R491I,nan,nan,0,0
CAAACACTTAGACGTG,L78Y S154V F233R N319S,nan,nan,0,0
CAAACAGAACACAATC,Q189* G473N,nan,nan,0,0
CAAACATTAACGGCCC,H131K I221K I334T,nan,nan,0,0
CAAACCACCGTAACTA,R256E G260M P453S,nan,nan,0,0
CAAACCCCTCTAACGA,P383R Y441H H467C,nan,nan,0,0
CAAACCGATCGCAACT,E67* S171R A328V,nan,nan,0,0
CAAACCTCTGATTAGG,S135C L315M,nan,nan,0,0
CAAACTAATCTGCCAC,Y66V T182G,nan,nan,0,0
CAAACTAGTAAAAGCA,I21S G160L F318T Q348C S381H,nan,nan,0,0
CAAACTGACAAACCTA,E67* Q331T,nan,nan,0,0
CAAACTGTAGCACAAC,S56L Y66S F157*,nan,nan,0,0
CAAAGAAACATGAGAC,Y62P T263L N302P E404* M420L I443A,nan,nan,0,0
CAAAGACCGTATTGTG,L78Y,nan,nan,0,0
CAAAGACTGTGTCACC,L430R,nan,nan,0,0
CAAAGATATTCACGTA,T58M L133D,nan,nan,0,0
CAAAGCATACCTCAGG,N167T Q218P,nan,nan,0,0
CAAAGCTATAGCAACT,H141Q I361P F434C,nan,nan,0,0
CAAAGGGCCTACTCCC,T6Y T101V L382V P466Q,nan,nan,0,0
CAAATAAATTTTAGAT,K63Q H467L,nan,nan,0,0
CAAATAAGTACAAAGT,I4Y G102Q I239S,nan,nan,0,0
CAAATAATGCGGTTCA,M351K,nan,nan,0,0
CAAATAATGTACTAGA,L280Y I458N,nan,nan,0,0
CAAATACAATTTTCAA,F318T T375P,nan,nan,0,0
CAAATACCTAAACATT,M351P M472K,nan,nan,0,0
CAAATAGGAGACTAGG,Y94N S135A,nan,nan,0,0
CAAATCACACTGCCCG,C155Q H455Q K488V,nan,nan,0,0
CAAATCAGAGGATGGA,P145L V164W T225M C364Y E413N,nan,nan,0,0
CAAATGCTGAAACACC,S246R I254L E418F,nan,nan,0,0
CAAATGTAACATCATA,G98F L128W,nan,nan,0,0
CAAATTATCCCATCTA,M82R Y172V K488T,nan,nan,0,0
CAAATTCAAGGACAGG,I15E,nan,nan,0,0
CAAATTCCCTATGAAA,L52Q C212A E396L,nan,nan,0,0
CAAATTGACGCGGTCC,M19R S205H G243E C364W D432K,nan,nan,0,0
CAACAAACCACCTTGG,V47S T58L,nan,nan,0,0
CAACAACAGTGATTGA,M284L I358C,nan,nan,0,0
CAACAACGACAACAAC,L35D N346S Y480S,nan,nan,0,0
CAACACGAAAACTTAC,N185S D317N E418K,nan,nan,0,0
CAACAGAAGAGTTTCG,T70A L71I D306R,nan,nan,0,0
CAACAGATAAACGGCG,L142R C279T,nan,nan,0,0
CAACAGCAACAAAAGA,H92D G198F,nan,nan,0,0
CAACAGGCTATGAAAC,G160R W227P V341E,nan,nan,0,0
CAACAGTTAGCGTTGA,Q218Y G473V,nan,nan,0,0
CAACATCCCATATCCC,V47N T59V M75T A297* T375A,nan,nan,0,0
CAACATCGAGCACGTT,R207A L242R,nan,nan,0,0
CAACATTTTCATGATA,L51D E76I Q348P C463G,nan,nan,0,0
CAACCAATCAACAACA,A173*,nan,nan,0,0
CAACCATGATACCCAA,V11R G98V R257L S333W,nan,nan,0,0
CAACCATTTTGTAAAA,A202T T375P P466T,nan,nan,0,0
CAACCCAGTTTATGCT,I323K,nan,nan,0,0
CAACCCCAGTACTACT,S216V,nan,nan,0,0
CAACCTAATACACCGA,Y172* L259V R314F H457P,nan,nan,0,0
CAACCTAGACGCCATA,G277C E421K,nan,nan,0,0
CAACCTATTCGGATCA,W196I,nan,nan,0,0
CAACGATAGTAACCAG,C53K S143H,nan,nan,0,0
CAACGCACGCTCGATC,N89L N178C R248N I334H,nan,nan,0,0
CAACGGACACCTGGGC,N148F S267I L280C H448S L479I,nan,nan,0,0
CAACGTCATAAGACAA,Q149L F191K,nan,nan,0,0
CAACGTCCGCAGAGAA,N79E A173C,nan,nan,0,0
CAACGTTCCTTCAGGC,W227R,nan,nan,0,0
CAACTAACCAGGTTCC,S255A P453S,nan,nan,0,0
CAACTACCTATGAATT,V47T I137F,nan,nan,0,0
CAACTGGGTAGCGAGT,,nan,nan,0,0
CAACTTCCGAGACGGC,I239V A297T S381G,nan,nan,0,0
CAACTTGTAGCGGTGG,N20L T58G N99H,nan,nan,0,0
CAACTTTTAGCACGAT,K327L,nan,nan,0,0
CAAGAAAGACAAAGTG,E307L D317F,nan,nan,0,0
CAAGAAAGACGTTAAG,I221K S400P,nan,nan,0,0
CAAGAACGTATGATCT,M96T F434P,nan,nan,0,0
CAAGAAGTCATATCGA,K88D E104Y,nan,nan,0,0
CAAGAATAATTCCTAA,Y172K R257F A299E R325K K465D,nan,nan,0,0
CAAGACCCCAATTATG,G34I M82*,nan,nan,0,0
CAAGCAAATATAGGTC,S60P G102S G277T,nan,nan,0,0
CAAGCACGAACTCATT,F7S I137S,nan,nan,0,0
CAAGCAGAATCTGACA,L50P H467I,nan,nan,0,0
CAAGCAGTAATAAGGT,W264A V388Y C475W,nan,nan,0,0
CAAGCATGACATCAAT,L103Q,nan,nan,0,0
CAAGCCAAAACATAGC,S154K W283*,nan,nan,0,0
CAAGCCTATGTTCCCA,T182L H354A G424V,nan,nan,0,0
CAAGCGTACCAATAAA,I337F,nan,nan,0,0
CAAGCTCTATGAAGTC,,nan,nan,0,0
CAAGGACAACTTAGCT,H179*,nan,nan,0,0
CAAGGCATAAGCCACG,P466L,nan,nan,0,0
CAAGGCCAGGGTGCGG,G2M V183R C475S,nan,nan,0,0
CAAGGCCATAGCCCCT,G160E,nan,nan,0,0
CAAGGCCCCTTTAGAG,R257*,nan,nan,0,0
CAAGGCGGATACTATT,V97P L107Y,nan,nan,0,0
CAAGTAAGGAACTCTG,T215H,nan,nan,0,0
CAAGTACACTCCAAGA,L133I N146S W210R,nan,nan,0,0
CAAGTGGGACACAGCT,F7* D306N D401G H471F,nan,nan,0,0
CAAGTTACTTTTACTA,Q9M D175Q A184N,nan,nan,0,0
CAATAAAAAATATAAA,M19V N127S K161T L245T G277A A407L,nan,nan,0,0
CAATAAACAGGCATAA,S269Q Y371G,nan,nan,0,0
CAATAAACTAAGTAAA,N295K K481S,nan,nan,0,0
CAATAACGTCAGGTGT,H131D S205Y,nan,nan,0,0
CAATAAGGAATCGCGA,L259E,nan,nan,0,0
CAATAATATAAACGCA,E67S I162T I222V K368Q T438W,nan,nan,0,0
CAATACAACGTCTCAT,S111N A184S R256S K368H G378L W386F,nan,nan,0,0
CAATATACATACACAG,I15G T110K C310M,nan,nan,0,0
CAATATATATTTTATC,S255T R491C,nan,nan,0,0
CAATATTTTAATAACT,C231K,nan,nan,0,0
CAATATTTTATCGAGC,N37K G54P E228V,nan,nan,0,0
CAATCACAAGCACTAT,T261S,nan,nan,0,0
CAATCAGCACAAACGT,I411G,nan,nan,0,0
CAATCAGGCAATGAGA,G159* P427S,nan,nan,0,0
CAATCATAAAATAGAA,M80Y A173Y I222S S234V D251W I286R,nan,nan,0,0
CAATCCCAGCAATGAA,Y129T I286S G294I V298P,nan,nan,0,0
CAATCCCTCTCATATT,V435A,nan,nan,0,0
CAATCCGTTTTTGTCA,L344N,nan,nan,0,0
CAATCGCTGGGTGGGG,,nan,nan,0,0
CAATCGTACCTGCCCA,K63* G174R P466S,nan,nan,0,0
CAATGAAATCGACTCC,L120V E151K F293N,nan,nan,0,0
CAATGAACGTCGGTGT,L51T S154T,nan,nan,0,0
CAATGACCAACCGACC,P453D K490R,nan,nan,0,0
CAATGACGTTCCTTTG,L51Y R55P I252D G360L,nan,nan,0,0
CAATGAGCTTATAGAA,I221P,nan,nan,0,0
CAATGGCAAGTACGAT,W264* I411K,nan,nan,0,0
CAATGGCCACACAATG,S85V L382T,nan,nan,0,0
CAATGGTACAGCCCGT,G186R H230L N302P V431Y,nan,nan,0,0
CAATGTTAGAAACAGC,L46S S85K H179S,nan,nan,0,0
CAATTAACAATAGATT,G54M C310T,nan,nan,0,0
CAATTAACTGTATAGA,I4A P236R Q247Y,nan,nan,0,0
CAATTAATCATCTTAC,T106R,nan,nan,0,0
CAATTATCTACTTAAA,L442I,nan,nan,0,0
CAATTCAAAAACGGCA,N37T W283C,nan,nan,0,0
CAATTCTACCGGGAAG,K161L I411P,nan,nan,0,0
CAATTGAACTGCTGAA,C41R I162S W283D N319R V459P,nan,nan,0,0
CAATTGACGTCCACTG,W196*,nan,nan,0,0
CAATTGGTCTAAAAGG,N37I S56M M134R N390L,nan,nan,0,0
CAATTGTCAGGTAACG,V14L L50A C155R N295T C364E,nan,nan,0,0
CAATTGTCCGGCAACG,S199I T215Y I445L,nan,nan,0,0
CAATTTGTCTCAACCC,Y278N L336K,nan,nan,0,0
CAATTTTAGTGTGAGA,T6A L68E Q223M T265N M351V Y371C T375A K384G N390S N395D Q406R D408G K417R Y419C K425G S437G T438A Y441C I445V H448R K451E R456G K461G K465R R468G H471R R491S,nan,nan,0,0
CAATTTTGATACGGAC,Y217N E270* S400R,nan,nan,0,0
CAATTTTTATATTAGA,,nan,nan,0,0
CAATTTTTTGTTACTG,H230I E307Y D317F,nan,nan,0,0
CACAAAAAATGCACTA,N99C H179S H374L G391C,nan,nan,0,0
CACAAAACAAAAGGCT,I144R N373I L479G P483N,nan,nan,0,0
CACAAACTCGCAAATT,F233* Q335L,nan,nan,0,0
CACAAACTGCCGTTTG,V47A S111H R325S L336D W386H,nan,nan,0,0
CACAAAGAGGTTACCG,A202K M472I,nan,nan,0,0
CACAAATTGCGGACAT,N295L,nan,nan,0,0
CACAACATCAACTATG,H179* M192P F262T C385L,nan,nan,0,0
CACAACCCTCCAATAA,L23E N342T,nan,nan,0,0
CACAACTCCCGAATGC,V47L L242R N295H D408F,nan,nan,0,0
CACAAGACACATGCTA,E104V T225H V485I,nan,nan,0,0
CACAAGCTGAGTGGTA,T110P Y129Q,nan,nan,0,0
CACAATATAAAATGGA,I136Y,nan,nan,0,0
CACAATCCCTTGGATC,W210Q R257L,nan,nan,0,0
CACACCCAAAAATCAA,T6K A173P S462G C463T,nan,nan,0,0
CACACCCGTACAGACC,H179* T296I F318D F440G,nan,nan,0,0
CACACCCTAAGCTCGC,G391P F440C F446H,nan,nan,0,0
CACACGCTCGCTGCCC,E67F P83K S154R,nan,nan,0,0
CACAGAAATCGACTAC,,nan,nan,0,0
CACAGAATAATGATTA,Y166N K327N,nan,nan,0,0
CACAGGCATGATCAAA,,nan,nan,0,0
CACAGGGCCGAGAAGC,E10V R55L R256E P362F L387K E418F,nan,nan,0,0
CACAGTATGAGAGTGT,Y129G K339F,nan,nan,0,0
CACAGTCTTTGCAAAT,D156H G276F S381* Q406G,nan,nan,0,0
CACATATAAGTTGGCA,L50K W386*,nan,nan,0,0
CACATCGTTACAGGAG,V164L Q232M L242Y,nan,nan,0,0
CACATCTCGATGTTAG,F7C T48R C118M N209C I334V S367R D402I E418S S444N,nan,nan,0,0
CACATCTCTTACATAA,,nan,nan,0,0
CACATGAAACAATAAT,Y241P Q324*,nan,nan,0,0
CACATGCAATGTAGGC,M359R,nan,nan,0,0
CACATTTCCTGTCTAC,N114I I136R N470G,nan,nan,0,0
CACCAAAAGAGAACAG,I15N S246L W264Y,nan,nan,0,0
CACCAACCGGATTAAT,S199L C477S,nan,nan,0,0
CACCAAGGCGACTATT,V341L,nan,nan,0,0
CACCAATATTGCATGA,M82L Q348M,nan,nan,0,0
CACCACGACAAACCTG,E10F D432S,nan,nan,0,0
CACCACTTAGACGTAT,G98C N209H Q321L S367N F399L,nan,nan,0,0
CACCAGAAATGCAAAG,G54V,nan,nan,0,0
CACCAGATATACAGGA,,nan,nan,0,0
CACCATACTAAATAAC,C41E Y278I,nan,nan,0,0
CACCATATCGCTAGGA,G2M,nan,nan,0,0
CACCATCTCAGTCTAG,A25I Y166K,nan,nan,0,0
CACCATTTAAAACAGA,H124V S216L,nan,nan,0,0
CACCCAAGAGAATTGT,K339M,nan,nan,0,0
CACCCAATTTAGCCAT,L120F E329F G460Y Y480*,nan,nan,0,0
CACCCAGCCAAAAATA,Y94*,nan,nan,0,0
CACCCGCAGACCAAGA,F293P S381H N390F C463V,nan,nan,0,0
CACCCTACTGTTCATC,I345*,nan,nan,0,0
CACCGAAAGTTAACAC,E104I Q189R I323M,nan,nan,0,0
CACCGATCGTCGAGCA,,nan,nan,0,0
CACCGGTGAATCTTAT,S56N T87A T106* G174R H230M,nan,nan,0,0
CACCGTCCCGAAGAAG,L51S M75I S205P Q223V S267I F440I,nan,nan,0,0
CACCGTTGCACACCAA,A177D Y363L,nan,nan,0,0
CACCTAAACTTAGAGC,E17G E151I T281S Y363*,nan,nan,0,0
CACCTACTCAAATAGA,L84C G208D N373C H455S,nan,nan,0,0
CACCTATTCCGAGTGT,F157D G197M G294F,nan,nan,0,0
CACCTCCTTACTATTA,T6V E72T S121N I443* C475S,nan,nan,0,0
CACCTCTATCATTTTC,G198S I458W,nan,nan,0,0
CACCTCTATTCGAAAC,G478V,nan,nan,0,0
CACCTGAGCGAAAATA,K161L I411D,nan,nan,0,0
CACCTGGCGAGCATGA,S389C,nan,nan,0,0
CACGAAAAGACGTATC,N89K N127F Q165P S476Q,nan,nan,0,0
CACGAAATGTACCACG,P464E,nan,nan,0,0
CACGAACACAATGCAT,K272A Y393H,nan,nan,0,0
CACGAAGTAACAGTCA,S56* T110* T182Y H457N,nan,nan,0,0
CACGACGTTTCCAAGA,T274A L394N Y480H,nan,nan,0,0
CACGATGAAAATACGT,M153A S267T P453N,nan,nan,0,0
CACGATGACAAATCTC,G159V N409C,nan,nan,0,0
CACGATGCCTCCATGC,G34S,nan,nan,0,0
CACGCCAATGAAAACA,V14L E100R R193S E303R A328V P486S,nan,nan,0,0
CACGCTACGTGAGAAA,L469S,nan,nan,0,0
CACGGAACGTTGAAAG,V5R V65K G271E,nan,nan,0,0
CACGGCTCGACATACC,H13N V31E H92E E151F L387S,nan,nan,0,0
CACGGGAAGCGCGCTT,L428N,nan,nan,0,0
CACGTTCACTGTTTAT,I323*,nan,nan,0,0
CACTAAACAGTTGAGC,L84I V298G,nan,nan,0,0
CACTAACCTCGATTAA,L50R M192I,nan,nan,0,0
CACTAACTCTATCGCA,L51W L103K G198C M312I E418W,nan,nan,0,0
CACTAAGAAAAGCTTT,T81R E104W S143R,nan,nan,0,0
CACTAAGACTGGGGAG,K33M L344R L442*,nan,nan,0,0
CACTAATTAGTTAAGA,F440Y I458K,nan,nan,0,0
CACTACACATAAAGTC,M1W S111Y A173L S267Q P486S,nan,nan,0,0
CACTACTAAAAGGCCC,A195M C231L,nan,nan,0,0
CACTACTCTAGGTAAT,A176S S400I I443S H448K H457M,nan,nan,0,0
CACTAGAAATTTCCTA,S27* L32S T190P,nan,nan,0,0
CACTATATTTAGTCAG,S27G G45L K126Y T182F S392A I474L,nan,nan,0,0
CACTCCACACGTAAGT,L107I G174F C180F C477G,nan,nan,0,0
CACTCCACAGAACTAC,N338V,nan,nan,0,0
CACTCCCCTCTTGTGT,Y441C L447R,nan,nan,0,0
CACTCCTTGTGCAAAA,L78R T226R N390A,nan,nan,0,0
CACTCGAGTCATCGCT,S163A C292L G391D,nan,nan,0,0
CACTCGTGACAAATTA,L315Y,nan,nan,0,0
CACTCTACAACGTACA,R207I H448L,nan,nan,0,0
CACTCTGTAACATTGC,,nan,nan,0,0
CACTGAAACGGACGAG,S199R P383H E396V,nan,nan,0,0
CACTGACTTTTGTATT,S205T D229R I239F,nan,nan,0,0
CACTGGACACACTGTT,L73N E329D,nan,nan,0,0
CACTGTAAAACAAGTG,K116S R257S A328G,nan,nan,0,0
CACTGTAAACTATCAA,L242K,nan,nan,0,0
CACTGTAGTCTAATAA,N178S,nan,nan,0,0
CACTGTTAACACAAGG,C292* F399I,nan,nan,0,0
CACTGTTCTAACATAA,S154Y M414A,nan,nan,0,0
CACTTAAAGACAAATA,T226R W386* S389R V435S,nan,nan,0,0
CACTTCACTTTCGAGA,S246R G378L L442Y,nan,nan,0,0
CACTTGTTTTTGGAGG,C364S P464A,nan,nan,0,0
CACTTTATTGGGAACT,S367G,nan,nan,0,0
CAGAAATCTGGATTCC,S85P,nan,nan,0,0
CAGAACCTATCATAAC,M214C,nan,nan,0,0
CAGAACTATTTCTCTT,Y366I T376V,nan,nan,0,0
CAGAAGAAAATTTGAT,C53D M153R G174Q,nan,nan,0,0
CAGAAGAAACAACCAA,L188T L382K W489R,nan,nan,0,0
CAGAAGTGCGTACGAA,N20T S205Y,nan,nan,0,0
CAGAATACTATTCAAT,M1V N89S Y150L G197L Q423L,nan,nan,0,0
CAGAATACTGCCCCGG,R235V,nan,nan,0,0
CAGAATTCGAGAAATT,L61W L68I E72H K126I D273F K481L,nan,nan,0,0
CAGACAAAGTATAACC,V14R G240F T438L,nan,nan,0,0
CAGACGGATTCCTAAA,S135K D156I E289K I443P N470P,nan,nan,0,0
CAGAGACCATACTTTT,V47F L394T V485A,nan,nan,0,0
CAGAGACTAATCCTCG,K272D N302V A340T,nan,nan,0,0
CAGAGAGTGAGCAGCC,K63* S143T C364* N365C,nan,nan,0,0
CAGAGATGCCCAAGTA,L35P T48H N148L A299P,nan,nan,0,0
CAGAGGACCAGACGAA,Y166L W370G,nan,nan,0,0
CAGAGGTGTCACTATA,L120S S169C S267N,nan,nan,0,0
CAGAGTGCGTAACAGA,A328C L442V L447P,nan,nan,0,0
CAGATAAAACTACTAT,T139P,nan,nan,0,0
CAGATATGAAGTGTAG,L50T S60I S91L D156W,nan,nan,0,0
CAGATCAACAATAAGC,,nan,nan,0,0
CAGATCAATTAACCCT,H179L R207N K461P,nan,nan,0,0
CAGATGCAAACCCAAA,,nan,nan,0,0
CAGATTACTATAAGAT,A322P I334M,nan,nan,0,0
CAGATTACTTACTATA,G42A M192H,nan,nan,0,0
CAGATTTATCAAAACA,,nan,nan,0,0
CAGCAAAACACAGGAG,F7S G54* N79K S199V E228M P464L M472V L479K V487R,nan,nan,0,0
CAGCAAGACCTTGCAA,S138L S381Q,nan,nan,0,0
CAGCAATATATTACAT,N89L I112R K272T G277L G484T,nan,nan,0,0
CAGCACATAAAAACAG,M134I G206R T375C,nan,nan,0,0
CAGCACCCAGAGGTTA,V14G F262L,nan,nan,0,0
CAGCAGCACACCTATG,T101I H131R I136W D401N,nan,nan,0,0
CAGCATCTGTTATCGG,G54V R491Q,nan,nan,0,0
CAGCATGCGTTATGCT,,nan,nan,0,0
CAGCCACGGAAGCACA,A330C,nan,nan,0,0
CAGCCGGTGGTTTGAG,M192I E329V,nan,nan,0,0
CAGCCTTGGACCCACA,F293I,nan,nan,0,0
CAGCGCCCTTAACTGT,E100*,nan,nan,0,0
CAGCGGATTTAGAGAA,M82R S154Q W196* I213T,nan,nan,0,0
CAGCGGTGAATCCAGT,V5N N224P M472T,nan,nan,0,0
CAGCGTATCACTCCAA,K161S V298T,nan,nan,0,0
CAGCGTGGGTGAGAAG,A195* C301L Y369W,nan,nan,0,0
CAGCTAAAGGAAAGTT,N167P L313V,nan,nan,0,0
CAGCTAACGCAAGCGG,L469*,nan,nan,0,0
CAGCTAATTAAACTAC,G2S G102* V388T G484T,nan,nan,0,0
CAGCTATATAATAGAA,I474L,nan,nan,0,0
CAGCTATTCTCTACGA,L188F Q218I L259R,nan,nan,0,0
CAGCTTAAAATCATGT,A173T,nan,nan,0,0
CAGGAAACAAAGCAAT,L107G,nan,nan,0,0
CAGGATCATTCCTGCT,T101R I137F,nan,nan,0,0
CAGGATTTTCAAATAG,L349I,nan,nan,0,0
CAGGCATGGGTGAACT,M1* V44E D204Y T265S K272S I452F,nan,nan,0,0
CAGGCTCCCTTTTAAG,S135I M153Q,nan,nan,0,0
CAGGGCTAAAGGTCCC,E228V L382H,nan,nan,0,0
CAGGGGTGGCAGATTT,P145T L259T E289V,nan,nan,0,0
CAGGTCTAAGCAACCC,T182S L313D Y441L,nan,nan,0,0
CAGGTCTTGATCAGCT,F49E,nan,nan,0,0
CAGGTTACAGTTAATA,L133G D311*,nan,nan,0,0
CAGTAAGAGAGCGCAA,E10* E67Y,nan,nan,0,0
CAGTAAGGGAATGATA,G2F,nan,nan,0,0
CAGTCAAACTCAAAGG,V14L N37A K125N W227N M284* Q321*,nan,nan,0,0
CAGTCATGGACGCCAC,V22N T182A K461*,nan,nan,0,0
CAGTTAAAAACATCAC,S205T C463*,nan,nan,0,0
CAGTTAAATACTCATT,V22R N74Q,nan,nan,0,0
CAGTTGTATATGGCAC,C301W,nan,nan,0,0
CATAAAAAACTCTAAA,T59R K161L S205Y Q321P,nan,nan,0,0
CATAAAAATTTCCTAA,D317L K481S,nan,nan,0,0
CATAAATAACTAGTAG,C155S I286R R325K D347T,nan,nan,0,0
CATAAATCAATTATCT,R250A C463H,nan,nan,0,0
CATAAATGTGGAACTA,V47R H93P S389I K461V,nan,nan,0,0
CATAACATTTCTACAA,V28F I337T L442S,nan,nan,0,0
CATAAGGAGACCATAA,I4N T182V D408V,nan,nan,0,0
CATAATATCTGTAAAG,F7C Y66T M284E I403T M420D,nan,nan,0,0
CATAATGCATAGATTT,L285T,nan,nan,0,0
CATAATGTCCTAATAC,G102* S269C S389I,nan,nan,0,0
CATAATTCGATTTCCT,G54S S255G P466S,nan,nan,0,0
CATACAGCATAACAAA,M75K H398I,nan,nan,0,0
CATACAGGACGTCGCC,F157W C364A C477L,nan,nan,0,0
CATACATTGACATAAT,L245S P383S,nan,nan,0,0
CATACCATTAATAAAG,L46T E76S W227Q,nan,nan,0,0
CATACCTGGTTATCAA,W196S H398F,nan,nan,0,0
CATACGACATAAACTC,A288N I458G,nan,nan,0,0
CATACTAGCAGTCAGT,G54K H141R I254D,nan,nan,0,0
CATACTATGTATATAA,W489*,nan,nan,0,0
CATACTATTCCCTCAT,Y200* D273A H354Y G360L,nan,nan,0,0
CATACTGTCGTGTCGA,F440V I474F,nan,nan,0,0
CATAGAATTCATTATG,D311R,nan,nan,0,0
CATAGCGATAGTTGTG,,nan,nan,0,0
CATAGCTACTCATGAA,E67R S205R E308V H354T,nan,nan,0,0
CATAGGCAAACCCTCG,Q69K V164T E329N I334M R356I G460S,nan,nan,0,0
CATAGGGTCGATATGA,A39R A173K W386R,nan,nan,0,0
CATAGTCGGTACACTC,L51C L203P G243F F293W A328V,nan,nan,0,0
CATAGTCTTTCAGTCT,T87N L394S D402S A407F,nan,nan,0,0
CATATAAGTAAACGCT,,nan,nan,0,0
CATATAGACCTCACCT,Q3R,nan,nan,0,0
CATATAGATTCCGTAA,I15* G277S,nan,nan,0,0
CATATATGCTAATGTT,L442* K490S,nan,nan,0,0
CATATCACAGCACAGA,S85W C292F G429R,nan,nan,0,0
CATATGAGTACGTACC,M410R F434Y,nan,nan,0,0
CATATGTTATTGGTCA,T249N T377P,nan,nan,0,0
CATATTATCATGACGT,T110W N119R,nan,nan,0,0
CATATTCTAAAGTGTG,M82N N470E,nan,nan,0,0
CATATTGAGCAACATT,,nan,nan,0,0
CATCAAATTTCTAAAC,N319P,nan,nan,0,0
CATCAACCTAAACTTT,E100Q,nan,nan,0,0
CATCACAAATGGTCGT,R356I,nan,nan,0,0
CATCACATATTATCTT,K125H S400N I445F,nan,nan,0,0
CATCACCGGTAATCGA,V14G G64Y Y253L N373L,nan,nan,0,0
CATCAGCAGTCAATCG,S163Y T190R T296S,nan,nan,0,0
CATCATCTTGTAAAAT,F446E,nan,nan,0,0
CATCCAAACATACGAC,N90Y I403R,nan,nan,0,0
CATCCACAATGAATAA,L32Y V97L D130V T281S D357A,nan,nan,0,0
CATCCAGGTCCCTGAC,P236V C301* D311H,nan,nan,0,0
CATCCGTTTAAATACG,L107G,nan,nan,0,0
CATCGAATTTAAACAA,I24L V97A A173D I252K,nan,nan,0,0
CATCGCCTCGAAAATG,L35D,nan,nan,0,0
CATCTAAAGCTAAAAC,P83* L280S,nan,nan,0,0
CATCTATTTGAGCAAT,A25G F49Y T59Y D122* S143K,nan,nan,0,0
CATCTCGAACTGACTA,N338Q S444R,nan,nan,0,0
CATGAAACCAGGGATC,D122G I136A T380F,nan,nan,0,0
CATGAACAGAAATCTC,G102L S135L N224V A343I,nan,nan,0,0
CATGAATTAACTGATC,L107S Q165P N167D,nan,nan,0,0
CATGACAAACCCGTCC,V183E C279M,nan,nan,0,0
CATGAGCACAGCCACG,R207M C279I,nan,nan,0,0
CATGAGGATTAATACC,C86Y Y94F I201M R207Y L382G,nan,nan,0,0
CATGAGGGGATCTCAA,I201L S237L A288S A343S,nan,nan,0,0
CATGATGCTAATTACT,A288Y,nan,nan,0,0
CATGATTTAACACAGG,C212V,nan,nan,0,0
CATGCTCCAAAAGTGG,C477G,nan,nan,0,0
CATGGCGTTAACAATG,S400R,nan,nan,0,0
CATGGCGTTAAGGCAC,L107N S121* T139A V450R,nan,nan,0,0
CATGGGAACCTGAAAT,S143N A184Q,nan,nan,0,0
CATGGTCGTTTAGCAG,R193K Q331*,nan,nan,0,0
CATGTATCCATTGAAA,E100K W264L T376S,nan,nan,0,0
CATGTCGTTTATAATC,M1E,nan,nan,0,0
CATGTGATATAAACCG,A39Y C86S Q232L T426L,nan,nan,0,0
CATGTTCTGCAGCTGC,R314L T377C K417S,nan,nan,0,0
CATTAAACAAATTGCT,D122K G160I G197C,nan,nan,0,0
CATTAAATGAAAAATG,L107C I201E,nan,nan,0,0
CATTAAGTCTCCATAG,H115T C155S G276D,nan,nan,0,0
CATTAATGCCAGTGGC,A328F,nan,nan,0,0
CATTACCGTAGAGATG,Q69R G197C N209T,nan,nan,0,0
CATTACCTACTTAGGT,V164A M332V,nan,nan,0,0
CATTACGTATGTAAAT,T40F Y278C F318S N390F P427K,nan,nan,0,0
CATTACTATCCGGAAT,D122M E289T A297C W386L L430I P466I,nan,nan,0,0
CATTAGACAGCAAACG,G2V G34S W196I F233E F316M I334Y T375P,nan,nan,0,0
CATTATCATTACATGC,A202V Q232K F440K,nan,nan,0,0
CATTATTACTTTTGTG,L280V T375L N390K,nan,nan,0,0
CATTCAATTGCCAGTG,I137S R207K G240V,nan,nan,0,0
CATTCCCAAACCGATA,G98N W196L,nan,nan,0,0
CATTCCCTAACATACT,C41L A328I N373I,nan,nan,0,0
CATTCTATTGAGAATG,L168I G174L A343L,nan,nan,0,0
CATTCTCCCTAACTCG,N185V T380M,nan,nan,0,0
CATTCTGATCGACGTT,L68A G360S,nan,nan,0,0
CATTGAGGTGCAAAAC,E270* K291A,nan,nan,0,0
CATTGATACAATATGG,I137L H170M F233L I254L N302D,nan,nan,0,0
CATTGGCATTGAGGCT,A173E Q232G P238N L258K,nan,nan,0,0
CATTGTGAAAATGATA,K63V Y278D,nan,nan,0,0
CATTTACTAGGATACC,L61S Y166Q N178F D306L K490C,nan,nan,0,0
CATTTATCAAGTGTTT,F7S N209C C231M T261S M312I,nan,nan,0,0
CATTTGCATGTCATTC,T58L,nan,nan,0,0
CATTTTCTGACCTCGG,N89Y I239T W283G,nan,nan,0,0
CATTTTGGTTCCAAAC,G2* L46R L258R K339P,nan,nan,0,0
CCAAAAATACCTGACG,G54V G160D W264S,nan,nan,0,0
CCAAAAATGCCCATTA,K88R L107V,nan,nan,0,0
CCAAAAATTTCATTAA,S56C A176D,nan,nan,0,0
CCAAAGAAAATATTAG,I4D G42Y E228S,nan,nan,0,0
CCAAAGTAAAGCACTT,L46T A299E M312T T438H,nan,nan,0,0
CCAAATGGAAGAGGAG,H124F,nan,nan,0,0
CCAACACCTTAACTCA,S85A I222W N342R,nan,nan,0,0
CCAACTTAAGAAGACC,E100* L142K,nan,nan,0,0
CCAACTTTTTCGATCA,S85K S121N,nan,nan,0,0
CCAAGAATTGACCACC,G64W Y253T N338S T412P,nan,nan,0,0
CCAAGATGTTCCCCAC,L51V E100C N390P,nan,nan,0,0
CCAAGCTCATTAGCGG,Q3P N20K G208I A340T M359D,nan,nan,0,0
CCAAGTAGACGTATGC,V14F,nan,nan,0,0
CCAAGTCCAACCTATA,L336P,nan,nan,0,0
CCAAGTTAAATATTAT,,nan,nan,0,0
CCAAGTTTCTAAATAT,N74* S462K,nan,nan,0,0
CCAATCAACGAACATA,C41E I252E Y278I,nan,nan,0,0
CCAATGCGTAAATATA,G460*,nan,nan,0,0
CCAATGCTTGTGCCTC,G2L Y129K P238H,nan,nan,0,0
CCAATTTCTTTATAAA,F38T L336P W489L,nan,nan,0,0
CCAATTTTTAGCACAC,Q232H L415V K451L,nan,nan,0,0
CCACAAAAAATACCTT,D311L,nan,nan,0,0
CCACAAATATTTAACC,N89R Q189P D273S Y480V,nan,nan,0,0
CCACAACATGCCTTAT,F140E L382A,nan,nan,0,0
CCACAAGAACGGTATT,,nan,nan,0,0
CCACACCGAACTAGTG,Q232M K352I N395K,nan,nan,0,0
CCACATCCGACTGCTT,R282A C292I W370C,nan,nan,0,0
CCACATTAAAATGACA,G45S T70V D156I Y200V T274D Y363C,nan,nan,0,0
CCACCAATATACACCC,A173P M410N,nan,nan,0,0
CCACCCCACCAAATGA,C180H Q331G,nan,nan,0,0
CCACCCTAGCACGACT,F318K L442S P486F,nan,nan,0,0
CCACCCTATAAAGAAC,A202K,nan,nan,0,0
CCACCGAATAGAAGTT,G276R D357V E421N L469K,nan,nan,0,0
CCACCGCCAATCGCTT,P83* N114L L382G,nan,nan,0,0
CCACCGTCGTTAGCTA,L107D M351T,nan,nan,0,0
CCACCGTTATATAACA,C310N,nan,nan,0,0
CCACGAATAGTCTTAG,E151Y V164S Y241V,nan,nan,0,0
CCACGACAGACCCCCA,G54R R193M L220K,nan,nan,0,0
CCACGACATAACGATC,K33R W196E,nan,nan,0,0
CCACGATCTATAAAGA,Y66H S91R G186W T226R K461P,nan,nan,0,0
CCACGCACAAAATATA,V164E I239M D432F,nan,nan,0,0
CCACTGCGAGACGCGA,W196L S205D R256Y,nan,nan,0,0
CCACTTCAAATCTAAA,Y129I R325K M414I C463A,nan,nan,0,0
CCACTTCTGTACTATA,E307P L415S S462I,nan,nan,0,0
CCAGAAAAGGGAGAAT,W227V T265W K272L K300V,nan,nan,0,0
CCAGAAACGGTGGTTG,A123Y T274Q,nan,nan,0,0
CCAGAAGGAAAGAGGC,T375A P466S,nan,nan,0,0
CCAGAAGTAACCTAAA,N185R E418*,nan,nan,0,0
CCAGACATGAGTTGTG,L50P F262I L344K E396L,nan,nan,0,0
CCAGACCCGAACACAA,L107* D229Q L394H Y480*,nan,nan,0,0
CCAGACTCTAATAATA,,nan,nan,0,0
CCAGAGCCCTACTAGT,H230L I334D S439D,nan,nan,0,0
CCAGAGGAAACTGGTG,N90A S255F,nan,nan,0,0
CCAGATCTGTCACTCA,M75I K125M L244E C364V V485W,nan,nan,0,0
CCAGCATAATGTAGCT,I136T,nan,nan,0,0
CCAGCCAGGCTAGGAT,G360A,nan,nan,0,0
CCAGCCCCTATTTCGA,V22R V47G,nan,nan,0,0
CCAGCGACGCTGCGAC,M214A M359S,nan,nan,0,0
CCAGGAGCATAGTGCT,L32D Y66H H93I W227V N353P,nan,nan,0,0
CCAGTGCGAGTCCTGC,H374R,nan,nan,0,0
CCATAACATACTAACA,T48D G240H,nan,nan,0,0
CCATACGTAGCCGTAG,S111A F434N I452L,nan,nan,0,0
CCATACTGAGGAACAG,T106P K272H,nan,nan,0,0
CCATAGAAGATACCCC,P275A C364H,nan,nan,0,0
CCATAGTAGAATTATT,I136R G206L D357*,nan,nan,0,0
CCATATGCCTTAACGA,Q9M Y66N E100V R193* G276K,nan,nan,0,0
CCATCAAAACGTATTA,,nan,nan,0,0
CCATGACTCCATAATC,T48S H115W I137N I361T,nan,nan,0,0
CCATGATCAACGCAGA,M75I S199V,nan,nan,0,0
CCATGGCAATAGTTCA,E17G,nan,nan,0,0
CCATGGGAAAAATGAA,M1F V22E,nan,nan,0,0
CCATGGTATCTCTGAT,L35* G42Q F233I N353T,nan,nan,0,0
CCATTATGATACACAA,T225A F399R,nan,nan,0,0
CCATTATTTTCTCTAT,T215K K339D,nan,nan,0,0
CCATTCCGATTACAAT,M80R M284T C477A,nan,nan,0,0
CCATTCGTAAGAAGCA,T77R,nan,nan,0,0
CCATTGCACAATCATA,,nan,nan,0,0
CCATTGCTAATATCAC,Y253S,nan,nan,0,0
CCATTTCCCGTTTATC,C231V I323Y A328E,nan,nan,0,0
CCATTTGAATAGATGA,,nan,nan,0,0
CCCAAAAGCAAACTAA,V65Y C118T,nan,nan,0,0
CCCAAAATTATCTTGA,E104R G294N S400D,nan,nan,0,0
CCCAAACATCAGTGCG,I112K S163N S237M P383L G484A,nan,nan,0,0
CCCAAACGACAATCTC,S246T,nan,nan,0,0
CCCAAAGACATGTGAA,D402A I452S K465N,nan,nan,0,0
CCCAAAGTTAGCAGCA,N342R D347V,nan,nan,0,0
CCCAAGCACACTTTCT,K125V F140D I337F,nan,nan,0,0
CCCAAGTAAGGGCTAT,T58I G160V,nan,nan,0,0
CCCAATAAGCCATTAA,H92R Y480M,nan,nan,0,0
CCCACAGAAATGTGCA,F140C S171T,nan,nan,0,0
CCCACTAAAATAAAAC,K161F K300L,nan,nan,0,0
CCCAGACCGAGCTGCT,F140R T426F,nan,nan,0,0
CCCAGATAAGCACAAA,F38T F440P,nan,nan,0,0
CCCAGGCTTAGAGCCG,C41* L84S G181* G186A,nan,nan,0,0
CCCATGGATTAGGTTG,M75V L285V D347T,nan,nan,0,0
CCCATTCCCTCGCAGA,V28D L103P K481V,nan,nan,0,0
CCCCAAGAACCATAAA,S91Y G197A N224L Y253L N295G M410V,nan,nan,0,0
CCCCAATCCGAGAAAA,G197D Y278F I445F,nan,nan,0,0
CCCCATCGAAAAGCCC,P83L,nan,nan,0,0
CCCCATTTTCGGCTGG,N148* V388M,nan,nan,0,0
CCCCCAAACCACACAC,I24S G378C,nan,nan,0,0
CCCCCACCATCAAATA,G2* K161L G174T,nan,nan,0,0
CCCCCATATACCGGGA,H141L N185Y E287N P483L,nan,nan,0,0
CCCCCGTCTCTAATTA,Y62N F233S F399N,nan,nan,0,0
CCCCCTAGACGGTCAA,G2V L128P,nan,nan,0,0
CCCCGAGAAAAACAAA,A202C I239T L394N,nan,nan,0,0
CCCCGATGGTTAGATG,F49V T426S,nan,nan,0,0
CCCCGCAAACCATTAA,M153R G160L Q331V,nan,nan,0,0
CCCCGCCGCGATGTAC,L23F S85* T226S E270W N470Q,nan,nan,0,0
CCCCGGCAAATTTGTT,S169W Q189I Y253I,nan,nan,0,0
CCCCTACGAAGCCTAG,E17D F157V H170L Y200D R257K F318S,nan,nan,0,0
CCCCTCTATGAGCACT,G54Y L107K A176V Q223L,nan,nan,0,0
CCCGAAAACCCCACAA,P12K,nan,nan,0,0
CCCGAAATCAATGACT,R207W S437P,nan,nan,0,0
CCCGAATGAAACACAA,I213V T426K,nan,nan,0,0
CCCGATACCCAATAGT,G174C G186E D311C D402H,nan,nan,0,0
CCCGATATTTTTAATT,S56G S163V C231I N295L P483L,nan,nan,0,0
CCCGATCGGGTCGATA,K88S,nan,nan,0,0
CCCGGATTTATGACAT,F7V T110A N178* L266T,nan,nan,0,0
CCCGGCATTGAGTTTC,R282N,nan,nan,0,0
CCCGGCGCCTTTTGCC,,nan,nan,0,0
CCCGGTTCTTTAAGGA,R256D,nan,nan,0,0
CCCGTGCACTTCTCAG,C57Y Y62M H170M,nan,nan,0,0
CCCGTTAACTGAACAT,H170P N209H L336Q L349K,nan,nan,0,0
CCCTACACGATGCATG,E10S L280S M351K,nan,nan,0,0
CCCTAGGCTACAGATT,L428S K488L,nan,nan,0,0
CCCTATCCGTAAGACA,,nan,nan,0,0
CCCTCAGGATGTCAGT,S439L,nan,nan,0,0
CCCTCCAAACAGCAAA,,nan,nan,0,0
CCCTCCAAAGCCCCCT,T77L M410*,nan,nan,0,0
CCCTCGTCGTTGAACT,K88F F117W I254F Y363T,nan,nan,0,0
CCCTCTACTCGGAGCC,L52W L78F T110A Q335V P453D,nan,nan,0,0
CCCTGAAAAAGACCCC,T6F L142M Q232P P383R,nan,nan,0,0
CCCTGATATTCGCCAC,L168W Y200L G206Y H457Q,nan,nan,0,0
CCCTGTGTGATTTCCA,I334V M410V,nan,nan,0,0
CCCTTCTAACTCGCAA,Y36R G174Y,nan,nan,0,0
CCCTTTACCCATATCA,R468M,nan,nan,0,0
CCGAAACAAGTATAAA,Q321V,nan,nan,0,0
CCGAAACACGTAAATT,N127K,nan,nan,0,0
CCGAAACGCAGCTAGC,V298L Y441F H467T,nan,nan,0,0
CCGAAATGCGTAACCG,,nan,nan,0,0
CCGAACACACAAGGCA,K272S Y278N A407Y,nan,nan,0,0
CCGAACAGATCTTGGA,H93P Q189K,nan,nan,0,0
CCGAAGCCACCGAAGT,S267F Y278H,nan,nan,0,0
CCGAAGGTCCTTAATG,L35E G260S N409L,nan,nan,0,0
CCGAATAACGTACCTG,E228L A343T Q405F I411S,nan,nan,0,0
CCGAATGCCAGAAGTG,T40* Q232*,nan,nan,0,0
CCGAATGCGCCCTTGT,M332N M410T,nan,nan,0,0
CCGAATTTGCCTGACA,A152T T226L,nan,nan,0,0
CCGACACCGGTAGGCT,,nan,nan,0,0
CCGACACTGTGACGCA,K352* G478R,nan,nan,0,0
CCGACAGAAAAACTTA,T40A V44T L107W S199N,nan,nan,0,0
CCGACATACTCTACTC,F49G K161D L336P,nan,nan,0,0
CCGACATAGCCCCATT,D317I C364L G478R,nan,nan,0,0
CCGACATGATTATGAC,M96C T281R G391K T412N,nan,nan,0,0
CCGACGAATAACCTCT,P383Q R456F,nan,nan,0,0
CCGACGACTCCCCTGA,F49* L105K T274L L442Q,nan,nan,0,0
CCGACGCCCATCACCC,V31G S154I A328L L433G P486T,nan,nan,0,0
CCGACGTTGGAGATCA,N127H G360V,nan,nan,0,0
CCGAGAGTGAAGTCGT,N109F I445Y,nan,nan,0,0
CCGAGCCTTAGCTAGT,,nan,nan,0,0
CCGATAACCTACAGTG,N79D N99S,nan,nan,0,0
CCGATATAAAGCAACA,C364M D432K,nan,nan,0,0
CCGATATAACGGGACC,L32K M82C Q348D,nan,nan,0,0
CCGATCATTCTATATT,,nan,nan,0,0
CCGATCTCATCTTATT,F38T Y129T S444K,nan,nan,0,0
CCGATTCAACTGCCCC,N146L H305P V341I,nan,nan,0,0
CCGATTCAAGACGCGA,S163L,nan,nan,0,0
CCGATTTATAACGATG,F157R L259K,nan,nan,0,0
CCGCAACACAGATAAA,L78R F147K W210L C463Y,nan,nan,0,0
CCGCAACCAACTATGA,I4S D311V V431S,nan,nan,0,0
CCGCAACTAGTGAACT,I222A I345P N390* H471L,nan,nan,0,0
CCGCAATTGCATGCAG,N346I V435M,nan,nan,0,0
CCGCACGACGTCTCCG,F49L E104R I254H,nan,nan,0,0
CCGCACTATCCCCGTG,T59I F157* N302E,nan,nan,0,0
CCGCCCCTAAGTAAAT,F117Y K125W C155D R235V I334V K488A,nan,nan,0,0
CCGCGAAGCATTAGCT,G54V A177T,nan,nan,0,0
CCGCGAATGAGCCCAA,G160V W196L,nan,nan,0,0
CCGCTCGCTCTTGTTC,E104* L394K,nan,nan,0,0
CCGCTTAAACGAATAA,G42W K125L K327I G484F,nan,nan,0,0
CCGCTTAACACTAACC,T77V T225S F262L G276D H374L,nan,nan,0,0
CCGGAATTTAAACACA,Y172N S367G,nan,nan,0,0
CCGGACATTACTGAAA,F7L N127H M332A L433V C463T,nan,nan,0,0
CCGGAGTTTGAATAAT,N295L Y480T K488V,nan,nan,0,0
CCGGCACTCCCACTCG,A177F A184L M410*,nan,nan,0,0
CCGGCATGGGACTATC,L32R M420N F436Y K451T,nan,nan,0,0
CCGGCGTCTAGCACGG,H141T L442Y,nan,nan,0,0
CCGGGAGCCTTCCAGT,Y36A Q223W F440I,nan,nan,0,0
CCGGGCCCCCCCTATA,L394Y,nan,nan,0,0
CCGGTATACGCTACAC,F191* N302R,nan,nan,0,0
CCGGTCCCATCGAAAC,E151S,nan,nan,0,0
CCGGTGCCGCCCAGAC,A39P A123R F147R K272I,nan,nan,0,0
CCGTACAAAAGGCGTG,,nan,nan,0,0
CCGTACCTAATTAAAG,S205P E307G,nan,nan,0,0
CCGTATATAAAGGATT,,nan,nan,0,0
CCGTGAACCTAATATT,V28H L242I L326*,nan,nan,0,0
CCGTGAATCACAAAGC,D432I G484W,nan,nan,0,0
CCGTGCGGGGATAATA,A195K W264*,nan,nan,0,0
CCGTGCTACTCATTCC,M153V V341M T375F,nan,nan,0,0
CCGTGTCGCAGATAAA,F8V T48A C212F Y219R T377P,nan,nan,0,0
CCGTGTTATCACGCTT,N127V T380S C385* G424C V487R,nan,nan,0,0
CCGTTAGTAACAGCAA,V18A Q232V L387P,nan,nan,0,0
CCGTTTCCGTTTCGGC,C57W G186V Q406L,nan,nan,0,0
CCTAAAACAGGCCTAT,L52* I443R H467V,nan,nan,0,0
CCTAAAACCGTTTTTT,E16D V164A F440*,nan,nan,0,0
CCTAAACAAGAGATCT,M80E,nan,nan,0,0
CCTAAATACGAGTCGT,K33L L51* K352L,nan,nan,0,0
CCTAAATACGTAGATT,S85N I112P,nan,nan,0,0
CCTAAATAGTGATTTG,L220* R256N L259R G271D,nan,nan,0,0
CCTAACTCGTTAATTA,C41L E396K K481M,nan,nan,0,0
CCTAATAAATGCTTAT,K116T,nan,nan,0,0
CCTAATGAACGAGGCC,P83L G378R T412P S444R,nan,nan,0,0
CCTAATTTATTGGACC,I337S I443L,nan,nan,0,0
CCTACACCAAACAGCA,I137L F309L,nan,nan,0,0
CCTACACTGACATGGA,N146T L313W,nan,nan,0,0
CCTACCGCAATTTATT,T190*,nan,nan,0,0
CCTACGCAAATATACA,T106R,nan,nan,0,0
CCTACGCTAGATTAAA,V97A D156V L449C,nan,nan,0,0
CCTACTCGTGACGGAA,N114S W370V,nan,nan,0,0
CCTAGCCAGATTAGAA,C180R,nan,nan,0,0
CCTAGCCTGTGTATTA,G2T N148D T226D P238V D317G V431S,nan,nan,0,0
CCTAGTAAATACAGGT,L73N N302Y,nan,nan,0,0
CCTAGTTCGCACTTAT,G424M,nan,nan,0,0
CCTATAATTCTCGTAG,D347S,nan,nan,0,0
CCTATACACGGACACT,A123F M153Y N209H A297H F399L Y480T,nan,nan,0,0
CCTATAGATTATCAGT,N90V Y150D V187S,nan,nan,0,0
CCTATCAGTCTTGCTC,D268F,nan,nan,0,0
CCTATGATCACAATGT,N90*,nan,nan,0,0
CCTATGGTACCAGCCT,T58W N146I Y253C,nan,nan,0,0
CCTCAAAAAGATAAGA,F38I Y66* N99W M192I,nan,nan,0,0
CCTCAAACAGGCCATG,L78T M96L,nan,nan,0,0
CCTCAGCGCTGCTTAA,,nan,nan,0,0
CCTCAGGCACATAAAC,E16F E228S,nan,nan,0,0
CCTCCAATTCGCCCAT,S143N I361F A407V,nan,nan,0,0
CCTCCAGAACTGGGCC,D156A,nan,nan,0,0
CCTCCATAGTATAAAC,I213A,nan,nan,0,0
CCTCCCTACAGTTTAA,L61E K339F,nan,nan,0,0
CCTCCTTCCAGGAGAA,L315G I334A,nan,nan,0,0
CCTCGTCTAATGGCGA,Y166K I201Y S269K,nan,nan,0,0
CCTCTAAGCTTGTTCG,V97R G159C,nan,nan,0,0
CCTCTCCCAAGGCACT,C53I,nan,nan,0,0
CCTGAAACTCGATGTC,H13N Y366E,nan,nan,0,0
CCTGAATATGGACATA,L50N T261N,nan,nan,0,0
CCTGACATGGCGGACC,E17A N37L,nan,nan,0,0
CCTGACTATCCTACAA,C41S T87I,nan,nan,0,0
CCTGAGACCGCAAAAT,G64D Y278N,nan,nan,0,0
CCTGCAAAGAATGAAC,C155M Y172* L315V,nan,nan,0,0
CCTGCATTACGAACAT,R193L S381F,nan,nan,0,0
CCTGCCAACACCTCAT,I361K,nan,nan,0,0
CCTGCGGAACCTGATA,K88E S138L M153V Q218C E289K T377I P453W,nan,nan,0,0
CCTGCTTTTCAGCAGA,T58L S143N,nan,nan,0,0
CCTGGAATATTTAAAG,R422M,nan,nan,0,0
CCTGGAGGTCGACAAA,,nan,nan,0,0
CCTGTCGCTTACTAGT,T139R G243D,nan,nan,0,0
CCTTAAGAAAAGATTT,D156S L344D,nan,nan,0,0
CCTTATATTAGAAATG,Q321Y C463I,nan,nan,0,0
CCTTCAGTGCCCAGTG,T101P L469N,nan,nan,0,0
CCTTCCCAGCCAACAC,Y36R N74T,nan,nan,0,0
CCTTCTGACACAACGC,C231S,nan,nan,0,0
CCTTGCAAAAAAAACC,H92Y T101V,nan,nan,0,0
CCTTGCAACGAAATCG,K291M N353S,nan,nan,0,0
CCTTGCGTATAACGTT,N109F,nan,nan,0,0
CCTTGGAACAACGAAT,V388Q,nan,nan,0,0
CCTTGGTGAGATGAAT,L103R Y366G T380R,nan,nan,0,0
CCTTGTAGTTGTTATC,H115C I239* G276*,nan,nan,0,0
CCTTTAAAAAAATTAG,V14T S199T E303A,nan,nan,0,0
CCTTTACAACCCATCC,L285Q,nan,nan,0,0
CCTTTCTCAATCCCGC,G2Y G34E L68T E151S R248T N319P R456K C477Y,nan,nan,0,0
CCTTTCTTTCTAGCAA,L46Y M153I N167*,nan,nan,0,0
CCTTTTTGTCACAAGG,Y369F G391C,nan,nan,0,0
CGAAAAAATTCTCTAT,T139M Y393P,nan,nan,0,0
CGAAAACGGACCTATA,C118R C364V S400H F440L,nan,nan,0,0
CGAAACATAATTACTG,E16R K291D K368R R456G,nan,nan,0,0
CGAAACTCAAGTCACA,V11A K300M Q331V W370* C477W,nan,nan,0,0
CGAAAGGAAAAAAGAC,T139G K300R N353P,nan,nan,0,0
CGAAAGTCACACATTA,L43T C364L K417L P427N,nan,nan,0,0
CGAAATGATAGTCCGA,N74L S163Y R193H T426I,nan,nan,0,0
CGAAATGTGCTCCTAG,E151D L285V A340V F440W,nan,nan,0,0
CGAACACATAAGATTA,G277Y,nan,nan,0,0
CGAACGAAAATTAATA,N37K S143G T376*,nan,nan,0,0
CGAACGACCCACAACA,E228W L326Q,nan,nan,0,0
CGAACGCAGATACGAT,S27* T375V,nan,nan,0,0
CGAACTCCCAGTGAAA,Y66V I144N Y441K,nan,nan,0,0
CGAAGAAATAAAAATT,K352S W386R,nan,nan,0,0
CGAAGAACATGGAAAG,,nan,nan,0,0
CGAAGAAGGGAATAGA,E76K L84* S169D G271W M410C,nan,nan,0,0
CGAAGATAAAGATCCG,F49R E329P V388C M420N Q482K,nan,nan,0,0
CGAAGCAAACGAAAAA,E16R S27T T376P,nan,nan,0,0
CGAAGCAGGCGAACAC,K33Y K488*,nan,nan,0,0
CGAAGGGTGGGAGGAC,S27Y L46P L50N K88L S111V Q247M,nan,nan,0,0
CGAAGTGACCAGCGGA,L479T,nan,nan,0,0
CGAATAAAGCGTACCC,K272L S392Y,nan,nan,0,0
CGAATAAGTAACATAT,L61Y I239R N302Y C364E,nan,nan,0,0
CGAATAATCATATCAA,S85L T225K I445M,nan,nan,0,0
CGAATACTGTTAAACC,L428P F440N,nan,nan,0,0
CGAATATCATATTGCA,T296S V388D,nan,nan,0,0
CGAATATCCTAATAAC,T190P D204W N209T I222C N295*,nan,nan,0,0
CGAATCAATTGGCCCC,C155G Q189* H230A W386Q,nan,nan,0,0
CGAATCACTCTCAAGG,L78M S267G F318L,nan,nan,0,0
CGAATGCCGGTACATT,R207L T274R T438*,nan,nan,0,0
CGAATTTGCTTAATAA,T48E C53A E228N,nan,nan,0,0
CGACAAAAATATGATA,Y172I F436L G484K,nan,nan,0,0
CGACAAGTAGACCTGC,F316V,nan,nan,0,0
CGACAATAAAGAAAAA,L52T Y200M Q232R K272I P427L,nan,nan,0,0
CGACACTGTATAACCG,E104M T110R T274P N319F,nan,nan,0,0
CGACATTATATAGTCT,E17*,nan,nan,0,0
CGACCAAAGCCCACTA,W196* D273Y A297G F316* Y393S,nan,nan,0,0
CGACCATTCGAAGGAC,M1T P362N,nan,nan,0,0
CGACCCATACGTAGCC,C155S E287R E396*,nan,nan,0,0
CGACCCTCATAGTTCG,T40N S171V G277C F293R L394R,nan,nan,0,0
CGACCGACGGCAACGA,,nan,nan,0,0
CGACCTAAAATATAGC,T274H N353L,nan,nan,0,0
CGACGCTCAGAGGCAC,A25T E100T A195L Y200Q R314Q,nan,nan,0,0
CGACGTAATAAGTCGT,E308* A343P,nan,nan,0,0
CGACGTACTTACGACA,Q321L S476Y,nan,nan,0,0
CGACGTGAAGCCTCAA,C231G L290C L442V,nan,nan,0,0
CGACGTGCCGTCTATG,D130Y,nan,nan,0,0
CGACGTTAAAAGCACA,R193F,nan,nan,0,0
CGACTATCTAATATAG,G45R C118M A176G Q348E,nan,nan,0,0
CGACTGAAGACGTCAT,L442T,nan,nan,0,0
CGACTGAAGTTAAAGA,P236R G360D,nan,nan,0,0
CGACTTAAATTCTCAA,F7R S111H F157I Q165R,nan,nan,0,0
CGACTTACTCATATTC,L107* L128N G208A Q218* S462F,nan,nan,0,0
CGACTTTCTTCAGCTG,F7L S56M T70S L168S Y419N,nan,nan,0,0
CGAGAAAAATATCTCC,C385R I411L F440V,nan,nan,0,0
CGAGAACAACTAATTA,E151Y H398P,nan,nan,0,0
CGAGAATAATCTGCCA,M19G T48L,nan,nan,0,0
CGAGACGTAAGAATAT,L50H L61F C475L,nan,nan,0,0
CGAGACGTCGGCATAC,M82C T87K L103T M214* I345P,nan,nan,0,0
CGAGACTCATAATGTG,T110S,nan,nan,0,0
CGAGAGACTACGATGA,E151Q V187M,nan,nan,0,0
CGAGAGTTATTGTTTT,K63* L71F K339*,nan,nan,0,0
CGAGATTAAGTCTTAG,C53E T87W,nan,nan,0,0
CGAGCAGACTATCAAT,I4M H141K R235N T375N,nan,nan,0,0
CGAGCCTACGCCTATA,M82L A173S G206D,nan,nan,0,0
CGAGGAGTGTACTATA,G160P S400*,nan,nan,0,0
CGAGGAGTTAATGAAT,I201R L315R,nan,nan,0,0
CGAGGCTAAGAAAAAT,L23G L29R L326V,nan,nan,0,0
CGAGGGATCGGGGCTA,N295F,nan,nan,0,0
CGAGGTTACTCGTTGC,C231A N319M G391C,nan,nan,0,0
CGATAAATATAAATTT,N114S W196R N295*,nan,nan,0,0
CGATAACTCAGTCAAA,F157V C231N L245P C279I,nan,nan,0,0
CGATACGAAATGAAAT,P12L,nan,nan,0,0
CGATAGCATTGAAGCT,T215K,nan,nan,0,0
CGATATAAAAACAAGT,L35K T110H K125F Q331*,nan,nan,0,0
CGATATGAATAAAAGA,F7D L35*,nan,nan,0,0
CGATCAAAGATTATTA,L168R E287P T438K,nan,nan,0,0
CGATCATCATTATTTT,C53G E67D L107F F157S,nan,nan,0,0
CGATCCCTTTGACAGG,V47H C57M K63E F440Y,nan,nan,0,0
CGATCCTTATCTTAAC,R207N N295I,nan,nan,0,0
CGATCTGTAGAAACCA,N119I I136S,nan,nan,0,0
CGATGACAAATATAAA,G54Y I239R A288C,nan,nan,0,0
CGATGGCTAGCATATA,Q69N N90F C155R V164*,nan,nan,0,0
CGATTAATTCACTGTG,Q3R Y217M W264R E270F H305R,nan,nan,0,0
CGATTCCTAAGGATGA,L290R,nan,nan,0,0
CGATTCGCATGATGCT,L68V G240P C364N,nan,nan,0,0
CGATTGAATTCCAGGC,W196K G243S F399S,nan,nan,0,0
CGATTTAAACCATTGC,I137S D229G I323R L394S,nan,nan,0,0
CGATTTGATTATTCCG,V5W K417E,nan,nan,0,0
CGCAAAAACAAACCCA,I95L N148M L449D,nan,nan,0,0
CGCAAAATAGTGAAGG,Q69T L244C Y480*,nan,nan,0,0
CGCAACCGCTTTTCCA,Y172L T281H C463D,nan,nan,0,0
CGCAACTGTTAAAATG,N99K I137L L242I S381L,nan,nan,0,0
CGCAATTACACTGCTT,,nan,nan,0,0
CGCACAAGGTTGATCG,N178S,nan,nan,0,0
CGCACAGATAAACTTG,W370T E413L,nan,nan,0,0
CGCACGAACGAAGAGA,S154C,nan,nan,0,0
CGCACGGTGGTTTAAG,K116G N373*,nan,nan,0,0
CGCACTCCTACGTATA,N37* T438G,nan,nan,0,0
CGCAGAATATCGCGAA,L51*,nan,nan,0,0
CGCAGACAATTATCCC,V44T,nan,nan,0,0
CGCAGATTCTCGATTC,T81A S135F H467* S476R,nan,nan,0,0
CGCAGTAGGCAGTGTC,K88* I112W N119S,nan,nan,0,0
CGCAGTTAATCAAGAA,G54W Y62F,nan,nan,0,0
CGCATCAAGGGGGGCT,T6V,nan,nan,0,0
CGCATGATTTGGATCC,L78V D156S S267V,nan,nan,0,0
CGCATGGAGTTATCTC,A39K Q189A T261L,nan,nan,0,0
CGCATTGATGTTTATT,C385F,nan,nan,0,0
CGCCCGTCCCTTTTCT,S171V G186A I452Y,nan,nan,0,0
CGCCGACCCGAAAACT,,nan,nan,0,0
CGCCGCGAAAAAAAAC,G197M,nan,nan,0,0
CGCCTGAATCCATATA,V31N S163P N167E M194R,nan,nan,0,0
CGCCTGAGGTCCCCAG,D204K,nan,nan,0,0
CGCCTGCACACCATAG,C57G Y200A C475L,nan,nan,0,0
CGCGAATTTGTCCACG,C212S Y217N,nan,nan,0,0
CGCGCATAGGCAACTA,L73R H131L I221L N319R P464F,nan,nan,0,0
CGCGCATGGTGTTTCA,M75* G206A,nan,nan,0,0
CGCGCTATGGATTACA,A30T L73I Y200T P464L,nan,nan,0,0
CGCGGCTGCGCGATCA,T6S L50Y L61V D156S L258T Q321L P464R,nan,nan,0,0
CGCGGTACTTAAAAGA,I162S I452N,nan,nan,0,0
CGCGTGCAGATTCCAT,Q149W C212L,nan,nan,0,0
CGCTAAACGCAAACCT,A176* M214L P464T,nan,nan,0,0
CGCTAAACTATAACAA,C475E,nan,nan,0,0
CGCTAAAGCAAGCTGC,S56K L84W Q218M,nan,nan,0,0
CGCTATATTGAAATCT,Q9H E76F F147E I334L Q348A W489*,nan,nan,0,0
CGCTCACGCACCAATA,V14D V28E N79* A328Y M410A,nan,nan,0,0
CGCTCGCCAACGTCCG,S60H G98D T110L A299N I443T,nan,nan,0,0
CGCTGAACTAGCACAC,V28S N89G N395K A407K,nan,nan,0,0
CGCTGAATATGGTCAG,L105M F293T K339Q H467P,nan,nan,0,0
CGCTGAGGTCCTCCAA,N209L Q223L L344V H374C,nan,nan,0,0
CGCTGTGAAAAAAAGA,Q218R S392P,nan,nan,0,0
CGCTGTTCGCTAGCCT,K33N N74K Q149G K465P,nan,nan,0,0
CGCTTGCCAAATAAGC,S216F A288R C292L H457D K465D K490S,nan,nan,0,0
CGGAAATAACATAAAC,L51T N209A G478A V487*,nan,nan,0,0
CGGAAATTCGAAACTT,L447A,nan,nan,0,0
CGGACAAATACTAAAA,I345K L355F,nan,nan,0,0
CGGACACTTCAAAGGT,N127P G174D,nan,nan,0,0
CGGACCATTATTCGAA,V183* S205Y Y369R L442D,nan,nan,0,0
CGGAGAGCAAACCTTA,N319S,nan,nan,0,0
CGGAGCCCTGGCTGGT,W264Y T274F,nan,nan,0,0
CGGAGTAAGGATATAA,I21K L78W E104M,nan,nan,0,0
CGGATAGATTTCCCCA,G98L L344V N373A,nan,nan,0,0
CGGATGACATGTAAGT,N89D Q247N D401V,nan,nan,0,0
CGGATTTTGCAGCGAC,L84T,nan,nan,0,0
CGGCCTCAAAAGTGCT,R55I S143G,nan,nan,0,0
CGGCTAATGGGTGAAA,L51H R193K L372S,nan,nan,0,0
CGGCTCCTAAAGAGGT,Y172* C180L,nan,nan,0,0
CGGCTTGGACAGATAA,V22M T101V F440L,nan,nan,0,0
CGGGAATCGCATAATA,G64A L84R R248P N470Y,nan,nan,0,0
CGGGACCCAACCAAGT,M134E,nan,nan,0,0
CGGGACGGCCCTTGTG,I162Y,nan,nan,0,0
CGGGACTCGAGTGCAA,V18A K88* A297K E404S,nan,nan,0,0
CGGGATCATTTTCCAA,E151S A173S,nan,nan,0,0
CGGGCTGACCCTACGG,K33L N89G N167D W227C,nan,nan,0,0
CGGGGACAAAATAAGC,G174Y W489R,nan,nan,0,0
CGGGTACGTAACCCAC,Y94N L387Q,nan,nan,0,0
CGGGTCTATACAAACA,S163P S199T Y219*,nan,nan,0,0
CGGGTTGAGTTGCTCG,E67K P83N,nan,nan,0,0
CGGTATACTGGTTCCT,L107R R250S,nan,nan,0,0
CGGTATTACTCGAGGA,G186A,nan,nan,0,0
CGGTCGCAGGTAATAA,H179V L259M,nan,nan,0,0
CGGTCTCGTGAAAATA,A173L M214* K291* L349G,nan,nan,0,0
CGGTGCCATGAATAAC,H13L L71Q,nan,nan,0,0
CGGTGGGACCTGTAAA,Y219F L469P,nan,nan,0,0
CGGTTCCCGTATTTGA,F7G F191Q S392F,nan,nan,0,0
CGTAAAAAGACAATGG,L32P S135V R422*,nan,nan,0,0
CGTAAATGATTCTAAG,D211N L344R F399C,nan,nan,0,0
CGTAAATTGATGATTC,L107V R193I T225M,nan,nan,0,0
CGTAACATATAAAATG,T397L,nan,nan,0,0
CGTAACTTTAAAACAC,E100R G243S V298M T380F,nan,nan,0,0
CGTAATACTAAAATAG,I4P F117P D156V I221Y I239S N302H,nan,nan,0,0
CGTAATCAACAGTGGT,S121K C180S N209L,nan,nan,0,0
CGTAATGTACTGAGAA,N319A A343L,nan,nan,0,0
CGTACACGAAATTCCT,W196N K417V Y441L,nan,nan,0,0
CGTACACTGAAGTCTA,T139V R193G T261R R422K,nan,nan,0,0
CGTACATAGAATAGGT,K126Y C155A L394V,nan,nan,0,0
CGTACCTAAAGAGATT,T58M Q189E S392D,nan,nan,0,0
CGTACTCTAATGAGAC,S56N F191* Q405V,nan,nan,0,0
CGTACTTGGAAAATAG,L71D Y217I K339V,nan,nan,0,0
CGTAGATAACCAATCC,,nan,nan,0,0
CGTAGATCGTGAAAAG,S169W T274*,nan,nan,0,0
CGTAGTCGATAAGACG,V164M L242R,nan,nan,0,0
CGTATACCGCTTGATG,S135F D273T R314E,nan,nan,0,0
CGTATATAACACGAAT,D317G K352W,nan,nan,0,0
CGTATCGCTAAAATTG,S171Y C279Y,nan,nan,0,0
CGTATGTAAAGTAGAT,M312S,nan,nan,0,0
CGTATTGAGACTAAAC,S60C K339A,nan,nan,0,0
CGTCCGACACTAAACA,S163P,nan,nan,0,0
CGTCCTCATTTGAACA,N109L,nan,nan,0,0
CGTCGAAATGTTCGGG,G45W L84R R207S,nan,nan,0,0
CGTGAACCCGAGAGAC,T190G F309E T375P D402A,nan,nan,0,0
CGTGAGCATATATAAA,A330P,nan,nan,0,0
CGTGATATACACCACA,,nan,nan,0,0
CGTGATGACACGTTGG,L258S,nan,nan,0,0
CGTGATGCACCAAAGA,L107* T190V,nan,nan,0,0
CGTGCGTAAGCGTACA,M1L G98T,nan,nan,0,0
CGTGCTAAACTTTGTA,N295T K300Q,nan,nan,0,0
CGTGGAACATGAACCG,H93T,nan,nan,0,0
CGTGGCAAAACAACCC,M134T H141C F157K E287L L382I,nan,nan,0,0
CGTGTCTGATGCATAA,V5I N127K F262C L315I,nan,nan,0,0
CGTGTGGCCACCTCCC,S60M N185M M194S G206K,nan,nan,0,0
CGTTAAAAAAGACGCT,P427L L442V,nan,nan,0,0
CGTTAAATCCCCATGT,A123I D347R,nan,nan,0,0
CGTTAACACACAAAGT,D229S S444H,nan,nan,0,0
CGTTAACCGAACAAAT,M1S L61D,nan,nan,0,0
CGTTACATATAAATAA,T87Y Y363R,nan,nan,0,0
CGTTAGCAATAGGGAC,Q9P,nan,nan,0,0
CGTTATTACAGCGGCG,L168F L349P I474T,nan,nan,0,0
CGTTATTTTGAAAATG,L52R T106G N319*,nan,nan,0,0
CGTTCAAAGACAAGCT,T225*,nan,nan,0,0
CGTTGTATCCCTCTAT,V14K M194E,nan,nan,0,0
CGTTTAACAGATAGGC,D401R,nan,nan,0,0
CGTTTAAGGCAGAATG,R250A E289K C475D,nan,nan,0,0
CGTTTAATTGAAAAGG,H354W Y393H G424M,nan,nan,0,0
CGTTTAGCGCGCACTT,L103H,nan,nan,0,0
CGTTTATCCGCTCGTA,L35Y L415C F446Q,nan,nan,0,0
CGTTTCATACTGTAGA,M359T,nan,nan,0,0
CGTTTGTCACACGAAC,S60F C463I,nan,nan,0,0
CTAAAAATCTATATAT,T265W K300V,nan,nan,0,0
CTAAAACCGTTTTTTT,E16D V164A F440*,nan,nan,0,0
CTAAAACTGTAAAAAG,W196S A288L,nan,nan,0,0
CTAAAAGCGGTACAGA,G2V E67G,nan,nan,0,0
CTAAAATAATAGAAAA,K384F,nan,nan,0,0
CTAAAATGCTTTTAAG,G484*,nan,nan,0,0
CTAAACAGATCCTATT,Y129W P236Y R325N S381K,nan,nan,0,0
CTAAACTTATCCACCG,K88R S154V Y441D,nan,nan,0,0
CTAAATGACCAGCCGT,,nan,nan,0,0
CTAAATTGAACGTAAG,Y129H M214* G484A,nan,nan,0,0
CTAACAACAACACAAC,R314K I403C,nan,nan,0,0
CTAACAAGCTTGATCA,L259S,nan,nan,0,0
CTAACATTGTGATGGA,Y366V,nan,nan,0,0
CTAACCACATATCTCG,C212P N390R Y480D,nan,nan,0,0
CTAACCGAAGTCAACT,F8N N74W S85Q K272S,nan,nan,0,0
CTAACCTTTAACAAGA,G484*,nan,nan,0,0
CTAACGAATCCGCACT,,nan,nan,0,0
CTAACGAGCACTCGGT,F117P N390K,nan,nan,0,0
CTAACGTTGCGGCCTA,N114C M194T Y441H,nan,nan,0,0
CTAACTGGCATGGAGC,L50M G98T L259H,nan,nan,0,0
CTAACTTGCTCACGAT,F38S L51W E289M L349I,nan,nan,0,0
CTAAGGCCACCTGCAT,E228S Y253* P486A,nan,nan,0,0
CTAAGTAGTAGGATAA,S163I T215R L433R,nan,nan,0,0
CTAAGTTCAATCTTCT,K63R T87C S163T N342T K352S M420I,nan,nan,0,0
CTAATACCGGTTATCA,,nan,nan,0,0
CTAATAGGCTTTTCCC,Y217C,nan,nan,0,0
CTAATAGTCTGAGCAA,K88N I136T A173H G360M L394F F440T,nan,nan,0,0
CTAATATAATCCTCTG,L84R Y200H,nan,nan,0,0
CTAATATATTGATAAA,V164S G186V,nan,nan,0,0
CTAATCTAATCGGTTC,L107G T225C D229V G240* C364P,nan,nan,0,0
CTAATGGAACAGACAT,S111G W210N,nan,nan,0,0
CTAATTCATGCGGAAA,L50C H131A F293Q L442F,nan,nan,0,0
CTAATTGCTATATTCA,V11Y,nan,nan,0,0
CTACAAAAAAAGATCC,L78I Q165L Q218M,nan,nan,0,0
CTACAAACATTTGGGC,N178*,nan,nan,0,0
CTACAAATAAATCAAG,M1C L26Y L349T N470K,nan,nan,0,0
CTACAACCAAGTAAAG,F140T I222T A343T,nan,nan,0,0
CTACAATGAAAGGTAG,E67W V97S Q218P L344V,nan,nan,0,0
CTACACAACAGGACTC,K33S W227R L336P,nan,nan,0,0
CTACACCAACACGGGA,,nan,nan,0,0
CTACACTAAATCCATT,D317L,nan,nan,0,0
CTACACTTTTTACGGA,S135I Y166H Y200M C385V P483L,nan,nan,0,0
CTACATCTTATAAGCA,V388* G460A,nan,nan,0,0
CTACATGGTCAGGCAG,R55I L105N,nan,nan,0,0
CTACATTCCAATGTTT,L23R A195W Q223M Y393D,nan,nan,0,0
CTACCAATCAAAAGAG,C385L,nan,nan,0,0
CTACCACGAACGTTGA,T426M,nan,nan,0,0
CTACCTTTGCAGAGAT,L35I G174* S439R,nan,nan,0,0
CTACGATACTTTAATT,K116N C231M,nan,nan,0,0
CTACGATCTTGTACGC,Q3V,nan,nan,0,0
CTACGCCACGACGTTT,T139L W210G K451S,nan,nan,0,0
CTACGGATTGCATAGT,L133G E413L,nan,nan,0,0
CTACGGGCAAAACCCT,N127*,nan,nan,0,0
CTACGTAACTCTGAAG,M1L D273H,nan,nan,0,0
CTACGTCAGGAAAAGT,T101K D317I,nan,nan,0,0
CTACGTCTTAAGCATC,G277S I286Y E308G M359R,nan,nan,0,0
CTACTACAACGTACAC,E100*,nan,nan,0,0
CTACTACGGTAAAGCT,N79F T101Y A176G T182N L285D,nan,nan,0,0
CTACTCAAAAAAAACT,F140T L415T,nan,nan,0,0
CTACTCCAACGCCACC,L107C Y219W,nan,nan,0,0
CTACTTACTTTGAAAC,F117T S171T R257* N295G,nan,nan,0,0
CTACTTGACGTTCTGT,G42E N158Y V298T,nan,nan,0,0
CTAGAAAATTCATCAC,L107K T215V,nan,nan,0,0
CTAGAACGGGATTAAT,T87V S267N,nan,nan,0,0
CTAGAAGACGGGTCGT,E67H N127* G198C S267I,nan,nan,0,0
CTAGACCCGCAAACCT,S60C G98T,nan,nan,0,0
CTAGAGCAGAGTCGGA,M1Y F7* L43R K125A M134N,nan,nan,0,0
CTAGAGGACACATCTT,S27H,nan,nan,0,0
CTAGAGTTACATTGAG,G102D L120R S267* K425I G484L,nan,nan,0,0
CTAGATAGATTTCATA,F117T T426N V435F,nan,nan,0,0
CTAGATATCGTTAGAA,L258W A330S T376H,nan,nan,0,0
CTAGATTATATATCTA,F262V D317N,nan,nan,0,0
CTAGATTTGAAGTGAG,F262* A297T,nan,nan,0,0
CTAGCATGCCTCGGCT,L266R,nan,nan,0,0
CTAGCGGCTGAATCAC,Y94* V459R,nan,nan,0,0
CTAGCTCCAATTAGCA,T40L,nan,nan,0,0
CTAGCTGTGTTAGAAA,Q3M L313M R356I T377L,nan,nan,0,0
CTAGGAAACTATTGAA,Y219P S333T,nan,nan,0,0
CTAGGAACAAAAGGTA,K63Q I136F,nan,nan,0,0
CTAGGAGTACGAAACT,A25F G98V C155L G174* L442Q L479F,nan,nan,0,0
CTAGGCCTGCATTAGA,E104F,nan,nan,0,0
CTAGTAACCCTATGAA,F7V L46W G98A L142G S255F A297T,nan,nan,0,0
CTAGTATCAGTTTCTG,M134Y H141S,nan,nan,0,0
CTAGTCAATCTCTGTA,W386R,nan,nan,0,0
CTAGTTAACAACAGCT,R422S,nan,nan,0,0
CTAGTTCTTTCACCAC,Y62T G260T D311K L428R,nan,nan,0,0
CTATAAATTATGAACA,T101S H131C,nan,nan,0,0
CTATAACCGTGACCTG,G34V V47G L51H T108R,nan,nan,0,0
CTATAATGCAGTTTAC,I222K D273G,nan,nan,0,0
CTATACAAACTAGACA,S169F M312R S367V Q406K,nan,nan,0,0
CTATACGCCGTATTAA,Q69L I239F,nan,nan,0,0
CTATACGGTTTACTCA,I201W H305W,nan,nan,0,0
CTATAGACTGGTCAAA,N346L,nan,nan,0,0
CTATATCAGAACACTA,G98C L168P S367C,nan,nan,0,0
CTATATTCAAATAATG,Y36V E151K Y363*,nan,nan,0,0
CTATCCAGCTCCTACT,I286S F293G,nan,nan,0,0
CTATCCGAGATACAAC,,nan,nan,0,0
CTATCGGTGGACGTTT,W196M G360A,nan,nan,0,0
CTATCTCAGAACAATT,A176P,nan,nan,0,0
CTATCTTAAACAATAC,K125L K339W L415R,nan,nan,0,0
CTATGAGGTCAGAAAC,L133V F262L G391F N470M,nan,nan,0,0
CTATGCCTATGATTAT,Y393C E421A,nan,nan,0,0
CTATGGTATCCTGTGT,P483L,nan,nan,0,0
CTATGTAACTCATAAA,C53* W264*,nan,nan,0,0
CTATGTAGTTAAAATT,Q165T,nan,nan,0,0
CTATGTCTCCTATATC,G276F M284* C364*,nan,nan,0,0
CTATGTTTGACTCCAG,N342R F436S Y441P,nan,nan,0,0
CTATTAGAACCGGTTC,V5E I15S M134E G159D,nan,nan,0,0
CTATTAGATCCCCTTT,G294S,nan,nan,0,0
CTATTATAGCTCCCCA,N90S E100I F293R Q335C,nan,nan,0,0
CTATTGACTAAATACG,R325* H467R,nan,nan,0,0
CTATTGGCAATAACTT,F157S K161* V187T H374L L479F,nan,nan,0,0
CTCAAACCGATTATAG,L50S Q218R,nan,nan,0,0
CTCAAGGCGATATCAT,N37S Y129A G160V G174A,nan,nan,0,0
CTCAATAAATATTGCG,H230S M332T,nan,nan,0,0
CTCAATTTCGAACATT,K88* A343V Q406L,nan,nan,0,0
CTCACAATACTCGCGT,V164I P383* I411R,nan,nan,0,0
CTCACACTTCAAGTGC,Y363S I445R,nan,nan,0,0
CTCACACTTTTTACAC,,nan,nan,0,0
CTCACATACAGTCGTG,L23M L449F C475L,nan,nan,0,0
CTCACTCTATCTGGTC,H115I,nan,nan,0,0
CTCAGAGACAGCGGCA,H141Q R314S L336W M414I,nan,nan,0,0
CTCAGCTAATAAACAA,T215V T225P R379M M410A,nan,nan,0,0
CTCAGGAATCATCTAT,F7* T412R,nan,nan,0,0
CTCAGTCACAGCTGCT,C310R,nan,nan,0,0
CTCATACTCCTGATAA,Q3P V14S L68F V164R G198L,nan,nan,0,0
CTCATAGACTTATCAA,L29T C155T,nan,nan,0,0
CTCATAGCACACAGTA,L128N P145N,nan,nan,0,0
CTCATAGTTGGCAAGA,C155Q G208I S237C K327V,nan,nan,0,0
CTCATATAGGTATGAA,G2R N89K N178T,nan,nan,0,0
CTCATCACTATAAAAC,V97K D156E Q321R I411V,nan,nan,0,0
CTCATCCTATCAGTCC,M192I L259F,nan,nan,0,0
CTCATGCGCTACAAGA,R193L I201G G206E,nan,nan,0,0
CTCATGGAGATGCACA,L280M,nan,nan,0,0
CTCATTCTAATAAAAA,L71H,nan,nan,0,0
CTCCAAAGTTAGAACA,H92* F446P,nan,nan,0,0
CTCCAAATATTATGTC,I4V N353S C364I,nan,nan,0,0
CTCCACCACCACCATG,L61P H93N,nan,nan,0,0
CTCCACTAAATTACCA,A176S T296W H305V,nan,nan,0,0
CTCCAGCAGCAATATA,,nan,nan,0,0
CTCCAGTAAACCGAAA,L43D L133N,nan,nan,0,0
CTCCCGTAGAGATCAG,G159*,nan,nan,0,0
CTCCCTCAAAAATAGA,,nan,nan,0,0
CTCCCTCGAAAGTGTA,Y66I H230V S267D L336S,nan,nan,0,0
CTCCCTGACCCACATC,P83K L105H K425D S439P,nan,nan,0,0
CTCCCTTTATACCGCT,Y150V H170L S269Y,nan,nan,0,0
CTCCGAGGCGCGAGTT,A39T L43R S205K R379H,nan,nan,0,0
CTCCGTGATGAAAACC,S171N I254Y,nan,nan,0,0
CTCCGTGGTCAGCCCG,L313V,nan,nan,0,0
CTCCTCCGATACACAA,R193G T376V V431E,nan,nan,0,0
CTCCTTTTTAATATTT,Q69R F157K E307K T375P Q405S,nan,nan,0,0
CTCGAAGCTCGCCACG,P275R F318L E396F V485T,nan,nan,0,0
CTCGAATATACAGGTA,N89* S462M,nan,nan,0,0
CTCGATATATGTAATA,V31H A407R,nan,nan,0,0
CTCGATATGCCGATCC,G34E,nan,nan,0,0
CTCGATCAGAGCCCGA,L50F N224S N338I,nan,nan,0,0
CTCGATGCAAAGATTA,I162V C364P Y441T,nan,nan,0,0
CTCGATTATTACAACT,C310S S437T,nan,nan,0,0
CTCGATTCAAAGAATC,A30T I213C,nan,nan,0,0
CTCGCAGTTGTATTAC,D401G,nan,nan,0,0
CTCGCATGAAAGTACC,W196L K481*,nan,nan,0,0
CTCGCGCATTGCTAAA,L51T G160V N224F,nan,nan,0,0
CTCGCTGCTTAACGAT,V431L,nan,nan,0,0
CTCGGCTAGGACACAT,F8D,nan,nan,0,0
CTCGGGGAGAGCATGG,L84E L259* F309P,nan,nan,0,0
CTCGTACTGTATGACA,C41K L84R N209Y,nan,nan,0,0
CTCGTCAATAAGTTAT,F7W K327S,nan,nan,0,0
CTCGTCCGGGGCTCAT,F157*,nan,nan,0,0
CTCGTGTGATAAAAAG,T110R L349Y,nan,nan,0,0
CTCGTTTGTTTATTAA,K300V,nan,nan,0,0
CTCTACCACTAAAGAA,L336K Y393T,nan,nan,0,0
CTCTACCCCAGCCCTC,E72L L133A I345P,nan,nan,0,0
CTCTACCTTTGCTCAA,M134T A297V P466L,nan,nan,0,0
CTCTACGGCGAATGGG,T87S K125L Y441V,nan,nan,0,0
CTCTACTACAAGTAAG,T59E L78I K339S N346L,nan,nan,0,0
CTCTCAAACTAAATAA,L349E,nan,nan,0,0
CTCTCGGATCCATAAT,L430V,nan,nan,0,0
CTCTCTAGTATTATCC,L315R,nan,nan,0,0
CTCTGGTAGAACAGTC,Q3E,nan,nan,0,0
CTCTTACAGAATTAAT,E329W I403F,nan,nan,0,0
CTCTTACGAAGCCTAT,I15F I350V F399D,nan,nan,0,0
CTCTTACGCAAAACCC,G2R E303G P483T,nan,nan,0,0
CTCTTGCACGGCATCC,V5C G34V I136T Y217I,nan,nan,0,0
CTCTTTCGGATAGAAC,P145K C155E C180M,nan,nan,0,0
CTGAAAAAACCCATGG,S169V K417S,nan,nan,0,0
CTGAAAAGCTTGGCTC,G102K H455* W489L,nan,nan,0,0
CTGAAAGATCCCACCC,A39Q S91N H170N V341Q L382C S400I I411T,nan,nan,0,0
CTGAACGACCTCAAAT,Y172K,nan,nan,0,0
CTGAAGATTAATAACT,L26* D156K W283R N390A I411P,nan,nan,0,0
CTGAAGTAGACAAGCA,Y172M W489C,nan,nan,0,0
CTGAATAACCCGAACG,H13Y S216G,nan,nan,0,0
CTGACAAAGCGCATTT,I24R I221N,nan,nan,0,0
CTGACATAAAAGTTAA,M194L S437R V485S,nan,nan,0,0
CTGACATGTAGGTGGT,Y129S S143G W210G I334T T397N,nan,nan,0,0
CTGACGCGGACCCACG,T296L Q416*,nan,nan,0,0
CTGACTGTAATCGTAA,A202K,nan,nan,0,0
CTGAGAAAGCTCCATG,N390I,nan,nan,0,0
CTGAGACAATATGATG,S56T,nan,nan,0,0
CTGAGTAATAAACTAA,H179F Q189L C292M F309S L387K,nan,nan,0,0
CTGAGTACGCTCAGAA,K33P L103W H230N T261P,nan,nan,0,0
CTGAGTACTAACCGAA,Y241* Y480I,nan,nan,0,0
CTGAGTTGTTCAGTCG,C53V F293D,nan,nan,0,0
CTGATACAAAAACAAA,G2L L32R K88L Q416E D432F,nan,nan,0,0
CTGATACAGTAAACTA,Q3R I411K K461I,nan,nan,0,0
CTGATACTAACCGGCG,Y36P C57S S171V G391M I403S S444R,nan,nan,0,0
CTGATAGCCCCGGGTA,T87I,nan,nan,0,0
CTGATAGGTTTGCAGG,M1R L105C,nan,nan,0,0
CTGATATCCGTTTCTG,C155*,nan,nan,0,0
CTGATATCCTGGAAAT,T70L N89Y,nan,nan,0,0
CTGATCAACTAGGTTA,G98C A202L V450P,nan,nan,0,0
CTGATCTGTTAATTAC,K272P R468F,nan,nan,0,0
CTGATTATGACAAGAA,V11E D156A N224* D408T,nan,nan,0,0
CTGATTTTATGCGTGC,F262L D401S K451A H467R,nan,nan,0,0
CTGATTTTGTAAACCA,N295V C463*,nan,nan,0,0
CTGCAAATTTAACATC,L29P N373* S389I,nan,nan,0,0
CTGCAATAAAGAAACA,T48N T58Y,nan,nan,0,0
CTGCAATGGCTTTGCC,N353K Y366Q,nan,nan,0,0
CTGCAGGGCTCCTTGC,C231W D317I K384F,nan,nan,0,0
CTGCATAGATTAAGAA,F191* T261- F262- T263- W264-,nan,nan,0,0
CTGCCTAACCAAACAG,R282L E308T,nan,nan,0,0
CTGCCTATAGGCAAAA,K33A T375N C475K,nan,nan,0,0
CTGCGCCAAAAGAAAT,G54T,nan,nan,0,0
CTGCGGTTCATCCCGC,S392W,nan,nan,0,0
CTGCGTAATATAGACA,T87A M192Y,nan,nan,0,0
CTGCTATTCCCATTTT,N37Y D156N G271S C364L Y393H S462F,nan,nan,0,0
CTGGACCCTCGTATCT,V5I V65N P464L,nan,nan,0,0
CTGGACGATCCTACTC,S56N G208L,nan,nan,0,0
CTGGATGTGCATAGGC,T6A L103P E228N I345Y,nan,nan,0,0
CTGGCGATACAGCGGC,A25T S27N L103Q,nan,nan,0,0
CTGGGACACCTGACTC,K88N I162K V187C L382Y,nan,nan,0,0
CTGGTACGTCTAAGTT,T110A,nan,nan,0,0
CTGGTCGACAGATCGA,T40K N127R,nan,nan,0,0
CTGGTGAGGTAACCAC,K33T R55L Q69R A152N G181Q N185V,nan,nan,0,0
CTGGTGTCAATCAACC,S143T L285R,nan,nan,0,0
CTGGTTGGATTATTAC,F7E V97R H354A,nan,nan,0,0
CTGTAAAAACACATAA,F49L Q335H G424D,nan,nan,0,0
CTGTAAGACAAAGAGA,S91G A177S S439N,nan,nan,0,0
CTGTACATACCCTCAA,C231L,nan,nan,0,0
CTGTATGTGACCTACC,M1A W227P T296Y L372P,nan,nan,0,0
CTGTGAAATATACCAC,C155Q A177V N373F D402W,nan,nan,0,0
CTGTGAATAAAACAAA,I4M L280P F309R A343K,nan,nan,0,0
CTGTGACGAAATGAAT,E72A L78* G260H,nan,nan,0,0
CTGTGATTTAGCCAGA,W489C,nan,nan,0,0
CTGTGCTTAATAAACA,I239C Q321K L415P,nan,nan,0,0
CTGTGCTTTTACACTA,T70R C155R Y241Q F318C,nan,nan,0,0
CTTAAAAATAATACTT,Q3* N185S R250C V450R,nan,nan,0,0
CTTAAAACTTCGGTAA,,nan,nan,0,0
CTTAAAATCCGTATAC,K63M I137N I286R,nan,nan,0,0
CTTAAACCAGACAAGT,M359G,nan,nan,0,0
CTTAAACTGAGAGTAT,G197T,nan,nan,0,0
CTTAAACTTAACCGAG,F7R E100V E303F Y369N F436D,nan,nan,0,0
CTTAACTCAAGGTAAT,G2R,nan,nan,0,0
CTTAAGAATAAAATCT,T87P N167V,nan,nan,0,0
CTTAAGCCATCTGAGA,G186* S199R I252E C364Y,nan,nan,0,0
CTTAATACTATGTGTG,F147S D311L V450S S462V,nan,nan,0,0
CTTAATCAGTACCAGC,S199G S389Y,nan,nan,0,0
CTTAATTATGTTGAGC,E151Y N185* R207A D347I,nan,nan,0,0
CTTACAACCATGAGAT,H305Y W370L S400M,nan,nan,0,0
CTTACAGATGAGACCC,C279F,nan,nan,0,0
CTTACCGTAAGCTCTA,A39R H230K C310Y L313T,nan,nan,0,0
CTTACCTACCTCCTAA,I15K H124Y,nan,nan,0,0
CTTACGACATCCCGAT,D204S,nan,nan,0,0
CTTACTAAACCTAAGC,G206K,nan,nan,0,0
CTTAGAAAACCATATA,T70E C155T E228*,nan,nan,0,0
CTTAGCACATTTGATA,S85T C86* S143G H179R D211G,nan,nan,0,0
CTTAGTAGCCAGTACA,,nan,nan,0,0
CTTATACCTGCGGAAT,G206L R248E D273G F293S,nan,nan,0,0
CTTATCACCATTAGAC,N89K,nan,nan,0,0
CTTATTTCCTTACAAT,P83A Q331M T377E,nan,nan,0,0
CTTCACAAAAAAAAAG,L71R N409Q H471M,nan,nan,0,0
CTTCACAAAAAAAATA,N185Y T215K V298T,nan,nan,0,0
CTTCACATCCGGGTTT,G34V F399I,nan,nan,0,0
CTTCACTAAATTTTGT,L259M T375G,nan,nan,0,0
CTTCAGAAGATAAAAG,S216F V431N,nan,nan,0,0
CTTCAGGTGGCTTGTC,M19L L50E M75I N127S,nan,nan,0,0
CTTCCCTCAAGATAAT,C57G G186I,nan,nan,0,0
CTTCGAATTACCCTTT,I4S P236Q R256M T261M,nan,nan,0,0
CTTCGTAAGTAGTCAA,Y393N,nan,nan,0,0
CTTCGTAGCGTGCATA,M80P L103E C310G,nan,nan,0,0
CTTCTGAGCCCTTTAG,N90I S121T D156G L349P,nan,nan,0,0
CTTCTTGTAGTCTAGT,S269L L394G V435G,nan,nan,0,0
CTTCTTTGAAATCCAA,R468M,nan,nan,0,0
CTTGACATGCAAACAC,F147V L220S,nan,nan,0,0
CTTGAGAAGCCAAAGT,L61Y S205I C385G,nan,nan,0,0
CTTGAGACCAGAAGGA,D156I L355E,nan,nan,0,0
CTTGCCGTGAGACTTG,T281M S400F,nan,nan,0,0
CTTGGACACAAGCTTC,P362T,nan,nan,0,0
CTTGGACAGAGTATGT,V164Q M420Q,nan,nan,0,0
CTTGGGTTACGTTACA,L35Y I136D G198F,nan,nan,0,0
CTTGTACAAACAGCAT,I21E Y62S K161F,nan,nan,0,0
CTTGTATTTCTAATAG,S143R T263S Y369L S389G P453Y,nan,nan,0,0
CTTGTCCGCTCTTACT,L394F L428T,nan,nan,0,0
CTTGTGCACGTTTCAC,M153V F316L M359G,nan,nan,0,0
CTTGTGGTAAGGTACA,S91R E413K F440I,nan,nan,0,0
CTTGTGTCTGTTATAC,A173L Y200* C212T E421I,nan,nan,0,0
CTTTAAAGGGGAAATA,N127F R257* R314L,nan,nan,0,0
CTTTAAGGGCTATACG,V47K N158L V431L,nan,nan,0,0
CTTTACACACCACACT,T263I,nan,nan,0,0
CTTTACATACTACTTA,L23K L78S H455Q,nan,nan,0,0
CTTTAGATTAAGTACC,I4T C57K V164F,nan,nan,0,0
CTTTAGTCTTGAAGTT,T375F G429Q,nan,nan,0,0
CTTTATCAGTATGATT,G2L I162L G174R N209Y,nan,nan,0,0
CTTTATGTCAAATAGA,C212* F233K Y241R,nan,nan,0,0
CTTTCACAAGCTATAC,A39R I358T V431L,nan,nan,0,0
CTTTCCAGAGTCGAGA,Y217R I252M A288L L344M K481S,nan,nan,0,0
CTTTCCATGACGCAGC,D347Y W489A,nan,nan,0,0
CTTTGAACTAGACGTT,T48H S135Y,nan,nan,0,0
CTTTGCGGAGACTCAC,D156V A177T S237P,nan,nan,0,0
CTTTGGAGGCTTGCGG,K125* L336S N390T,nan,nan,0,0
CTTTGGTACCTTGCTA,T59M R193T L433* S476V,nan,nan,0,0
CTTTGTAAGTTGGCTC,E67W E100A I403S C475A,nan,nan,0,0
CTTTGTACGACGGGTG,G98V,nan,nan,0,0
CTTTTACTAGAGTTAG,T101K T261S N390R,nan,nan,0,0
CTTTTCTTCAACCCCA,S439R,nan,nan,0,0
CTTTTTAAAGCGGACA,H93S G277N I350V,nan,nan,0,0
CTTTTTGATCTTGCTT,Y200L L315R,nan,nan,0,0
GAAAAAAAAAAGCAAG,C53L E270A P275L T296L,nan,nan,0,0
GAAAAAAAACGCTATA,I4L A123V S205T W264M,nan,nan,0,0
GAAAAACAAATTCCGC,C86G T226G,nan,nan,0,0
GAAAAACAGTAAAGTA,S171T N209S Y217H,nan,nan,0,0
GAAAAACATTAAATCT,F7* N390F,nan,nan,0,0
GAAAAACCGGGTTTCA,I15H E100Q E270* I458P C463N Q482P,nan,nan,0,0
GAAAAAGACACCCCCG,T375V,nan,nan,0,0
GAAAACAAAGCTATGA,L50V L107A H124N P483C,nan,nan,0,0
GAAAACAACGTAAAAT,W264D,nan,nan,0,0
GAAAACGACTTATTGA,E10G,nan,nan,0,0
GAAAACGATTAGTATA,S138T N148* L245M F309S Q324K,nan,nan,0,0
GAAAACTCTATAGCTA,A184V G198L I411S H448G,nan,nan,0,0
GAAAAGAGACAAAACG,H92L T182F M284P L442R,nan,nan,0,0
GAAAAGGGATACATTA,L479S,nan,nan,0,0
GAAAATACTGTACAAG,T81G Y278H A407L,nan,nan,0,0
GAAAATATGTAATATC,L46I E404* Y441F,nan,nan,0,0
GAAAATTAATTAAGGC,V22H C301L,nan,nan,0,0
GAAACAAAATTGTAAT,E72G C155G,nan,nan,0,0
GAAACACTGATAAAAA,A123N F318R I345H P362H,nan,nan,0,0
GAAACATACTTTAAGA,L46R F49C L68P L105M S267G,nan,nan,0,0
GAAACATCAAATATGT,F38L I221M S476Y,nan,nan,0,0
GAAACCACCAACAATC,I4Q G160L G181R T261*,nan,nan,0,0
GAAACCCGCACATTCT,C212R S389P,nan,nan,0,0
GAAACCCTAGCCAGGG,P427R S437C,nan,nan,0,0
GAAACCCTCACATTTA,A173S W210I T376L,nan,nan,0,0
GAAACTAACCAAATTC,G294L G478F,nan,nan,0,0
GAAACTGACCGATCAA,Q9N V164C Q218M S234N Y253F G260E E303K C477Y,nan,nan,0,0
GAAACTTCAACATACG,L103S P145L I162A G277S S389G,nan,nan,0,0
GAAAGACAGAGCCATG,F140L M153W F309P T380I,nan,nan,0,0
GAAAGAGACTACGTGA,T48H T110F,nan,nan,0,0
GAAAGCATAGGTAACA,L43I K88E,nan,nan,0,0
GAAAGCGTGACACTCC,T110G S171Y H179P E396T G429S,nan,nan,0,0
GAAAGGAGATTACGGC,,nan,nan,0,0
GAAAGTGATCGTATCC,K88C A173H T397V,nan,nan,0,0
GAAATATGGCGTATTT,N99T L355S,nan,nan,0,0
GAAATATTACGGAGCG,A184V S333A G460D,nan,nan,0,0
GAAATCAAGACCCGAC,T182S D347R R422K,nan,nan,0,0
GAAATCGAAATATACG,F318M Y480T,nan,nan,0,0
GAAATCTAACAATAAG,L52S Q331I,nan,nan,0,0
GAAATTATGACAAATG,V183* K300P,nan,nan,0,0
GAAATTCTCGATGCAG,P238E L313M H374I,nan,nan,0,0
GAAATTGAGAGTGAAC,A184G Y419A S462F K481L,nan,nan,0,0
GAAATTGATTTTACTC,T81P K161M I254L,nan,nan,0,0
GAAATTTTGCAACGTA,E104S Q416L D432Y,nan,nan,0,0
GAACAAAATATACAAG,P466A,nan,nan,0,0
GAACAAAATGAAAATA,H93R L133Q F147G,nan,nan,0,0
GAACAATACGAAAGCA,P275H F318V G360R,nan,nan,0,0
GAACACGAGAACTACT,F8N L51R A195T W370*,nan,nan,0,0
GAACACTAATTCAAAG,C301S,nan,nan,0,0
GAACAGATCCGAATGA,T226H M332F,nan,nan,0,0
GAACAGGAAAGAACTC,T87* H230N G260R C364P H457A,nan,nan,0,0
GAACATCTCACGGGAA,F233S E308R,nan,nan,0,0
GAACATGTGAGGGCGA,L84K Q331G,nan,nan,0,0
GAACATTCCAACGCCA,L32M G174S D408F,nan,nan,0,0
GAACCAGGTGCTGACA,A173F,nan,nan,0,0
GAACCATACGACCAAT,K272S W283R,nan,nan,0,0
GAACCCGACTCACAGG,V97T G159C S255E W264C N295S P453S,nan,nan,0,0
GAACCTAATTGGGAAC,E67N F157D V164P E228S Q324M L336M,nan,nan,0,0
GAACGAACCCAACATA,V47T S85T F293S G391C F440T,nan,nan,0,0
GAACGTTATAAATAAG,F7K S56K T225S G294V,nan,nan,0,0
GAACGTTGAATCCGGT,S111* G277I,nan,nan,0,0
GAACTACGACTCACGA,V44E L387Q,nan,nan,0,0
GAACTACTACCCTATA,L107G S111N,nan,nan,0,0
GAACTCTAGGGAGATT,V44N I345V,nan,nan,0,0
GAACTTGAAGCGGCTT,A30N A177R L447E,nan,nan,0,0
GAACTTTGGTTATATC,M19S,nan,nan,0,0
GAAGAAAGGACTGGAT,I136V L220H S476N,nan,nan,0,0
GAAGAAATGTATACAC,S205K P464F,nan,nan,0,0
GAAGAACCAAGATACC,V44S N209* T226I,nan,nan,0,0
GAAGAACCACCAGTGA,S135D A177* R257L S476R,nan,nan,0,0
GAAGACAACGCCTGTC,W196P Q218W N409I,nan,nan,0,0
GAAGACATAGAACCGT,M312P,nan,nan,0,0
GAAGATATGAATAATG,,nan,nan,0,0
GAAGCCACGAACACAG,T106P T139H K300Q,nan,nan,0,0
GAAGCCCATAACGGAT,,nan,nan,0,0
GAAGCCGCGATAATGG,Y62H C212G I252T L336I,nan,nan,0,0
GAAGCCTGAGATATGT,,nan,nan,0,0
GAAGCGACACCCGACT,L387S,nan,nan,0,0
GAAGCGAGAACAAACT,Q3K P83H G197Y Y480V,nan,nan,0,0
GAAGCTAAAAGAGCGA,D317T,nan,nan,0,0
GAAGCTAGGCTAGATC,L336F,nan,nan,0,0
GAAGGAAAACACCGCA,C86Y D347T I411A,nan,nan,0,0
GAAGGAACTAATTTTT,I21F A30S G484I,nan,nan,0,0
GAAGGACTTACCGAGA,S60Y,nan,nan,0,0
GAAGGAGCTATACAGA,T375S,nan,nan,0,0
GAAGGATTACACCACA,L120A H131Y D175V G181M R193S W196* N295G S444L,nan,nan,0,0
GAAGGCGAATGAATAC,,nan,nan,0,0
GAAGGGGAGATATCTG,T58Y V183E,nan,nan,0,0
GAAGGGTCAAGACGAG,E228V I334S I403L D408W,nan,nan,0,0
GAAGTAAAGATAATGT,H170* L372Y,nan,nan,0,0
GAAGTAATAATATACG,S56T G98S,nan,nan,0,0
GAAGTACAAGGGTACG,L52N C212Q N224L,nan,nan,0,0
GAAGTAGATCGCTAGA,Y129L N319I,nan,nan,0,0
GAAGTCCACGAATTCA,N90F W210E Y278D R456V,nan,nan,0,0
GAAGTCCCGAACAAGA,S234I E303I Y393S,nan,nan,0,0
GAAGTCGGGTATCCCC,H13A K63N T101K P145C Q331L T380V,nan,nan,0,0
GAAGTCTATAGAGCAT,I4S E104S K451D,nan,nan,0,0
GAAGTGAACGTAATCA,S91L I334R T412S Y480R,nan,nan,0,0
GAAGTGCAAGTTCAGC,M19V N89R A330D L372Q,nan,nan,0,0
GAAGTGGAAGCACAAC,G98R,nan,nan,0,0
GAAGTTCGTAACTAAG,F293K,nan,nan,0,0
GAAGTTTGAAATGTAA,E100G Y150R G460F,nan,nan,0,0
GAATAAACATGAGGAG,F293E G424R,nan,nan,0,0
GAATAAAGTAATACCC,,nan,nan,0,0
GAATAAATTTAAAACA,E307S,nan,nan,0,0
GAATAACGCCGTAGAA,E17L G160C V187F L203R M359I D401V,nan,nan,0,0
GAATAAGTTTTATCGC,L315V M332A,nan,nan,0,0
GAATAATATATTAAAC,,nan,nan,0,0
GAATAATCATGAAAAT,E329Y C477A,nan,nan,0,0
GAATACAGGCAAAAGC,N20P A39S T454M L469N,nan,nan,0,0
GAATACCCAACAGATA,,nan,nan,0,0
GAATACCCCATGAATC,L23N Y166*,nan,nan,0,0
GAATACTATCAGACGA,V22G T274S,nan,nan,0,0
GAATAGATATGAATAT,L266F,nan,nan,0,0
GAATAGGCAGCTGAAA,L68I A184T G277N I345L S400A,nan,nan,0,0
GAATAGGGCAATGAGA,G42M V47T L78V E100*,nan,nan,0,0
GAATATAAAATCTCGG,S56C S143I G243N H467Q K481V,nan,nan,0,0
GAATATAAATACGTCG,C57R,nan,nan,0,0
GAATATAAATCCAAAG,V28P S56M L84T L168I G174S S381R,nan,nan,0,0
GAATATGCCGATTTCG,L479P,nan,nan,0,0
GAATATTAGAGAACTC,T139A H179Y R256M V298Y I345N,nan,nan,0,0
GAATCAAAAGTGAGTA,E16* N158D C231Y I239V,nan,nan,0,0
GAATCAAGAACTTTCC,G54I N185D S437A R491T,nan,nan,0,0
GAATCAATAGAATCCG,N119Y R422F,nan,nan,0,0
GAATCAGACTAACAAC,K417T P464K,nan,nan,0,0
GAATCAGTGCATATAA,Y166T V183E Q223R S367F F399C,nan,nan,0,0
GAATCATGGGACGAAG,N20P G206V M214H N346D R422Q,nan,nan,0,0
GAATCGAGGACTAAAT,,nan,nan,0,0
GAATCGATCTCACGGA,A25R Q405*,nan,nan,0,0
GAATCTAAATCCTCTT,N209V,nan,nan,0,0
GAATGAATAGCCAAAG,C155A Y166* L394S T426V L447T,nan,nan,0,0
GAATGACAATACACTT,L50I S143I N224W,nan,nan,0,0
GAATGACGCCCCCATA,S85F,nan,nan,0,0
GAATGAGGTCTGGAAC,G159R D211Y M414I,nan,nan,0,0
GAATGCTCGCGGCAAC,A176S Q218R,nan,nan,0,0
GAATTAAACCCAACAA,C212G I252P W283Y C463A,nan,nan,0,0
GAATTAAATCAAAATA,W196S S439Y,nan,nan,0,0
GAATTAACTCTGAGGT,G378P,nan,nan,0,0
GAATTCAAACGGCGAA,M192D M332G,nan,nan,0,0
GAATTCACACGCCACA,L32E,nan,nan,0,0
GAATTCTAACTCACAT,V5R Q9K H230R,nan,nan,0,0
GAATTGCCAGTAGATG,T48C Q416E,nan,nan,0,0
GAATTGGTGTACCCGA,M75H E308T,nan,nan,0,0
GAATTTCCCAAATGAA,T190F,nan,nan,0,0
GACAAAAAGTAAAGGT,F49P,nan,nan,0,0
GACAAAAGTCAAAACA,T101V A176E,nan,nan,0,0
GACAAAGACAGAGTTA,T274I T375D,nan,nan,0,0
GACAAATACTAAACGA,T59R L105P T110P S255C,nan,nan,0,0
GACAACCCTTGGAAAA,F157V S216L V298R S389F,nan,nan,0,0
GACAACTGTAAAATAC,L430V,nan,nan,0,0
GACAACTTTCAACGGA,C53I E151M Q189W A297C,nan,nan,0,0
GACAAGTATCCGTAAC,Y200R W386R,nan,nan,0,0
GACAATCAAACCATTA,L32G Y219V Q232T N373F,nan,nan,0,0
GACAATCGCAAAAAAC,H115S A152P T190N,nan,nan,0,0
GACACAAATATAAATC,G34S M192A,nan,nan,0,0
GACACATGGGAATCAG,I4V T48Y N89L L128A K272I,nan,nan,0,0
GACACCAAGCTTATTA,L32N F140A I162* W210M,nan,nan,0,0
GACACGAACAATATAA,Q149A K339P H457I,nan,nan,0,0
GACACTCATGATGCGC,G271S K352L H467D,nan,nan,0,0
GACACTCTATCCGTGG,S367D F446Y,nan,nan,0,0
GACACTCTTAATATCA,F157M L258G Q321* D432L,nan,nan,0,0
GACACTTGACGATAAC,G42L,nan,nan,0,0
GACAGGAATCGTGCAC,L78N C310Y,nan,nan,0,0
GACAGTTGATATAGTC,,nan,nan,0,0
GACATAAGACAGAAAA,R314F E421F Y441R,nan,nan,0,0
GACATAGCCTTCCACA,C155F,nan,nan,0,0
GACATCACATAGAGAT,E228L S246Y R325K,nan,nan,0,0
GACATCAGACCTATCT,A39V Q218P Y363D T375A,nan,nan,0,0
GACATTAACCTTTCGA,Y62G T81C S169K,nan,nan,0,0
GACCAACACGACATAA,K33W C155E R325F,nan,nan,0,0
GACCACAAAATACGAA,S138D Y278G,nan,nan,0,0
GACCACAAATTGACCA,F157* S216T,nan,nan,0,0
GACCACTAGGACCACC,S27T E228R L349W,nan,nan,0,0
GACCATCAAATGATGA,K63N T215N H374S T438G,nan,nan,0,0
GACCATCCATCCAAAT,M19G C155V C231W G260T Q331S,nan,nan,0,0
GACCATTACTGGTCAT,M82* I458T,nan,nan,0,0
GACCCACCAAGACAGA,L43T F49Y K161Y,nan,nan,0,0
GACCCACGGGCTAAAC,G34N G159D C212Y,nan,nan,0,0
GACCCATTACACCAGC,S154R F399K,nan,nan,0,0
GACCCCTGGTTCGCAC,Y62D N127I S444L,nan,nan,0,0
GACCCGCCGCCGGCAT,T225M T375C,nan,nan,0,0
GACCCGTGCTAACCTT,A340V N353S S462C,nan,nan,0,0
GACCCTCATGACCTAA,E17L G160S,nan,nan,0,0
GACCGAAAGCGCTGCC,H93G W227E,nan,nan,0,0
GACCGAATGAAAATGA,H92D S171L C364R S476V,nan,nan,0,0
GACCGGCACGAATTAT,F38V N346F,nan,nan,0,0
GACCGGGCGAGTCGTA,R422G,nan,nan,0,0
GACCGGGCTGATTTAA,L168V A173K Q189E,nan,nan,0,0
GACCGTGGCTTGAATA,S269*,nan,nan,0,0
GACCGTTATCAAGACT,Q3* I286Y F440S,nan,nan,0,0
GACCTAAAAGATGGAG,S91N A407S,nan,nan,0,0
GACCTAATACACATCG,,nan,nan,0,0
GACCTAATCCCCATGA,K461L,nan,nan,0,0
GACCTACGTCAGCAGC,M359Q,nan,nan,0,0
GACCTATCACTAAAAC,L103E G159D A297P,nan,nan,0,0
GACCTCCTCAGCGTCC,G276S,nan,nan,0,0
GACCTCTAATTTACAA,G277P H305L L479D,nan,nan,0,0
GACCTTAAAGAGATAT,I15S Y66P C231F,nan,nan,0,0
GACCTTATCAAAGTTA,Q3L M96Y G277F P486Y,nan,nan,0,0
GACGAAACTTCTCTTG,,nan,nan,0,0
GACGAACATACCATTA,N470R,nan,nan,0,0
GACGAACGACTACCAT,V44P C53M V164R L220Q T376W,nan,nan,0,0
GACGAATGACACCCTG,Q482*,nan,nan,0,0
GACGACACTAAGGAAA,M192R I222S T375N,nan,nan,0,0
GACGAGAATTGAACGT,N127D S171T Y200L S216N W283L L447R,nan,nan,0,0
GACGATATGATCAGAA,I137P H170K N209V E307D,nan,nan,0,0
GACGATCTAACAAGTG,,nan,nan,0,0
GACGATGAGTCCCTAC,Q3H L46M D175R,nan,nan,0,0
GACGCGAACACACTAC,Y94* G198W,nan,nan,0,0
GACGCTCAACGGAAAC,T249M S439L,nan,nan,0,0
GACGGCATCAAATTAA,G360D L387D,nan,nan,0,0
GACGGGAAGTCACACC,M1N G45H Q247Y F293R S367N,nan,nan,0,0
GACGGGCAAAACAAGA,K63P Y94* N148S T261K,nan,nan,0,0
GACGGGGAGCTCAAAT,W264A,nan,nan,0,0
GACGGGTTTTTTTTAG,V44E,nan,nan,0,0
GACGGTGTGTACACGC,C57Y Y62N H115R N127P,nan,nan,0,0
GACGTACTATTGACCT,G102R N224M,nan,nan,0,0
GACGTCATACGTTCAG,V65G L103I K490W,nan,nan,0,0
GACGTTACATGGAGAA,C57L G174R A297S,nan,nan,0,0
GACTAAAAGCAGCAAC,F7K L128H T296V P427E K481A,nan,nan,0,0
GACTAAGAAGATACGG,F7R L220T,nan,nan,0,0
GACTAAGTGCCAAGTG,T377S M414I K417P,nan,nan,0,0
GACTAGATCGCAAGCC,I4V V341M H467V,nan,nan,0,0
GACTAGCAAAGAGACA,N346L N395W,nan,nan,0,0
GACTATTAGAAGTAGG,N114K N390A P486H,nan,nan,0,0
GACTATTGTACTCGGA,N373A I458Y,nan,nan,0,0
GACTCCACCGAACAGA,T397I T454R,nan,nan,0,0
GACTCCCCAATTGCAA,G34Y T40D E270C,nan,nan,0,0
GACTCCGAGTGCCAGA,H141A M312C S389V Y393S,nan,nan,0,0
GACTGTGATAAACATT,Y66R Y371Q P453I C463H,nan,nan,0,0
GACTTAAGAGCAAAAA,G34I Q482I,nan,nan,0,0
GACTTCCACGAGAGCC,H13M S163R D402L F440D,nan,nan,0,0
GACTTCGACTTCACAA,V97R S476D,nan,nan,0,0
GACTTCTACAAGGGAC,Q3L K161M S255V E287Y P383H Y419R I458F,nan,nan,0,0
GAGAAAAGTCGGTCTT,I201M S267R F316* Q331K,nan,nan,0,0
GAGAAAATACGATGTA,P383L N390M,nan,nan,0,0
GAGAAAGCATGCTAAC,T6G L32H W196T G378*,nan,nan,0,0
GAGAAATTCATGTACA,A30P E67* T101N P466T,nan,nan,0,0
GAGAACTCCGAAACTA,H230L,nan,nan,0,0
GAGAAGAAAACCGACC,F49N M192T S462L,nan,nan,0,0
GAGAAGATGGCATTGA,D317H,nan,nan,0,0
GAGAAGGCATTTGGGT,M194R L258S P486A,nan,nan,0,0
GAGAAGGTCTCGGTGA,T261M I403L,nan,nan,0,0
GAGAATCCAATCCTAC,S199V R282C I403F,nan,nan,0,0
GAGAATCGCCCCAGGG,M19G I213W N373L K488L,nan,nan,0,0
GAGAATTATATCACAT,A297F,nan,nan,0,0
GAGAATTCTGTAGGCA,I361S R379H,nan,nan,0,0
GAGAATTTCGTAACAA,R468K,nan,nan,0,0
GAGACAGTTAATGGCG,L103I V298R L326P F440T,nan,nan,0,0
GAGACCAATACGTTAC,W264N I445F W489Q,nan,nan,0,0
GAGACGAGGTTGAGAT,L35N,nan,nan,0,0
GAGACGATCGGGCTAG,N319Q,nan,nan,0,0
GAGACTGAGCACGGTT,G159K C212* L442Y I474H,nan,nan,0,0
GAGAGAAAGATTTAGA,I213L E287F D432K T454A,nan,nan,0,0
GAGAGAATAGTATGTA,Y200S N338L L430H,nan,nan,0,0
GAGAGCAACTGCGTCA,P83F,nan,nan,0,0
GAGAGTTTACTTCGAG,W489F,nan,nan,0,0
GAGATAAGCCATAAAC,M351*,nan,nan,0,0
GAGATAATATTAAGGC,N90R,nan,nan,0,0
GAGATAGTGGACATGA,S143* A297D,nan,nan,0,0
GAGATGACAATTCACC,L32K T215R G276N,nan,nan,0,0
GAGATGTGCTAGTCAA,T81S F318S C463V,nan,nan,0,0
GAGCAACTATTCTAAA,L23K,nan,nan,0,0
GAGCACACACATCCCC,L26E T182R R250* D306M,nan,nan,0,0
GAGCCGTCCTGATTAA,E418M,nan,nan,0,0
GAGCCTACACGGATAA,T6V C475*,nan,nan,0,0
GAGCCTCAGGATCAAA,V5S C180F G276L K327L T438S,nan,nan,0,0
GAGCCTGACAATGGTT,T40E E104G L382R T412S,nan,nan,0,0
GAGCGCCATGAGCCCC,F399E,nan,nan,0,0
GAGCGTACCGTGACCA,M75V H92E D175F W196L R256H,nan,nan,0,0
GAGCGTATTGCACATA,K63S S85Y L133S S462L,nan,nan,0,0
GAGCTAAAAAGAATGG,L43S T59D A330V,nan,nan,0,0
GAGCTAGACGTTTATG,N395E,nan,nan,0,0
GAGCTGAACTCGCTAG,T101A T454S,nan,nan,0,0
GAGGAAACGCAGACAA,Q3R,nan,nan,0,0
GAGGAATAAAAGGACT,F49M A184T L382K,nan,nan,0,0
GAGGACTCGGGACTCT,D156T I213V I239N,nan,nan,0,0
GAGGAGGTCCTTATAG,L50* L133C,nan,nan,0,0
GAGGAGTCTTCCATAG,L258W,nan,nan,0,0
GAGGCGTAAAAAAATA,K88W L142H H170T I334F R356E,nan,nan,0,0
GAGGGTAACCGTTTGT,N109R D156A S234L T274W N346V,nan,nan,0,0
GAGGGTGTAACGGCAG,Y166D A330C S400I C477Y,nan,nan,0,0
GAGGTATAGTGATGTA,V164E F293Y,nan,nan,0,0
GAGGTATGATCGGAAG,G160S S392T L430A,nan,nan,0,0
GAGGTATTAAGATTAA,Q3L V28E T110L G160D,nan,nan,0,0
GAGGTCCAAAGCAGTT,I239V,nan,nan,0,0
GAGGTTTATCTGCAAA,C212M I323N,nan,nan,0,0
GAGTACGTCTCTTAAA,A343F,nan,nan,0,0
GAGTACTTAAAACTGC,E104T L107S F157P L433P,nan,nan,0,0
GAGTAGCAGTACATTA,L103G L142E S367A,nan,nan,0,0
GAGTATAGCATGGAAT,H179L M214S,nan,nan,0,0
GAGTCAATAAAGTCCT,L245N V487L,nan,nan,0,0
GAGTCATAGCAGACCA,G98V,nan,nan,0,0
GAGTCCGGACTATACA,H92* W370F L430S,nan,nan,0,0
GAGTCGGTCCGCCATC,G98T,nan,nan,0,0
GAGTGACTTTCTGATG,C155* V164M E287P,nan,nan,0,0
GAGTGAGTTCCCCAAA,L78N D229I I286H D317F Y441K,nan,nan,0,0
GAGTGATTGTCTAGTG,T296N L336S A343L,nan,nan,0,0
GAGTGTCGGGACTACG,H131L Q165L V183S C231S,nan,nan,0,0
GAGTTAAATGTACAAT,P12E S437D,nan,nan,0,0
GAGTTACACCAATTTC,,nan,nan,0,0
GAGTTCTAAATCACAT,V65K N90Y S171N Y200L G206A R250A,nan,nan,0,0
GAGTTCTTGGGTATCA,T249L M420I L428V,nan,nan,0,0
GAGTTCTTGTTACTTC,C41R G54C T81F L355A,nan,nan,0,0
GATAAAACATAGGACG,M19W K125I S163N L168*,nan,nan,0,0
GATAAACCCATCTTCA,V459D,nan,nan,0,0
GATAAAGTCAACAACT,Y150E F157N I350S,nan,nan,0,0
GATAAATGATTTGCTT,Q3W T376S,nan,nan,0,0
GATAACAACTCATGAA,G102I A152R Y166M Q232K S269H H374N P466S,nan,nan,0,0
GATAACTCACAGTAAC,C57R G276K S381H,nan,nan,0,0
GATAATCGAATTAACC,F446S,nan,nan,0,0
GATAATTTAATGAGAC,,nan,nan,0,0
GATACAAATCGCTGGC,C86S L259Q,nan,nan,0,0
GATACCTTATTTTACC,A340D T426R,nan,nan,0,0
GATACGATAAACGTTC,S143A V164F C212V,nan,nan,0,0
GATACGCTTCAATGAA,Q232N G277D R491S,nan,nan,0,0
GATACGTCGTCTAACC,K161* L242C N365L,nan,nan,0,0
GATACGTTTAGTGACT,M19S C212V M312K,nan,nan,0,0
GATACTATCCTTATGG,,nan,nan,0,0
GATAGAAACATGCAAA,V97R I445S,nan,nan,0,0
GATAGAAGATTTAAAT,H115N Y363A,nan,nan,0,0
GATAGATAGATAAGGT,S333H W489*,nan,nan,0,0
GATAGATGAGCAGTCC,Y129N F440P,nan,nan,0,0
GATAGGGCAAGACTAG,I411* P427Y,nan,nan,0,0
GATAGTACCGAGCCAA,R235L F262L,nan,nan,0,0
GATAGTAGGATATATG,I4F S163A S199I V435W,nan,nan,0,0
GATAGTCTATCACCGC,V31I N295D R379F,nan,nan,0,0
GATAGTGGCACAAGAA,Q321* K490F,nan,nan,0,0
GATATACAGATGCTGG,N74P N114*,nan,nan,0,0
GATATACGGAAATAAT,E10K Q69V N90K M153D,nan,nan,0,0
GATATAGTACACTATC,N119M M359V A407R,nan,nan,0,0
GATATCAAAAAGTGAT,L326P,nan,nan,0,0
GATATCCACATCCATC,A25L Q482*,nan,nan,0,0
GATATGAAGCCGAAGT,G42C E67N H179P,nan,nan,0,0
GATATGGTAGCCAGCA,C310V S439G,nan,nan,0,0
GATATTCATATGTAAA,R55I N295I C385F G429Y,nan,nan,0,0
GATATTTATTTTAAAT,K33L Y480G,nan,nan,0,0
GATCAAACAATGTCGG,S135I Y369L,nan,nan,0,0
GATCAACTGAAATCCA,H179Q R257G,nan,nan,0,0
GATCAATCAATCAGCA,Q3R V18M V28P D432E,nan,nan,0,0
GATCAATTCTCGCCGA,T101I N353I,nan,nan,0,0
GATCACCCAAATGCAA,A132P,nan,nan,0,0
GATCACCTATTATGGG,E72F G174S Y200W K327C N365M,nan,nan,0,0
GATCACTAAGTACTTC,F233L A299G,nan,nan,0,0
GATCATAGTAGATTAA,G64K K126I N185T,nan,nan,0,0
GATCATTAATTACACA,L61F I350L K451G,nan,nan,0,0
GATCATTATATGAGAT,T6E V14P C86A S154G,nan,nan,0,0
GATCCAGCCCTCTCAT,L52E N90S P275G C475K,nan,nan,0,0
GATCCAGCTAAAGCTC,M414C,nan,nan,0,0
GATCCATAACTCCTAT,S85L Q165K,nan,nan,0,0
GATCCATAATGGCACG,G98L D175G N302K,nan,nan,0,0
GATCCCCCTAATAAAA,N109W T225P F316E K384V,nan,nan,0,0
GATCCCCGAAAAGACA,S199V K327N H467P,nan,nan,0,0
GATCCCGCAGGCTTTA,L84R K126T,nan,nan,0,0
GATCCTTACGCCACAT,G271Y,nan,nan,0,0
GATCGAGTTGATTTCT,Y278I,nan,nan,0,0
GATCGATAACCACGCG,M351K,nan,nan,0,0
GATCGGAAAAAAAAAC,R193C D306M,nan,nan,0,0
GATCGGGTAAATCCAA,I136S Q149L T225L M351R,nan,nan,0,0
GATCTAATCTTAGACA,,nan,nan,0,0
GATCTATTGACTGAAG,S121T G197H H305C L349E,nan,nan,0,0
GATCTCGAAGGATTGC,H124A W227A,nan,nan,0,0
GATCTCTAAAAAGGGA,S91L W196V,nan,nan,0,0
GATCTGAATTGTCATG,,nan,nan,0,0
GATCTTCCACCAGATT,N37S D408M H457L C475R,nan,nan,0,0
GATCTTGCTTCTAACG,L105S M134T N185A W196R S199Y A288C I361M,nan,nan,0,0
GATGAAGAAGAATCTT,V5D G64L,nan,nan,0,0
GATGACACAATTACTA,M153Y Q324P E404I K417R S476C,nan,nan,0,0
GATGAGTACTACACAA,S163N N167L Y219T,nan,nan,0,0
GATGATAAATACCTTT,G159* Y172N I474A,nan,nan,0,0
GATGATTTATATTCAA,H93M M192* L372C,nan,nan,0,0
GATGCAAAAAATATTA,T101Y H131G T139A G260Y T397V,nan,nan,0,0
GATGCAAAGGATGTAG,Y241I C279A C463N,nan,nan,0,0
GATGCCGACTATATTC,S56I I443F,nan,nan,0,0
GATGCTGGGCCTTAAA,K63F Q69I S163P N365A,nan,nan,0,0
GATGGAAGGATTAGGG,G174T H455D,nan,nan,0,0
GATGGACGCGAGTTCC,V47G Y253R L349S C477W,nan,nan,0,0
GATGGAGCACCACTCG,M1Q F140L E151I N302M,nan,nan,0,0
GATGGCAATAGAGTTA,L428H,nan,nan,0,0
GATGTAAAACCGGGAC,E72L F147N Y441H,nan,nan,0,0
GATGTATTCCACATTA,,nan,nan,0,0
GATGTCGCTTACTCAC,G45E H131M N346S,nan,nan,0,0
GATGTTTTACACAAGG,I24V S60M N167S E270S L372M,nan,nan,0,0
GATGTTTTCTGACGCG,T77V I474L,nan,nan,0,0
GATTACAGGAATGTAA,C57K F399E C477Y,nan,nan,0,0
GATTACGATACCTCTC,Y200L W227C,nan,nan,0,0
GATTACTCATTAAACT,L29R,nan,nan,0,0
GATTAGGGCGTAAAGC,S27W,nan,nan,0,0
GATTATAACGAATGAA,D122F D156C G186D T380M,nan,nan,0,0
GATTATAATGCCGGCT,M1R T263Q D273E,nan,nan,0,0
GATTATATGCGGGAAA,W283Y Q482K,nan,nan,0,0
GATTATGAAAATCACA,L128E P486S,nan,nan,0,0
GATTATGTGCACTAAA,C301S N390H,nan,nan,0,0
GATTATTGCCCTCCCA,Q69R L105R,nan,nan,0,0
GATTCAAACAAAATTA,L103T S135L T190L,nan,nan,0,0
GATTCAAATAGATATC,L103T T274L,nan,nan,0,0
GATTCAGCCGACTAGT,T87S M134N L168P S269L Y480C,nan,nan,0,0
GATTCAGGGCACGCCA,L84T D204F Y393F,nan,nan,0,0
GATTCCACATCTCATT,L46Q E72S,nan,nan,0,0
GATTCGCGCTCGTACT,C57G R207K Q247W,nan,nan,0,0
GATTCGGTAGTCACCA,L78S C155H,nan,nan,0,0
GATTCTATGTAAGATT,T6F F140W S199V C301A C477R,nan,nan,0,0
GATTCTCGTCGGTCAT,W227* F262L L428N,nan,nan,0,0
GATTGAACGAAAACAT,C57V F157Q N185I Y200F,nan,nan,0,0
GATTGATCGGAACGTA,E151F T274P C385L L394G V487A,nan,nan,0,0
GATTGATTGATGGGGA,G98N L344F,nan,nan,0,0
GATTGTACATTGAGAA,L107N T139P H455M C475*,nan,nan,0,0
GATTGTACCAGAGACT,I144L P466I,nan,nan,0,0
GATTGTTAGGTTCTAT,C155Q G174T G277A,nan,nan,0,0
GATTTAACACGTGAAA,G98F L220E R256L G260L T281Y F316M L469E Y480M,nan,nan,0,0
GATTTAGGCGATGAAG,E287R,nan,nan,0,0
GATTTATATATCTACG,S138T,nan,nan,0,0
GATTTATTATATTACA,V14I T281S A322L G378V H398Q,nan,nan,0,0
GATTTCGGGTATCAAC,L103C A152T,nan,nan,0,0
GATTTGCAATTTTGTT,A132G D175M N209C,nan,nan,0,0
GATTTGTAGGCCTTAG,L23P A132P N209Y G240R,nan,nan,0,0
GATTTTCGAAAAAGAG,V47* L430F,nan,nan,0,0
GATTTTGCAAGCTACC,R248L,nan,nan,0,0
GCAAAACGAAACTCTG,Y94P G160V V187F H398*,nan,nan,0,0
GCAAAACGCCTATCCT,,nan,nan,0,0
GCAAAAGACAAAGTAC,,nan,nan,0,0
GCAAAAGCCGGAGTAC,S444R K451F,nan,nan,0,0
GCAAAATCTGAACCCC,,nan,nan,0,0
GCAAACAAACCGCAAA,Q165M R314F,nan,nan,0,0
GCAAACCAGAACAGGG,E76R A152F N295K N302K,nan,nan,0,0
GCAAACTATTGCATAC,G54W F147V,nan,nan,0,0
GCAAAGCATTACACCG,Y200S E270I Y441L,nan,nan,0,0
GCAAATAAAAGATAAA,,nan,nan,0,0
GCAAATCGATTTGACA,G160A,nan,nan,0,0
GCAAATTACGCAGCTT,S60P I136W M284I,nan,nan,0,0
GCAACAAAGATACAAA,R193M,nan,nan,0,0
GCAACAGAGATGTGTT,E76A C86R N148S Q223R A288G L394P,nan,nan,0,0
GCAACCGCAACTGGGC,A39D A132N K272L,nan,nan,0,0
GCAACGGAAGAACTGA,N185V Q218H,nan,nan,0,0
GCAACGGCGAAAGGGC,,nan,nan,0,0
GCAACGTACAAACATT,S246T K272* K291L,nan,nan,0,0
GCAACGTCGATGTTTA,N302G,nan,nan,0,0
GCAACTGTAGCAACCA,F157L E396L,nan,nan,0,0
GCAACTTTGACAGGAA,A177K A202D S234D I252C N373V,nan,nan,0,0
GCAAGAAAAACCCAAG,C475*,nan,nan,0,0
GCAAGACAAGTCGGGA,S171G F309V V341P K417Y,nan,nan,0,0
GCAAGCTACGTAAAAC,L51N E418*,nan,nan,0,0
GCAAGCTAGTAAAAGA,E76A T110S F140A F157Q A340Y,nan,nan,0,0
GCAAGCTATCCAACAC,V97P G391C N470Y,nan,nan,0,0
GCAAGGGCCTTTACAC,E72H M82G E228L Y253N S267G,nan,nan,0,0
GCAATAATGTAAGCGA,A176V L280P,nan,nan,0,0
GCAATAGAGAAGTTCC,P383C F440L,nan,nan,0,0
GCAATATACAATACAG,,nan,nan,0,0
GCAATATTATAACCCC,S60R S381A,nan,nan,0,0
GCAATCCTATGACAAA,S234P,nan,nan,0,0
GCACAAAAGAACAAAC,,nan,nan,0,0
GCACAAATAATTTTGG,S27I T182N F293S Y393L P483S,nan,nan,0,0
GCACAACCACGCCGAT,G42D L120* G160E,nan,nan,0,0
GCACACAATATTGAAT,H124V D357* P464S,nan,nan,0,0
GCACAGGTCCACGCCT,,nan,nan,0,0
GCACAGTACATGAATG,W227Y D251C N390T P466R,nan,nan,0,0
GCACATCAAGCCGATG,D273A I361R C477H W489S,nan,nan,0,0
GCACCAAATAAGTTTT,,nan,nan,0,0
GCACCAGATGGTGAAG,H170W,nan,nan,0,0
GCACCAGGTTTAATAC,C180T W264L I345S H398L,nan,nan,0,0
GCACCCGTTGATGAAT,L68N L103M,nan,nan,0,0
GCACCGCCCTAACCAA,Q9T A288S E404R I445*,nan,nan,0,0
GCACCGGTTTATCTCA,,nan,nan,0,0
GCACCGTTTAAAACAA,F49R L84E I144M W264I,nan,nan,0,0
GCACGTACAGATAAAA,T438L,nan,nan,0,0
GCACGTTAAGGACTCA,Y36Q N338L,nan,nan,0,0
GCACTATTCAAACAAT,E396H A407T,nan,nan,0,0
GCAGAAACCTGAAAAA,Y66N S163V D251* K451A,nan,nan,0,0
GCAGACTTGGAATAGA,E308M D347L L394P L469S,nan,nan,0,0
GCAGATTGCATGACAA,C231L S237R,nan,nan,0,0
GCAGCGAATTGGGATT,F7V L84V V164T T190Y S267F,nan,nan,0,0
GCAGGCCTGCCCAATG,V5G I136Y P464I,nan,nan,0,0
GCAGGCGAGTTGAGTG,Q149C H467C,nan,nan,0,0
GCAGGGCACGAGATAA,V5A I443S,nan,nan,0,0
GCAGGTCAAGCACAAC,V14T,nan,nan,0,0
GCAGTACGGCACCATC,H13V L103H Y129S R193N Y393*,nan,nan,0,0
GCAGTCACTATCGAAA,L103Y A152T T263Y,nan,nan,0,0
GCAGTCGAAAAGGAAG,G208*,nan,nan,0,0
GCATAAGAATCACATG,T101V G174L,nan,nan,0,0
GCATAATTTACCCAAA,S121* S205N F316T I358A,nan,nan,0,0
GCATACAGATGAGTCC,H115D H230L R257G P427F,nan,nan,0,0
GCATACGTGAAGACAA,L78Q I144D D306E T377R,nan,nan,0,0
GCATACTAAAGCATTA,F140A Q189S,nan,nan,0,0
GCATAGAACTACATAC,L26D G102F S381L,nan,nan,0,0
GCATAGCACATTGATC,A343E,nan,nan,0,0
GCATATACGTGCCACG,N37V L128F L259W L326T A330R,nan,nan,0,0
GCATATGGATCCACGC,T87F M359L L442Q,nan,nan,0,0
GCATCAAAAACCACGC,K88T S237* D306A Y480R,nan,nan,0,0
GCATCAACGTGGACCC,L78Y M284V N338C,nan,nan,0,0
GCATCAATCATTCATC,G240V,nan,nan,0,0
GCATCCGTAGTCGAAG,L103T L290H,nan,nan,0,0
GCATCCTACCACACTG,K125L,nan,nan,0,0
GCATCGCCACACTGTT,M75Q T87I G277T V298K,nan,nan,0,0
GCATCGGACATCCTAA,,nan,nan,0,0
GCATGAAAACCTCGAG,Q3K D347R,nan,nan,0,0
GCATGCGACGGATCAA,I286L,nan,nan,0,0
GCATGCGCATACGAAT,G160*,nan,nan,0,0
GCATGTAAAGAAAAAC,K33I L78F D156V Q232* N409I,nan,nan,0,0
GCATTAAATATAGTCT,C57G G473S,nan,nan,0,0
GCATTAACCAAACTAC,L120T A202P R456Y,nan,nan,0,0
GCATTAGAAACAGTTG,M134* V164L N178L,nan,nan,0,0
GCATTAGTTCAAAGTA,M214V L245R,nan,nan,0,0
GCATTCAAAGATTATT,L285* L313S L382W D401V,nan,nan,0,0
GCATTGACGTATCCTC,Q9*,nan,nan,0,0
GCATTTAGTATGCACT,F49I S367N M414K,nan,nan,0,0
GCATTTCTTACAAAAA,I4N Y219A,nan,nan,0,0
GCCAACCTGTTTAATA,A123S E413T,nan,nan,0,0
GCCAAGATGTGCTAGC,P275L,nan,nan,0,0
GCCAATAAACCTACAA,C118Y V341K,nan,nan,0,0
GCCACAATTCCATCGC,G240F,nan,nan,0,0
GCCACAGGAAACTTAA,L84* P145L I361F,nan,nan,0,0
GCCACGTATAGACGCT,I112S F293K,nan,nan,0,0
GCCAGAATAGAACCTT,C53R L103M Q218R C364S,nan,nan,0,0
GCCAGATTCATTCGAA,E307T Q324A P464L Y480R,nan,nan,0,0
GCCATACAAAAAAGAT,T59S Y129E A330Y Q405C,nan,nan,0,0
GCCATACATTCTAAAC,,nan,nan,0,0
GCCATAGATAGCATAC,L52* Q69V E104K,nan,nan,0,0
GCCATATTTACGAGGT,C364*,nan,nan,0,0
GCCATCGCAAGTCTAA,A25T T426K V459M,nan,nan,0,0
GCCATGCGCTTGGGAC,H93T D402I I458L,nan,nan,0,0
GCCATGCTGACCAGTA,N90* C463V G473M G484L,nan,nan,0,0
GCCATGGCATCTATGA,L128R Q189A G276T,nan,nan,0,0
GCCATTCATTTATGCA,I136* C475V K481A,nan,nan,0,0
GCCCAAATCGGAAGCC,N224L T397C,nan,nan,0,0
GCCCAATATTAATACA,K88C M192* I358R,nan,nan,0,0
GCCCAATGCCCACATC,S56* W196N C212* Y393*,nan,nan,0,0
GCCCACGAAGAAGGAC,R55H T261L N390*,nan,nan,0,0
GCCCAGGCACTGGGGT,T108L Q149E A202* T380F,nan,nan,0,0
GCCCATAACTACAGCC,G260E E404F M410Y,nan,nan,0,0
GCCCCATTTAGACAAA,I21R F140I W386K,nan,nan,0,0
GCCCCGAACCGAAGAC,I4Y Q189W T454K K490Y,nan,nan,0,0
GCCCCTTCTAAGAGTT,Y172* L242R E413S,nan,nan,0,0
GCCCGAGCGTTCCTAC,L120*,nan,nan,0,0
GCCCGCATACTAGTCT,N90F G198S L203Q Q232Y I286N,nan,nan,0,0
GCCCGCATTACAACCA,M194C,nan,nan,0,0
GCCCGTAGACCCCTGC,N158L,nan,nan,0,0
GCCCTAACCATCTCCA,M312W,nan,nan,0,0
GCCCTAGCTACAGAAG,Y166N,nan,nan,0,0
GCCCTATCAAGAGCAC,F157P T190Q I222R L259V E413M,nan,nan,0,0
GCCCTCTGCCAAACAA,L313M,nan,nan,0,0
GCCCTTCTTACAGATC,M420K S462L,nan,nan,0,0
GCCGAACAAAACGCAA,D357R Q405M,nan,nan,0,0
GCCGAATAACCAATGG,,nan,nan,0,0
GCCGAATATGGACCGC,C155R,nan,nan,0,0
GCCGAATTTTAAGGTT,A25D T58V E72W K461M,nan,nan,0,0
GCCGACCGTGCGCAAA,S111G S199G E228P L428P F440T,nan,nan,0,0
GCCGACGGATAATAAT,V164P L168I Q218K Y441F,nan,nan,0,0
GCCGATGCGTCGTAAC,L128Q D432H,nan,nan,0,0
GCCGCAATTATATCTT,Q3C C212Y,nan,nan,0,0
GCCGCAGACTTACTAC,L78D,nan,nan,0,0
GCCGCTAAAGCATCGC,T48R,nan,nan,0,0
GCCGCTATATAATACA,,nan,nan,0,0
GCCGCTGCATTTTGAC,C86W G271E,nan,nan,0,0
GCCGGCGTTTATTTGT,N99R I162W K461V,nan,nan,0,0
GCCGGGAACATCCCAA,L51P F140Q D273Y,nan,nan,0,0
GCCGTCGAAGTAGGAG,T380N N409Q,nan,nan,0,0
GCCGTTTAATATCCGA,L73Q L105I S171V G277Y,nan,nan,0,0
GCCTAAAAACTGCATT,L50C T77R G198Y D273* V487A,nan,nan,0,0
GCCTAACTAATCCTAC,L50F I458G,nan,nan,0,0
GCCTAACTACCCCCAT,T58M C180N E228T F262*,nan,nan,0,0
GCCTATGATGCGACTA,,nan,nan,0,0
GCCTCCACCTTCCAGG,S199F,nan,nan,0,0
GCCTGAGATTTGCGCC,N365*,nan,nan,0,0
GCCTGCGAAAATAACT,R257W S269G,nan,nan,0,0
GCCTGCTGAATTTATA,G186D,nan,nan,0,0
GCCTGGACCTCAATAT,L26C L32E Y363T,nan,nan,0,0
GCCTGTCAAGGCTAAT,L258Y A340T N390L V450F,nan,nan,0,0
GCCTTAGAAGGTCTGT,D357G,nan,nan,0,0
GCCTTCTCGTTGGAAT,L46P L120F,nan,nan,0,0
GCCTTGACGTTAACAT,T48R Q165* H398A V485T,nan,nan,0,0
GCCTTGCCGGTTGGTC,S234A L242F K352*,nan,nan,0,0
GCGAAAAGTAGACAAA,L46C H467V,nan,nan,0,0
GCGAAGTAGTATATAG,D175L L428R P453A,nan,nan,0,0
GCGACAAAGACACACA,L43T V450Q S476T,nan,nan,0,0
GCGACATGATAAGATC,T6A L26* L73G E228K,nan,nan,0,0
GCGACCATTAGCACCG,Q3H S199C I222M D273I,nan,nan,0,0
GCGAGATGATTCAACT,L46Y T226R T274A Y371I,nan,nan,0,0
GCGAGCAATATCCGAC,S91F,nan,nan,0,0
GCGAGCCCCAATATCA,Y129K I201M G378C I443R,nan,nan,0,0
GCGAGGCGCATCACGA,T40L L50R,nan,nan,0,0
GCGATGAAGTGTAGTT,N146G A407Q H448*,nan,nan,0,0
GCGCAATCTTCCGCCT,S56L,nan,nan,0,0
GCGCAATGATCACTAA,L142G C231H E421C,nan,nan,0,0
GCGCACATCAAAAGAT,E100F L203*,nan,nan,0,0
GCGCAGACAGTTTACT,Y36M Y94P S199* M284S,nan,nan,0,0
GCGCCAAATGGATAAC,D273N,nan,nan,0,0
GCGCCATTCTACAGAA,L349T I445F G460L G484T,nan,nan,0,0
GCGCCCCTGTGTTCAT,V47S Y129C L415G,nan,nan,0,0
GCGCGGAAGTTCGAAC,R257M R314L,nan,nan,0,0
GCGCGGCTTGACGTGA,M1V T106D I213N,nan,nan,0,0
GCGCTCATAACATATT,L68R,nan,nan,0,0
GCGCTGCTCCACACGA,N89T N353Y L387Q,nan,nan,0,0
GCGCTTTCAGAACAAA,Y36* G181R S462*,nan,nan,0,0
GCGGACCCCATTACAC,D130L F233C R250A,nan,nan,0,0
GCGGATCAGCTACCGA,S111A T261H,nan,nan,0,0
GCGGCAAATATAGATG,Y253R K339R M359E,nan,nan,0,0
GCGGGAAAATCCTAGA,Q3G N20G T81Y,nan,nan,0,0
GCGGGGACTAAGACGA,G473S,nan,nan,0,0
GCGGTTAAACCACTTC,,nan,nan,0,0
GCGGTTAGGATGAAGA,K63M L382G,nan,nan,0,0
GCGTAACACATGACCA,Q232L Y278S E303A,nan,nan,0,0
GCGTAATCATAGCCAC,S111L D408N,nan,nan,0,0
GCGTACCTATTGAAAT,L133K R257S D401S P464S,nan,nan,0,0
GCGTAGCTGTCTATAC,C292S K488R,nan,nan,0,0
GCGTAGTAGAAGACTT,V5K T190I,nan,nan,0,0
GCGTATGACATAATGT,S91N E404* T426V F440R,nan,nan,0,0
GCGTCCATTTTTAAGT,L120R T261M,nan,nan,0,0
GCGTCGAACGGTAAGT,R55V E228N F318N,nan,nan,0,0
GCGTCGGAACAAGAGA,N89R S171H I201M F434E,nan,nan,0,0
GCGTCTGAGTTATAAT,I15M F233Y F293L,nan,nan,0,0
GCGTGAACGATACTCA,G2V N295F E329V I411T K461Q G484S K488N K490F,nan,nan,0,0
GCGTGAATGAGACGAA,C118S K490D,nan,nan,0,0
GCGTGGAGCTAAGTAG,N338H,nan,nan,0,0
GCGTGTTTTACTTAGG,D401R C477Y,nan,nan,0,0
GCTAAAAAAAAAATGT,T397I K481W P486L,nan,nan,0,0
GCTAAAATGACTGTAA,V18F R55F G160Y E329V,nan,nan,0,0
GCTAAAATTATCCTAT,E151K M420R,nan,nan,0,0
GCTAAAGGGCCGTTGC,L26S F440M,nan,nan,0,0
GCTAACTAATATAAAC,E287Y F399I,nan,nan,0,0
GCTAAGCCGATGACTA,M284R C385S,nan,nan,0,0
GCTAATCACCGACCAT,,nan,nan,0,0
GCTACCAGTCATTAAG,I15P Q149L,nan,nan,0,0
GCTACCGAAAAGAAAC,E10S G181S D204I P466D,nan,nan,0,0
GCTACGAGGGACAATG,S169D G243M Y441C,nan,nan,0,0
GCTACTATCAAAAAGC,C310I,nan,nan,0,0
GCTACTGAGAGTAAAA,F7M L43P Q69V L203I D268R C475H K490L,nan,nan,0,0
GCTAGAAAACCTCTGT,V14E T70I,nan,nan,0,0
GCTAGAGTCCCGTCTT,N90D N119* L259H L428Y,nan,nan,0,0
GCTAGATAAACACGGT,I334F E404F,nan,nan,0,0
GCTAGCGCCTCGTCAG,A123P M284G R325K K339T V485E,nan,nan,0,0
GCTATCAAGCAAAACC,S135W Y200Q N365S Y369A R379S,nan,nan,0,0
GCTATGCAAGATTAAT,E10S R256W L336S T375C Y441I,nan,nan,0,0
GCTATGCGACAGGCGT,L73Y S91M N99W R207K C231F I286M Y369T,nan,nan,0,0
GCTATGTGAAGATGAA,D306* F318P Y363P H448*,nan,nan,0,0
GCTCAGAGCGTGACTC,,nan,nan,0,0
GCTCAGCCCATCAAGC,F446N,nan,nan,0,0
GCTCCAGAGCTGTTAC,,nan,nan,0,0
GCTCCAGTATCGTACT,E270L C301G,nan,nan,0,0
GCTCGCGAATAAAAGT,S199T T274A T380R,nan,nan,0,0
GCTCGCTCTAACCATA,V164D G198S N342*,nan,nan,0,0
GCTCGTCAAACTTACC,L242S D432P,nan,nan,0,0
GCTCTCTATCACATCT,P83I E100R V183T,nan,nan,0,0
GCTGAAAAGCTTGATT,T40I E100* A176S N295L L315V C463H,nan,nan,0,0
GCTGAAAGTAGAAACC,F49L E308S,nan,nan,0,0
GCTGACAGACAAGTGA,I443Q,nan,nan,0,0
GCTGCAAGTATCGTCA,K161Q L280S C364W S462R,nan,nan,0,0
GCTGCATAACGGACAG,A184T T261N,nan,nan,0,0
GCTGCATTAACAGCAG,Y62R Y371S,nan,nan,0,0
GCTGGTGTAAACTACA,M75I E76T Y166S I254L G276T D408L,nan,nan,0,0
GCTGGTTCGATTAATA,L105N T397R P483L,nan,nan,0,0
GCTGTCCGGAATATCC,,nan,nan,0,0
GCTGTGATACAAAAGT,T182R T225H G240* D402L P483K,nan,nan,0,0
GCTTAAACGTTCCTGA,D229* S400G,nan,nan,0,0
GCTTAAGGCAGTACCA,L107M C118N P486S,nan,nan,0,0
GCTTAGAAATCAACCA,F38I F49V,nan,nan,0,0
GCTTCCAATCGTTGGT,M82K G186V,nan,nan,0,0
GCTTGACTGCTCTTAT,,nan,nan,0,0
GCTTGCAAGTGATAAG,V47Y G198S E413K,nan,nan,0,0
GCTTGCCCCGAGCGAC,L23R L107A S135R I474R,nan,nan,0,0
GCTTGGTGCTAATTCT,Y66N,nan,nan,0,0
GCTTTAATTGGAACTC,L133H L244K,nan,nan,0,0
GCTTTACCATACCGAT,D229V,nan,nan,0,0
GCTTTATTATATCAGA,I15S L26K,nan,nan,0,0
GCTTTCTCCAACACTA,N89* I286L,nan,nan,0,0
GCTTTGCTAAAACTTA,A173L,nan,nan,0,0
GCTTTGCTACCGACTT,L50Q N89Y L259V L344D,nan,nan,0,0
GCTTTGTCCAAGGGAA,V97W Y363R,nan,nan,0,0
GCTTTTCAGTCCGAAA,N158* Y253L Q321K,nan,nan,0,0
GCTTTTTATGTTTAGA,T261R,nan,nan,0,0
GGAAAAAACTACGGAG,E100K I254T N295V,nan,nan,0,0
GGAAAAAACTGGGACT,S85H E303P F309V,nan,nan,0,0
GGAAAACCATGTCCAG,E72Y W489C,nan,nan,0,0
GGAAAATCCACCATTA,A25T M96I,nan,nan,0,0
GGAAACACATCTACGA,T139K L220V,nan,nan,0,0
GGAAACTGGCGAACAC,T59L S135L A176N P466Y,nan,nan,0,0
GGAAAGTTGAAGCAAT,R248S A328N C475T,nan,nan,0,0
GGAAATAGGGCATTTA,Y62N L394A S400T,nan,nan,0,0
GGAAATGATCCCCTTT,W196Q,nan,nan,0,0
GGAAATGTTACTAAGC,K461*,nan,nan,0,0
GGAAATTGGTCAGTTT,R248E Y253L D273R,nan,nan,0,0
GGAACACCCAATAGCT,M284L S462*,nan,nan,0,0
GGAACATATACCAGTA,S135C R256L D402R,nan,nan,0,0
GGAACCAGTCACAAGT,T108R H467R,nan,nan,0,0
GGAACCCTGAACAAAG,N158T Q331A V388F,nan,nan,0,0
GGAACCTTCCTGCCGC,T58V T182F,nan,nan,0,0
GGAAGGAGCTTTCAGA,F49H T101M,nan,nan,0,0
GGAAGGGAGCTTGATT,G208A L280A P466A,nan,nan,0,0
GGAAGGGTCTGGGAGC,T182N I222E S367T L394P,nan,nan,0,0
GGAATAAAAAATAGAC,E16K P83K I113M S135* H170T S381N,nan,nan,0,0
GGAATAAAGGATAATA,S60V,nan,nan,0,0
GGAATAATATGTCCCG,,nan,nan,0,0
GGAATACCGGATTAAT,M19A E67V,nan,nan,0,0
GGAATACTTAAACACA,R257S N295* I337E D408I,nan,nan,0,0
GGAATAGCCCTGTATG,I201Q H230P M410Q,nan,nan,0,0
GGAATCTAAACCTTCA,N148P,nan,nan,0,0
GGAATGTAAGAAATTT,G294L,nan,nan,0,0
GGACAAATATAAAAGC,L168T A173Q,nan,nan,0,0
GGACAAATGAAAAAAC,Y219E Y363D D432N,nan,nan,0,0
GGACAACCAGTATGCT,F316L S333R L349G,nan,nan,0,0
GGACAAGACATACGGC,N209I M312E,nan,nan,0,0
GGACAGGATTGATTCA,P362L,nan,nan,0,0
GGACATCCTACGGTAT,Q405L,nan,nan,0,0
GGACATTACACTCAAC,M1V V97L S135F A173E Y200L T397L,nan,nan,0,0
GGACATTGAGAATGAC,Y363V,nan,nan,0,0
GGACCAAACTTCAATA,F316* T438F,nan,nan,0,0
GGACCACTCAGCTTTG,K63E S163I I201* W370L W386T R456G,nan,nan,0,0
GGACCCAAATCCATCA,H179Q,nan,nan,0,0
GGACCCATATTCGTAT,L50Q G98V N148Y Y172G,nan,nan,0,0
GGACCGTTTACAAAAC,F399R,nan,nan,0,0
GGACCTACTTGACCGA,C57Y G64R L203Q D408R,nan,nan,0,0
GGACCTATTTGGCTCC,I15V F147D S163F S169H W283S,nan,nan,0,0
GGACGAAAAGCAGAAA,L78K N90T L355A G478S,nan,nan,0,0
GGACGATAACCCACGA,N89V,nan,nan,0,0
GGACGGCATGTATTAT,C53N R248L D347W,nan,nan,0,0
GGACTAAAATAGCTAC,A152* Y172* W227L,nan,nan,0,0
GGACTAAATCAGCCAT,D156R W264*,nan,nan,0,0
GGACTACCAAGGGAAA,E16G C86W,nan,nan,0,0
GGACTACTTCTTGTAC,E100Q I252L D347*,nan,nan,0,0
GGACTAGATCATGTTA,T87V N99L T108Y S444K P486W,nan,nan,0,0
GGACTGTCCACAGGAA,N90Y F140R K488T,nan,nan,0,0
GGACTTACGATATTTT,G160I G181A S246F,nan,nan,0,0
GGAGAAAACTACAAGA,T110R W196*,nan,nan,0,0
GGAGAAACACCCTAAA,I201P I222L I252F M312F,nan,nan,0,0
GGAGAACTCCTGACGC,F38D A297P,nan,nan,0,0
GGAGACTCTGGAGACC,L23R,nan,nan,0,0
GGAGGAGGAATTAACA,C86R,nan,nan,0,0
GGAGGATAGCCATCAA,G174V R257E D357P,nan,nan,0,0
GGAGGTATACGAGAAG,S163F I254D,nan,nan,0,0
GGAGTAACAAGCTCCT,S462H M472*,nan,nan,0,0
GGAGTATGAGTTGCAA,R468V P483A,nan,nan,0,0
GGAGTCCTAAAAGAAA,T81A,nan,nan,0,0
GGAGTCGGACAGAAAC,L313D A330P,nan,nan,0,0
GGAGTTGGAACCCTCA,H131* T438G,nan,nan,0,0
GGAGTTTAAACACTAT,I24S A152P G197N L344G,nan,nan,0,0
GGATAACAAGCACTAG,M82S N158F G484I,nan,nan,0,0
GGATAATCTTTTGATA,S85K,nan,nan,0,0
GGATAATGTTGCAGTT,G34M D311C,nan,nan,0,0
GGATACGCAATCGCGG,T182S N409E,nan,nan,0,0
GGATACGCATCCTACG,I213G E396K,nan,nan,0,0
GGATAGGGTTACTTCA,,nan,nan,0,0
GGATAGTAAAAATGAA,M414*,nan,nan,0,0
GGATATGTAGGAATAA,L29Q Y219G A288V L382D,nan,nan,0,0
GGATATTAGGGAACGC,Q348V S437I,nan,nan,0,0
GGATCTACGCAGAAAA,M134* S163D,nan,nan,0,0
GGATGAAACTAAAAAT,S234G S389N K490S,nan,nan,0,0
GGATGCTTATTAAGAT,L51R G102S L128Y H305L,nan,nan,0,0
GGATGGTGGTTACATT,M351I I452K,nan,nan,0,0
GGATGTTTAGGGTGCG,T101N T261I P453T H467L,nan,nan,0,0
GGATGTTTATGATCGT,G42F C155K L168F C364*,nan,nan,0,0
GGATTCAACAGTAATC,I334Q,nan,nan,0,0
GGATTCCCAAATGAAC,I15S S246V C364W,nan,nan,0,0
GGATTCTCGACAGCAT,M19K F157* S169F D251M,nan,nan,0,0
GGCAAAAACTAGAACT,G54I Y200*,nan,nan,0,0
GGCAAAAGTGAGCAAC,F117D R207P K300Q F434P,nan,nan,0,0
GGCAAGACTACTTTAT,N90G G159A W196L T225G I345M,nan,nan,0,0
GGCAAGATACAGCTAA,M19N F293G,nan,nan,0,0
GGCACCCGCGCAGGCC,G2L Y369T,nan,nan,0,0
GGCACCTGCACATAAG,S476T,nan,nan,0,0
GGCACGTAATGAAGGT,N127C W264V L447K,nan,nan,0,0
GGCACGTGCAACCCAT,L387P M410L,nan,nan,0,0
GGCAGACCTCGTTAAA,C292R N365K,nan,nan,0,0
GGCAGCCTATGTGTGT,L73R V97I Y129N A299T S392G C475*,nan,nan,0,0
GGCATAAAAAACCCTT,I15S L78S I162* N395E A407G,nan,nan,0,0
GGCATAATAGAAATGT,K88W D156M L394P I443Y,nan,nan,0,0
GGCATATATCGAAAAA,Y129G I254* T261M D347K,nan,nan,0,0
GGCATCATTATAGTAA,T110S G206L M351F F434V,nan,nan,0,0
GGCATGCCCTATATTA,C53D D156* Q218D H467E,nan,nan,0,0
GGCATGTCAAATGCAT,T438N S476I,nan,nan,0,0
GGCATTAGAGGACAAA,L120W R256L,nan,nan,0,0
GGCCAAAAAAGCACCG,R235N N353W,nan,nan,0,0
GGCCAAAAGGTACCAA,I213S,nan,nan,0,0
GGCCACTTCTGCAATT,Q69V M134V C180L,nan,nan,0,0
GGCCCCAAATCTAGAT,Q9R A202T D317G G378L,nan,nan,0,0
GGCCCCTTCCTACTAA,S60K R491T,nan,nan,0,0
GGCCCGCAAAACACTA,S135N M192* L344K T376K,nan,nan,0,0
GGCCCTACACGGAAGA,F8N S255M V450A,nan,nan,0,0
GGCCCTTCCTAATTTA,C475I,nan,nan,0,0
GGCCGAAATCAACAAC,T48I K63G R207G P362L,nan,nan,0,0
GGCCGAGTAGACATCC,Y200N,nan,nan,0,0
GGCCTGAAATAATCAT,G42V M80S L133N,nan,nan,0,0
GGCCTTATCATCTAGT,K33A D156I,nan,nan,0,0
GGCCTTATCGACAAAC,V431D,nan,nan,0,0
GGCGAAAATTACAGGA,L313E,nan,nan,0,0
GGCGAGAGCTGGCATT,C155S F309V,nan,nan,0,0
GGCGAGAGTCTACGAT,Q9L C212H I337M L442S,nan,nan,0,0
GGCGATACTAATATAT,L105M Y278* Y441S,nan,nan,0,0
GGCGCAATTAATTCTA,G240D S381M Y419I,nan,nan,0,0
GGCGCATAACACACGT,T81P I162R G208M C364P,nan,nan,0,0
GGCGCCCAAACGACAT,A177F S476G,nan,nan,0,0
GGCGGATCAGGGTCCA,T412K,nan,nan,0,0
GGCGGATTAGTGGGAA,M194L C463H,nan,nan,0,0
GGCGGTAGTGACGCAA,,nan,nan,0,0
GGCGTAATTTCACAGA,G198T D311A C364S,nan,nan,0,0
GGCGTATCTCGCGCTT,I136R D347T,nan,nan,0,0
GGCGTCTAAACACCAA,I21V F147N,nan,nan,0,0
GGCGTTTACTTCCCCT,L35I M214Q E329K,nan,nan,0,0
GGCTACACAATAGCGT,T81N G360E K488F,nan,nan,0,0
GGCTACAGTGAGGACA,E308D S389M,nan,nan,0,0
GGCTGAATCAAGATGT,M80* L245M,nan,nan,0,0
GGCTGATGACTATCAT,H124A V388I,nan,nan,0,0
GGCTTGCAATTCACAT,H230D I334S,nan,nan,0,0
GGCTTTATAAACCCTT,G64A M134W G181N K291N,nan,nan,0,0
GGGAAACCGACGCACA,Q9K S91R S199Y I252* M410V P464A,nan,nan,0,0
GGGAAGGTACTAATAG,Q9* G98D,nan,nan,0,0
GGGAATAATATGTGTA,,nan,nan,0,0
GGGACCGCGGGACCCC,C41V W264L S476Y,nan,nan,0,0
GGGACCTTATGCAAAT,G276H D432V,nan,nan,0,0
GGGAGGCGCTGTCCAC,L372R,nan,nan,0,0
GGGATAAAACAAGTGC,S138R R314* I411N,nan,nan,0,0
GGGATAAAACGGGTCC,H13P L220G K488*,nan,nan,0,0
GGGATGCGCCACGTAA,S60P T139V L415R,nan,nan,0,0
GGGATGTTAGATAAGG,G294R P427S,nan,nan,0,0
GGGCAATGCATGACAA,N89S F140V Y219S,nan,nan,0,0
GGGCACGAACTCCCGG,,nan,nan,0,0
GGGCCCCGTAAATTAT,T70S R248M V431M,nan,nan,0,0
GGGCCTGCCAAAGAAT,T101I F316V K327* W489T,nan,nan,0,0
GGGCGCAATATATTAA,I4M Q149H H374L,nan,nan,0,0
GGGCGCACAAACTGTC,C231G P453V,nan,nan,0,0
GGGCGGTGCTCGCAGA,S171F Y253S N373I,nan,nan,0,0
GGGCTGACCTAGTCCT,N99C S135I R248N C310F D311Y,nan,nan,0,0
GGGCTTTATACTAACC,F7V Y129W M214K F233S Q416L K451L,nan,nan,0,0
GGGGATGGACCGAACG,L46G C155*,nan,nan,0,0
GGGGGTAAAACATCGC,V5P L120P Y253M M420V,nan,nan,0,0
GGGGGTGTCGAGGAGT,N148I N409T,nan,nan,0,0
GGGGTAAAAAAAACAG,N167Y A173S,nan,nan,0,0
GGGGTAAAGTGACCCA,N178T E289A M351I S367V,nan,nan,0,0
GGGGTATAAATGAAAA,K481C,nan,nan,0,0
GGGGTCAGCACAAGCT,T6N K481*,nan,nan,0,0
GGGTAAATACAGATAT,G34N G98K M332N,nan,nan,0,0
GGGTACAGAACAGAAA,C41R E151H S171N F309L S333R,nan,nan,0,0
GGGTAGGAAGAGTAAA,A123T V183W G260Q,nan,nan,0,0
GGGTCCCACGCAACAA,T375W,nan,nan,0,0
GGGTCCGAGAATCTAC,L32P S216H P383L,nan,nan,0,0
GGGTGAAAGCGATACA,F233I,nan,nan,0,0
GGGTGCTTTGGTCTCT,I4C S91G E151V T412M,nan,nan,0,0
GGGTGTGCTGCGTTGT,Y166K W210V K339W,nan,nan,0,0
GGGTTCATACATCATA,F399V,nan,nan,0,0
GGGTTTAGCATAACGT,V97I,nan,nan,0,0
GGTAAATATACGAGTA,G45M C57I N79Q E151I G378K I458G V485Q,nan,nan,0,0
GGTAATAAATGGCCTC,Q3V N158Y,nan,nan,0,0
GGTAATAACCAAACGT,S205Y P362L K490M,nan,nan,0,0
GGTAATCAACTATAGA,D229A,nan,nan,0,0
GGTAATTGTAGACAAG,M1E,nan,nan,0,0
GGTACACTACAGGACA,L78Y K88* R282I,nan,nan,0,0
GGTACGAATTTAGATA,N114F D156N N395R D401N,nan,nan,0,0
GGTAGAGCACAGTAGC,L447P G473L,nan,nan,0,0
GGTAGCACATGCACCG,M194C,nan,nan,0,0
GGTAGGGGCGAGCTGA,Q3M L52* Y150L G186Y R314D G360R,nan,nan,0,0
GGTATAACCAGAAAAG,G2S F7E T426R,nan,nan,0,0
GGTATTCAAACTGCTA,R55L,nan,nan,0,0
GGTATTCATGAGTTTA,F399*,nan,nan,0,0
GGTATTCTTGAGTCTG,D347*,nan,nan,0,0
GGTATTTAGACTCTGT,M80E N114K,nan,nan,0,0
GGTCAAACTATGTAAC,A123R I136F G160F S389R,nan,nan,0,0
GGTCAACTGAATAATG,I252V P275Y F434V,nan,nan,0,0
GGTCACAACATATACC,Y166W,nan,nan,0,0
GGTCATTGACACTAGG,E413K H455F,nan,nan,0,0
GGTCCAGAGTTACATT,D317L,nan,nan,0,0
GGTCCCTACGCCTTAT,C86H V164* F262W,nan,nan,0,0
GGTCGGAGAAGGAGTA,,nan,nan,0,0
GGTCGTCAGCACTAGG,A343*,nan,nan,0,0
GGTCTACACGAAGTAG,S135W F157S,nan,nan,0,0
GGTCTCTTCAAGTGCA,C212S E228G I286N E307W H471P Y480L,nan,nan,0,0
GGTGAAATATCCAATA,A176D E228G,nan,nan,0,0
GGTGAACACCTAACAA,,nan,nan,0,0
GGTGACAATAAGTTAT,N20A L442G P453M,nan,nan,0,0
GGTGACGGTCTTTAAG,H467Y,nan,nan,0,0
GGTGAGGCTTACAGAT,G98I,nan,nan,0,0
GGTGCACAAAAAAAAG,,nan,nan,0,0
GGTGCTGCCTGTATTA,C86S D156P C310S S367M,nan,nan,0,0
GGTGCTGGACTAATGA,N353Q Q482V,nan,nan,0,0
GGTGGCGTATATATCA,E151I H179Q S255P A299G D311G P383L L449W C463F,nan,nan,0,0
GGTGGGAGATAAAGAA,W264H L285R N319R,nan,nan,0,0
GGTGGTCATTTTGATA,I213Q G260F I361*,nan,nan,0,0
GGTGTCCGCCGGACAA,S143M T261F L394S,nan,nan,0,0
GGTTAAACCAAACCGA,T48C L61F L103D N409C,nan,nan,0,0
GGTTAAAGATGTTGAA,A123E I213M E270K G294L W386V,nan,nan,0,0
GGTTAGACTAAACCAT,I162E S205V T375W P466V,nan,nan,0,0
GGTTATATGAAAACCA,L46T N74R S163P C212A Y278G,nan,nan,0,0
GGTTATTCAGGGGAAT,N74M N90V V97R T190L C475*,nan,nan,0,0
GGTTCAGAGGTACTCT,N89F D251Y L326P H467Y,nan,nan,0,0
GGTTCTCGGTTAGCCA,N89G Q189V,nan,nan,0,0
GGTTGATATAGTTTAC,C57* H131D L259Q P483H,nan,nan,0,0
GGTTTAATATGTGCAA,F140Y C155N D175R D311P,nan,nan,0,0
GGTTTATGCTACGATC,L78* Y150I,nan,nan,0,0
GGTTTCAGTTGAACAG,I345Y Y441F,nan,nan,0,0
GGTTTGGAGCTATTAA,L73T Q247F Y393K,nan,nan,0,0
GGTTTGTACAAACCCA,L61A H398P,nan,nan,0,0
GGTTTTCCAATTTTGC,S169L K352W V487F,nan,nan,0,0
GTAAAAAAAGAGTAGG,A173L H398N,nan,nan,0,0
GTAAAAAAATATCGTA,P453R,nan,nan,0,0
GTAAACACCAAGTCGA,V5I N338A,nan,nan,0,0
GTAAACAGCCAATGCA,K88P S367N,nan,nan,0,0
GTAAACATAATGGTTA,C279W E404M M414T,nan,nan,0,0
GTAAACATTTCTAAAA,A30T G98C C231S I361S,nan,nan,0,0
GTAAACCACTAGACTT,Q9R G206R T274A,nan,nan,0,0
GTAAACCCACAGTAAA,R55L Y129P L449R S476H,nan,nan,0,0
GTAAACGCGAGAAAGT,R193Y,nan,nan,0,0
GTAAACTCTTCTTAAA,S439E,nan,nan,0,0
GTAAAGGCTAACGCAG,M284P L315Y E418* F434M,nan,nan,0,0
GTAAATAAAGGCGATT,F7I S56L H354*,nan,nan,0,0
GTAAATGATGAGGAAA,K33R,nan,nan,0,0
GTAAATTGACTTCGGT,G42L T48S W264E T274R,nan,nan,0,0
GTAACAAATATGTACA,S169F M284S E307R S437I,nan,nan,0,0
GTAACACAAACTGAAC,Y393S,nan,nan,0,0
GTAACACGGTTTTATA,Y241V A299I,nan,nan,0,0
GTAACATATACACAGC,C180T E396F,nan,nan,0,0
GTAACATCATCGCACG,L168R,nan,nan,0,0
GTAACGGATCTTCGCA,G240*,nan,nan,0,0
GTAACTGACCCTTACC,K320L,nan,nan,0,0
GTAACTTAATATGTGC,Y62* A202S Q232*,nan,nan,0,0
GTAAGCCATTTCGGGG,N365T Q405*,nan,nan,0,0
GTAAGCCCGATTAGAG,Q3* L61T M284S,nan,nan,0,0
GTAAGTCTCCTGAGAA,L220V,nan,nan,0,0
GTAAGTTAAAAGTAAA,,nan,nan,0,0
GTAATACAATCTAGTC,,nan,nan,0,0
GTAATACATTTCAAAT,D156K S237L D251T Q405R,nan,nan,0,0
GTAATATATTGATCTA,P464F,nan,nan,0,0
GTAATATCCCTGTGTC,N20C Y172* T438L,nan,nan,0,0
GTAATGCTTTGTCGAG,A173E C180L,nan,nan,0,0
GTAATGGCATTAACCC,V11E I136H S267F,nan,nan,0,0
GTAATGGTCCCTCTAC,S60W M134S R193K,nan,nan,0,0
GTAATTGCAAATTGTA,I15S T281* Q331L I350G,nan,nan,0,0
GTACAAAACAAAATCC,,nan,nan,0,0
GTACAGACGTTGACCC,L46R H124N Y419K S476F,nan,nan,0,0
GTACATACTGCGGATA,N89I S381L E421M,nan,nan,0,0
GTACATCTGGCAGACC,D347Y Y393D,nan,nan,0,0
GTACATTCTAAGCAAT,N295S G391E,nan,nan,0,0
GTACCAGTTGGTCCGA,D273R N373V,nan,nan,0,0
GTACCTGAGTATTCGA,F140M T377F H457Y,nan,nan,0,0
GTACGCAAACCAGAAC,G197T I201S L220V,nan,nan,0,0
GTACGCTAGGCGAGTA,C41W T215L L428H,nan,nan,0,0
GTACGGACCACAAACT,N353T P427K,nan,nan,0,0
GTACGGCATTATATGA,S121T G197H H305C L349E,nan,nan,0,0
GTACGTGAAGAATACC,L52G K63R,nan,nan,0,0
GTACGTGACAGAAAAC,A176W R379Q,nan,nan,0,0
GTACTACATAAATCAG,G2S V28Y T106N H115S D311G,nan,nan,0,0
GTACTACCCAGGTACT,F7A G42* F233E Y371R,nan,nan,0,0
GTACTCACTATCCTTA,K465I,nan,nan,0,0
GTACTTAACGAGCTGA,A25C C41V Y129H G174K T190I S269G,nan,nan,0,0
GTACTTTAAGAGATGA,L32K L168I L259S,nan,nan,0,0
GTAGAAAAGCTTTTAA,T215I,nan,nan,0,0
GTAGAAGATGGCTCCC,G98N T412* T438D Q482E,nan,nan,0,0
GTAGATCCTCTCTTAT,P83R D251R,nan,nan,0,0
GTAGCCGAAATCATAC,Y62D K88I Y166H I201P I221T,nan,nan,0,0
GTAGCCGCCAGGAGTA,L52*,nan,nan,0,0
GTAGCTACTCTACCTA,,nan,nan,0,0
GTAGGAGACCCGGTTT,S437W I474S,nan,nan,0,0
GTAGGTTTTGTACAGT,C279S D432P,nan,nan,0,0
GTAGTAAAATCCAGGG,H455S,nan,nan,0,0
GTAGTACAACCAGATA,,nan,nan,0,0
GTAGTACTGTAGGAAA,T190E M414I N470S,nan,nan,0,0
GTAGTCAAAAACGTGC,M1W,nan,nan,0,0
GTAGTCAAAAGTTAAA,I144E,nan,nan,0,0
GTAGTCATAAAAATAG,N20K R207D C212H L315R,nan,nan,0,0
GTAGTCTAATTACTCG,Q69I L84S I254Q,nan,nan,0,0
GTAGTGCAGTGGTTCA,M19H S400L,nan,nan,0,0
GTATAACACCATAAAA,H141V,nan,nan,0,0
GTATACGTCCCCAATA,I144T E413P,nan,nan,0,0
GTATACTAAAACAGAA,C155V D229G H467Y,nan,nan,0,0
GTATACTTCGATAAGT,,nan,nan,0,0
GTATAGCGCAACAAAT,S163P L168C F191K T261F,nan,nan,0,0
GTATAGTCTGACCAGT,C57G Y278G C463P,nan,nan,0,0
GTATATCCAATATGTA,N89I V164M E404L,nan,nan,0,0
GTATATCGATGGAGAC,L50P,nan,nan,0,0
GTATCATACACACTGG,I136S F318I G391R F436A,nan,nan,0,0
GTATCATTCATTGGAC,M82K,nan,nan,0,0
GTATCCAAAACCCAAC,E303Q R422Y,nan,nan,0,0
GTATCCTAGTGTATGG,M19V C155K,nan,nan,0,0
GTATCTACCAAACTAT,T58E L78Y,nan,nan,0,0
GTATCTCGACACCACT,V341H K352Q,nan,nan,0,0
GTATGAAGAAACAGCT,Y129T Y166L,nan,nan,0,0
GTATGAGTCGTCCCGA,M192S D317P I411N P483M,nan,nan,0,0
GTATTAGTAATATTGC,L103* P362S M410L C477I,nan,nan,0,0
GTCAAAACAGACGGTG,F147L I345F T454F,nan,nan,0,0
GTCAAAACCACGTATA,I411S C475F,nan,nan,0,0
GTCAAACCAGATATGG,,nan,nan,0,0
GTCAAACCCTAAGTAA,G174H,nan,nan,0,0
GTCAAATAACAAAGTG,V97E N167V Q324R,nan,nan,0,0
GTCAACAATTGTTTGA,Y129M Q223H R282F S333F T375V T397V,nan,nan,0,0
GTCAATAAAAATTCCC,V183S H230Q Y369D,nan,nan,0,0
GTCAATATAGTGAATC,A25K C57F W489Y,nan,nan,0,0
GTCACAACGTACCAAA,N89M K352I,nan,nan,0,0
GTCACGGACAGGCGGA,T106S H467P,nan,nan,0,0
GTCACTGCTCGAAGAG,L43* T412* E418M,nan,nan,0,0
GTCAGATTAAGCATCG,L133N Q223Y K291L,nan,nan,0,0
GTCAGGTGACTGATAT,C279N D317N P383R,nan,nan,0,0
GTCAGGTTTATAGCAC,Q69L,nan,nan,0,0
GTCAGTAGAGTGGTAA,V65K M153V V164R H170M G277N K465L,nan,nan,0,0
GTCATAAAAGGAAAAA,Q9F G64V C86W N178T M192R D317N,nan,nan,0,0
GTCATATTAAGCGTGC,Q3P T139I R235S,nan,nan,0,0
GTCATCTCTCTCTGAG,S56G Q165L A202N G460H,nan,nan,0,0
GTCATGCTGAAAATGA,T40A C53I V164W W227K E329D G391F,nan,nan,0,0
GTCATTAGACTTCTCC,M284T I361H,nan,nan,0,0
GTCCAAATGATTTCCT,S60L I222V E418M S439A,nan,nan,0,0
GTCCAACAAAGAAACA,G429C,nan,nan,0,0
GTCCACTTAGAGTGCG,G2N E76G K88W G276V S367E,nan,nan,0,0
GTCCATCTAATCATTC,,nan,nan,0,0
GTCCCTGGTAAAAAGA,N79P K125S A176D Y393L,nan,nan,0,0
GTCCGTGTAGCAGACA,Y172V R235P C279P,nan,nan,0,0
GTCCTAAAGCATTACC,S163G,nan,nan,0,0
GTCCTAATCCCCGAAT,S121G C180N T296K,nan,nan,0,0
GTCCTCGCTCACCACC,N470Y,nan,nan,0,0
GTCCTCTTAGATACCA,L32N N470*,nan,nan,0,0
GTCCTTGAACCTTGGT,A202T M351L K490N,nan,nan,0,0
GTCCTTTCCGTCTCAA,L285P P466V,nan,nan,0,0
GTCGAAGCAAAATGAT,R193* W264Q C292W,nan,nan,0,0
GTCGACCTCTACCATG,F157* M414C,nan,nan,0,0
GTCGAGAACTAAGTGA,,nan,nan,0,0
GTCGATCCCTCACGGC,E228D R235V,nan,nan,0,0
GTCGCAAAGTTCTTAA,D122F Y419R,nan,nan,0,0
GTCGCAAGAAAAACTC,L43I S135P,nan,nan,0,0
GTCGCTGGGAAGTAGA,T48E G102K,nan,nan,0,0
GTCGTAAACCCATCAG,G294L,nan,nan,0,0
GTCTAAAACCAGCCTA,H230Q,nan,nan,0,0
GTCTAACCTGTCGATC,T77Y E396D,nan,nan,0,0
GTCTAAGTATATGGAA,C231S N353*,nan,nan,0,0
GTCTAATGGGATACCT,F293* T454S,nan,nan,0,0
GTCTACAGAGTCCTTT,E16G D156L T182K,nan,nan,0,0
GTCTCACCTTCACCAA,I15*,nan,nan,0,0
GTCTCCAAGATGTACG,M194A G271V F399S,nan,nan,0,0
GTCTGAAAACCCAAAC,L78F N209Y A340T H457V,nan,nan,0,0
GTCTGGGCCACAAAAT,A173F A177V M414K R422A,nan,nan,0,0
GTCTGGTTGTGCACCA,Y172R C212I,nan,nan,0,0
GTCTGTGAACTCAAAC,C41D E72S,nan,nan,0,0
GTCTTCAAATGGTCTG,D156*,nan,nan,0,0
GTCTTGGGCGATCACC,C155I T190L M214*,nan,nan,0,0
GTCTTGGTTTTGACAG,G240F,nan,nan,0,0
GTCTTTTCCGACCCGG,S389* S462N,nan,nan,0,0
GTGAAAACTTGATTGT,S56K S199C N209A K272F,nan,nan,0,0
GTGAAAAGAGGCATGC,G102V G198A P486S,nan,nan,0,0
GTGAAAATATCACTTC,S60F S199Y G360D E418K,nan,nan,0,0
GTGAAGAAATAGAACA,N224E R257V,nan,nan,0,0
GTGAATAACAGGATCA,,nan,nan,0,0
GTGACAGAATCACCCG,L259F G277W,nan,nan,0,0
GTGACCCGACCCAAGT,H374M C477*,nan,nan,0,0
GTGAGAATAGCAGACG,,nan,nan,0,0
GTGAGATTCAATACTC,K425T,nan,nan,0,0
GTGAGCATATAGTCCA,Y441W,nan,nan,0,0
GTGAGCCAAGGTTACG,F440R,nan,nan,0,0
GTGAGGTGCATAATTA,V22G,nan,nan,0,0
GTGAGTGATGAGTACA,T101R S199L L258Y,nan,nan,0,0
GTGATAATAACAACGA,E228N,nan,nan,0,0
GTGATCCTTTCTCGCC,G2K L52G T380R,nan,nan,0,0
GTGATGTAACAGCGGT,A132L,nan,nan,0,0
GTGATTACAAGTACGA,S135M,nan,nan,0,0
GTGCCAATAGCCAAGA,K126F D156R T265* S333A H457F,nan,nan,0,0
GTGCCTAACCCATACT,Y62M Y278H,nan,nan,0,0
GTGCCTGCCGTAAAAA,I21R N90T D347L L355V Q405*,nan,nan,0,0
GTGCGATAGGGGCAGA,T454F,nan,nan,0,0
GTGCTTCCCCACACGT,S237F E270L,nan,nan,0,0
GTGGACCAAAGAGACA,G2K,nan,nan,0,0
GTGGAGTATAGAGCAA,G240L I334D Q405A,nan,nan,0,0
GTGGATTAGATACATT,V5M P453*,nan,nan,0,0
GTGGATTATTTTGGAA,V22G T81S G360Q S476A,nan,nan,0,0
GTGGATTTAAAGAAAG,Y219*,nan,nan,0,0
GTGGCACAAATACCGG,F140D S199H D251N Y363R V487E,nan,nan,0,0
GTGGCCAAATATCTGG,L107C A132* T296V Y369N,nan,nan,0,0
GTGGCCCTGCAGAGTG,V28Q L442F,nan,nan,0,0
GTGGGCCTAAACCTGC,C53R K125Y F147V A328V,nan,nan,0,0
GTGGTGGTTTTCTGAA,S163E S205F R456L,nan,nan,0,0
GTGGTTAATACGTCAT,G2P R379I Q406P,nan,nan,0,0
GTGTAACCCCTTCAGC,G198A,nan,nan,0,0
GTGTAATCTCGCCTGA,S91G T108I,nan,nan,0,0
GTGTAATTCGCATCAG,M1F V18R V44C V187D T226Y,nan,nan,0,0
GTGTAGACCTAATCCA,G174F,nan,nan,0,0
GTGTATACACCTACAA,,nan,nan,0,0
GTGTATAGTTTTGCGT,S85H T101N T110A S135W W264L,nan,nan,0,0
GTGTATGATACTCTGC,S246E,nan,nan,0,0
GTGTCAGAAGTAGACA,S437G G478V,nan,nan,0,0
GTGTGAAAGCGACTTG,T70N S143Y S199V R491W,nan,nan,0,0
GTGTGATATGATGAAA,V5* L394K M414* L469I,nan,nan,0,0
GTGTGTAAACGTCAAG,L103K N185S C212L T274L,nan,nan,0,0
GTGTTAAGCATATAGT,,nan,nan,0,0
GTGTTAAGTCGGCCAG,I21N M153D A195T,nan,nan,0,0
GTGTTAATTTATTGAT,Y219S W489K,nan,nan,0,0
GTGTTCCCCAGGATTA,R491*,nan,nan,0,0
GTGTTCCTAACTTCCA,C57Y L220Y L349Y E421R,nan,nan,0,0
GTGTTGACGTGGCGCG,K352M,nan,nan,0,0
GTTAAAATTCCCCGAC,K272* G360F T397E K488T,nan,nan,0,0
GTTAAAGTAAGAGTCA,L32T A328S,nan,nan,0,0
GTTAACCTTTGCTTTT,S91W N146L,nan,nan,0,0
GTTACCCACTTCCTCC,A173C D204N,nan,nan,0,0
GTTACCCTACTAAGTG,K125D D306T R491E,nan,nan,0,0
GTTACGGCACTTACGA,N319M I361A,nan,nan,0,0
GTTACTACAAACAAGT,D268* S389*,nan,nan,0,0
GTTACTAGGAAACCCA,Y172C,nan,nan,0,0
GTTACTCTAGTTCACA,H13L A123N I162Y F293T C364H,nan,nan,0,0
GTTACTTTGCACAAGG,R250S N302I P464V,nan,nan,0,0
GTTAGATTTGCGTACA,F117I D156V G271F D317P,nan,nan,0,0
GTTAGCAAGAATGCTC,E104S I213R G240L T261A I411V,nan,nan,0,0
GTTAGCGAAACATCAA,G2T L107F S392N H457E,nan,nan,0,0
GTTAGGCAAAATATTG,I323E G429W,nan,nan,0,0
GTTATAGCACTACGCT,N89G L142T W196M E396C,nan,nan,0,0
GTTATATCCAGGAAAG,L120M R256P T380R,nan,nan,0,0
GTTATCCGAAGGCAAT,T110I C212L L242K,nan,nan,0,0
GTTATCGTAGATTCGG,H305Y,nan,nan,0,0
GTTATTTCTTGAGCAT,S143R I162T A328S,nan,nan,0,0
GTTATTTTCTAAAGGA,Y66* D306S,nan,nan,0,0
GTTCAAAGAGTTTCCA,M19S G159K S444* K481R,nan,nan,0,0
GTTCAACCGTTCGTAT,,nan,nan,0,0
GTTCACTTAAGTCCAT,C57S S269G M332I K451I,nan,nan,0,0
GTTCATACAATTTAAA,W283* A288S,nan,nan,0,0
GTTCATATACATCTCT,L35P N209M D229N R248T E413L,nan,nan,0,0
GTTCCAAGACACAGCC,,nan,nan,0,0
GTTCCCACGCAAACAC,S85C S267K H374N H455P,nan,nan,0,0
GTTCCGCGAGTCTCAA,N89Y H170Y I350R,nan,nan,0,0
GTTCGAAAAAAAAAAC,S121I K300L D311S T380P,nan,nan,0,0
GTTCGAAATTATGACT,S267R G484V,nan,nan,0,0
GTTCGACCAGCTCAAT,M312E T377I L442T,nan,nan,0,0
GTTCGAGATTATTCAA,G54C S381H S476T,nan,nan,0,0
GTTCGGCATCCCGCCT,V22W M96I T296N N338K R468M,nan,nan,0,0
GTTCGTTTCCCAATGT,C155W K304* L479W,nan,nan,0,0
GTTCTAATTAACTCAG,W283L Q406V P427R C463D,nan,nan,0,0
GTTCTACACATAGAGA,F7L L326P E418L,nan,nan,0,0
GTTCTAGAGTGGTAAT,I112D P145S N346R I403C,nan,nan,0,0
GTTCTATTCATACTTG,L133V P145L T225S,nan,nan,0,0
GTTCTATTTCCCTGTA,R207S L355E K481T,nan,nan,0,0
GTTCTCACTCAGCGTA,T226V A297S T377W,nan,nan,0,0
GTTCTGGACGAATCTA,K33S G42P N395H,nan,nan,0,0
GTTGAAACTAGTGCGT,G260L L355A,nan,nan,0,0
GTTGAAGCTAACCTCA,D122N G160L D175E L372G,nan,nan,0,0
GTTGCCTTGCCTTTGG,Q3G F434L,nan,nan,0,0
GTTGCGGTACCATAAC,Y66H N90Y I221L F399V,nan,nan,0,0
GTTGCTTATTCTACCA,G2P T225G L245A R250M C301L M414T,nan,nan,0,0
GTTGGGACGGGTTCTA,Y278C,nan,nan,0,0
GTTGTCTAAGATCACC,G208T S216* N302E E404Y V431A V485W,nan,nan,0,0
GTTGTGAAGGATTCCA,L84K,nan,nan,0,0
GTTGTGAAGTTAACAC,L68Y,nan,nan,0,0
GTTGTGAATGGAATTC,M1A T101N V298A V459F,nan,nan,0,0
GTTTAAACAACTGATG,L32Y G276R P464T,nan,nan,0,0
GTTTAATTAATAGTAT,D432C,nan,nan,0,0
GTTTACAAAGTAGACA,A184F A297R P466S,nan,nan,0,0
GTTTACACCGAATATG,K161H I239W,nan,nan,0,0
GTTTACCATACATTGT,G34C V47Y D401Q,nan,nan,0,0
GTTTACTCTTATACAG,N119* F293S G429C L447F,nan,nan,0,0
GTTTACTTACTTTGAA,S135P,nan,nan,0,0
GTTTAGGGGCTTAATG,G2R S27R L105E E308S,nan,nan,0,0
GTTTCATAGAAAGTCA,C301V,nan,nan,0,0
GTTTCATGGTAAAAAT,V14T G294F M410I C463P,nan,nan,0,0
GTTTCCTATAATTAAG,E151D Y393G,nan,nan,0,0
GTTTCTTGAGGCATAC,S27* L68E,nan,nan,0,0
GTTTGAAAAAAAGAGG,L50M M134L Q321A,nan,nan,0,0
GTTTGATAGGCCGAAA,M192* L285W,nan,nan,0,0
GTTTGCTGGCTGACAA,S135* T281N I345A,nan,nan,0,0
GTTTTAGCACTGTTCA,G260A A299S V388L H467A,nan,nan,0,0
GTTTTAGTCAGAGAGA,C212N C301S R456P,nan,nan,0,0
GTTTTCGACGCCGCAC,D122Y G159D W264* N390S S444T,nan,nan,0,0
TAAAAAAAAAAGGTGA,G2I N209P K465Y,nan,nan,0,0
TAAAAACGCGCGAATC,E72L,nan,nan,0,0
TAAAAAGAAAAGACTG,K465P,nan,nan,0,0
TAAAAAGCACCCCTAT,E76K T81P L290R,nan,nan,0,0
TAAAAAGCAGAGCATC,S121R D122N W196P,nan,nan,0,0
TAAAAATCAACCGCCT,S171C R207F D211V K272* E329I,nan,nan,0,0
TAAAACAACTGACGAG,M214V W264M Y441H,nan,nan,0,0
TAAAACATCAAGAGCT,L344T,nan,nan,0,0
TAAAACATGTAAAATT,P12* Q335* N365H,nan,nan,0,0
TAAAACATTTGAGCAG,C292S S476T,nan,nan,0,0
TAAAACCCATTAATAC,K116A S171F K300T,nan,nan,0,0
TAAAACCGCAGGAAAT,T182N V187G R468G,nan,nan,0,0
TAAAACGTGACCGCAC,C231G P486L,nan,nan,0,0
TAAAACTGGGCGTACG,,nan,nan,0,0
TAAAACTTAAATAAAA,N89F G198S G276A L394H,nan,nan,0,0
TAAAACTTTCATGGAC,E100T T139C,nan,nan,0,0
TAAAAGAACAGAGGAG,F140A L479P,nan,nan,0,0
TAAAAGAACTTTTGAG,S56N,nan,nan,0,0
TAAAAGATGGAATACT,N114F C310L,nan,nan,0,0
TAAAAGCTATTGTCGA,F38L T58* N127R N146T S154* C231W,nan,nan,0,0
TAAAAGGCCGACGCGC,Q247H A288M D311T P486S,nan,nan,0,0
TAAAAGTTCATTAACA,L107M Y129R H179F I361L M414K,nan,nan,0,0
TAAAATAATAGCAATA,L220E L336*,nan,nan,0,0
TAAAATAATTGATCCG,,nan,nan,0,0
TAAAATATCGGACTAA,K33L C41R C231I E307D,nan,nan,0,0
TAAAATGGGTTAGCCC,N74K F147T M359V,nan,nan,0,0
TAAAATTTAATAAAAC,M82R L103Q,nan,nan,0,0
TAAACAAAAATGCCCC,N342M M414Y W489Q,nan,nan,0,0
TAAACAAATCCTCAAC,I15N H131L G260S T296I I345F,nan,nan,0,0
TAAACACTCACAATTT,L142Q A176K F191K R282N D432K,nan,nan,0,0
TAAACAGTTGAATACC,T87K P427N P466S,nan,nan,0,0
TAAACATAAAGTACTA,L168V T225K E307R,nan,nan,0,0
TAAACATATTAAAAGG,F140L L242F,nan,nan,0,0
TAAACATGCGCGGTCA,T375M N409* H471R,nan,nan,0,0
TAAACATTGCAAACCT,I345P Y393P,nan,nan,0,0
TAAACCAACTCCATTG,I474G,nan,nan,0,0
TAAACCACGCGTATCT,C155H A328L I361G L394F M414I,nan,nan,0,0
TAAACCGAAGAGGAGA,I213T V298S,nan,nan,0,0
TAAACCGATAACTCAA,E104N,nan,nan,0,0
TAAACCTACCATTATT,S56P G181I V450S,nan,nan,0,0
TAAACCTCCATAAAAG,K116T M134T,nan,nan,0,0
TAAACCTCCGGAAATA,F38V E104* Q223L F309L M410R,nan,nan,0,0
TAAACGAGTCTATATT,T81K I213D,nan,nan,0,0
TAAACGTCAGAAAAAA,L259K,nan,nan,0,0
TAAACGTGAGCCAAGA,W196L,nan,nan,0,0
TAAACTATCCATAGGT,T6L,nan,nan,0,0
TAAACTCACCCCATAG,L52E T106I A177S K465E,nan,nan,0,0
TAAACTTCCAGGGAAG,L46P F140S,nan,nan,0,0
TAAACTTGTAAACTTA,Q189Y L266N T426P,nan,nan,0,0
TAAAGAAAAAAATAAA,S171C S333L V341W E404Y,nan,nan,0,0
TAAAGAAAAATCGAAA,N20K L103T F117P I221*,nan,nan,0,0
TAAAGAAAGTACAGGC,,nan,nan,0,0
TAAAGACGCACTAAGA,G2* C118G Y219F N390W,nan,nan,0,0
TAAAGAGACTATCTCT,I137P T380E,nan,nan,0,0
TAAAGAGGCTGTTAGA,S333G,nan,nan,0,0
TAAAGCAACTCTTCAT,S121V,nan,nan,0,0
TAAAGCCTGCTCCGTA,L220M,nan,nan,0,0
TAAAGCGAAACGGAGG,E151I M351*,nan,nan,0,0
TAAAGCGAAATCATAG,I15V R256Q Q331R,nan,nan,0,0
TAAAGCGCCAAATCCC,Q335*,nan,nan,0,0
TAAAGCGTATTGTATC,H467F,nan,nan,0,0
TAAAGCTAGAAAGATT,E76G A299I Y480*,nan,nan,0,0
TAAAGGATACTCAAGA,V47E S135F I254N E421S,nan,nan,0,0
TAAAGGCAGCAAACCA,L105A L245K L258R,nan,nan,0,0
TAAAGGCGCCAGATGG,F7* R356S,nan,nan,0,0
TAAAGGCTAGTTACAC,D357R,nan,nan,0,0
TAAAGTACTATCACCT,I15L F157Y Q232L T296S,nan,nan,0,0
TAAAGTAGGCGAAACA,V44A G198W,nan,nan,0,0
TAAAGTCCGATCTTAT,G102Y I136L W196L,nan,nan,0,0
TAAAGTGAAGAATGAT,M1D L43* A123Q A173G T281I M332L Y369T S389K,nan,nan,0,0
TAAAGTTATGAACTGA,L266S F399Y,nan,nan,0,0
TAAATAAATTAGAATA,L133S N158Y W370C,nan,nan,0,0
TAAATAACAATAACTA,H92M,nan,nan,0,0
TAAATATAAACCGAAT,V31Y N395S P464L,nan,nan,0,0
TAAATATGTTTTCCTT,C475I,nan,nan,0,0
TAAATCACCTAAACTC,S267*,nan,nan,0,0
TAAATCAGGTCCCGAT,G294K Q406H P466N,nan,nan,0,0
TAAATCTAGGTCCAAA,Q223G Y366N,nan,nan,0,0
TAAATGAAAACCGACA,N114I S171E T225L,nan,nan,0,0
TAAATGAAAGCATAAA,R193D S444Y,nan,nan,0,0
TAAATGACAACGAATA,L32I C212N L449R,nan,nan,0,0
TAAATGTAAGGGCGCC,,nan,nan,0,0
TAAATTCAGTAATGCA,T87H R468F,nan,nan,0,0
TAAATTGAGCCTTCAA,C212M T225H S462E,nan,nan,0,0
TAAATTGTAGGCAGTA,D408I,nan,nan,0,0
TAAATTTACTGAACAG,M75C Y200T L442D,nan,nan,0,0
TAAATTTATAAAAACT,F7I H230S I334*,nan,nan,0,0
TAAATTTGCATCTTGT,L32H,nan,nan,0,0
TAACAAAAACAGTGAA,S60R F140L W227E T377E,nan,nan,0,0
TAACAAAGTAAGGAGA,N158M C279F,nan,nan,0,0
TAACAAAGTAGCTCAG,G160R A299W F309D C463V,nan,nan,0,0
TAACAACAATCGGGAA,I4L G174*,nan,nan,0,0
TAACAACCACCAGAAA,M1R N167M R193F S246M,nan,nan,0,0
TAACAACCAGATAGTA,L120T,nan,nan,0,0
TAACAACTTTATGTTC,Y36S,nan,nan,0,0
TAACAAGCTTATCCCC,I112T I443F,nan,nan,0,0
TAACAATACCTGCAAT,V97L C301P F440Y,nan,nan,0,0
TAACACTAAACGATCG,S135Y N395V F440S,nan,nan,0,0
TAACACTAAGTTACCC,S27R L73R I337F P383E,nan,nan,0,0
TAACAGAACAAGTTAA,D156N Y441N,nan,nan,0,0
TAACAGCATCCAGTCG,I4L Q9Y K88M I334R S444L,nan,nan,0,0
TAACATATATGATCAG,K272A M414L Y480F,nan,nan,0,0
TAACATGTAAAGACAC,,nan,nan,0,0
TAACATTACGCATGAT,I24V S138K R456G,nan,nan,0,0
TAACATTATCGTGTCA,F7L E270A Y366T C463*,nan,nan,0,0
TAACATTCCACATTAC,M192Y W210K,nan,nan,0,0
TAACCAGAAAAGCCTC,N37I E308P,nan,nan,0,0
TAACCATGCCGATATT,A340S K451R,nan,nan,0,0
TAACCCCCCGTTGTTT,L78R N119D H124I T261L F293I,nan,nan,0,0
TAACCCTCTATTAAAG,N295L,nan,nan,0,0
TAACCGAGATCATTTC,T106S,nan,nan,0,0
TAACCTAGATGCTCAG,P236Y C301Q,nan,nan,0,0
TAACCTCTATAATAGG,L71S S216L M284F,nan,nan,0,0
TAACCTCTCACACTAA,C41Y G102V I201L K465Q,nan,nan,0,0
TAACCTGCGACGAGAG,M1T G243D T274A L447F N470T,nan,nan,0,0
TAACGAATGACTGAAA,M75I S138L V164M A173N K384P M410K,nan,nan,0,0
TAACGAGTCCTACTAC,H13N E76L M414*,nan,nan,0,0
TAACGCTAATACACTT,G98L H354D,nan,nan,0,0
TAACGCTTACAATGGC,Q149L L382P,nan,nan,0,0
TAACGTACTCCCAAAT,N224* P362D,nan,nan,0,0
TAACGTGACAACACAA,L326A I337Y,nan,nan,0,0
TAACTAAGAAAGTGTA,C86G L120T I137R,nan,nan,0,0
TAACTACCCTGGCTTC,Y200S N390F E404D,nan,nan,0,0
TAACTAGCTGCTGCAC,I252*,nan,nan,0,0
TAACTATAAACCTAGC,T59Q S439R V485T,nan,nan,0,0
TAACTATCTACCGACA,P275S Y441I,nan,nan,0,0
TAACTGAGCAAAAGCA,C212V,nan,nan,0,0
TAACTGATAAAAATGC,C41L C385F,nan,nan,0,0
TAACTGGGTCACGTCT,T101S E270D,nan,nan,0,0
TAACTTCCCATACTCG,L344Q,nan,nan,0,0
TAACTTGACGAAGATC,Q3V G181C,nan,nan,0,0
TAAGAAAAAAGCCCAA,G181E G260W V298T I337R,nan,nan,0,0
TAAGAAACCTGTAATA,I254R,nan,nan,0,0
TAAGACACTAGAATAA,S462W,nan,nan,0,0
TAAGACAGAGGATACA,A152M M194L Q232T K272* G276H,nan,nan,0,0
TAAGAGGACGCAAGAA,K304F E396G,nan,nan,0,0
TAAGAGGTGTATATTT,Y253L M284F Q416*,nan,nan,0,0
TAAGATAGCAGAGGTG,T265*,nan,nan,0,0
TAAGATCTATTTTAGT,A297D,nan,nan,0,0
TAAGATGATAATTCAA,Y441I N470D C475S,nan,nan,0,0
TAAGATGATTCAAATA,L35P M153R R193K,nan,nan,0,0
TAAGATGGAAAACTTG,,nan,nan,0,0
TAAGATGTCAATTATG,I15M C41S,nan,nan,0,0
TAAGATGTTTATACCT,R193Q A343P,nan,nan,0,0
TAAGATTTGTATAAAA,T377V P464S,nan,nan,0,0
TAAGCAACGCGACCAA,T215I Y363* I445A,nan,nan,0,0
TAAGCAGAAGTCGAGA,H124R N185Q,nan,nan,0,0
TAAGCAGGATGTATTT,L84C Y393F D402F C475S,nan,nan,0,0
TAAGCCAATCAATCAG,G64V K384L,nan,nan,0,0
TAAGCCTACATTAAAG,A176D,nan,nan,0,0
TAAGCTAGAGTTCAAT,L430S,nan,nan,0,0
TAAGCTCTCACCGGGA,F157R G198W R250T,nan,nan,0,0
TAAGCTGAATAGCGAA,,nan,nan,0,0
TAAGGACAAATAAACG,V14Q T101G G424W,nan,nan,0,0
TAAGGACTTAAAAGGT,H179* M284Y I337W L355M I458N,nan,nan,0,0
TAAGGCAAATAAATAG,A177S S367F,nan,nan,0,0
TAAGGCCATATGCGAC,E404F H457P,nan,nan,0,0
TAAGGGATAAAGCATT,L336Q,nan,nan,0,0
TAAGGTGAAAGTAGCT,,nan,nan,0,0
TAAGGTTGCTCTAGAT,N342M L447W,nan,nan,0,0
TAAGTCGTTTTTTCAA,W264S G429T T438A N470Y,nan,nan,0,0
TAAGTCTCACATAGAA,G174S C364*,nan,nan,0,0
TAAGTTACATCAACAC,N167T A173G W489S,nan,nan,0,0
TAAGTTATAAATCGTG,T110P I144S Q218L T296C,nan,nan,0,0
TAAGTTCAATTAAATA,M82S Y200H R207A E329*,nan,nan,0,0
TAAGTTGTAAATTCTA,L51K H93S N158Y H398P,nan,nan,0,0
TAATAAAAACATATCA,N209H L428G,nan,nan,0,0
TAATAAGATTCATTGC,E67S T108Q T182H Q335V S392E G473F K481Q,nan,nan,0,0
TAATAATACTATCAAA,T59R D175* W386M S444Y,nan,nan,0,0
TAATAATTATCGTAGT,F38V N89Y N390F Q416E,nan,nan,0,0
TAATACAACATGACTT,F293S L479I,nan,nan,0,0
TAATACAAGCAAGAAG,C475L,nan,nan,0,0
TAATACCAAACAAGAG,Y129C R235E E396D,nan,nan,0,0
TAATAGCCATGTATGA,F7D R207E,nan,nan,0,0
TAATAGCCCCTAACGC,I136T R235A Q406L P466L,nan,nan,0,0
TAATAGCTGACACCCG,D130K L326S,nan,nan,0,0
TAATAGGAAAATTACC,Y480P,nan,nan,0,0
TAATAGTCACACCCGT,C155W G160F,nan,nan,0,0
TAATAGTGACAGCAGA,I213M Y253C I452S,nan,nan,0,0
TAATATAAAATCTAAT,E67D I474M,nan,nan,0,0
TAATATAGGCAAAACT,L344P S476H,nan,nan,0,0
TAATATAGTATGATAA,G98K T139A Y253L L355S,nan,nan,0,0
TAATATCGTACCCTAG,Y150S I201R,nan,nan,0,0
TAATATGAGCATATAC,N89R W210A P238S I337S P383W,nan,nan,0,0
TAATATGGTTGCTACA,E76F S143E D306V T376W,nan,nan,0,0
TAATATGTTGCCGAAC,A123C G378S L394T,nan,nan,0,0
TAATATTACATTTGTA,W210P N373G K490H,nan,nan,0,0
TAATCAACTTCAATAT,L103G F157L,nan,nan,0,0
TAATCAATTTCATCTG,,nan,nan,0,0
TAATCACGAGGTAATA,G64F L71E V341P,nan,nan,0,0
TAATCAGAATAGATAA,Y371V Q416P,nan,nan,0,0
TAATCCAAAGCTCGAT,L73K M82S M134C G260D S476G,nan,nan,0,0
TAATCCAATAACTAAA,,nan,nan,0,0
TAATCCGACGTAGCTC,S143C K272I C292Y K339N N365P,nan,nan,0,0
TAATCGAAAAGATCAT,L52K N79G W283* P427*,nan,nan,0,0
TAATCGTTACAGCTAG,K339Y,nan,nan,0,0
TAATCTAGGCAACTAT,G34W W210R D251C N319P,nan,nan,0,0
TAATCTATAGCTCACT,L220*,nan,nan,0,0
TAATGAACCCGCTCCC,G45* K488N,nan,nan,0,0
TAATGACAGGAAACGC,L78R P83H A297T K368A,nan,nan,0,0
TAATGACGGAATCAGT,F49K M194W G271F K339P Q482P,nan,nan,0,0
TAATGATAATTACAGC,N99A C155N C212L K304L,nan,nan,0,0
TAATGCTTAGGTTTAA,,nan,nan,0,0
TAATGCTTCCTGTCTC,S60G T226A N338*,nan,nan,0,0
TAATTAAGTCATTGCT,S56*,nan,nan,0,0
TAATTACAAAAGAGAC,A184P S476L,nan,nan,0,0
TAATTATTTAAACGCA,G198N A297N Q405S,nan,nan,0,0
TAATTCAAACCTCGTA,V47L T70K E100F N127K I458L,nan,nan,0,0
TAATTCAATTACCCGC,Y129M R256H D317W,nan,nan,0,0
TAATTCCATAGCATCA,K272M,nan,nan,0,0
TAATTCCCTAAAAAGA,T40D N158Y A328F,nan,nan,0,0
TAATTGCACCACAATA,Q189H G243C K339L C364V,nan,nan,0,0
TAATTGTGCTTGTCAT,,nan,nan,0,0
TAATTTACAGATCTCT,I24K N209K M312I F318L,nan,nan,0,0
TACAAAAAACAAAGCG,L84R T110D,nan,nan,0,0
TACAAAATACCGAAGA,S462L,nan,nan,0,0
TACAAACTCTCCTCCT,V28I L103C T110L D175R,nan,nan,0,0
TACAAAGATTATTTCT,L103R V164F P236S R256G,nan,nan,0,0
TACAAATTCGGCCCTT,Y62F E67V V183K G197R E289A S462I,nan,nan,0,0
TACAACACAGATATAT,N158* L382K L387G,nan,nan,0,0
TACAAGTTACTGTAAA,E16S L50S,nan,nan,0,0
TACAATAATCTTAGGA,T375D D402L,nan,nan,0,0
TACAATAGTTCACTAT,,nan,nan,0,0
TACAATCACTTAAAAA,T274S E287K K304Q L336R G473K,nan,nan,0,0
TACAATGATGTCTTAT,D204G H230Q L290* C364F,nan,nan,0,0
TACACAAATAAATTGT,E418*,nan,nan,0,0
TACACAAATACGAGAC,R235V M284I I443W,nan,nan,0,0
TACACAGCACGCATTA,,nan,nan,0,0
TACACATAAATCATAA,C155I,nan,nan,0,0
TACACATTAATAGCAG,S56N N109H S121L N127D I144M,nan,nan,0,0
TACACCACACGAAAAC,D311L,nan,nan,0,0
TACACTAACACAGACA,A299T E303S D317L L442A,nan,nan,0,0
TACACTCAACGACGCA,,nan,nan,0,0
TACACTCCGTTCGAAT,L32Q S163G,nan,nan,0,0
TACAGAAGGATCTATC,T6L,nan,nan,0,0
TACAGAATCATTGTAA,S333R,nan,nan,0,0
TACAGCCAATTAAGTT,L35M,nan,nan,0,0
TACAGCGTACGTAAAA,S56G K161M,nan,nan,0,0
TACAGCTGACAAACAA,N37L C180I P427M,nan,nan,0,0
TACAGCTGTCGAAGAC,Y253D,nan,nan,0,0
TACAGTACAAAAATTA,L84S Y219T T375E,nan,nan,0,0
TACATAAAAAACAATC,H457N K461I,nan,nan,0,0
TACATAACCCCGAAGA,N319G I358D K488N R491M,nan,nan,0,0
TACATACTAGATCCAG,L259Y L280M,nan,nan,0,0
TACATACTGACTGAGT,G2* T58Q C118R A184V,nan,nan,0,0
TACATAGACAAACACC,S56* R257Q T412P,nan,nan,0,0
TACATAGGTGACACTG,D402Y,nan,nan,0,0
TACATATCCGTAAGAA,F7Q T81R N148I G160S,nan,nan,0,0
TACATCCACACCTTAA,F38Y G159K M194I L313H C463Q,nan,nan,0,0
TACATCTGATAGGATT,I136A Y219F,nan,nan,0,0
TACATGAAAGAATCTT,L103S N178R A184I,nan,nan,0,0
TACATGCGAACAAGTC,A30D,nan,nan,0,0
TACATTGCCTGAAGTT,S27G T40L C53T,nan,nan,0,0
TACCAAATAACCTCTC,C118Y,nan,nan,0,0
TACCAACCCCCGTTAG,,nan,nan,0,0
TACCAAGGAAGCCTCA,L245S N395A,nan,nan,0,0
TACCAAGGCAACACAA,I113G A177L L259R M420R,nan,nan,0,0
TACCAAGTGGAGAAAG,L107P L203P D401E K465L,nan,nan,0,0
TACCACAGAGAGAATT,M134V Y166S W196G P464L,nan,nan,0,0
TACCACCACCTGTGCA,G186N K339N,nan,nan,0,0
TACCACCGTAGAATAA,T40C L220M Y253A Q406T,nan,nan,0,0
TACCACTGCCCTGGAA,G2V L52R T101Y,nan,nan,0,0
TACCAGGAGTGAACAC,I24H Q149W,nan,nan,0,0
TACCATCCAGCTCTAA,L103S,nan,nan,0,0
TACCCAACAGAAGTCT,,nan,nan,0,0
TACCCAACTGGACAAA,L23P L142T K339R,nan,nan,0,0
TACCCAATACTGTTTA,Y150F W210F,nan,nan,0,0
TACCCACAACTAGACA,G64H A288E,nan,nan,0,0
TACCCATATTACGCTC,F147P L430T,nan,nan,0,0
TACCCATGCAACCTCA,E76F T226* L428S,nan,nan,0,0
TACCCATGTAACCTTT,Y66* E76*,nan,nan,0,0
TACCCCAACAGTCATG,E10* L103R,nan,nan,0,0
TACCCCACCCCTTCAC,Q3* Q321T,nan,nan,0,0
TACCCCCCCGAACAAA,Y94H N395Y,nan,nan,0,0
TACCCGCATTTGGACC,W370L,nan,nan,0,0
TACCCGTTTCAATAAA,A39E F309W Q335T,nan,nan,0,0
TACCCTGAAGAACTTT,M19E E76A,nan,nan,0,0
TACCGAACATCAAAAG,L258G S400W,nan,nan,0,0
TACCGACAAAATGAGC,I15S A343E V435L P464G,nan,nan,0,0
TACCGCCATACCAGCA,N167L Q348R,nan,nan,0,0
TACCGGGCGTTACCCA,L46M V459G G478T,nan,nan,0,0
TACCGTATCCGCTACG,F140K,nan,nan,0,0
TACCGTCACATCTGCT,Q232V V431W,nan,nan,0,0
TACCGTTATATCAGTG,M153L S199K,nan,nan,0,0
TACCTAAAAGTCACCG,L51M G198R,nan,nan,0,0
TACCTAAATCTACTGA,G197V L258N T274S,nan,nan,0,0
TACCTCATTAGCAGCA,F7I C53K H131R E228G,nan,nan,0,0
TACCTGAGTACCGCGT,Q69C,nan,nan,0,0
TACCTGCATGCGCTAA,V14W G102C I112L L442R,nan,nan,0,0
TACGAAATGTATAGGA,S56N I445P S462F,nan,nan,0,0
TACGACGATGTTTTAA,I15Y Y200L G208Y D347P,nan,nan,0,0
TACGAGAGGAATATCC,,nan,nan,0,0
TACGAGGCAAATTAAA,M134N M410K,nan,nan,0,0
TACGAGGGAGTCGAGT,G34D C86L H92A R314Q E404D,nan,nan,0,0
TACGATCATCGATCCT,L51S R468T,nan,nan,0,0
TACGCAGTCACCTCAT,D122V,nan,nan,0,0
TACGCCATCGAGCGCA,T377S,nan,nan,0,0
TACGCCTAGTTACGAT,T6R I452M,nan,nan,0,0
TACGCCTCACATGTTT,E418S,nan,nan,0,0
TACGGAATTACGGGAC,N89V A330K,nan,nan,0,0
TACGGCTACAATAGAT,T87Y N148G A176T T215I,nan,nan,0,0
TACGGGTACGATAGCA,,nan,nan,0,0
TACGGTTCTCGTCCTA,M284I T296E,nan,nan,0,0
TACGTAACGGGTATCA,N74E S392V D402*,nan,nan,0,0
TACGTAATTATGGAGG,Q218N D306*,nan,nan,0,0
TACGTCCGACTCGGGT,T110H Y200E L447N,nan,nan,0,0
TACGTGTATAGAGAGC,,nan,nan,0,0
TACGTTCAAACCTCCG,G174Y D229S L259R K304N L313T,nan,nan,0,0
TACTAAAGACATATAT,E104Y,nan,nan,0,0
TACTAATAATACCTGC,L32* Y172A W210G C364L S437D,nan,nan,0,0
TACTAATACACGAGTG,E16V P83E,nan,nan,0,0
TACTAATGACTCACCA,Q3G K33C,nan,nan,0,0
TACTACAACAAATGAA,I21V I458Y,nan,nan,0,0
TACTACTATCCAAATC,L133N F293D Y441L I445L P464W,nan,nan,0,0
TACTAGCACCCACTCC,E16L T58K I345R,nan,nan,0,0
TACTATAACGCTGATA,,nan,nan,0,0
TACTATAATTTTAATC,M19D S121I Y217*,nan,nan,0,0
TACTATCATGTCTACA,C279P N365I T426I,nan,nan,0,0
TACTATGCTTTATAGC,G198K M410I F434L,nan,nan,0,0
TACTATTTCTGTTACT,L142* D306L K339Y,nan,nan,0,0
TACTCAGAACGATAAC,S234P,nan,nan,0,0
TACTCAGCACAGAGCC,L32E Y66T L73M Y366I,nan,nan,0,0
TACTCATTGGCCCGCA,R235A L245T K461E C475Q,nan,nan,0,0
TACTCGAGACTAAAAT,G294* F440I,nan,nan,0,0
TACTCTATGGATCCAA,S199F D401I W489K,nan,nan,0,0
TACTCTGCACTTGAGG,E151S S216I A328Y P383N,nan,nan,0,0
TACTGAACTCGGTGAA,L46R S216R,nan,nan,0,0
TACTGAATTCATGGAA,F233S M312L H471C,nan,nan,0,0
TACTGACAAAGGGTTG,G2* C155E I334S,nan,nan,0,0
TACTGAGGATGAGGGT,L120P,nan,nan,0,0
TACTGAGTGAAGCAAC,C155G F399S,nan,nan,0,0
TACTGATAAAAGTCGA,L259F V459M,nan,nan,0,0
TACTGATTAAAGGTTC,S85T L285S N302D,nan,nan,0,0
TACTGCGCCCCCTACA,M19C N79P K126S H457*,nan,nan,0,0
TACTGGCAAGAATCCA,M19K M284Y,nan,nan,0,0
TACTGGTAACTCGTCG,S111A A177L Q331S,nan,nan,0,0
TACTGTATTTCTACCT,N470S,nan,nan,0,0
TACTGTGCTCAGCATA,M82A,nan,nan,0,0
TACTTACACACAAAAC,K63E T110I S389P,nan,nan,0,0
TACTTGCAAACACGGG,S205I G424S,nan,nan,0,0
TACTTTTGAGAGATCA,L46M A340R,nan,nan,0,0
TACTTTTTTTTTCCTC,,nan,nan,0,0
TAGAAAAACAAATAAA,V31F G45W T106G F318C I334W,nan,nan,0,0
TAGAAATAAGATTCTG,I112F S216L T263D E418L,nan,nan,0,0
TAGAAATATTAACCCG,R314L,nan,nan,0,0
TAGAAATGCTTTTGGG,L23V Y166M T375S,nan,nan,0,0
TAGAACCTTCTAGGCG,,nan,nan,0,0
TAGAAGATCGATCCAT,L51T H124L,nan,nan,0,0
TAGAAGGCCCTGTTAT,R207K L220K W370S,nan,nan,0,0
TAGAAGGTCACAATTT,T59E G198*,nan,nan,0,0
TAGAAGTTCTTTACAC,S171R,nan,nan,0,0
TAGAATAAGCAGGCAT,V47R L120K F157M F293L D408S,nan,nan,0,0
TAGAATAGGCAATGAA,C279V,nan,nan,0,0
TAGAATTTACAGCATA,N185A D306M Q324F L415*,nan,nan,0,0
TAGACAAATACTATCA,H131I M359S,nan,nan,0,0
TAGACCCGATGCAATG,Y166K F434Y,nan,nan,0,0
TAGAGAAAGTTAATCA,Y219Q G243L L349W I443T,nan,nan,0,0
TAGAGAACGTTAAAAG,H141Q S199N R235E,nan,nan,0,0
TAGAGAGTAAAACTAC,W196P L313P P464L,nan,nan,0,0
TAGAGCGAGTTCGAGA,L50W N373V,nan,nan,0,0
TAGAGCTATATTTATA,F117D M194K S234A L315V N365A F446R,nan,nan,0,0
TAGAGTCTTACTCCAG,M284I,nan,nan,0,0
TAGATAAAAATCGGAT,K33G V487I,nan,nan,0,0
TAGATAACTCTGCAAG,,nan,nan,0,0
TAGATAATTAATGTCA,L50P S462I,nan,nan,0,0
TAGATACGAGATTTGA,L168S G271W,nan,nan,0,0
TAGATCAGAGTAAACA,S392*,nan,nan,0,0
TAGATCAGTAATATCT,V164Y Q189S,nan,nan,0,0
TAGATCATACCACGAA,I254K,nan,nan,0,0
TAGATCGGACGAAAGA,I221L Q247H L372P F399S,nan,nan,0,0
TAGATGCCATTACGCA,E104S N148R K417T R422V F434*,nan,nan,0,0
TAGATGGACGGAAGAT,S237K,nan,nan,0,0
TAGATTTTTATGTACT,,nan,nan,0,0
TAGCAAAGGGATAAGT,P453A P486G K490T,nan,nan,0,0
TAGCAATAATCAGACA,Y66S,nan,nan,0,0
TAGCACAGTCAGAAAC,E104D,nan,nan,0,0
TAGCAGCCGATAGATA,E67R,nan,nan,0,0
TAGCAGGATAAACGAC,C364V,nan,nan,0,0
TAGCATGCCAGCCTAA,E67Q D156L T281M,nan,nan,0,0
TAGCATTAACACAAGA,L46S I136W D311P L442I,nan,nan,0,0
TAGCCAAAAAAAATCG,M312R S389C,nan,nan,0,0
TAGCCAAAATATTGTA,,nan,nan,0,0
TAGCCAGAAAGCAGTC,I4R E16L T40P G98V Y150V,nan,nan,0,0
TAGCCCTGATTTGGCC,C86F N127T S138T N185D,nan,nan,0,0
TAGCCTACGATAAGTA,A340D L428H,nan,nan,0,0
TAGCGATCATATTAAA,T108* F140L L168I T215F L336I Y393D L469I,nan,nan,0,0
TAGCGATCATTGTTGA,M194* S205P T226C P238S,nan,nan,0,0
TAGCGCTTAATGATAC,C53A A322V,nan,nan,0,0
TAGCGTAAAATACAGG,,nan,nan,0,0
TAGCGTGTAAGCGGGT,M312I,nan,nan,0,0
TAGCTAAGTTGCGACA,Y94S,nan,nan,0,0
TAGCTATACAGAAACT,L73V W386D W489*,nan,nan,0,0
TAGCTTACCAGTATTG,V65M C118K G360L S367R E413P R422F,nan,nan,0,0
TAGGAAAGATATTAAA,L244R,nan,nan,0,0
TAGGAAGCCCTTAATC,,nan,nan,0,0
TAGGAATGCGACAAAC,E16*,nan,nan,0,0
TAGGAGTCCAATCACA,N99R T249S L394R,nan,nan,0,0
TAGGCAATGTCTGTTT,G54F T106K L203R,nan,nan,0,0
TAGGCATTGTGTAGCA,Q3R G34L M82K M134T,nan,nan,0,0
TAGGCTACGACCTGTA,R207F E396V,nan,nan,0,0
TAGGCTATGTCTAGCA,K125V N302G H467S,nan,nan,0,0
TAGGGACTAAGCCTTC,F7G I24L M214T I334M P427L,nan,nan,0,0
TAGGTAAATAACAGAC,W210G Q218* T377A K481W,nan,nan,0,0
TAGGTTGAGATAAGAG,S234T,nan,nan,0,0
TAGTACTGAGTATGGC,A39V S121F,nan,nan,0,0
TAGTACTTAGATTTAA,G42V M192V,nan,nan,0,0
TAGTAGAGTTTTCATA,Y200S E228I,nan,nan,0,0
TAGTATAAGCCTCATA,E16W L46R,nan,nan,0,0
TAGTATATACAAAGTC,T110S L220F,nan,nan,0,0
TAGTATCGGAAGATTG,I4Y V97N L479*,nan,nan,0,0
TAGTATGATATATTAT,G2Y N89T P464W,nan,nan,0,0
TAGTATGGAAGTCAAT,Y393V,nan,nan,0,0
TAGTCATGACATCGGA,S121A N209T P383H Y393L,nan,nan,0,0
TAGTCCCTCTAGTACA,F38H L50P G174Q,nan,nan,0,0
TAGTCTGGAAAAAACA,M1D C41R,nan,nan,0,0
TAGTCTTAATGACGAG,A340K G473L,nan,nan,0,0
TAGTGAAAAACACCGC,E104P D432F Y480M,nan,nan,0,0
TAGTGACAATCACAAC,,nan,nan,0,0
TAGTGACATACTAATA,F7R M192* R193G,nan,nan,0,0
TAGTGCTGTTAGGGTA,G2L H374L L447P,nan,nan,0,0
TAGTGTACAAGAGGTC,G260Y K339M Q416K R468G,nan,nan,0,0
TAGTGTTTTACACTAT,R257Q,nan,nan,0,0
TAGTTAGTGGAGACCA,V164K I201A Q416R,nan,nan,0,0
TAGTTGAAATGAATAA,N90L N167T C180*,nan,nan,0,0
TAGTTTATCCTCACCA,A39E F49C K116Q,nan,nan,0,0
TATAAAAAACAACACC,,nan,nan,0,0
TATAAAATACGCCTGG,E76T L349W,nan,nan,0,0
TATAAAGATGATCCTG,L35H S476L,nan,nan,0,0
TATAAATAGATTACGG,N74V Y200R E404D Y441H P483L,nan,nan,0,0
TATAAATCGTCAATTG,Y278N,nan,nan,0,0
TATAAATTTTGTTGAA,H179P Y278* E287N,nan,nan,0,0
TATAACAACATACGGT,R356S K417L,nan,nan,0,0
TATAACACCTTAAGGT,G197W Y363N N409E,nan,nan,0,0
TATAACACTGGGAACC,L52H M75L G208E I222V Y253V,nan,nan,0,0
TATAACATCCTAACCC,N109Y D317Q L479Y,nan,nan,0,0
TATAACCCGTGACAAC,D347P S389G,nan,nan,0,0
TATAAGCCCTAAAAGC,C57V Q149L L394N,nan,nan,0,0
TATAAGGTGTTCCAGA,P12K L51K H230S A288P,nan,nan,0,0
TATAATACCTATACCA,,nan,nan,0,0
TATAATGACTGTAACC,L259S,nan,nan,0,0
TATAATGCACATGAAA,N209D H354T D408R,nan,nan,0,0
TATAATGGCATGGCAC,,nan,nan,0,0
TATAATTATCATATCT,F117V G294L A407T,nan,nan,0,0
TATAATTTATTAGGAC,M96K Y363S G378L P464W,nan,nan,0,0
TATAATTTATTCAATG,Q9* Q223S T261L H305Y A407F,nan,nan,0,0
TATACAACATGCATTC,I24C I112F W196L S439Q,nan,nan,0,0
TATACACTGTAATCGG,G54H K327* C475R,nan,nan,0,0
TATACAGCTCCCGTTA,Q218G H467V P483Q,nan,nan,0,0
TATACATTCTAATAGC,G45S E67V S111C Y150T L220I V485K,nan,nan,0,0
TATACCCTGGAGAAGA,I443G I474E G478S,nan,nan,0,0
TATACCGCAATTTTAC,E151A D229F D401K,nan,nan,0,0
TATACGCTTCGCATAG,,nan,nan,0,0
TATACGTAATAAATAT,N89H L103P S163V C301A,nan,nan,0,0
TATACTAAAGTTAAAA,S216H G260D,nan,nan,0,0
TATACTGACATGATAT,T215A L382Y Q416A K465I,nan,nan,0,0
TATACTGATATGCATA,S171* S400I,nan,nan,0,0
TATACTGGAATGTTAA,S367F,nan,nan,0,0
TATACTGTCCCAATTA,L52Q G64T E72K,nan,nan,0,0
TATACTTGAAACATAT,E16V,nan,nan,0,0
TATAGAATTTAAGTGA,T182Y V341N,nan,nan,0,0
TATAGCAATATCATTG,T70K I361P N409T,nan,nan,0,0
TATAGCATTCGAAATC,,nan,nan,0,0
TATAGGATATGCGTCT,L188Y Y200L,nan,nan,0,0
TATAGTAACATGCAAC,Q69R T108K C310P R356M H455V,nan,nan,0,0
TATAGTAGATCCGAAC,T108L C118L G294A H305G,nan,nan,0,0
TATAGTCTTGCCAAAT,,nan,nan,0,0
TATATAACAACACAAG,S267N T426Y,nan,nan,0,0
TATATACATCGTATCA,E16C,nan,nan,0,0
TATATACCCTCTCAGT,T376W,nan,nan,0,0
TATATATAAACTAAAC,G42N I361Y L394-,nan,nan,0,0
TATATATACAGCTTTT,G2Y L245H V298*,nan,nan,0,0
TATATCGGATACCTAC,A407V,nan,nan,0,0
TATATCTTACCTACCG,E76G I162* G208K S216R E413A Y480V,nan,nan,0,0
TATATGCTTACGCGCG,C212V H374R,nan,nan,0,0
TATATTAAATGCGAAC,N89I A176P H230S,nan,nan,0,0
TATCAAGAGCCGTTAC,Q69E,nan,nan,0,0
TATCAAGTATCGAGTC,,nan,nan,0,0
TATCACCCGAAGATTA,E76V,nan,nan,0,0
TATCACGCATAAATAA,C86Y K125S V164K S389N,nan,nan,0,0
TATCAGACGACTGACG,Y217* R379H E418W G473V L479G,nan,nan,0,0
TATCAGTAACAGCTTA,S163C F440W,nan,nan,0,0
TATCATAACTACCCAC,M82P A343T K417N V431M,nan,nan,0,0
TATCATTGCTGTAAAT,Y129P A297N,nan,nan,0,0
TATCCACCCGTAAAAG,N20I L120G S205I F318W S400H,nan,nan,0,0
TATCCATAAATAGGCA,A173V L203G W227A I337*,nan,nan,0,0
TATCCCGGGAACAGCC,N74P C155T,nan,nan,0,0
TATCCTCAAAAAGCTT,E72L M82S A132I,nan,nan,0,0
TATCCTCATAACCATA,M1* P12V V44* S85M Q348A T397L R456V,nan,nan,0,0
TATCCTCGATAATCCT,C118Y,nan,nan,0,0
TATCCTTTATGTGAAG,Y36W G102S S143N G160T T225R K352N,nan,nan,0,0
TATCGAACGACCGAAG,I15P C155N S476N,nan,nan,0,0
TATCGACGAAACCCAA,T87* I136R C301T,nan,nan,0,0
TATCGAGTATATAGGA,F38P C155H C292R G391N S444P,nan,nan,0,0
TATCGCACACATACAA,M96W T108L D229A G391*,nan,nan,0,0
TATCGGTAACAATGTG,F140L Y253* L285M,nan,nan,0,0
TATCGTGGTGATATGT,R235Y Y441N,nan,nan,0,0
TATCTAATACCAAAAA,N342K Q348S,nan,nan,0,0
TATCTATTAGCATGCC,D229N C463F,nan,nan,0,0
TATCTATTGATATATA,L43S Y62* L203* S216K Q324K G360S,nan,nan,0,0
TATCTCGTCTAAATGT,L71S L244E T376C,nan,nan,0,0
TATCTGTAACTTATAC,E289W C475R,nan,nan,0,0
TATCTTAAATATCCAT,C155Y S163Y Q189R W227L,nan,nan,0,0
TATCTTACTAATGAAG,N390*,nan,nan,0,0
TATCTTCATATACTAC,W227G D347N,nan,nan,0,0
TATCTTCGTCGGGCTC,S27F N109S Y217S,nan,nan,0,0
TATGAAATCAAACCCC,T215V E228K I252R N346D I361S,nan,nan,0,0
TATGAAGCTATCAAGA,N37L I113S G174C,nan,nan,0,0
TATGAATAATAAGACA,A132C F140A,nan,nan,0,0
TATGACTAGAAGTGAA,T40K L128P,nan,nan,0,0
TATGATAAATTGAATA,V18R A39G C212I E270*,nan,nan,0,0
TATGATCAACTAGATT,A195*,nan,nan,0,0
TATGCCACCGATCTTA,G54T N127F L382A,nan,nan,0,0
TATGCGCACCTTGCCG,S163R G206A P453L,nan,nan,0,0
TATGCGTCTATTAGTA,R325E,nan,nan,0,0
TATGCTTACGGCAATA,G208C,nan,nan,0,0
TATGGAGTCTCCTAGT,E76K Y94F L168I W264L,nan,nan,0,0
TATGGCGACTGATCAT,D347Y L479I,nan,nan,0,0
TATGGGGAATTCCGAA,P145S R256D V298M,nan,nan,0,0
TATGGGTCAATGAAGA,G34R L220N,nan,nan,0,0
TATGGTATACGAATAA,C57Y Y62D S163L N338W L433R,nan,nan,0,0
TATGTAACCGTAGCGA,Y166L R248V S333Y C364A T377Q S444N,nan,nan,0,0
TATGTTCTGTAACATA,I24R,nan,nan,0,0
TATTAAAGTGGTAAGT,Q3L I337Y,nan,nan,0,0
TATTAACTATTAAGGA,L258G,nan,nan,0,0
TATTAAGGTGGTCGAT,L315D,nan,nan,0,0
TATTAATAGATAGTGA,P12K V18Q K272N L449W,nan,nan,0,0
TATTAATTCAATGCCT,V187R T426K,nan,nan,0,0
TATTACCAAGATGGAC,,nan,nan,0,0
TATTACCAAGGTACCA,K116R S163* Y166N L258K N319P E418G L433F,nan,nan,0,0
TATTACCATCGTAGTT,Y166S L220V,nan,nan,0,0
TATTAGAAAGGCAAGA,L52C A173E S389F,nan,nan,0,0
TATTAGATGAATCGCA,N224K T263Y D432H,nan,nan,0,0
TATTAGTAAATGTACT,V44S Q69H R468L P483A,nan,nan,0,0
TATTATATACCCGGAC,N89F,nan,nan,0,0
TATTCAAGCTTGGACG,K63V K161N Y200W S267R L442W,nan,nan,0,0
TATTCCGAAGTAACGA,G174R L242H P466T Q482T,nan,nan,0,0
TATTCCGCAATCCGTG,,nan,nan,0,0
TATTCCTCCTTCCTCG,E72F T274N L355S Q416I,nan,nan,0,0
TATTCTAACGGAGTAG,M1I I337V,nan,nan,0,0
TATTCTTTTTAAATCC,M134K S154Q S255R,nan,nan,0,0
TATTGAAAAGATAGAG,D347H,nan,nan,0,0
TATTGAAAGGCGACTT,V5Y L103* R491V,nan,nan,0,0
TATTGAGAGGAAAATT,H131S Y200W I452E,nan,nan,0,0
TATTGAGCATGCTATT,I361H,nan,nan,0,0
TATTGAGTATGCTGAT,E67L W196Y C364F,nan,nan,0,0
TATTGGGGACGCATAT,M19R E404I V485A,nan,nan,0,0
TATTGTTAATAGAAAT,I252R G260M A328S,nan,nan,0,0
TATTTAAACTGCTTAA,S135G Y166I F434N,nan,nan,0,0
TATTTAGGCACATGAA,T225R E307G I443R,nan,nan,0,0
TATTTCACCCTAGAAA,I4G,nan,nan,0,0
TATTTCTAGTTGCCTA,R207V N353S,nan,nan,0,0
TATTTTTTGAACAGGA,I4V V65E C475V,nan,nan,0,0
TCAAAAAAATTAAGAC,V47I R55L S267I Q335S,nan,nan,0,0
TCAAAACAAGGAACCA,,nan,nan,0,0
TCAAAACCCATAAATG,I21H T58I H93Y A195V S237R S389T,nan,nan,0,0
TCAAAACGTCCAGAGA,N373R,nan,nan,0,0
TCAAAAGCCAAAAGTG,G42*,nan,nan,0,0
TCAAAAGCCGAGAACG,,nan,nan,0,0
TCAAAAGTATTAAAAC,E100T R250V L344F,nan,nan,0,0
TCAAAATATCATAATC,W210* E404* V431Y,nan,nan,0,0
TCAAAATTGCAGTTGG,E67N C212F Y217D Q247W W489*,nan,nan,0,0
TCAAACCAACCCGACA,Q348C,nan,nan,0,0
TCAAACTACAGTACGA,I112S A132Y K161A R207I L355K Y480I,nan,nan,0,0
TCAAAGACAAGGGACC,Q149P I345R,nan,nan,0,0
TCAAAGGCTGCGACGT,H13N C53S Y363V,nan,nan,0,0
TCAAAGGGGACGCCGG,H141G F147V S199F T261* A299M,nan,nan,0,0
TCAAATATCCCGATAA,Q3R S60P M194L Q405T G478L,nan,nan,0,0
TCAAATTCACAACCAC,L415R,nan,nan,0,0
TCAAATTTTTGCTCAA,R193K,nan,nan,0,0
TCAACAAGATCATTCC,T40A L71G G473Q,nan,nan,0,0
TCAACATTAAACCAAC,T376H L433C S476G,nan,nan,0,0
TCAACCCAGTACTATC,D408R,nan,nan,0,0
TCAACGGAAAGACACT,G34V K425N,nan,nan,0,0
TCAACTACAGAAGAGA,L46V C53W P238C I323S,nan,nan,0,0
TCAACTCATAAAATTC,V44N I222A,nan,nan,0,0
TCAACTCCACGAAAGG,G208M Y278F M332P I361Q,nan,nan,0,0
TCAACTCGAATATTAG,G2A H92W S163N I239T,nan,nan,0,0
TCAAGAGTATACATCT,L128P S234Y G478W,nan,nan,0,0
TCAAGATATTCCGTAG,G160L H179T L315T,nan,nan,0,0
TCAAGCGCATATTAAT,E10I I15S K88D S171D F293R P427* Q482C,nan,nan,0,0
TCAAGTCTCACAATCG,H374Q G378D,nan,nan,0,0
TCAAGTGTGCCTAGTG,C118Y D130L L203P,nan,nan,0,0
TCAATAAATGGCATTC,L344R,nan,nan,0,0
TCAATAATAATTGAGT,A195V M214W D347C,nan,nan,0,0
TCAATAGGTTACCGGG,L84E H93K L258T R379P E396I,nan,nan,0,0
TCAATTACTCACCTAT,Q218Y G429E K488P,nan,nan,0,0
TCAATTCTATAAACAC,S154R L220V I239K Y363* L428K P466Q,nan,nan,0,0
TCACAATTCCAGGAGC,,nan,nan,0,0
TCACACGGCTCACAAC,I113A D229G A343P N395T,nan,nan,0,0
TCACACTCGTAACTGG,L84R N167D E287D,nan,nan,0,0
TCACAGTCAGAAGGAC,R257* K481D,nan,nan,0,0
TCACAGTTAAAATGCA,E17K H230Y I286N,nan,nan,0,0
TCACATACTATCAACA,L133S C231M K465H,nan,nan,0,0
TCACCAAACAACCGGC,Y363N,nan,nan,0,0
TCACCACAATAATTGT,,nan,nan,0,0
TCACCACTATCAACAT,C53R H170P,nan,nan,0,0
TCACCAGAAAATGTGT,M153Y,nan,nan,0,0
TCACCAGCCAGAGCCA,I136H,nan,nan,0,0
TCACCATTATACTCAA,D211L A299E H374S,nan,nan,0,0
TCACCCAATTCTACTA,T58F S205R D229E,nan,nan,0,0
TCACCCCTCACAATGG,F7W G54C M192I,nan,nan,0,0
TCACCGGAACTGGAGA,F318S W489I,nan,nan,0,0
TCACCTCACAGATAAT,W264V V341M,nan,nan,0,0
TCACCTGACGAGTCAA,A195V,nan,nan,0,0
TCACCTTAAAAAAAAA,C41M Y217G Q406L,nan,nan,0,0
TCACGACAGCACTACC,M1* P486K,nan,nan,0,0
TCACGCATCATTAAGT,F399L F436L K465C,nan,nan,0,0
TCACGTACATACTGAG,F157Q Y278*,nan,nan,0,0
TCACGTGATCTACTGC,L51R V183T I361* W370R Q405L K488L,nan,nan,0,0
TCACGTTCAAACCAAG,T59H,nan,nan,0,0
TCACTACTGTCACTTT,N99R Y393P M414W,nan,nan,0,0
TCACTAGCAGTACCAA,Y172L Y393C,nan,nan,0,0
TCACTAGTCCTCGCCC,T6L S255P P275C R468S,nan,nan,0,0
TCACTATCGCGAATTA,L46A I254R S400C,nan,nan,0,0
TCACTGGAATTTCGTC,T263P M410T F440L,nan,nan,0,0
TCACTGGTGTGATTTG,I112F F446C,nan,nan,0,0
TCACTGGTGTTTTAGA,S27* N90D M312T Q482*,nan,nan,0,0
TCACTTAGACACCAAA,Y278K M414W,nan,nan,0,0
TCACTTAGCTGACAAA,M134E I452D K481S,nan,nan,0,0
TCACTTTCATACTAAA,D402F,nan,nan,0,0
TCAGAAGCAGAAAAAA,Y166T H230I S389I M414T C475S,nan,nan,0,0
TCAGACCGACCAACGT,S56K H131N L220Y Q232T,nan,nan,0,0
TCAGACTCCTTACCAA,G174*,nan,nan,0,0
TCAGAGCCCTACCCGT,S199G T261S V341* L447K,nan,nan,0,0
TCAGATCCACCAAATA,Y219V M312N,nan,nan,0,0
TCAGATCGCGCATCCA,G64T S444N P483M,nan,nan,0,0
TCAGATGCATTGAAAT,Y253N H457S,nan,nan,0,0
TCAGCGCCCAACAAAA,L258G,nan,nan,0,0
TCAGCTATCCGCCCCA,M75I W210M W264K E289W,nan,nan,0,0
TCAGGAGCTATAGCCG,E10K T59F T106I F434P,nan,nan,0,0
TCAGGATTACCTGCAT,C86* S138N,nan,nan,0,0
TCAGGGCAATATTATC,K488N,nan,nan,0,0
TCAGTAGCTCTATTGA,V65M I144L S437N K490E,nan,nan,0,0
TCAGTATAAAATAATC,A173V V435F W489Y,nan,nan,0,0
TCAGTCACAACTACAA,S56* L107R D347I,nan,nan,0,0
TCAGTGGACATAGTTA,T70L I337E G360A E396L R422P Q482S,nan,nan,0,0
TCAGTGTTATAGCACA,M194I I221R,nan,nan,0,0
TCAGTTGTACTTCGAA,T58M,nan,nan,0,0
TCAGTTGTATTGGTAA,V298L T454R,nan,nan,0,0
TCATAAAATCCAGATC,M1C,nan,nan,0,0
TCATAAACCAGACTGA,E100* Y393M L442R,nan,nan,0,0
TCATAAATTAATACTT,C212K F262S,nan,nan,0,0
TCATAACGATTGATTA,M82I S205W K339P,nan,nan,0,0
TCATAAGGGCGTTTAT,L355M,nan,nan,0,0
TCATAAGTTCAAAACA,S255*,nan,nan,0,0
TCATAATGAACAAACG,I345K N390R S444F,nan,nan,0,0
TCATACGCCCTTACTG,E16F L26Y D229G M284F L349Y,nan,nan,0,0
TCATAGTACCCACACC,N158F N224*,nan,nan,0,0
TCATATAGAACGCACC,E16C N99F,nan,nan,0,0
TCATATCAGAAAGTCG,T108H G198S N470H,nan,nan,0,0
TCATATGTGAAACCAA,R356E,nan,nan,0,0
TCATCAAACAGCATGG,E72L K304I I443D,nan,nan,0,0
TCATCATAAAATGAAA,I15A K352*,nan,nan,0,0
TCATCATCGGCAAGAT,,nan,nan,0,0
TCATCCTAAAAAGGCA,G159R D175L A176D C180S,nan,nan,0,0
TCATCCTAGAATCAAG,A184V C279H I337Q I345C D401E,nan,nan,0,0
TCATCGACAAATTAAT,T139M I239L F399P L447T,nan,nan,0,0
TCATCGCTGTTACTAG,W227R Y241K D251* W370C P427L,nan,nan,0,0
TCATCGTACCTGTGCC,I254E,nan,nan,0,0
TCATGCCACAACACCT,H305V,nan,nan,0,0
TCATGGGGTTACCCTG,V14S I21S F316R,nan,nan,0,0
TCATGTATACCTACAA,G243K T263S N295G Q331P P466V,nan,nan,0,0
TCATGTATGACATCCC,L52H,nan,nan,0,0
TCATGTCTTCACCTGT,G102A S143D T225V N395T D432I,nan,nan,0,0
TCATTAACCTACATCA,S135L V388A,nan,nan,0,0
TCATTATAAGGGACAG,C53I I221T S389G Q416G Y441W,nan,nan,0,0
TCATTCAAAAATCTCT,S27V M153G Q335L,nan,nan,0,0
TCCAAAAAAATTACCG,E104P R193T W227Y,nan,nan,0,0
TCCAAACGACAAGACA,R193I D204Y M214T N409D,nan,nan,0,0
TCCAACCATTTAAATG,P275L A288D A297Q I337N L349V L394H,nan,nan,0,0
TCCAATTGCAACACTT,L242G V487I,nan,nan,0,0
TCCACAAGAACTAAAG,N79K I162M G243P T274L,nan,nan,0,0
TCCACCATAGAAGACA,I162E S255D V341L,nan,nan,0,0
TCCACCCCATTATAAC,L469P,nan,nan,0,0
TCCACTACAAACCCCT,S135M,nan,nan,0,0
TCCACTCAAAGGCACA,M312W,nan,nan,0,0
TCCACTTAGGATTGAC,W283R,nan,nan,0,0
TCCAGGATGGGATTGT,L258N M332C,nan,nan,0,0
TCCAGGGTGACATCAT,I213S S269T W283M S439K H455Q Q482L,nan,nan,0,0
TCCAGTTCAGGCATAA,C155* N209H E228K W283* E418V,nan,nan,0,0
TCCATAAAAAAGCAGC,C41H N99K D273I,nan,nan,0,0
TCCATAAAACAGTTGA,C231S,nan,nan,0,0
TCCATAATTACCGTAC,G2H Q3K M414V,nan,nan,0,0
TCCATTAAACAAATAC,A152H Y369S H457P V485L W489L,nan,nan,0,0
TCCCAAGAGACCAACC,F8D L46P,nan,nan,0,0
TCCCAAGCTGTCATCG,L107V F293Y,nan,nan,0,0
TCCCAGTAAAGCTAAT,G2R N114T T182I A202S I252L G276M,nan,nan,0,0
TCCCCAGCAGCATGGC,,nan,nan,0,0
TCCCCATAAAAAATGG,S111Y I361F,nan,nan,0,0
TCCCCCAAGAAAAAAA,C180M,nan,nan,0,0
TCCCCCTAGAACGAAA,Y166K,nan,nan,0,0
TCCCCCTCTAAATAAA,A132L G174M A297H Q416A,nan,nan,0,0
TCCCCGACTACATCCA,S154P,nan,nan,0,0
TCCCCGGTATCCCTTT,V5P Y62S Y200P Y241M G277F V298C D402H G424L P466H,nan,nan,0,0
TCCCCTATAAGCAATC,,nan,nan,0,0
TCCCGAAAAACGCCTG,,nan,nan,0,0
TCCCGAAAATCTATCA,D229* S392F,nan,nan,0,0
TCCCTAACCGAGAAAG,N295S S476*,nan,nan,0,0
TCCCTAAGATGCAAGT,E76R N185E,nan,nan,0,0
TCCCTAGAAACAACTA,M1T L349E,nan,nan,0,0
TCCGAAAATAAAAGAG,D122P G160Y W264P Q331L,nan,nan,0,0
TCCGAAACTGATAATC,T281K C475K,nan,nan,0,0
TCCGAACCTGACAAAA,N148Y A184V Y219K,nan,nan,0,0
TCCGAACGCAAAACAT,S171V S205T E329K,nan,nan,0,0
TCCGACTGATGCACAC,Y150M R456P,nan,nan,0,0
TCCGCAAAAGGATAGA,K291P D408A,nan,nan,0,0
TCCGCCCCGTGACAGC,L46P W264*,nan,nan,0,0
TCCGCGTTTACATAAA,Y66Q Y129R,nan,nan,0,0
TCCGGACAGCCAAAGG,T426R V431T,nan,nan,0,0
TCCGGGTCAGTAAATC,G64I L442N,nan,nan,0,0
TCCGTTAAACCTGTAC,K300F,nan,nan,0,0
TCCGTTAGGTGCATTG,P83K D175P,nan,nan,0,0
TCCTAACAAGGAGAGA,M75* M472A,nan,nan,0,0
TCCTAACAATTTTCCA,T190A R379C D432H,nan,nan,0,0
TCCTAAGTAGATAAAA,M75S,nan,nan,0,0
TCCTACCTAACTTATG,T375F N390K H467V,nan,nan,0,0
TCCTAGAAATTCTTAA,T70S F147V Q331T,nan,nan,0,0
TCCTAGAAGCCAATCA,P453F I458F R468G,nan,nan,0,0
TCCTATATGGACTTAC,G174T Y371D,nan,nan,0,0
TCCTATCTGCGAAGAA,L35R T48H P145H V164Y N224R H230T V341L,nan,nan,0,0
TCCTATTACGTTAACG,,nan,nan,0,0
TCCTGATACAGGAGCA,M82L S389M,nan,nan,0,0
TCCTGATATCTTATCC,C180F C212P A299R K481I,nan,nan,0,0
TCCTGCAAGTAGATGC,N20* L46S N158T Y363F I445T P466S,nan,nan,0,0
TCCTGGACAAATCACC,G294S C364K,nan,nan,0,0
TCCTGTAATATGGAAG,Q223F,nan,nan,0,0
TCCTTAATGATCCGCC,L290E,nan,nan,0,0
TCCTTCAAACATAAGG,A202D Y241M W283A V435E,nan,nan,0,0
TCCTTCCTCATGAGAC,L103A G159A,nan,nan,0,0
TCCTTGCGCTAAAACA,L84R Q149S,nan,nan,0,0
TCCTTGGTGCACGGGG,T380H,nan,nan,0,0
TCCTTGTATTTCCTCA,M1L V18A A184E,nan,nan,0,0
TCCTTTGCAGACCTGC,N209Y P466F,nan,nan,0,0
TCGAACAAAAGTGGCC,N99Y N158T N167K A299G,nan,nan,0,0
TCGAACCAATAGGTGC,N37V,nan,nan,0,0
TCGAACGTACAAAAAG,L78N C155S D211R N390K L442I,nan,nan,0,0
TCGAATATCACCCGAT,G429S K488P,nan,nan,0,0
TCGACAATGGCTCACC,K88N K339T W370V,nan,nan,0,0
TCGACCAATCAAGTTG,,nan,nan,0,0
TCGACCCCATCACCCG,,nan,nan,0,0
TCGACTGCAAATAACA,T59A I162V,nan,nan,0,0
TCGAGCAATCCTTGCA,A25D A39D G186N,nan,nan,0,0
TCGAGCACCCGATAAA,V97* G360S,nan,nan,0,0
TCGAGCATTACGGCAT,L168* A202T I337W,nan,nan,0,0
TCGAGGACCCTACGTG,S333F,nan,nan,0,0
TCGAGTCAAACACCTA,S237L,nan,nan,0,0
TCGATAAGAATTTTTT,V183* C212Y N302* S389N,nan,nan,0,0
TCGATCAAAAACCTTA,G206C A343L C475A K481H,nan,nan,0,0
TCGATCCAGGCGACGT,I361S K384M,nan,nan,0,0
TCGATGAATAATAGCG,V485*,nan,nan,0,0
TCGATGACTTAAGAAA,L26K A322S,nan,nan,0,0
TCGATGTTACAACCAG,C385Y N470F,nan,nan,0,0
TCGCAAATTTTTAGCC,S381R,nan,nan,0,0
TCGCAAGATCACGATT,A39G C118G L259Y E421G,nan,nan,0,0
TCGCATAAGTGATGAT,M19S T48E K339T K368L,nan,nan,0,0
TCGCCACAAAATAAGC,L107S G160I G208K Y217P,nan,nan,0,0
TCGCGAGAACTCCAGC,G160*,nan,nan,0,0
TCGCGGATTTAAAGAA,A184D S216I D251E A322T,nan,nan,0,0
TCGCTAAACATTACGC,K33H V44Q I213C R256T V459Y C475G,nan,nan,0,0
TCGCTAACCATATCAT,K33L C155M,nan,nan,0,0
TCGCTACGACTTTCCA,,nan,nan,0,0
TCGCTCAGTACATTGT,T182N,nan,nan,0,0
TCGCTCGGCTGTAACT,W283R,nan,nan,0,0
TCGCTTAAAAGTAACT,,nan,nan,0,0
TCGCTTCGTGTCTACG,,nan,nan,0,0
TCGGAAAAATAAGCAA,K33*,nan,nan,0,0
TCGGACTTACTAATCT,S163P,nan,nan,0,0
TCGGCACCAAAACCAG,F7E G206R,nan,nan,0,0
TCGGGGAAGCAGATTA,L242Q S392V,nan,nan,0,0
TCGGGTTGTCATACGT,Y66H N148S G160P,nan,nan,0,0
TCGGTAAGAGATACTC,Y480T,nan,nan,0,0
TCGGTTGAACAACGGA,N79R S138Y S169A L313E,nan,nan,0,0
TCGGTTGATAATAATC,I4M K63Y S269I C364L P464S,nan,nan,0,0
TCGGTTGTGACTGTGG,,nan,nan,0,0
TCGGTTTCGATTTATT,M19G S246E Y253M L428F,nan,nan,0,0
TCGTAAAGATTCTAGT,T87N G186R C212V G391L L449D P486A,nan,nan,0,0
TCGTAACAAGCACCTT,V5G T40K L259* G473Y,nan,nan,0,0
TCGTAACTGTGAATTA,C118Y N167F,nan,nan,0,0
TCGTAATAAACGTTAA,L51F,nan,nan,0,0
TCGTACTAAAATCGGG,C41R I239R W264A,nan,nan,0,0
TCGTATACAATACTTA,L258P S444I,nan,nan,0,0
TCGTATCACCAAACAA,G240A L469Y,nan,nan,0,0
TCGTCACGTGTTCAGG,V65T K339Y T375N G478Y,nan,nan,0,0
TCGTGCCTAAAACCCC,I15R W196S,nan,nan,0,0
TCGTGTCTTTCGATAA,T110R I358M I474T,nan,nan,0,0
TCGTTCAGATCACGTA,Y94N S135A G206W,nan,nan,0,0
TCGTTCTAAGTAAAGA,Y36N S56R,nan,nan,0,0
TCTAAAAAGTTTAGTT,G159D N209F D408F I445Y,nan,nan,0,0
TCTAAAACACAGAGGC,Y66F L107I,nan,nan,0,0
TCTAAAACATAAAGCG,V341N L387P,nan,nan,0,0
TCTAAAAGTCGATGGG,F117D M410S,nan,nan,0,0
TCTAACTTAACCTCGT,Y150V G240* G484S,nan,nan,0,0
TCTAAGAATCGCTAAG,M1K V18L M75V T87F,nan,nan,0,0
TCTAAGCTAATAAAGA,,nan,nan,0,0
TCTAAGGCTTCGTACG,L50V G102W,nan,nan,0,0
TCTAATATCAGTGACA,,nan,nan,0,0
TCTACAATAACAGCGG,N99T N167K T274L L285V K490H,nan,nan,0,0
TCTACAGCCAAAAAGA,G2P G198H G240P L344*,nan,nan,0,0
TCTACATGCTACTAAC,G102V,nan,nan,0,0
TCTACCTCACTAACAA,M153W N390R H471T,nan,nan,0,0
TCTAGCTGCACAGAAA,C155S L415R,nan,nan,0,0
TCTAGGCCCGTTGTGA,A25F D156C I337Y I458A,nan,nan,0,0
TCTAGGGATAACCAAA,Q3W M82K I162V,nan,nan,0,0
TCTAGTTAAGACCGCG,I136L T274Q K490A,nan,nan,0,0
TCTATACGCAAACAGT,G473K,nan,nan,0,0
TCTATATCCTTCACCA,I15D,nan,nan,0,0
TCTATCGAACGAATAT,E76L,nan,nan,0,0
TCTATGAATCAGCTAG,N89A,nan,nan,0,0
TCTATTTAACCTTTTT,R55S H230T V459Q,nan,nan,0,0
TCTATTTGGAACCGAG,I201K,nan,nan,0,0
TCTCACATTCAATTCG,,nan,nan,0,0
TCTCACTATAAACTCA,H170F,nan,nan,0,0
TCTCACTCCAGTGATG,F38P L142K E287N N395F P466G,nan,nan,0,0
TCTCAGCAAGGAAACT,L68T Y129R,nan,nan,0,0
TCTCATAACCCGATGA,F38G F157S C180L R193F Q223R,nan,nan,0,0
TCTCATGAAATGTAAA,V65D S169L L315C V487R,nan,nan,0,0
TCTCCAAAATCAAAAC,N158D Y200C S444N,nan,nan,0,0
TCTCCAGGTGCAAAAC,T58* A132S N158E Y480K,nan,nan,0,0
TCTCCAGTGGGAAAAC,L266K T296L,nan,nan,0,0
TCTCCCAAAGATGTAA,S199R I358* N409Y,nan,nan,0,0
TCTCGAAGTCAGCCAT,T101N N148L,nan,nan,0,0
TCTCGCTACACTAGCT,A25N L78G N302I H354L N395L V459M,nan,nan,0,0
TCTCGCTATTCATAAG,L285E,nan,nan,0,0
TCTCGTATGCAGATGG,I4G F309H S333D,nan,nan,0,0
TCTCTATCAAATTTAT,F38N I137* Q482T,nan,nan,0,0
TCTCTCTCATAATAAG,L78E C212P E396F,nan,nan,0,0
TCTCTCTCTCTAACGT,T101C E418W,nan,nan,0,0
TCTGAACCAAGAATAA,P238F T261I,nan,nan,0,0
TCTGAACGTTCTGATT,Q3R T225A N346V R422H,nan,nan,0,0
TCTGAATAGCAGCGAT,F7*,nan,nan,0,0
TCTGACAAGAGGCTAA,K88N F147H L259R,nan,nan,0,0
TCTGACCATAACCTAT,C86Y,nan,nan,0,0
TCTGACGGAACCCAAA,T48K S199Q,nan,nan,0,0
TCTGACTCCTAATATA,G2S K352P Y363L,nan,nan,0,0
TCTGACTTTGAAGCCG,S85L H141T P383F,nan,nan,0,0
TCTGATGAGAACAAGA,E16F G181M Q218L,nan,nan,0,0
TCTGCCGTGAGGTGAC,M19L Y278R S367C,nan,nan,0,0
TCTGCCTTCAGTGAGT,Y369M,nan,nan,0,0
TCTGCGAAGTCTGCGT,E16I L120H D156N K300S,nan,nan,0,0
TCTGCTGATTGAGAAA,P362S Y371K,nan,nan,0,0
TCTGGATATAGCATAC,T48H T215* E404K,nan,nan,0,0
TCTGGCGAGTCGACAG,N74*,nan,nan,0,0
TCTGTAAATCACATAT,T87D Y150T S199W G478E,nan,nan,0,0
TCTGTAAGTAATCACA,A25D I112P C231S M410L,nan,nan,0,0
TCTGTACACCTGCTCC,N390W,nan,nan,0,0
TCTGTATCATGATCTC,L442I,nan,nan,0,0
TCTGTCTAGATGTAGA,L285V,nan,nan,0,0
TCTGTGAACAATCATA,D130N H305E,nan,nan,0,0
TCTGTGCTCTACTACA,N390T,nan,nan,0,0
TCTGTTAGTAAGGACC,V28T T110K H170V C180R I337L,nan,nan,0,0
TCTTAAAATCCGACCA,I137S H354R Q416V S439L C477S,nan,nan,0,0
TCTTAACAAACACACT,E100D L220Q C231A P383G,nan,nan,0,0
TCTTAATCAGCCAGCC,L32F Q223K D268Y H354M M359Q D408N,nan,nan,0,0
TCTTACAAGTAATCAT,E421*,nan,nan,0,0
TCTTACACGGACTGCC,A177M N342R S444R,nan,nan,0,0
TCTTACAGTAAAGCAC,A25V M284C,nan,nan,0,0
TCTTATACGACTCAGC,N338R,nan,nan,0,0
TCTTATCCATGCATAA,L105V W196S T397R S437T,nan,nan,0,0
TCTTATCTGGTTCAAG,F147T G243E R356*,nan,nan,0,0
TCTTATGAGATCCTTG,G2S T110L R235G M420Q S462R,nan,nan,0,0
TCTTCACTAATTCCAC,G276S C475H,nan,nan,0,0
TCTTCATGTCTAATCT,L120I H354A G360*,nan,nan,0,0
TCTTCGGCAGAGTGTA,S169C,nan,nan,0,0
TCTTCTAAAGGGTATA,G42M,nan,nan,0,0
TCTTCTTCTCGAACCA,L68S G197S S267Y S389H,nan,nan,0,0
TCTTGACGACTAGGAG,I4S S199F G276H G277S Y369W,nan,nan,0,0
TCTTGAGATACGTGCC,W264G V485*,nan,nan,0,0
TCTTGTCGAATAGTAA,S91G K425R K488H,nan,nan,0,0
TCTTTAATATAAATGG,L46S C53* G98V,nan,nan,0,0
TCTTTATACATCACGC,F7H G64I L103T C212R Q218E A288V,nan,nan,0,0
TCTTTCAATACACGAG,I113V K125T A322G,nan,nan,0,0
TCTTTCTAAGGTGGAA,L84D C155Y V187P S367D,nan,nan,0,0
TCTTTGACATGCAATG,N109* E151L H398Y H448W,nan,nan,0,0
TCTTTTGAATCAGAGT,V44T I136K N302Q,nan,nan,0,0
TGAAAAAACCTAAGTC,D273V P383A T397K,nan,nan,0,0
TGAAAAAGCCGATAGC,N148D T265R,nan,nan,0,0
TGAAAACTTTCAAAGG,S135R S199* V341M,nan,nan,0,0
TGAAAAGACCCCCTGG,C180W E289A M414F I458L R491*,nan,nan,0,0
TGAAAAGTATCCTATA,,nan,nan,0,0
TGAAACACTTAAAAAA,I24P G276L,nan,nan,0,0
TGAAAGACAGAAAATA,F399I M414Y L447I,nan,nan,0,0
TGAAAGAGGAGATAAT,E100T R207A P486F,nan,nan,0,0
TGAAAGAGTCGATATA,L46R M80E W264K P486R,nan,nan,0,0
TGAAAGCTTCTCACGA,V5A C118A,nan,nan,0,0
TGAAATAAAAAGACTT,S85K S91L P275T A407F,nan,nan,0,0
TGAAATGTTAATTAAT,,nan,nan,0,0
TGAACAATGCCCCTCG,Q189*,nan,nan,0,0
TGAACACTATATAGAG,F49P,nan,nan,0,0
TGAACCTGTAATATAG,L52S E270N H305R N470T,nan,nan,0,0
TGAACGATAGAGAGGG,T70N P362Y,nan,nan,0,0
TGAACGTAGTTCGGTT,L32T H124C Y200L W227V G260D,nan,nan,0,0
TGAACTGCCATTCCGA,N224S C301F I334G,nan,nan,0,0
TGAAGACCTTAAATTA,Q232L V487*,nan,nan,0,0
TGAAGAGCTATCAAAC,,nan,nan,0,0
TGAAGCTTAGTGACAC,F38T,nan,nan,0,0
TGAAGGCCAGAATATT,I4Q G64L,nan,nan,0,0
TGAAGTAAAAATGTAT,L52R C57Y S138*,nan,nan,0,0
TGAAGTATTAAATCAA,V14K L78R I112K P238S L433G,nan,nan,0,0
TGAAGTGCGTCGTTTT,M194K T215Y L259P,nan,nan,0,0
TGAAGTTTGGAAGCAA,,nan,nan,0,0
TGAATCATGGACAGAC,F8V S199D L203K,nan,nan,0,0
TGAATGAGCCAGACCT,C118S V164R T377M,nan,nan,0,0
TGAATGGACCTTTTCA,T281L,nan,nan,0,0
TGAATGTAATAGATTT,M192V F318V Y480K,nan,nan,0,0
TGACAAAATAATACCT,G98E Y129G D251L P275S Y369L,nan,nan,0,0
TGACAAAGACAATAAA,A25P L447R,nan,nan,0,0
TGACAACAAGTAAAGC,I21F F191R R235L T380R E404K S476G,nan,nan,0,0
TGACAAGAAATTACAA,K33V E287K,nan,nan,0,0
TGACAAGAGAATCACG,V164F L242V,nan,nan,0,0
TGACACCAAAAGAGAT,L387P,nan,nan,0,0
TGACATTCACGTCATC,G2C F140R R193N T274R,nan,nan,0,0
TGACCAGGGCTCAACC,L46S D175* G277Q L479V,nan,nan,0,0
TGACCATTAACGTACG,M1I G2N G45M L280Q M332S,nan,nan,0,0
TGACCCATGTACAATA,L73W Q232R Q331N,nan,nan,0,0
TGACCGCGAATTCCAG,T110A D156P R325A,nan,nan,0,0
TGACCTCTCAAGTCTG,C231D P236L S269V G460D,nan,nan,0,0
TGACGAACGGAATAAA,D251H N295R,nan,nan,0,0
TGACTAAAGCCTGCAG,Y393I,nan,nan,0,0
TGACTAATCTATACAT,N109A I361P,nan,nan,0,0
TGACTGCGCTAAATCG,K481L,nan,nan,0,0
TGAGAATCCAAAAATG,E270A L349I Y366E H374C N390G,nan,nan,0,0
TGAGATGAAGTGATCT,M472Y,nan,nan,0,0
TGAGCACCACCGATAT,V485T,nan,nan,0,0
TGAGCAGAAAATTAAT,S60K K125E S234F Y393N,nan,nan,0,0
TGAGCAGGATAACTGG,,nan,nan,0,0
TGAGCATTTATACTAG,M96R C364F D408P,nan,nan,0,0
TGAGCCGAGACGATTA,H179M F440C P486V,nan,nan,0,0
TGAGCCTAAACCAACG,S389A Y393R,nan,nan,0,0
TGAGCGCGACGAGAAC,Y150M G198F P238S R325N E413*,nan,nan,0,0
TGAGCTGGACAAAAGT,G98Y A288G,nan,nan,0,0
TGAGGAAAGATATAAA,F140S A152D E270P,nan,nan,0,0
TGAGGAACTGTGACCC,I337*,nan,nan,0,0
TGAGGACTGCCGAAAA,Q3F G160S S205D S267R V388L G391I,nan,nan,0,0
TGAGGACTGTGAAAGA,N90V S476R,nan,nan,0,0
TGAGTACCGAAGAGTT,S91P T110L,nan,nan,0,0
TGAGTACTTGCATATA,E16S I136V R256* P453V,nan,nan,0,0
TGAGTAGCCAGAGCGG,A177S G240C,nan,nan,0,0
TGAGTAGTTTCTCTTT,V28W C180L R325K F440V,nan,nan,0,0
TGAGTGTGAATGTGCA,H457L,nan,nan,0,0
TGAGTTATGGACAAAA,H131F N319Y,nan,nan,0,0
TGATAAAGGGTAGTAT,R256Y V485*,nan,nan,0,0
TGATAAATATCAGCGT,E104R L355F P362Q,nan,nan,0,0
TGATAAGTGCGCAATA,F7E H141Q,nan,nan,0,0
TGATAATCAAAGGTAA,G240E,nan,nan,0,0
TGATACCATAAAAAGA,Y66H S476F,nan,nan,0,0
TGATAGAGTCAAAGAT,N20W L394F,nan,nan,0,0
TGATATAATAGAGGAC,H170F N353V,nan,nan,0,0
TGATATCTAGAATGAG,C180V,nan,nan,0,0
TGATCAATTGAGAGCC,N89V T261S,nan,nan,0,0
TGATCACTCCAAAAGG,P83R K126G,nan,nan,0,0
TGATCATATAATCTTG,S135L S154R G159P E404G,nan,nan,0,0
TGATCTCTGTAGGAAT,G34R G260R G360D C463G,nan,nan,0,0
TGATGTTAAAGAATAA,,nan,nan,0,0
TGATTAACGTCGCATA,E72K N99S C475* S476Y,nan,nan,0,0
TGATTAAGATTTGATT,T48S H124T,nan,nan,0,0
TGATTACAAAGGTCCT,L68S G159Y I361D,nan,nan,0,0
TGATTACCAATGGTAG,E104* I112M Y200L S389K S400F G460L,nan,nan,0,0
TGATTCTGAGCCTTAA,Y129W I239Y E418L,nan,nan,0,0
TGATTGCACAGCGACA,L442I,nan,nan,0,0
TGATTTGCAAACATTC,T182A C279I,nan,nan,0,0
TGCAAAATATACACCT,Y36L,nan,nan,0,0
TGCAAACCCCTATAAA,F49M N99P,nan,nan,0,0
TGCAACACACCCAATC,S135T T226Y N409S M420Q,nan,nan,0,0
TGCAACCAAAAGCGTT,L133W E289Q A330C M420R,nan,nan,0,0
TGCAACCGCGCTAAGA,I136K Y369* F436C,nan,nan,0,0
TGCAAGAGTATGCGAA,S60T N99G L103A C155M N342A,nan,nan,0,0
TGCAATAGTCTGCCAA,L78H L349* N373S,nan,nan,0,0
TGCACCATAATAGCTT,C57M I337H L442T,nan,nan,0,0
TGCACCTACTCTCTAT,C53L N99A F233V C301V,nan,nan,0,0
TGCACGAACACAAACC,N90R,nan,nan,0,0
TGCACTAATAAAACTT,N109V S163C E270F,nan,nan,0,0
TGCACTATAGCATATT,K339N P466F,nan,nan,0,0
TGCAGCCAGTTCACCA,L428C,nan,nan,0,0
TGCATAAACAAAACAT,M359S,nan,nan,0,0
TGCATAACAATTAAAT,T48I,nan,nan,0,0
TGCATATGTTGCGGAT,N89Y E151W A176T P275L I443M,nan,nan,0,0
TGCATTCGGTAGAGCT,L242S G277H,nan,nan,0,0
TGCATTGACATTCCCG,S171G,nan,nan,0,0
TGCATTGCACTCGAAA,T6R N158F T274R,nan,nan,0,0
TGCATTTATGCAAACA,K125M A195Y A202S,nan,nan,0,0
TGCCAACTCGTCGATT,K161M I334*,nan,nan,0,0
TGCCAGATATCCAGCA,S199G K300* A328K P486S,nan,nan,0,0
TGCCAGTTTTGACCAT,Q69F G186L C385V E418G V431L P486H,nan,nan,0,0
TGCCCATATGATATGT,L61S E396D,nan,nan,0,0
TGCCCGGGTATACTCC,K320E,nan,nan,0,0
TGCCGCATTGAGCACC,E418*,nan,nan,0,0
TGCCGCTGCTAAGTAA,R248G T376H C385F,nan,nan,0,0
TGCCTAAAGAGAAGTG,S111K,nan,nan,0,0
TGCCTAATACACAGTA,Q9P E307H,nan,nan,0,0
TGCCTGTCCATTTGAG,R456N C475S V487I,nan,nan,0,0
TGCGAAAATAGAAGCA,L52M K161N Y369* Y419V,nan,nan,0,0
TGCGAAAGATTTATAA,E76T L107H Y129S,nan,nan,0,0
TGCGCATCCTGATAAG,V22F L103S V431M,nan,nan,0,0
TGCGCCTGTAGTTGAT,T87M Y219T L469Y,nan,nan,0,0
TGCGCCTTGGTACGCA,M1Y T6S E308L,nan,nan,0,0
TGCGCTCTGGGACATG,E67M L103S F140L F318V,nan,nan,0,0
TGCGGACATTGAATAC,N89V,nan,nan,0,0
TGCGGGCCACGCTCTT,V459K K490V,nan,nan,0,0
TGCGGTAATAGGCATT,I137L G208M S389Y,nan,nan,0,0
TGCGGTCAAACATATC,H93L S169Y C180V N342S N470C,nan,nan,0,0
TGCTAAAAAATATTTT,L84G V164I,nan,nan,0,0
TGCTAACGAGCGATTG,L52P V298W,nan,nan,0,0
TGCTAACTTTTTGATG,F262N I334G I452C,nan,nan,0,0
TGCTATAGCACCGGAT,D347L,nan,nan,0,0
TGCTCCCATTGAACAG,C53R L68I N158Y L382T,nan,nan,0,0
TGCTCCTAAATTCAAT,E16L F38H S269Q,nan,nan,0,0
TGCTTAAGATGAACCG,L43T G64S G98F A152S,nan,nan,0,0
TGCTTAATACCCATCC,V5I L336E P383L L479P,nan,nan,0,0
TGCTTAATTTCACGAA,R356Y,nan,nan,0,0
TGCTTATCAAATTTTG,F7I,nan,nan,0,0
TGCTTTAACATACGGC,Y166A N295Y H305P,nan,nan,0,0
TGCTTTCACAGCGCTA,G208D V341S G391R,nan,nan,0,0
TGGAAAATTAGCACCA,T81H L168K S389G,nan,nan,0,0
TGGAAATGAGAGAACA,I113G F157S G360D E413S G478Y,nan,nan,0,0
TGGAACCCACCCTGAG,Y62R G240M E307H N319F,nan,nan,0,0
TGGAACCCATCACACA,G54R Q218R Q331K,nan,nan,0,0
TGGAACTAACCGGAGG,S237R K368Y,nan,nan,0,0
TGGAAGTAAGGATGTT,S85H I201L,nan,nan,0,0
TGGAATTCCTAAGCCA,G174I,nan,nan,0,0
TGGACATCAGGACTAT,N209H L372N,nan,nan,0,0
TGGACATTATAGATGA,A177M I252C,nan,nan,0,0
TGGACCCGAGCGTTAC,,nan,nan,0,0
TGGACCCTTTCTTAAG,,nan,nan,0,0
TGGAGACACGAACTAA,V5I L46P W210F E329K,nan,nan,0,0
TGGAGCGACAATAACT,G2L G391L R491E,nan,nan,0,0
TGGATCAATTAGACTT,I239P D273* I334F,nan,nan,0,0
TGGATTATATATGCCG,N114S S121I Y200M Q223K G460C P483Y,nan,nan,0,0
TGGCAACTCCTAGAAC,G34L Y129C S392Y,nan,nan,0,0
TGGCAATCCCATTCCT,D156N Y217S C231L,nan,nan,0,0
TGGCAGAGTGGGAGTG,M153C G174L T215M H230F,nan,nan,0,0
TGGCAGCCCGGCCGCG,H230Y H305R I411L,nan,nan,0,0
TGGCAGCGAATTAAAG,Q218C K272M Y441P,nan,nan,0,0
TGGCGAGATATGAACA,F440H,nan,nan,0,0
TGGCTAACTCATGTCA,L52N L242S L447F,nan,nan,0,0
TGGCTGCACCTGGGGC,T59P,nan,nan,0,0
TGGGAGAAGACCTCAA,L428P,nan,nan,0,0
TGGGATCAATAACGGT,F157L L168P Q189R G276V,nan,nan,0,0
TGGGCAATGACGCGTC,M351A,nan,nan,0,0
TGGGCAGCAAGACCGC,F38P Y94S H179S K291* C364D,nan,nan,0,0
TGGGCGAAACCCAATT,Q149L D311R,nan,nan,0,0
TGGGCGACGTAACGTT,H141M F147G A173* W196L S462* V485L,nan,nan,0,0
TGGGCTCCAGATTGGA,L120S R235L,nan,nan,0,0
TGGGGACAACTACAGA,T106F N209T Y219* Q321S,nan,nan,0,0
TGGGGCAATCCGACTG,Y36L D408I I458D,nan,nan,0,0
TGGGGGGTCACCGCTG,D306K,nan,nan,0,0
TGGGTTCTGACACAAA,S91G M192V E418P D432S,nan,nan,0,0
TGGTAACAATTGAAAT,Q165* R250L Y278R,nan,nan,0,0
TGGTAGAGGTTGTTCG,S171D M214R S389F H455R,nan,nan,0,0
TGGTAGCCGAAGCTTC,G206Y G240Y R248I,nan,nan,0,0
TGGTATAAGAACCAAT,K63D K126*,nan,nan,0,0
TGGTATTACAAGTTTA,I24* A184D I239Q,nan,nan,0,0
TGGTCGAGGGTGTCAT,,nan,nan,0,0
TGGTGGCCCTCGCATT,R325N K461P,nan,nan,0,0
TGGTGTTAGGTACCAT,L133Y E270S E396K,nan,nan,0,0
TGGTTATACTAGACCC,F157S L168T L447A,nan,nan,0,0
TGGTTCCCTTTACCAT,L29A F147R,nan,nan,0,0
TGTAAAAAAAAAAGAT,I201F S444L,nan,nan,0,0
TGTAAAAATCAAATCG,N119G F140Y H179N G197A F446V K461M,nan,nan,0,0
TGTAAACCTCCTGTAC,I458L,nan,nan,0,0
TGTAAACCTGAGAACC,V5K M80R N99L E151S N158M K161L,nan,nan,0,0
TGTAAAGTTGATCAAA,I95D E228P E396P,nan,nan,0,0
TGTAAATACGTTAGCC,N37V,nan,nan,0,0
TGTAAGATACACTGAT,Q165R F293Y,nan,nan,0,0
TGTAGACACCCCCATG,N127A C301R,nan,nan,0,0
TGTAGATAACGATAAC,D130V G198D N342V S392K,nan,nan,0,0
TGTAGATCGTGGGGCT,Y62M T110* Y219D,nan,nan,0,0
TGTAGCAGTTTATAAA,L428M F440L,nan,nan,0,0
TGTAGCCGCCGACGAC,N185C Q232M A328P,nan,nan,0,0
TGTAGCGCCTCCGAAA,L26* T110C,nan,nan,0,0
TGTAGTCAATATAACA,G54R L220M,nan,nan,0,0
TGTATCTGCAACGAAA,I4N K272Q L285G,nan,nan,0,0
TGTATGACAAAAGCAC,I221F Y363R,nan,nan,0,0
TGTATGCTTACCAAAT,I95N H230P,nan,nan,0,0
TGTCAAAAGGCGATCA,L220Q,nan,nan,0,0
TGTCAAAATTGCTGCG,G45R G98T S267Q W386E,nan,nan,0,0
TGTCAAACGAAGTGAA,K33Y Q149V K451R,nan,nan,0,0
TGTCAATCAACGTAAA,L394A F434N P486W,nan,nan,0,0
TGTCAATGCAAAAGAA,L105S G198V I334R S400L,nan,nan,0,0
TGTCCAAAGAGAGACA,C86K,nan,nan,0,0
TGTCCCCCCTATATTC,V47R M82P L128P N209K,nan,nan,0,0
TGTCCCGAAATCTGAA,E17W S237A,nan,nan,0,0
TGTCCCTTAGCTGCAA,G42D L61V S199F A343L,nan,nan,0,0
TGTCCTCCCTTAGTAC,Y66W L78P A176F Q189* W386A,nan,nan,0,0
TGTCGAGGGCTATTAG,L133K S199N F309S I350P K461* P466L,nan,nan,0,0
TGTCGCAACGCACTGA,N89I S205Y K461L,nan,nan,0,0
TGTCGTGACCTCTACT,V31D L84D M192N T215N P383L D408G,nan,nan,0,0
TGTCTCGTAATATAAA,L23E P453E C475G,nan,nan,0,0
TGTCTGGGATCAAACT,L105P A152T D347G Y480I,nan,nan,0,0
TGTCTTTTAAATAGAA,R257C,nan,nan,0,0
TGTGACGTCGAATTTG,L61Y R256F A288S N302H K488F,nan,nan,0,0
TGTGAGAAGACTCCAC,S85*,nan,nan,0,0
TGTGATGTAAACGGCC,L442C,nan,nan,0,0
TGTGATTATTTAACGA,V388K K461W,nan,nan,0,0
TGTGATTCATAGAACA,L61N L103N C463W,nan,nan,0,0
TGTGCACCACTAAGCT,M82L H92C L105R L220V M410L,nan,nan,0,0
TGTGCCCGATTGTTGA,R256S A297F,nan,nan,0,0
TGTGCTGACATATGAG,C231N V459Q,nan,nan,0,0
TGTGCTTAATAAACAT,L43C L415P,nan,nan,0,0
TGTGGAAATTGTAGCC,W196T N390V,nan,nan,0,0
TGTGGAGTAACGCCCT,S91Y C310M,nan,nan,0,0
TGTGGCGTTCGGCAAC,E17L L84T N119S,nan,nan,0,0
TGTGGTACCTCTCCCG,Q69V Q335R,nan,nan,0,0
TGTGTCTCTTTTGTAA,M1R W196L G478V,nan,nan,0,0
TGTGTGCTGGTGAGAA,S246K T377V,nan,nan,0,0
TGTGTGGTGATGAAGA,I252* I452M,nan,nan,0,0
TGTGTTAAAAATTTAG,C57Y L220D R468E,nan,nan,0,0
TGTGTTAGGTTAACTG,E418L,nan,nan,0,0
TGTTAAAACGATGATT,M359Q,nan,nan,0,0
TGTTAAACCCTCCGTA,F8L T59L F262L N319P,nan,nan,0,0
TGTTAAATCTACAGCA,K116L,nan,nan,0,0
TGTTAACCCCAAATTG,L220S V341L,nan,nan,0,0
TGTTAATCGTAAGAAA,I15K Y363S,nan,nan,0,0
TGTTACAATTCAACCC,L46R C86S H115V,nan,nan,0,0
TGTTACACTGACACGC,V28A,nan,nan,0,0
TGTTACCATACTAGCT,V28G,nan,nan,0,0
TGTTATCAACTATGTA,I15N Y441N,nan,nan,0,0
TGTTCCATTTTTGTAA,Q3D A328V L355S N390S R468S,nan,nan,0,0
TGTTCTCACCTGACAC,M1S G45Y L258H L349I,nan,nan,0,0
TGTTGAACTATAACAG,L220A I254Y M332I P464N,nan,nan,0,0
TGTTGCAAAAGTAAGA,Q3G P145Y C364V,nan,nan,0,0
TGTTTCACAGAAGCCC,S135F S143M E270*,nan,nan,0,0
TGTTTCGTCAACTTAT,D156H F293A D401E,nan,nan,0,0
TGTTTGCGTTCATATC,L103S M192G D401*,nan,nan,0,0
TTAAAAAACGCGCTTC,S91N P145Q,nan,nan,0,0
TTAAAAATGCATAACA,E104Q W386L Q416D,nan,nan,0,0
TTAAAACAAATAACCG,F49L N338R G391K,nan,nan,0,0
TTAAAACCTACAGAGG,I337R L469W,nan,nan,0,0
TTAAAAGGACGCAACA,L84D I239V F434G,nan,nan,0,0
TTAAAAGGCTTAAAAG,C279T,nan,nan,0,0
TTAAAATAATCGGTCT,V18Q E228F,nan,nan,0,0
TTAAACCAAGACAAAC,,nan,nan,0,0
TTAAACCGTAAAGACT,C155K,nan,nan,0,0
TTAAACCTAATAGCGG,N79T G181R Y278C K461T,nan,nan,0,0
TTAAACGGTTTTTACA,V11K T87K,nan,nan,0,0
TTAAAGAAAATCATAG,G102* S143Q,nan,nan,0,0
TTAAAGATACCCCAGC,W283G Y441H P464Y,nan,nan,0,0
TTAAAGGAGAACATAA,S199L W210T Q232K R314L I345L P427E H455*,nan,nan,0,0
TTAAAGTCTACAACTT,D408Y P486K,nan,nan,0,0
TTAAATAACGAACATA,N114F I474* P483Y,nan,nan,0,0
TTAAATATCTTCGTCC,I254N I443Y,nan,nan,0,0
TTAAATCTTCAGGGAA,S205L N373K E413A,nan,nan,0,0
TTAAATGAAACGGGAC,Q324V G473S,nan,nan,0,0
TTAAATGCGATAGAAA,L105V K126G S171M M194* F316R,nan,nan,0,0
TTAAATTATCACATAA,T40V L103S T108L,nan,nan,0,0
TTAAATTCTTCACACA,L259R G460A,nan,nan,0,0
TTAACAAGTGACAGTA,C53S N185S K300A Y369L,nan,nan,0,0
TTAACACAATAGATAT,G271P W283Y M332K G378S V459M,nan,nan,0,0
TTAACAGAGGGCTATC,E76K A132E I201* H230T,nan,nan,0,0
TTAACATGAATTAGTA,K33L,nan,nan,0,0
TTAACCGAAGCGTAAA,C475L,nan,nan,0,0
TTAACCTACTTCCAGG,L142V K300E,nan,nan,0,0
TTAACGCACTAAACAG,N295K,nan,nan,0,0
TTAACGCTTGATAAAT,V5R,nan,nan,0,0
TTAACGTCCTACAAAA,N119E G271D C463F,nan,nan,0,0
TTAACTATGAACCGTT,M194E,nan,nan,0,0
TTAACTTAAACTTATA,F157I P464G,nan,nan,0,0
TTAAGAACCAAGGTCT,A132V H457L,nan,nan,0,0
TTAAGAATTTATATTC,A25V L61I L142T,nan,nan,0,0
TTAAGCGCTAACTAAC,S169F M214K Y278S,nan,nan,0,0
TTAAGCTTGAAAGCAA,M1R K161R G174V W196F T377P C385F,nan,nan,0,0
TTAAGGTTAAATTACA,T225S Y253S L336Y K451Q W489T,nan,nan,0,0
TTAAGGTTCCGAGCAG,P427L,nan,nan,0,0
TTAAGTAACGCAACGG,E228P A340I Q348H,nan,nan,0,0
TTAATACCCTGGCACT,D273V,nan,nan,0,0
TTAATACGGTTTTAAT,T139P S462V,nan,nan,0,0
TTAATAGTATCCGCCG,F140G,nan,nan,0,0
TTAATATCAATCCCAA,S111E N127M S199E,nan,nan,0,0
TTAATGAATGCGAGGA,I15N P427V,nan,nan,0,0
TTAATGGAAAGTCAGA,H93E C463I K481T,nan,nan,0,0
TTAATTTATTACCAAA,L73A,nan,nan,0,0
TTACAATAAACGTTTC,E287Q,nan,nan,0,0
TTACACGTTTAAATAT,S199E T412R,nan,nan,0,0
TTACAGCTGAACAGTT,N346V I361S I445Y,nan,nan,0,0
TTACAGTCCCCTTTAA,L103H C118S E421G,nan,nan,0,0
TTACATAAAGTTTCGA,G64* C118S V164L A173C G197R Q335G S367A,nan,nan,0,0
TTACATGAAGAGATAA,L23M T40V A184G R193G,nan,nan,0,0
TTACCCACCACTAATG,V97* G198D E308M,nan,nan,0,0
TTACCGCGCAAGTTAC,M80L F293E,nan,nan,0,0
TTACCTGGTCAACCCG,D156Y I162G Y200T,nan,nan,0,0
TTACGAAAGGTTGTAT,V5E E100K K461F,nan,nan,0,0
TTACGGAAATTGGGCC,L50P V450G,nan,nan,0,0
TTACGGTCCATTCAAT,K300D K451M,nan,nan,0,0
TTACGTAAAGTCGGTT,H92C S171N C463Y,nan,nan,0,0
TTACGTGTGCCAGTCA,Q69E N127D Y363P,nan,nan,0,0
TTACTCGTACACAGCA,V47F S169T A202L L242Y,nan,nan,0,0
TTACTGTAATGACTCA,P483M,nan,nan,0,0
TTAGAAAGGGCACCCT,K63L F147R I162* M214D,nan,nan,0,0
TTAGAAATAGGAGGGG,H92A,nan,nan,0,0
TTAGAACAAGTATGAC,L68N E72D C118Y N127T S163* F446*,nan,nan,0,0
TTAGAACTATATCCCG,L244R,nan,nan,0,0
TTAGAAGCGACTAAGA,A202T H305N C463A,nan,nan,0,0
TTAGACATCAACAGAA,N37R Y369L,nan,nan,0,0
TTAGACCCATTCCTGC,M1S V31G L245Q I345N,nan,nan,0,0
TTAGAGATCAATCTTC,E104M N302S G391V F436P,nan,nan,0,0
TTAGAGCGAACATGTA,T274K Y363G,nan,nan,0,0
TTAGATACTTAAAATA,Y200W N224I N302Y K461P Q482M,nan,nan,0,0
TTAGATAGCAAAATAA,G34C V164E L188R C364S Y393G,nan,nan,0,0
TTAGATGACTGATGAG,S154* V183K Q335W T375S,nan,nan,0,0
TTAGATGAGCAACACA,T70R G159L W283* S389D,nan,nan,0,0
TTAGATGGATACGTGC,E307M I337K,nan,nan,0,0
TTAGCAAAGGGAATTC,T106W T225R,nan,nan,0,0
TTAGCAACGCAGTATA,V44S L290R,nan,nan,0,0
TTAGCGTTGAGACCCC,L103S R257I,nan,nan,0,0
TTAGCTAAACTAGGCT,L105S I239H E307T,nan,nan,0,0
TTAGCTTATTATCCAT,M19V G34E L344W E396L,nan,nan,0,0
TTAGGAATATCAACGC,L242D,nan,nan,0,0
TTAGGCCCCACCTGAA,M1Y L336T,nan,nan,0,0
TTAGGGTAAAAATAGT,G54L I358T K490P,nan,nan,0,0
TTAGGTCAATACGAAA,A176L G198C,nan,nan,0,0
TTAGGTGACGTGCACA,Y166L R282M Y371T T426W,nan,nan,0,0
TTAGTAATGACCGCCC,L32A C53* A152P,nan,nan,0,0
TTAGTATCAGCCGAAT,Y36C R256F F293A Y363T D401G,nan,nan,0,0
TTAGTATTAAATACAC,G34C K88L Q482T,nan,nan,0,0
TTAGTCAACTGTCATC,N158W Y278*,nan,nan,0,0
TTAGTCAGACAACCAG,S60M P275S M332F E396M,nan,nan,0,0
TTAGTCTAGCTATAAA,T108I G186W T261Y,nan,nan,0,0
TTAGTGTATCGGCCCT,Q335L K417C,nan,nan,0,0
TTAGTTTTAAAAAGCC,M19W M192V C212Y,nan,nan,0,0
TTATAAAAAAGACAAA,,nan,nan,0,0
TTATAAAAACTCGCCC,L50K N89E R257V L266T S462L,nan,nan,0,0
TTATAAAAGGAATTTT,M1L E151K D408F,nan,nan,0,0
TTATAAAGGAAGGCAC,F7Y H93L G197W,nan,nan,0,0
TTATAAGAGTGCCCAG,V341R P486K,nan,nan,0,0
TTATAAGCGCGTATTT,V431L,nan,nan,0,0
TTATAATACTCATAAA,T225*,nan,nan,0,0
TTATACAACAACAGTA,C155N N185Y S389I,nan,nan,0,0
TTATACAACGGTAAAC,V341P,nan,nan,0,0
TTATACGATATGTAGG,S111N Y480P,nan,nan,0,0
TTATAGAAAAAATATG,N90H S121E W386G,nan,nan,0,0
TTATAGAAAACCTGCG,L68G D130M V435K,nan,nan,0,0
TTATATAAAGGGATGT,C57P Y253I T261R D273A L442Q P483R,nan,nan,0,0
TTATATAATTTAATAA,L32K P83S,nan,nan,0,0
TTATATACCCGTCTTC,G198C S237R,nan,nan,0,0
TTATATCACAAATTAG,N99F W210F P236T,nan,nan,0,0
TTATATGTATGTCATA,A184F D211I,nan,nan,0,0
TTATCCTTTGGGTTAA,,nan,nan,0,0
TTATCTAAAACGCAAA,T397I,nan,nan,0,0
TTATCTTTTATTACCA,L259M S381R S389K,nan,nan,0,0
TTATGAAACAATGGAT,E100W Y219R I334L A407R V487S,nan,nan,0,0
TTATGAATGCCGTGGT,T101F,nan,nan,0,0
TTATGACCAGCAATAT,A173S S199N I221R L428N,nan,nan,0,0
TTATGCACACCTAACA,I254R P383S,nan,nan,0,0
TTATGCTAAAAGAACA,G2P K161H I403M,nan,nan,0,0
TTATGGATAAACACAT,M82E K88N,nan,nan,0,0
TTATGGGTGGCTAAAA,K291M H467S,nan,nan,0,0
TTATGTGGAGAGATAT,G54M S56R P483L,nan,nan,0,0
TTATTACCCGCACGGT,H354Q S462R,nan,nan,0,0
TTATTAGCCTTGGATG,T296S V388D,nan,nan,0,0
TTATTAGTCAATCATA,F7N N295L R325Q I337T,nan,nan,0,0
TTATTATTCCACGGAC,M214K S333* L442M,nan,nan,0,0
TTATTCTTAGTGAAAC,N90F D229S T454A,nan,nan,0,0
TTATTGAAACCGGCCA,L168R N178L G277V,nan,nan,0,0
TTATTGAAGTCACGTA,V47Y C57S L73Y A288G,nan,nan,0,0
TTATTGATTGATCTTG,A132G Y200L I254V S400I P427T,nan,nan,0,0
TTATTGGTATTTAACA,L105P R193D I239* Y393R,nan,nan,0,0
TTATTGTGATACAAAT,A343K I458L,nan,nan,0,0
TTATTTATGTGGTCAT,Y172* Y369*,nan,nan,0,0
TTATTTTATTCGCGAC,E307L D432G Q482E,nan,nan,0,0
TTCAAAAAAAGTAGTC,Q223M R379L,nan,nan,0,0
TTCAAAACCTAGGACA,L168R K451Y R468N,nan,nan,0,0
TTCAAACTCGGAGAGA,C310R,nan,nan,0,0
TTCAATAATCTTATTT,S135T D204V M410R E418* G484R,nan,nan,0,0
TTCAATCTCAATTACA,,nan,nan,0,0
TTCACAAAATCCGTCC,L78A,nan,nan,0,0
TTCACAAGACTACCGA,H131A G160S,nan,nan,0,0
TTCACCAAGCCAACAA,M80G V97W T106A H124* S476F,nan,nan,0,0
TTCACGGATCACACTC,L244S G391D,nan,nan,0,0
TTCACGTTATGAATAT,N99P V435*,nan,nan,0,0
TTCACTCGCCATACTG,G98Y A184T I443R H467P,nan,nan,0,0
TTCACTTATGATAAAT,G208R I222W,nan,nan,0,0
TTCAGGAATCAAGGCT,N409P,nan,nan,0,0
TTCAGGGCGTTCCAGC,L50R V487G,nan,nan,0,0
TTCAGTCGTTGAACAA,W196R C463H,nan,nan,0,0
TTCATAAAATTGAATT,I112T E228*,nan,nan,0,0
TTCATAATCTACTAAT,N119Y A299T,nan,nan,0,0
TTCATACATACGAAAT,N99T E104* E287T K481Q,nan,nan,0,0
TTCATAGTGTAAAGAA,E16C L51R V431E N470I,nan,nan,0,0
TTCATCGCGCCTCAAG,S135Y V459C,nan,nan,0,0
TTCATGCTGACGACAA,S205* L280W T380D,nan,nan,0,0
TTCATTAGCTAAGATA,L50A G98S T108L L133P G240V P362K,nan,nan,0,0
TTCATTCTCGAACTTA,Q9H N37K S56T V97L N109M G208I K327L N353I,nan,nan,0,0
TTCCAAGAGTGGATGC,S85P Q321H F399T L479E,nan,nan,0,0
TTCCAATGTGTCCGGC,N409Y P466V,nan,nan,0,0
TTCCACAAGCATCGAT,P453S,nan,nan,0,0
TTCCACGAGATGAAAC,L168S,nan,nan,0,0
TTCCAGTACGGGATTC,K161Y,nan,nan,0,0
TTCCATAACTTATAAT,M75P,nan,nan,0,0
TTCCATCAAGGTGAAA,L51Y F157* S246I T438L,nan,nan,0,0
TTCCCAATAGAGTCCG,L68R A173T M359I,nan,nan,0,0
TTCCCGTTTAAAGCGC,V28H,nan,nan,0,0
TTCCCTACCAGAAAGT,N148F Q232L W264D T296L T377* L479W,nan,nan,0,0
TTCCCTGCTGCACACA,G2R N114T T182I A202S I252L G276M,nan,nan,0,0
TTCCGGCAAATGAGTG,M1L N89T L244M C475H,nan,nan,0,0
TTCCTAGCTTCTTGCC,,nan,nan,0,0
TTCCTAGTATAATGTT,G208R L220* P236T,nan,nan,0,0
TTCCTGATCCACGAAT,G2Y R193E Y200S,nan,nan,0,0
TTCCTTCCGGAATATG,S143P M472R,nan,nan,0,0
TTCCTTCGCACCTCCC,M1K R55L I95K T106I,nan,nan,0,0
TTCGAAAGCAAGACAA,Y36V L133Y Q223A K291R N390H,nan,nan,0,0
TTCGAATTGCCTGTGA,,nan,nan,0,0
TTCGACTAATTTGTCT,T81Q,nan,nan,0,0
TTCGAGTTAATACCAT,I15V C86A R250V G276Y,nan,nan,0,0
TTCGATAATAGACATA,,nan,nan,0,0
TTCGCACGTGTACAAA,S85R S255L,nan,nan,0,0
TTCGGGACTATGCTAA,T87V R325I L336V I361N,nan,nan,0,0
TTCGTAAAGGTTAAAA,T77* Y393D K417R,nan,nan,0,0
TTCGTCCAAAAACAGA,T70R I144A,nan,nan,0,0
TTCTAAATACACGGCT,V97M C118I S199N Y219H F446Q,nan,nan,0,0
TTCTAAATCTCCCAAG,Q232M S267M,nan,nan,0,0
TTCTAACAACACAATA,N146I A152V Y200H L259V,nan,nan,0,0
TTCTAAGCGAAACTTC,S269G,nan,nan,0,0
TTCTAATACTTAAGCC,C231Y Q247L G294*,nan,nan,0,0
TTCTACTAGAATAATG,G34R I136Y P236Q L430A C477W,nan,nan,0,0
TTCTACTCAGAACGCG,C155N S171I,nan,nan,0,0
TTCTAGAGTACTCGTA,F157V S205P T380N V450G S462* W489S,nan,nan,0,0
TTCTATATTCATTAAA,,nan,nan,0,0
TTCTATCACGATATTA,,nan,nan,0,0
TTCTCACGAGGCTAGA,N89A F446L,nan,nan,0,0
TTCTCCAAAACCAATG,H448*,nan,nan,0,0
TTCTGACATTCCTACT,,nan,nan,0,0
TTCTGGATTATTCAAA,L244F,nan,nan,0,0
TTCTGTGACACCCATA,L78N T426Q,nan,nan,0,0
TTCTGTTAGGCGTGAG,A176F G198P,nan,nan,0,0
TTCTTCTGTTGCCAGG,,nan,nan,0,0
TTCTTCTTAGCAGGCC,D156A C364R,nan,nan,0,0
TTCTTGCGTGAATTTG,S171D G198S F293S L349D,nan,nan,0,0
TTCTTGGAGTCAGTTA,V450T Y480T,nan,nan,0,0
TTCTTGTCATTAAAAA,I15Y W370R,nan,nan,0,0
TTCTTTACAATTCGTA,L23A N127Q S199R E228D R422A,nan,nan,0,0
TTGAAAAATTGGTAAT,C155S D311F C475N,nan,nan,0,0
TTGAAATGAATTAGGT,M1T I443A,nan,nan,0,0
TTGAAATTAAACTTTT,V31Q C57V G159E S169P A173Y,nan,nan,0,0
TTGAACCAAAGCCTAT,G98V L203V Y217N,nan,nan,0,0
TTGAACTGTAAATTTC,S246T,nan,nan,0,0
TTGAAGAACAAAACTC,W196T D347M L372S R456S,nan,nan,0,0
TTGAATAAGATATCAA,C364V Y393L V435G,nan,nan,0,0
TTGAATAGTTAAGTCG,Y129S T274R,nan,nan,0,0
TTGAATCCTTACCAAT,S91G L259* P483H,nan,nan,0,0
TTGAATTTAAATCCAG,H93A Y129* A176T T261M K481T,nan,nan,0,0
TTGACACAGAAGACTT,I4*,nan,nan,0,0
TTGACACGATTGACCG,L50R Q232Y N395G M414R T454V,nan,nan,0,0
TTGACAGGTTACGGTG,Y129* E418T L428T,nan,nan,0,0
TTGACAGTCAGTTCTA,I162M N178C I361N,nan,nan,0,0
TTGACCCACGGACGTA,L50R,nan,nan,0,0
TTGACCGGCACCCAAT,,nan,nan,0,0
TTGACGATGAACTGGA,C86R S121D D268N,nan,nan,0,0
TTGACGGCTCATGGAT,L78A L315Q,nan,nan,0,0
TTGACGTCTGAATGAT,,nan,nan,0,0
TTGAGACCATTACAAA,D273* T375R,nan,nan,0,0
TTGAGATCTTAAACAA,D156T S462Q,nan,nan,0,0
TTGAGGTGCCCTGAGG,,nan,nan,0,0
TTGAGTAAACATCTCG,N158S S163C S234A N295*,nan,nan,0,0
TTGAGTCCACAACAAA,L26I C364F,nan,nan,0,0
TTGATAGGCCTTGATA,A39L,nan,nan,0,0
TTGATATGAGTATGTA,T6S N224G K272R Y363T G460P,nan,nan,0,0
TTGATCATCTTGCTTT,C231F,nan,nan,0,0
TTGATCGATATCTTAA,L120W N224V H467L,nan,nan,0,0
TTGATTAAAAGTTGGA,M1T K33C S444L,nan,nan,0,0
TTGATTCATATGTTGA,W196D W283A K465*,nan,nan,0,0
TTGATTTCACACTCCG,L51R,nan,nan,0,0
TTGCAACTTACTTCCT,K304E Q321R L336R,nan,nan,0,0
TTGCACCACTTATACA,V22R E100P,nan,nan,0,0
TTGCAGTAAATAAGAG,N20M S56T S91L N114L,nan,nan,0,0
TTGCCAAAAGCGTCAG,L433Y,nan,nan,0,0
TTGCCACCCAATAATT,N74K,nan,nan,0,0
TTGCCAGAAAGCAAGC,L415G,nan,nan,0,0
TTGCCGATAAGCATAA,F8Q,nan,nan,0,0
TTGCCTACTTGTAGAT,S60T E308G Y363S S462D,nan,nan,0,0
TTGCGACAATAGTAAA,,nan,nan,0,0
TTGCGATTGCATAGAC,K304P,nan,nan,0,0
TTGCGTCCTTACCCAC,F140V C279K,nan,nan,0,0
TTGCTAACAGAATCGG,Y66V,nan,nan,0,0
TTGCTCAATGCGTTCC,,nan,nan,0,0
TTGCTCAGTTCAAAAT,K272I N373D L382R M414W,nan,nan,0,0
TTGCTGACTTGGAGAG,D273S N390L,nan,nan,0,0
TTGCTTAATGTAACAA,C385M D408P,nan,nan,0,0
TTGCTTCACACGATAG,R207*,nan,nan,0,0
TTGCTTTATCACGCAA,T101S C118Y Y150M,nan,nan,0,0
TTGCTTTTAGACTAAC,T87P D273P,nan,nan,0,0
TTGGAATCGTAAAGAT,D268A,nan,nan,0,0
TTGGATATGCTCACTG,L84M D156S Q189R C364Q G424V,nan,nan,0,0
TTGGCAAGATTATAAC,H354L L447N,nan,nan,0,0
TTGGGAAAAATCGAGT,M192D,nan,nan,0,0
TTGGGCCAGATCCTTT,W489V,nan,nan,0,0
TTGGTCACTTCATGCA,L29C V187A D251N K339S,nan,nan,0,0
TTGGTCTAAAAGTATA,T81L N302M,nan,nan,0,0
TTGGTGCCTCAAAGCC,G198E I254L,nan,nan,0,0
TTGTAACTATTTGCCA,Y129S R456W,nan,nan,0,0
TTGTAACTCAAAAAGA,D273Y F440*,nan,nan,0,0
TTGTACATTCATTTAA,L107W K116E M284R L387W,nan,nan,0,0
TTGTAGAAAAAAAAGG,F262T,nan,nan,0,0
TTGTAGATTGCTGTAC,V18M F38L R193L E413K Q482L,nan,nan,0,0
TTGTATGTAACAATCA,T106D Q223W E307G Y366S,nan,nan,0,0
TTGTATTTGATCTAAT,N209M T249S,nan,nan,0,0
TTGTCACACGAAGCAC,W489R,nan,nan,0,0
TTGTCAGATAAGGCAA,H13W R325H,nan,nan,0,0
TTGTGAACCCATAAAA,K417*,nan,nan,0,0
TTGTGAACGCCGATCT,,nan,nan,0,0
TTGTGTCTGTCTCTAG,S237L T380Y,nan,nan,0,0
TTGTTAAAGAAAATAA,Y172M R248L L266* M414L,nan,nan,0,0
TTGTTAACAAAACCTA,T87R L142* D156E G271D H305* S392R,nan,nan,0,0
TTGTTATCGGCACAAG,L258Q,nan,nan,0,0
TTGTTCACATTATAAG,A195L L244F A343N,nan,nan,0,0
TTGTTGGATCCAGTGA,T101I H471C,nan,nan,0,0
TTGTTGTACCCACCCC,L32P E72T I201M,nan,nan,0,0
TTTAAAAAACTCCCCA,E16L N37D H131R G159L M332N K339N L382F,nan,nan,0,0
TTTAAAAATCAAATCA,G45Y T59* K126R,nan,nan,0,0
TTTAAAACACATTGAA,,nan,nan,0,0
TTTAAACAGAGCGTTT,L103W,nan,nan,0,0
TTTAAATACGATCTCG,N209S Y241R,nan,nan,0,0
TTTAACCGCCAAGAAA,E72A L120A C231K F318S,nan,nan,0,0
TTTAACGCATGCGCGC,K490N,nan,nan,0,0
TTTAACGTTAACTACC,I15V M214S Q223R P238K G378C,nan,nan,0,0
TTTAAGCCATAAACGA,T6F R282H H467T,nan,nan,0,0
TTTAAGTATCCAAAGA,C155S,nan,nan,0,0
TTTAATATGTTTGTAG,Q232V I345S M351*,nan,nan,0,0
TTTAATCACCTTGACA,I239V I350F,nan,nan,0,0
TTTACCAGCAAACCGC,D130*,nan,nan,0,0
TTTACGAAATACATTA,G2V S121M F318L,nan,nan,0,0
TTTACGAATATTTACA,L61V L84*,nan,nan,0,0
TTTACGCTAGCTGGGA,T215Q Q232P,nan,nan,0,0
TTTACTTGAAACCGGG,L105F Y129S I350C,nan,nan,0,0
TTTAGAGCTATTAACA,S143L,nan,nan,0,0
TTTAGAGTTCCGGACG,E72A Y217C L442V,nan,nan,0,0
TTTAGATCAATTAACA,C53R V485S,nan,nan,0,0
TTTAGCATGATATAAT,V183M T190S Y363* N390T,nan,nan,0,0
TTTAGCGACCAGTCGT,I24N Q189R K327V,nan,nan,0,0
TTTAGCTTTTATAACT,H13N C53V S121V G391C,nan,nan,0,0
TTTATACAGGCCAAGT,C180S,nan,nan,0,0
TTTATCAGACAAAATA,E303W S462R,nan,nan,0,0
TTTATCCACATGACAC,Y66P H305W G360D,nan,nan,0,0
TTTCAAAAGACGAGCG,L259G,nan,nan,0,0
TTTCAAAATCCATTGG,L242* S400Y N409L,nan,nan,0,0
TTTCAAAGCCAATACG,T249S N338Q C364L H374L,nan,nan,0,0
TTTCACAACCTAAACA,A39R N127Q V431L,nan,nan,0,0
TTTCACTCACTTTGGA,S154Y,nan,nan,0,0
TTTCATAGTTAAAGAA,T139G G206* S389F,nan,nan,0,0
TTTCATGAAAAAAGAT,S111R N178I Y200L A297R L469P,nan,nan,0,0
TTTCCATGCACAATGT,G181R,nan,nan,0,0
TTTCCCACGGAGCCTC,Q149L,nan,nan,0,0
TTTCCGTCAAAAACGT,Q3W T226L L449K,nan,nan,0,0
TTTCCGTCACTTACAG,F233I I286D,nan,nan,0,0
TTTCCTACTCAAACAG,G198* G276* C475D,nan,nan,0,0
TTTCGCAATGTCCCAC,L51* L242F,nan,nan,0,0
TTTCGTGGCGAATATA,F7K S171D Y278N,nan,nan,0,0
TTTCTCGTAACTAGAA,,nan,nan,0,0
TTTCTTTACCCGATTT,S135K N353S,nan,nan,0,0
TTTGAAAAATTTCCCG,M1Q I162M S267I N373S,nan,nan,0,0
TTTGAAGCACTAGTTT,G181L,nan,nan,0,0
TTTGAAGCGTCGTGTT,W386* G473N,nan,nan,0,0
TTTGACAAAGGAATCT,L280H K339R G460T,nan,nan,0,0
TTTGACCAGAAAAAAT,F157G N167L A328L,nan,nan,0,0
TTTGAGAGATGGTGTA,K63R H457P,nan,nan,0,0
TTTGATGCGCTTTGAA,C279N,nan,nan,0,0
TTTGCAAATACTCGCA,M194L K300Q E308L V487N,nan,nan,0,0
TTTGCATAGATATGGA,S237A L336V Q416E,nan,nan,0,0
TTTGGCAATTGGAAAG,L133Y I144V M312P V388W Y441S,nan,nan,0,0
TTTGGTAAATTAGCGA,F49E H92M,nan,nan,0,0
TTTGGTGACGACAATG,I21T,nan,nan,0,0
TTTGTAATAATAAAGA,G2Y H13W K63* K88H S111I N127R K161Q K490T,nan,nan,0,0
TTTGTACACTACCGGT,Y278H R282V W489C,nan,nan,0,0
TTTGTACTTAGTAGAT,C53M S216C P486F,nan,nan,0,0
TTTGTATGTCGCTGTC,M1V L220H E287I L372A,nan,nan,0,0
TTTGTCAATCGATAAA,F7Q L46W R379Q,nan,nan,0,0
TTTGTTCTTATTGGAT,F147I Q247G,nan,nan,0,0
TTTGTTGAACTACGTA,A340P,nan,nan,0,0
TTTTAAAAATAGACTA,S121T M153R C180S,nan,nan,0,0
TTTTAAACGGATGTTG,N185* L394V,nan,nan,0,0
TTTTAAATATGCCCAG,H115P S439G,nan,nan,0,0
TTTTACCGGCGAGTGC,G34T C155K L242S S255H S444C,nan,nan,0,0
TTTTAGACAAAGGCCA,S56* T182M D347H C364S,nan,nan,0,0
TTTTAGACTCTGTAGT,K63A T70L K126T,nan,nan,0,0
TTTTAGTGCGCAAACC,L315N,nan,nan,0,0
TTTTATAGCTAGTCTG,Q149L W489S,nan,nan,0,0
TTTTATCTCTCAGGGT,E329T L344Q,nan,nan,0,0
TTTTCAGTTATAAGGG,G34V C155L,nan,nan,0,0
TTTTCGATAAGGATGG,,nan,nan,0,0
TTTTGCGACAGCAAAA,N99G G198N C212Y,nan,nan,0,0
TTTTGTATGTATGTGT,R456K,nan,nan,0,0
TTTTTCAAGAATTCCG,C118R,nan,nan,0,0
TTTTTCAATAAACAGG,T190L Q321N,nan,nan,0,0
TTTTTCGGCATTGTAC,S56M P427K,nan,nan,0,0
TTTTTCTAACCCCAGG,L52P C463T W489C,nan,nan,0,0
